ticker_x,ticker_y,trade_date,adf_pass_rate,last_residual,beta,intercept,residual_mean_max,betas_rsquared,arima_forecast,corr_smb,corr_hml,corr_rmw,corr_cma,corr_vix,corr_oil,corr_sp500,corr_usd,corr_yield,corr_copper,return_one_month,residual_one_month,return_two_month,residual_two_month,return_three_month,residual_three_month,data_window_start,subindustry
ABC,ATRC,2018-07-06,0.608,2.674,0.214,2.366,4.004,0.558,1.693,0.02,-0.007,-0.016,0.003,-0.027,-0.009,0.027,-0.025,0.001,-0.0,-0.086,3.978,-0.128,4.608,-0.05,3.434,2013-07-22,health_care_equipment_and_services
ABC,ENSG,2018-07-06,0.569,3.634,0.149,8.753,4.004,0.646,3.133,-0.025,0.067,-0.027,-0.016,-0.097,0.011,0.059,-0.01,-0.008,0.001,0.011,3.499,-0.01,3.762,-0.003,3.668,2013-07-22,health_care_equipment_and_services
ABT,CNC,2018-07-06,0.51,2.872,1.193,-13.243,4.004,0.07,0.17,0.039,0.011,-0.011,0.039,0.032,-0.043,-0.034,0.034,0.039,-0.012,0.006,2.592,-0.025,4.097,0.032,1.308,2013-07-22,health_care_equipment_and_services
ABT,CNMD,2018-07-06,0.941,2.742,1.016,2.343,4.004,0.188,1.019,0.036,-0.011,0.02,0.004,0.006,0.014,-0.029,0.034,0.008,-0.038,0.007,2.528,-0.009,3.02,0.067,0.618,2013-07-22,health_care_equipment_and_services
ABT,ENSG,2018-07-06,0.569,3.065,0.355,5.328,4.004,0.022,2.091,0.026,-0.025,-0.06,-0.065,0.033,-0.027,-0.07,-0.02,-0.064,-0.047,0.044,2.178,0.012,2.832,0.049,2.074,2013-07-22,health_care_equipment_and_services
ABT,HAE,2018-07-06,0.529,2.655,1.927,-39.047,4.004,0.009,1.705,0.034,0.035,-0.004,0.011,0.007,-0.011,-0.015,0.003,0.022,0.039,0.01,2.375,-0.052,4.12,0.01,2.362,2013-07-22,health_care_equipment_and_services
ABT,RDNT,2018-07-06,0.608,2.503,0.317,-5.931,4.004,0.003,0.772,0.009,0.058,0.178,0.093,-0.002,-0.048,-0.062,-0.028,-0.089,0.018,0.071,0.29,0.091,-0.331,0.111,-0.943,2013-07-22,health_care_equipment_and_services
ACHC,CAH,2018-07-06,0.569,-3.029,0.335,44.989,4.004,0.304,-1.173,0.053,-0.042,0.003,-0.038,-0.05,-0.014,0.045,0.069,-0.049,-0.034,0.009,-2.923,0.05,-2.467,0.101,-1.883,2013-07-22,health_care_equipment_and_services
ACHC,NXGN,2018-07-06,0.51,3.757,-0.01,14.752,4.004,0.363,2.028,-0.012,0.005,-0.006,0.006,0.014,-0.084,-0.031,0.016,0.008,-0.009,-0.044,4.27,-0.074,4.62,0.094,2.657,2013-07-22,health_care_equipment_and_services
ADUS,STAA,2018-07-06,0.529,3.344,0.454,-3.232,4.004,0.183,2.06,0.005,0.007,-0.053,-0.03,-0.032,0.009,-0.023,-0.01,-0.005,-0.031,-0.03,3.958,-0.208,7.63,-0.148,6.381,2013-07-22,health_care_equipment_and_services
AMEH,NXGN,2018-07-06,0.725,3.104,0.091,13.385,4.004,0.721,1.218,0.025,0.024,0.041,0.017,0.037,0.006,-0.037,-0.015,0.001,-0.035,-0.046,3.739,-0.107,4.58,0.055,2.346,2013-07-22,health_care_equipment_and_services
AMN,MLAB,2018-07-06,0.686,3.264,1.96,46.247,4.004,0.42,0.938,0.055,0.029,0.012,0.019,-0.018,0.048,0.02,0.009,-0.014,0.057,0.015,2.947,0.051,2.163,0.059,2.004,2013-07-22,health_care_equipment_and_services
ANTM,ENSG,2018-07-06,0.569,3.038,0.061,11.047,4.004,0.086,2.389,0.056,0.099,-0.019,0.03,-0.013,-0.058,0.007,0.068,0.091,0.081,0.046,2.311,0.016,2.792,0.028,2.6,2013-07-22,health_care_equipment_and_services
ANTM,MODV,2018-07-06,0.627,2.649,0.212,17.491,4.004,0.021,1.909,0.024,-0.029,0.093,0.036,-0.012,0.023,0.007,0.02,0.004,0.041,0.1,0.463,0.164,-0.936,0.166,-0.975,2013-07-22,health_care_equipment_and_services
ANTM,NXGN,2018-07-06,0.529,3.343,0.016,11.715,4.004,0.0,1.404,0.003,0.028,-0.041,0.032,0.026,-0.058,-0.052,-0.062,-0.052,0.009,-0.027,3.75,-0.046,4.039,0.096,1.902,2013-07-22,health_care_equipment_and_services
ATEC,NXGN,2018-07-06,0.529,3.897,-0.28,15.294,4.004,0.925,1.175,0.036,0.053,-0.057,0.06,0.001,0.002,0.049,0.028,-0.008,0.014,-0.048,4.48,-0.082,4.904,0.089,2.799,2013-07-22,health_care_equipment_and_services
ATRC,ENSG,2018-07-06,0.549,2.646,0.599,9.016,4.004,0.804,2.04,-0.045,0.0,0.027,0.013,0.003,-0.021,-0.037,-0.02,0.017,-0.003,0.058,1.752,0.058,1.751,0.023,2.292,2013-07-22,health_care_equipment_and_services
ATRC,NXGN,2018-07-06,0.863,2.915,0.278,8.796,4.004,0.161,0.784,0.05,-0.008,-0.065,0.013,0.008,0.001,-0.004,0.04,0.011,0.045,-0.005,3.011,0.007,2.784,0.094,1.096,2013-07-22,health_care_equipment_and_services
ATRI,MLAB,2018-07-06,0.882,4.436,0.189,33.49,4.004,0.423,1.54,0.017,-0.009,-0.021,-0.014,-0.011,-0.016,0.085,0.014,0.018,0.034,0.056,3.198,0.081,2.656,0.132,1.527,2013-07-22,health_care_equipment_and_services
ATRI,MODV,2018-07-06,0.608,2.777,0.059,23.067,4.004,0.135,2.736,-0.009,0.025,0.068,0.076,0.022,0.028,-0.062,-0.053,-0.037,0.016,0.086,1.553,0.143,0.733,0.142,0.755,2013-07-22,health_care_equipment_and_services
ATRI,NEOG,2018-07-06,0.745,3.321,0.045,2.995,4.004,0.549,2.745,0.041,0.005,-0.001,0.014,-0.057,-0.045,-0.011,0.042,0.003,-0.077,0.008,3.146,-0.043,4.224,0.135,0.474,2013-07-22,health_care_equipment_and_services
ATRI,STE,2018-07-06,0.51,2.755,0.096,27.031,4.004,0.199,1.61,-0.07,0.001,0.003,-0.068,0.103,-0.087,-0.094,0.048,0.017,-0.046,-0.042,3.806,-0.021,3.285,0.012,2.447,2013-07-22,health_care_equipment_and_services
BAX,NEOG,2018-07-06,0.529,3.064,0.432,3.41,4.004,0.367,1.893,-0.033,0.03,0.041,-0.021,-0.024,-0.02,0.068,0.02,0.01,-0.008,-0.005,3.216,-0.048,4.457,0.111,-0.124,2013-07-22,health_care_equipment_and_services
BDX,MLAB,2018-07-06,0.686,3.752,0.687,10.212,4.004,0.267,1.023,0.026,0.023,-0.039,0.07,0.007,0.025,-0.017,-0.098,-0.091,-0.063,0.058,2.229,0.092,1.31,0.122,0.518,2013-07-22,health_care_equipment_and_services
BDX,NEOG,2018-07-06,0.902,2.785,0.174,-4.278,4.004,0.075,1.345,-0.043,0.043,-0.051,0.022,-0.01,-0.009,-0.018,0.043,-0.006,-0.023,0.016,2.273,-0.013,3.225,0.121,-1.201,2013-07-22,health_care_equipment_and_services
BKD,CAH,2018-07-06,0.549,-2.8,0.786,49.758,4.004,0.777,-0.841,-0.035,-0.001,0.012,-0.003,-0.014,-0.039,0.024,0.026,-0.053,0.031,0.022,-2.574,0.044,-2.344,0.081,-1.956,2013-07-22,health_care_equipment_and_services
BKD,NXGN,2018-07-06,0.588,3.676,-0.075,15.357,4.004,0.926,1.633,0.004,0.04,-0.018,-0.013,0.001,-0.017,-0.019,-0.005,-0.012,-0.013,-0.04,4.154,-0.075,4.569,0.094,2.557,2013-07-22,health_care_equipment_and_services
BKD,THC,2018-07-06,0.725,2.547,1.279,5.81,4.004,0.977,2.131,0.023,0.04,0.045,0.011,-0.058,0.011,0.042,0.033,0.001,0.005,-0.1,3.264,0.073,2.026,0.143,1.526,2013-07-22,health_care_equipment_and_services
BSX,MLAB,2018-07-06,0.922,3.774,4.793,10.631,4.004,0.657,0.524,0.024,-0.01,0.012,-0.017,0.003,-0.006,-0.009,0.042,-0.017,-0.032,0.042,2.502,0.093,0.932,0.157,-1.01,2013-07-22,health_care_equipment_and_services
CHE,MLAB,2018-07-06,0.51,3.445,0.357,59.176,4.004,0.099,0.61,-0.02,0.0,-0.016,-0.032,0.008,-0.0,-0.019,-0.004,0.037,0.027,0.052,2.144,0.069,1.728,0.109,0.715,2013-07-22,health_care_equipment_and_services
CHE,NEOG,2018-07-06,0.922,2.843,0.094,7.479,4.004,0.606,0.57,-0.025,-0.032,-0.06,0.014,-0.003,0.014,-0.003,-0.02,-0.009,-0.015,0.003,2.722,-0.057,5.343,0.104,-1.756,2013-07-22,health_care_equipment_and_services
CI,HUM,2018-07-06,0.824,3.209,1.406,-7.25,4.004,0.847,2.738,0.015,-0.018,-0.002,-0.029,-0.028,0.001,0.008,-0.057,0.0,0.005,0.015,2.848,-0.01,3.46,0.063,1.688,2013-07-22,health_care_equipment_and_services
CI,LHCG,2018-07-06,0.647,3.803,0.437,-14.223,4.004,0.529,2.665,0.03,0.039,-0.016,0.02,-0.024,-0.015,0.048,0.057,0.017,-0.027,0.014,3.505,-0.031,4.47,0.053,2.659,2013-07-22,health_care_equipment_and_services
CI,MODV,2018-07-06,0.745,3.392,0.257,11.977,4.004,0.177,3.201,-0.034,-0.024,-0.03,0.007,-0.019,-0.002,-0.011,-0.055,-0.046,-0.048,0.11,1.654,0.156,0.94,0.2,0.238,2013-07-22,health_care_equipment_and_services
CI,STE,2018-07-06,0.882,3.593,0.379,15.498,4.004,0.314,2.786,0.063,0.03,-0.078,-0.023,-0.015,-0.006,0.016,-0.005,-0.036,0.014,-0.009,3.8,0.001,3.557,0.083,1.598,2013-07-22,health_care_equipment_and_services
CNC,FMS,2018-07-06,0.902,-3.024,0.405,26.394,4.004,0.624,-0.438,0.031,-0.085,0.015,-0.031,0.017,-0.021,-0.032,0.051,0.055,0.05,-0.014,-3.553,-0.035,-4.371,-0.013,-3.531,2013-07-22,health_care_equipment_and_services
CNMD,NXGN,2018-07-06,0.667,2.985,0.062,11.348,4.004,0.019,1.285,0.01,-0.007,0.042,-0.051,0.005,0.001,0.006,0.026,0.045,0.008,-0.03,3.446,-0.048,3.714,0.074,1.847,2013-07-22,health_care_equipment_and_services
COO,EHC,2018-07-06,0.765,3.208,0.133,5.819,4.004,0.394,2.826,0.051,0.063,0.066,0.066,0.04,-0.046,-0.117,0.03,-0.018,-0.027,-0.053,4.303,-0.081,4.885,-0.023,3.69,2013-07-22,health_care_equipment_and_services
COO,OMCL,2018-07-06,1.0,2.876,0.196,1.001,4.004,0.64,0.215,-0.071,-0.017,0.02,-0.004,0.003,0.048,-0.007,-0.025,-0.023,-0.017,-0.019,3.59,-0.114,7.12,-0.057,5.01,2013-07-22,health_care_equipment_and_services
CRVL,NXGN,2018-07-06,0.51,3.407,0.089,10.315,4.004,0.763,1.337,-0.043,-0.021,-0.012,-0.024,-0.02,0.059,-0.001,0.021,0.049,-0.016,-0.035,3.963,-0.05,4.209,0.075,2.2,2013-07-22,health_care_equipment_and_services
CUTR,NXGN,2018-07-06,0.569,3.592,0.03,13.503,4.004,0.094,1.767,0.019,-0.016,0.032,-0.034,0.027,0.017,-0.019,-0.022,0.026,0.013,-0.042,4.144,-0.082,4.661,0.067,2.717,2013-07-22,health_care_equipment_and_services
CUTR,RMD,2018-07-06,0.569,2.901,0.991,42.984,4.004,0.345,1.024,-0.025,0.015,0.013,-0.042,0.026,-0.066,-0.031,0.031,0.045,-0.019,-0.006,3.03,-0.101,5.182,-0.105,5.272,2013-07-22,health_care_equipment_and_services
CUTR,STE,2018-07-06,0.549,3.711,0.748,55.181,4.004,0.249,1.545,0.013,-0.017,-0.047,0.003,0.037,-0.029,-0.021,-0.123,0.025,0.069,-0.058,5.314,-0.084,6.023,-0.073,5.719,2013-07-22,health_care_equipment_and_services
CVS,ENSG,2018-07-06,0.745,3.257,-0.16,32.495,4.004,0.692,2.613,0.027,-0.023,0.026,-0.019,0.116,0.042,-0.035,-0.041,-0.025,0.091,0.058,2.851,-0.081,3.828,-0.102,3.975,2013-07-22,health_care_equipment_and_services
CYH,NXGN,2018-07-06,0.627,3.685,-0.033,14.658,4.004,0.991,1.73,0.081,-0.034,-0.04,-0.05,0.001,-0.006,0.052,0.001,0.041,0.042,-0.044,4.22,-0.074,4.587,0.09,2.597,2013-07-22,health_care_equipment_and_services
CYH,THC,2018-07-06,0.549,3.26,0.744,15.345,4.004,0.998,3.062,-0.017,0.014,0.045,-0.048,-0.027,-0.0,0.046,0.015,0.075,0.123,-0.079,3.807,0.108,2.511,0.196,1.9,2013-07-22,health_care_equipment_and_services
CYRX,SEM,2018-07-06,0.922,-3.063,0.737,10.42,4.004,0.799,-0.51,-0.03,-0.009,0.014,0.006,0.015,-0.02,-0.075,-0.01,-0.024,-0.033,0.064,-1.558,0.06,-1.648,0.048,-1.934,2013-07-22,health_care_equipment_and_services
DGX,NEOG,2018-07-06,0.549,2.946,0.291,1.368,4.004,0.751,2.725,-0.005,0.002,-0.023,-0.018,0.031,-0.043,-0.072,0.066,-0.009,-0.021,-0.003,2.998,-0.052,3.975,0.087,1.235,2013-07-22,health_care_equipment_and_services
DXCM,MODV,2018-07-06,0.549,3.203,-0.202,54.968,4.004,0.91,0.263,-0.017,0.057,-0.012,0.013,-0.005,0.035,0.023,0.026,0.029,-0.044,0.113,2.341,0.183,1.807,0.177,1.857,2013-07-22,health_care_equipment_and_services
ENOV,NXGN,2018-07-06,0.667,3.898,0.023,12.878,4.004,0.881,2.398,-0.003,0.01,0.032,0.008,0.005,0.017,-0.015,0.041,0.029,-0.014,-0.036,4.361,-0.059,4.65,0.094,2.7,2013-07-22,health_care_equipment_and_services
EW,MLAB,2018-07-06,0.667,3.417,2.657,32.003,4.004,0.261,1.128,0.024,0.007,-0.002,0.011,0.026,0.066,-0.085,0.04,-0.025,-0.015,0.044,2.486,0.052,2.302,0.124,0.776,2013-07-22,health_care_equipment_and_services
FMS,HUM,2018-07-06,0.569,2.53,7.989,-128.553,4.004,0.565,0.785,0.01,0.023,0.012,0.009,0.048,0.014,-0.053,-0.057,0.007,-0.051,-0.018,3.072,-0.026,3.331,-0.011,2.871,2013-07-22,health_care_equipment_and_services
FMS,LHCG,2018-07-06,0.725,3.012,2.39,-47.909,4.004,0.263,1.423,0.042,0.049,-0.044,0.027,-0.023,0.008,0.034,-0.054,0.006,0.012,-0.02,3.509,-0.044,4.111,-0.022,3.562,2013-07-22,health_care_equipment_and_services
FMS,MODV,2018-07-06,0.706,3.662,1.887,-28.072,4.004,0.043,2.138,-0.023,-0.021,0.047,0.039,-0.001,-0.059,0.008,-0.015,-0.073,-0.036,0.061,1.963,0.104,0.754,0.108,0.629,2013-07-22,health_care_equipment_and_services
FMS,NEOG,2018-07-06,0.51,3.557,1.007,-17.75,4.004,0.004,2.508,0.014,-0.043,-0.004,0.01,0.002,0.004,-0.025,-0.036,-0.044,-0.061,0.007,3.385,-0.031,4.346,0.111,0.741,2013-07-22,health_care_equipment_and_services
FMS,STE,2018-07-06,0.804,3.736,2.392,-27.261,4.004,0.116,1.546,-0.009,0.015,-0.0,0.019,-0.019,0.068,0.05,-0.002,-0.028,-0.067,-0.031,5.0,-0.013,4.265,0.016,3.104,2013-07-22,health_care_equipment_and_services
HAE,NXGN,2018-07-06,0.627,3.102,0.029,12.936,4.004,0.325,1.342,0.023,0.033,0.014,0.002,0.052,0.048,-0.039,-0.039,0.032,-0.043,-0.034,3.571,-0.042,3.697,0.098,1.724,2013-07-22,health_care_equipment_and_services
HOLX,MODV,2018-07-06,0.51,3.056,0.091,47.662,4.004,0.844,0.329,0.064,-0.014,-0.007,-0.03,0.005,-0.027,-0.004,0.085,0.059,-0.084,0.116,2.074,0.188,1.468,0.174,1.588,2013-07-22,health_care_equipment_and_services
HSIC,XRAY,2018-07-06,0.804,-2.641,0.437,29.657,4.004,0.138,-1.36,0.05,0.008,-0.015,0.062,-0.004,-0.024,-0.011,-0.025,-0.021,0.001,0.011,-2.454,-0.106,-4.368,-0.182,-5.616,2013-07-22,health_care_equipment_and_services
HSKA,MLAB,2018-07-06,0.843,4.397,0.71,77.715,4.004,0.863,1.576,-0.009,-0.023,0.02,-0.008,-0.053,-0.015,0.027,0.018,0.015,-0.05,0.058,3.246,0.083,2.77,0.125,1.929,2013-07-22,health_care_equipment_and_services
HSKA,NEOG,2018-07-06,0.667,2.915,0.149,14.79,4.004,0.862,2.875,0.003,0.041,-0.046,0.043,0.025,0.001,-0.017,-0.047,0.018,0.016,0.004,2.863,-0.063,3.855,0.133,0.935,2013-07-22,health_care_equipment_and_services
HUM,MLAB,2018-07-06,0.569,3.639,0.505,19.754,4.004,0.359,0.369,-0.048,-0.035,0.077,-0.036,0.001,0.019,0.033,0.014,0.028,0.04,0.067,1.691,0.099,0.763,0.134,-0.236,2013-07-22,health_care_equipment_and_services
HUM,NEOG,2018-07-06,0.98,2.547,0.126,-1.541,4.004,0.211,0.582,-0.034,-0.088,-0.07,-0.04,0.007,-0.012,-0.024,-0.004,-0.014,0.021,0.026,1.553,-0.007,2.798,0.135,-2.541,2013-07-22,health_care_equipment_and_services
IART,MLAB,2018-07-06,0.961,4.322,2.253,26.651,4.004,0.547,0.219,0.02,-0.017,0.069,-0.005,-0.023,0.022,0.039,-0.051,-0.018,0.022,0.048,2.743,0.028,3.383,0.09,1.323,2013-07-22,health_care_equipment_and_services
IART,NEOG,2018-07-06,0.765,2.613,0.519,2.071,4.004,0.221,1.304,0.055,0.014,0.01,0.017,-0.028,-0.002,0.016,0.023,-0.015,-0.024,0.003,2.529,-0.092,5.385,0.089,-0.092,2013-07-22,health_care_equipment_and_services
ICUI,MLAB,2018-07-06,0.608,3.409,0.382,64.191,4.004,0.168,0.363,0.047,0.008,0.022,-0.005,0.004,-0.02,-0.025,0.015,-0.001,-0.011,0.057,1.867,0.083,1.157,0.09,0.968,2013-07-22,health_care_equipment_and_services
ICUI,NEOG,2018-07-06,1.0,2.603,0.098,9.176,4.004,0.761,0.257,-0.028,-0.016,-0.029,0.001,0.049,-0.071,-0.051,0.021,0.02,-0.026,0.008,2.203,-0.04,4.534,0.082,-1.331,2013-07-22,health_care_equipment_and_services
IDXX,NEOG,2018-07-06,0.863,2.626,0.109,10.578,4.004,0.652,1.501,-0.027,-0.021,0.041,-0.036,0.007,-0.024,-0.009,0.064,0.013,0.046,0.034,1.738,-0.019,3.124,0.13,-0.743,2013-07-22,health_care_equipment_and_services
ISRG,NEOG,2018-07-06,0.941,2.679,0.162,9.618,4.004,0.464,0.888,-0.011,0.0,0.03,0.006,0.014,0.03,0.001,-0.064,-0.053,0.022,0.025,1.82,-0.018,3.286,0.163,-2.822,2013-07-22,health_care_equipment_and_services
ITGR,NXGN,2018-07-06,0.745,3.229,0.065,11.446,4.004,0.656,1.26,-0.014,-0.039,-0.017,-0.044,0.024,-0.083,-0.044,-0.062,-0.064,-0.064,-0.024,3.611,-0.026,3.646,0.102,1.58,2013-07-22,health_care_equipment_and_services
LH,MLAB,2018-07-06,0.765,3.953,1.007,-16.978,4.004,0.181,0.671,-0.024,-0.056,0.002,-0.058,-0.011,0.088,0.027,-0.017,-0.024,0.012,0.04,2.76,0.031,3.015,0.069,1.902,2013-07-22,health_care_equipment_and_services
LH,NEOG,2018-07-06,0.882,2.927,0.25,-10.473,4.004,0.06,1.033,0.02,-0.102,0.003,-0.014,0.066,-0.02,-0.118,-0.023,-0.052,-0.02,-0.001,2.975,-0.075,5.639,0.061,0.738,2013-07-22,health_care_equipment_and_services
LMAT,MLAB,2018-07-06,0.922,4.601,2.302,71.716,4.004,0.63,1.385,-0.003,-0.057,0.018,-0.048,-0.02,0.037,0.021,-0.045,-0.025,0.056,0.054,3.467,0.074,3.064,0.123,2.027,2013-07-22,health_care_equipment_and_services
LMAT,NEOG,2018-07-06,0.902,3.53,0.554,11.913,4.004,0.71,2.802,-0.035,-0.065,0.008,-0.03,-0.064,0.007,0.06,0.008,-0.013,0.003,-0.001,3.544,-0.069,4.939,0.125,0.963,2013-07-22,health_care_equipment_and_services
LMAT,SLP,2018-07-06,0.667,2.978,0.4,2.01,4.004,0.537,1.519,-0.006,-0.036,0.0,-0.034,0.026,-0.109,-0.033,-0.029,-0.027,-0.036,0.09,1.157,0.016,2.651,0.035,2.271,2013-07-22,health_care_equipment_and_services
MASI,MLAB,2018-07-06,0.863,4.738,0.911,61.994,4.004,0.616,1.433,-0.009,-0.048,0.03,-0.008,-0.003,0.016,-0.023,-0.029,-0.066,0.002,0.083,2.876,0.137,1.684,0.182,0.667,2013-07-22,health_care_equipment_and_services
MASI,NEOG,2018-07-06,0.667,3.217,0.202,10.758,4.004,0.683,3.037,0.036,-0.006,-0.047,-0.003,-0.048,-0.017,0.069,-0.007,-0.015,-0.014,0.034,2.601,0.005,3.119,0.193,-0.302,2013-07-22,health_care_equipment_and_services
MDRX,NXGN,2018-07-06,0.569,3.772,-0.044,14.807,4.004,0.857,2.072,0.005,0.018,0.072,0.027,0.027,-0.07,-0.047,-0.006,-0.008,-0.023,-0.048,4.334,-0.08,4.701,0.088,2.747,2013-07-22,health_care_equipment_and_services
MMSI,NEOG,2018-07-06,0.98,2.596,0.466,10.262,4.004,0.547,1.027,-0.032,0.026,0.047,-0.008,-0.002,0.028,-0.008,-0.047,-0.006,-0.05,0.013,2.214,-0.018,3.139,0.181,-2.792,2013-07-22,health_care_equipment_and_services
NEOG,PODD,2018-07-06,0.51,-2.913,3.305,-32.737,4.004,0.043,-0.415,-0.002,0.066,-0.002,0.027,-0.016,0.019,0.022,-0.042,-0.05,-0.043,-0.008,-3.222,0.011,-2.487,0.15,2.94,2013-07-22,health_care_equipment_and_services
NUVA,USPH,2018-07-06,0.647,2.907,0.18,50.456,4.004,0.883,1.338,0.067,0.016,-0.042,0.03,0.004,-0.018,-0.001,-0.047,-0.032,-0.003,-0.117,3.885,-0.21,4.666,-0.096,3.713,2013-07-22,health_care_equipment_and_services
ACN,CRM,2018-07-06,0.745,2.658,0.872,-12.166,4.218,0.065,1.341,0.005,-0.022,-0.005,0.003,0.017,0.005,0.001,-0.032,-0.017,-0.006,-0.016,3.352,-0.014,3.241,-0.027,3.787,2013-07-22,software_and_services
ADBE,CRM,2018-07-06,0.529,2.631,0.367,39.351,4.218,0.225,0.596,-0.005,-0.028,-0.007,0.004,-0.065,0.023,0.005,-0.013,-0.033,-0.054,0.004,2.422,-0.019,3.68,-0.034,4.52,2013-07-22,software_and_services
ANSS,CRM,2018-07-06,0.902,2.691,0.623,17.283,4.218,0.03,0.748,-0.029,0.003,-0.005,-0.03,0.018,-0.011,0.012,0.051,0.044,-0.062,-0.01,3.211,-0.012,3.321,-0.059,5.696,2013-07-22,software_and_services
BB,LPSN,2018-07-06,0.51,4.126,1.579,-4.022,4.218,0.773,3.616,0.013,-0.026,0.031,0.006,0.004,-0.036,-0.012,0.029,0.016,-0.073,-0.039,4.702,-0.113,5.796,-0.022,4.456,2013-07-22,software_and_services
BLKB,CRM,2018-07-06,0.882,2.817,1.046,9.491,4.218,0.148,1.059,0.009,0.014,-0.075,-0.023,-0.049,0.004,0.023,0.064,0.038,-0.016,-0.046,4.595,-0.066,5.344,-0.111,7.09,2013-07-22,software_and_services
CDNS,INTU,2018-07-06,0.804,2.531,3.398,18.916,4.218,0.297,1.969,0.045,-0.009,-0.04,-0.003,0.001,-0.039,0.02,0.012,0.006,0.033,0.003,2.449,-0.014,2.944,-0.06,4.293,2013-07-22,software_and_services
CRM,G,2018-07-06,0.941,-2.774,0.142,13.135,4.218,0.355,-1.372,-0.033,0.016,-0.049,0.01,0.03,0.01,0.003,-0.011,0.081,0.023,0.031,-1.909,-0.004,-2.896,-0.029,-3.579,2013-07-22,software_and_services
CRM,GPN,2018-07-06,0.843,-2.994,0.909,1.348,4.218,0.288,-1.032,0.025,0.02,-0.059,0.023,0.019,-0.042,-0.001,0.024,-0.055,-0.04,0.018,-2.294,0.017,-2.331,-0.013,-3.48,2013-07-22,software_and_services
CSGS,EGHT,2018-07-06,0.902,2.602,0.456,-2.963,4.218,0.195,1.394,0.01,0.025,-0.006,-0.007,-0.021,0.017,0.014,-0.028,0.007,-0.021,-0.041,3.301,-0.083,4.005,-0.008,2.742,2013-07-22,software_and_services
DXC,FIS,2018-07-06,0.608,2.934,0.559,46.77,4.218,0.145,0.829,0.002,-0.009,-0.028,-0.005,-0.002,-0.011,-0.019,-0.021,0.007,-0.007,0.035,1.632,0.036,1.603,0.037,1.558,2013-07-22,software_and_services
DXC,GIB,2018-07-06,0.843,2.904,0.266,34.666,4.218,0.065,1.142,-0.008,0.014,0.004,-0.023,-0.022,0.04,0.051,-0.012,0.012,0.038,0.014,2.486,0.017,2.386,0.037,1.784,2013-07-22,software_and_services
DXC,MSFT,2018-07-06,0.686,2.892,0.683,26.556,4.218,0.458,2.143,-0.015,-0.027,0.045,-0.004,0.078,-0.038,-0.039,-0.005,0.005,0.025,-0.029,3.735,-0.02,3.46,-0.035,3.887,2013-07-22,software_and_services
EBIX,FICO,2018-07-06,0.882,2.949,1.707,37.339,4.218,0.83,1.119,0.044,0.059,0.037,-0.006,0.013,-0.009,-0.024,0.034,0.061,0.017,-0.04,4.293,-0.109,6.616,-0.094,6.111,2013-07-22,software_and_services
EBIX,GIB,2018-07-06,0.882,2.648,0.383,28.099,4.218,0.619,0.538,-0.016,0.008,0.003,0.035,-0.056,-0.042,-0.03,0.042,-0.045,0.016,0.006,2.406,-0.009,2.993,-0.01,3.016,2013-07-22,software_and_services
EEFT,VG,2018-07-06,0.627,2.855,0.125,-2.799,4.218,0.518,2.718,-0.019,0.011,-0.006,-0.0,-0.041,0.046,0.07,-0.066,0.017,0.012,0.04,2.343,0.023,2.566,0.116,1.364,2013-07-22,software_and_services
EEFT,VRSN,2018-07-06,0.765,2.992,1.211,-4.626,4.218,0.902,2.734,-0.017,0.047,0.027,-0.002,0.025,-0.039,-0.018,-0.053,0.003,0.048,-0.001,3.013,0.002,2.966,0.103,1.213,2013-07-22,software_and_services
EEFT,WNS,2018-07-06,0.51,2.706,0.388,2.508,4.218,0.867,2.687,-0.017,0.023,0.023,-0.016,-0.016,-0.032,0.034,-0.004,0.016,0.066,0.054,1.953,0.075,1.658,0.172,0.315,2013-07-22,software_and_services
EGHT,RAMP,2018-07-06,0.784,4.0,0.829,13.263,4.218,0.716,0.402,-0.01,-0.01,-0.027,0.005,-0.005,-0.047,-0.035,-0.0,-0.021,-0.01,-0.034,4.883,-0.081,6.08,-0.159,8.096,2013-07-22,software_and_services
EXLS,VRSN,2018-07-06,0.725,3.039,2.156,-16.549,4.218,0.15,2.019,-0.031,-0.014,-0.002,0.009,-0.005,-0.009,0.033,-0.017,-0.064,-0.052,-0.048,4.333,-0.014,3.411,-0.017,3.493,2013-07-22,software_and_services
FORTY,RAMP,2018-07-06,0.647,6.628,0.503,8.019,4.218,0.003,1.492,0.021,0.057,-0.046,-0.018,0.001,-0.036,0.007,0.011,0.009,-0.031,-0.044,7.731,-0.059,8.11,-0.09,8.898,2013-07-22,software_and_services
G,VRSN,2018-07-06,0.745,4.346,5.043,-36.395,4.218,0.183,2.838,0.003,-0.036,0.027,0.004,-0.004,-0.033,0.033,0.021,0.037,-0.023,-0.006,4.556,-0.036,5.638,-0.037,5.674,2013-07-22,software_and_services
G,WNS,2018-07-06,0.667,3.49,1.875,-14.3,4.218,0.052,2.57,-0.014,0.049,-0.042,0.028,-0.0,0.058,0.03,0.0,-0.021,-0.094,0.044,2.284,0.031,2.646,0.032,2.621,2013-07-22,software_and_services
GPN,JKHY,2018-07-06,1.0,2.68,0.94,14.046,4.218,0.182,-0.094,0.072,-0.027,-0.007,-0.002,-0.008,-0.033,-0.008,-0.036,-0.01,-0.003,-0.003,2.841,-0.057,5.973,-0.064,6.374,2013-07-22,software_and_services
GPN,VRSN,2018-07-06,0.667,3.251,0.917,18.325,4.218,0.636,1.86,0.026,-0.005,-0.008,0.022,0.013,-0.049,-0.007,-0.045,0.022,-0.03,-0.021,4.002,-0.019,3.939,-0.02,3.978,2013-07-22,software_and_services
IDCC,RAMP,2018-07-06,0.667,6.715,0.218,10.961,4.218,0.0,0.322,0.017,0.019,-0.038,-0.001,0.059,-0.019,-0.051,-0.014,-0.021,0.035,-0.041,8.055,-0.109,10.259,-0.168,12.192,2013-07-22,software_and_services
INTU,SNPS,2018-07-06,0.529,-2.616,0.481,7.188,4.218,0.0,-2.314,0.077,0.046,0.048,0.049,0.051,0.013,-0.1,-0.011,0.02,-0.018,0.023,-1.927,0.04,-1.43,-0.008,-2.851,2013-07-22,software_and_services
MGI,PRO,2018-07-06,0.706,3.118,0.636,16.653,4.218,0.952,3.01,0.012,0.056,0.172,0.083,-0.002,-0.05,-0.058,-0.035,-0.087,0.011,0.018,2.981,0.034,2.863,0.102,2.361,2013-07-22,software_and_services
NLOK,PTC,2018-07-06,0.745,3.655,3.267,9.414,4.218,0.743,0.708,-0.003,0.011,-0.023,0.02,0.053,0.044,0.061,-0.099,0.016,-0.042,0.003,3.623,-0.022,3.873,-0.046,4.116,2013-07-22,software_and_services
RAMP,WU,2018-07-06,0.529,-3.368,0.237,9.824,4.218,0.29,-0.095,0.035,-0.034,-0.053,0.002,0.045,0.038,-0.032,-0.039,0.044,-0.051,-0.055,-5.669,-0.101,-7.593,-0.12,-8.421,2013-07-22,software_and_services
AN,DBI,2018-07-06,0.824,2.607,0.216,8.645,3.078,0.467,0.873,-0.007,-0.034,-0.003,-0.027,0.008,-0.022,0.006,0.005,0.012,-0.051,-0.008,2.739,-0.159,5.143,-0.2,5.797,2013-07-22,retailing
AN,KSS,2018-07-06,0.686,2.616,0.297,24.229,3.078,0.914,2.412,-0.016,0.02,0.021,0.022,-0.012,0.073,0.048,0.061,0.081,-0.006,-0.02,2.795,-0.129,3.75,-0.052,3.074,2013-07-22,retailing
BBWI,MNRO,2018-07-06,0.725,2.597,0.485,35.684,3.078,0.947,0.717,0.018,0.043,-0.033,0.048,-0.026,-0.041,-0.04,0.055,-0.013,0.021,-0.126,4.63,-0.153,5.064,-0.097,4.17,2013-07-22,retailing
BKE,DBI,2018-07-06,0.686,2.806,0.693,9.545,3.078,0.319,0.109,0.038,0.029,0.0,0.053,-0.007,0.002,0.002,0.048,0.011,0.042,-0.017,3.321,-0.135,6.871,-0.186,8.393,2013-07-22,retailing
DG,DLTR,2018-07-06,0.765,-2.985,0.966,10.179,3.078,0.532,-1.406,-0.056,-0.017,0.021,-0.028,-0.005,-0.042,-0.008,0.03,-0.011,0.049,0.033,-1.976,-0.079,-5.374,-0.052,-4.578,2013-07-22,retailing
GPI,KSS,2018-07-06,0.588,2.64,0.292,19.873,3.078,0.953,2.391,-0.005,-0.028,-0.036,-0.032,-0.007,-0.072,0.028,0.009,-0.015,0.007,0.01,2.541,-0.086,3.47,-0.043,3.052,2013-07-22,retailing
GPS,KSS,2018-07-06,0.686,2.581,1.924,-4.423,3.078,0.325,1.021,0.054,-0.014,-0.029,-0.012,-0.041,0.053,0.086,-0.018,0.012,0.013,-0.017,2.95,-0.085,4.451,-0.066,4.04,2013-07-22,retailing
BCE,CCOI,2018-07-06,0.529,3.629,1.711,-25.357,3.471,0.048,3.053,-0.005,0.048,-0.019,-0.026,-0.028,-0.017,0.015,0.009,-0.006,0.062,0.046,2.445,-0.009,3.863,-0.009,3.853,2013-07-22,telecommunication_services
IRDM,SATS,2018-07-06,0.549,-2.937,1.777,22.847,3.471,0.055,-2.732,-0.039,-0.022,-0.022,0.035,0.011,-0.039,-0.024,0.042,0.023,0.014,-0.078,-3.926,-0.09,-4.077,-0.142,-4.735,2013-07-22,telecommunication_services
IRDM,TEO,2018-07-06,0.706,-3.988,1.689,0.107,3.471,0.121,-3.686,-0.017,0.008,0.019,0.055,0.018,0.017,-0.0,0.025,0.021,0.009,-0.065,-4.742,-0.185,-6.121,-0.192,-6.204,2013-07-22,telecommunication_services
IRDM,TIMB,2018-07-06,0.529,-3.024,1.337,0.252,3.471,0.022,-1.627,-0.016,-0.016,0.038,-0.026,0.059,-0.023,-0.042,0.066,0.053,-0.082,-0.104,-4.687,-0.195,-6.13,-0.208,-6.34,2013-07-22,telecommunication_services
T,VZ,2018-07-06,0.549,2.883,1.237,16.816,3.471,0.297,1.292,-0.015,-0.056,-0.002,-0.032,-0.006,-0.022,-0.023,0.054,0.041,0.067,-0.02,3.564,-0.039,4.194,-0.033,4.003,2013-07-22,telecommunication_services
TEO,TU,2018-07-06,0.843,3.938,0.252,8.779,3.471,0.755,1.904,-0.05,-0.002,-0.005,0.036,0.005,0.052,0.012,-0.02,0.061,-0.049,0.008,3.713,-0.041,5.078,0.001,3.9,2013-07-22,telecommunication_services
AAON,MIDD,2018-07-06,0.745,-2.628,1.556,74.465,4.319,0.091,-0.85,-0.021,0.039,0.087,0.007,-0.001,-0.014,-0.018,0.039,0.026,-0.007,-0.023,-3.0,0.097,-1.035,0.132,-0.452,2013-07-22,capital_goods
ABB,AIR,2018-07-06,0.627,3.154,2.386,-12.927,4.319,0.038,2.036,-0.037,0.011,0.027,-0.021,0.03,0.029,-0.038,0.002,-0.055,-0.046,0.038,2.317,0.053,2.007,0.036,2.36,2013-07-22,capital_goods
ABB,AIT,2018-07-06,0.667,2.64,3.473,-15.071,4.319,0.064,1.378,0.004,-0.001,0.047,-0.023,-0.029,0.032,0.038,-0.013,0.029,0.004,0.022,2.105,0.002,2.596,-0.008,2.822,2013-07-22,capital_goods
ABB,EPAC,2018-07-06,0.51,2.583,0.326,18.195,4.319,0.005,0.368,-0.013,0.036,-0.007,0.043,0.103,0.022,-0.099,-0.007,0.042,-0.001,0.049,1.635,0.01,2.386,0.057,1.483,2013-07-22,capital_goods
ABB,ETN,2018-07-06,1.0,2.581,3.332,-2.368,4.319,0.26,0.484,0.026,-0.062,-0.022,-0.011,0.005,0.055,-0.007,0.043,-0.004,-0.109,-0.004,2.772,-0.019,3.473,-0.049,4.882,2013-07-22,capital_goods
ABB,FELE,2018-07-06,1.0,2.776,1.915,0.071,4.319,0.112,0.6,-0.04,0.038,0.016,0.003,0.002,0.056,-0.034,-0.076,-0.015,0.002,0.0,2.763,0.0,2.77,0.018,2.225,2013-07-22,capital_goods
ABB,HI,2018-07-06,0.588,3.251,1.878,-3.576,4.319,0.017,2.531,-0.049,0.033,0.019,0.081,-0.034,0.105,0.023,-0.037,-0.015,0.028,-0.016,3.615,-0.002,3.292,-0.026,3.861,2013-07-22,capital_goods
ABB,KTOS,2018-07-06,0.882,2.574,1.006,-10.852,4.319,0.183,0.807,0.04,-0.009,-0.034,-0.022,-0.021,0.034,0.004,0.043,0.023,0.018,0.025,1.989,0.0,2.567,-0.029,3.254,2013-07-22,capital_goods
ABB,LNN,2018-07-06,0.725,3.365,2.835,23.271,4.319,0.135,1.142,-0.009,-0.049,-0.008,-0.037,-0.045,0.025,0.041,0.076,0.019,0.008,0.082,1.072,0.097,0.673,0.003,3.286,2013-07-22,capital_goods
ABB,MGRC,2018-07-06,0.765,3.486,2.799,-19.069,4.319,0.311,0.31,-0.01,-0.074,0.015,0.019,0.001,-0.011,-0.003,-0.025,-0.039,-0.004,0.09,2.053,0.104,1.843,0.134,1.357,2013-07-22,capital_goods
ABB,MTZ,2018-07-06,0.824,3.475,4.105,-42.367,4.319,0.885,1.181,0.004,-0.011,-0.059,0.004,-0.006,0.015,0.016,0.018,-0.048,-0.064,0.085,1.007,0.125,-0.16,0.12,-0.034,2013-07-22,capital_goods
ABB,SXI,2018-07-06,0.667,2.515,2.914,30.85,4.319,0.001,0.398,0.012,0.049,-0.021,0.046,-0.057,0.026,0.052,-0.009,-0.049,0.027,0.02,1.918,-0.006,2.703,0.008,2.282,2013-07-22,capital_goods
ABB,TNC,2018-07-06,0.706,2.692,2.087,21.426,4.319,0.342,1.153,-0.037,-0.079,0.02,-0.021,0.009,0.02,0.018,0.025,0.007,-0.039,0.014,2.385,0.063,1.298,0.071,1.118,2013-07-22,capital_goods
ABB,TT,2018-07-06,0.549,2.966,3.48,-11.792,4.319,0.015,0.929,-0.056,0.001,0.034,-0.017,0.014,-0.004,-0.019,0.037,0.058,-0.031,-0.007,3.24,-0.031,4.178,-0.05,4.908,2013-07-22,capital_goods
AER,AMRC,2018-07-06,0.608,2.997,0.282,-5.754,4.319,0.0,1.425,0.036,0.027,-0.023,0.019,-0.015,0.061,0.076,-0.051,0.032,0.033,-0.003,3.072,-0.006,3.132,0.046,1.954,2013-07-22,capital_goods
AGCO,EPAC,2018-07-06,0.549,2.567,0.11,18.258,4.319,0.008,0.365,-0.034,0.021,0.072,0.031,0.055,-0.042,-0.073,-0.034,-0.008,-0.007,0.043,1.732,-0.003,2.624,0.049,1.596,2013-07-22,capital_goods
AGCO,OFLX,2018-07-06,0.51,4.711,1.339,-27.91,4.319,0.0,2.195,-0.019,0.006,-0.021,-0.011,-0.02,-0.05,-0.025,0.07,-0.04,0.01,-0.025,5.357,-0.02,5.225,0.085,2.552,2013-07-22,capital_goods
AGCO,ROLL,2018-07-06,0.608,3.555,2.414,-39.29,4.319,0.0,2.204,0.02,0.012,0.012,0.01,0.01,-0.065,-0.095,-0.014,-0.056,0.015,-0.019,4.115,-0.069,5.548,-0.073,5.657,2013-07-22,capital_goods
AIN,ALG,2018-07-06,0.98,-3.314,2.061,-16.101,4.319,0.017,-0.392,0.028,0.06,-0.008,0.043,0.002,0.038,0.026,0.044,0.025,0.029,-0.007,-3.614,-0.121,-8.35,-0.14,-9.106,2013-07-22,capital_goods
AIN,CAE,2018-07-06,0.588,2.691,0.28,1.589,4.319,0.208,0.608,0.037,0.058,-0.012,0.052,0.158,-0.027,-0.029,-0.056,-0.022,0.021,0.023,1.708,0.145,-3.571,0.144,-3.535,2013-07-22,capital_goods
AIN,ITW,2018-07-06,0.569,-2.692,2.306,8.56,4.319,0.024,-0.792,-0.063,-0.015,0.037,-0.096,0.024,-0.05,0.016,0.122,0.032,0.012,-0.018,-3.427,-0.125,-7.755,-0.113,-7.273,2013-07-22,capital_goods
AIN,MMM,2018-07-06,0.51,-2.581,2.513,47.569,4.319,0.306,-0.625,-0.025,0.078,0.032,0.061,-0.002,0.01,-0.027,0.02,0.09,0.05,0.006,-2.348,-0.073,-5.327,-0.067,-5.088,2013-07-22,capital_goods
AIN,TREX,2018-07-06,0.608,3.823,0.625,-10.557,4.319,0.351,1.063,0.039,-0.002,0.042,0.03,-0.01,0.015,-0.015,0.116,0.051,-0.022,-0.065,6.313,-0.004,3.968,0.095,0.171,2013-07-22,capital_goods
AIR,CMI,2018-07-06,0.51,-3.138,2.647,34.253,4.319,0.396,-2.222,-0.032,-0.043,0.009,-0.0,0.033,-0.051,-0.009,-0.034,0.022,0.029,0.045,-2.3,0.057,-2.069,0.088,-1.504,2013-07-22,capital_goods
AIR,PCAR,2018-07-06,0.882,-2.597,0.784,27.796,4.319,0.533,-1.133,0.027,0.015,0.01,0.014,-0.04,0.042,0.061,0.039,0.079,-0.012,0.044,-1.582,0.101,-0.286,0.095,-0.425,2013-07-22,capital_goods
AIR,VICR,2018-07-06,0.824,3.56,0.953,-13.202,4.319,0.675,2.554,-0.055,0.025,-0.007,-0.003,-0.034,-0.007,0.014,-0.015,0.011,0.046,-0.168,7.092,-0.152,6.76,0.049,2.523,2013-07-22,capital_goods
AJRD,AXON,2018-07-06,0.706,3.603,1.015,6.494,4.319,0.294,0.352,-0.067,-0.044,0.069,-0.08,-0.026,-0.014,0.005,0.054,-0.129,0.085,0.038,3.213,0.029,3.298,0.066,2.919,2013-07-22,capital_goods
AL,AMRC,2018-07-06,0.588,3.607,0.291,-2.836,4.319,0.467,2.904,0.028,-0.036,-0.028,-0.075,-0.002,-0.007,0.023,0.011,0.008,-0.03,-0.014,3.874,0.008,3.457,0.068,2.363,2013-07-22,capital_goods
AL,CMCO,2018-07-06,0.902,3.289,1.445,-23.068,4.319,0.131,0.267,-0.042,-0.044,0.015,-0.07,0.033,0.021,-0.021,0.011,0.031,0.018,0.048,1.546,0.061,1.101,0.104,-0.444,2013-07-22,capital_goods
AL,GATX,2018-07-06,0.941,2.75,1.518,-2.35,4.319,0.605,1.025,-0.023,-0.054,0.012,-0.036,0.01,-0.004,-0.01,-0.018,0.033,0.049,-0.04,3.996,-0.019,3.342,-0.053,4.406,2013-07-22,capital_goods
AL,TXT,2018-07-06,0.51,2.918,1.378,0.601,4.319,0.003,1.097,-0.036,-0.049,-0.009,-0.028,0.006,-0.059,-0.06,0.008,-0.027,-0.025,0.011,2.555,0.003,2.805,-0.01,3.235,2013-07-22,capital_goods
ALG,BWXT,2018-07-06,0.51,2.742,0.557,-0.026,4.319,0.63,1.077,0.028,0.115,0.044,0.116,0.014,0.097,-0.004,-0.025,0.029,0.012,-0.016,3.21,0.042,1.507,0.004,2.623,2013-07-22,capital_goods
ALG,HEI,2018-07-06,0.902,3.497,0.633,-4.292,4.319,0.617,2.812,0.049,0.018,-0.024,0.011,0.033,-0.012,-0.052,0.065,-0.043,-0.033,-0.017,3.884,-0.129,6.444,-0.133,6.515,2013-07-22,capital_goods
ALG,HEI-A,2018-07-06,0.843,3.704,0.521,-2.909,4.319,0.452,2.758,0.013,-0.009,-0.026,-0.013,0.019,0.025,0.003,0.0,-0.02,0.055,-0.02,4.182,-0.115,6.431,-0.1,6.097,2013-07-22,capital_goods
ALG,HI,2018-07-06,0.529,3.626,0.264,11.335,4.319,0.17,2.954,0.034,-0.007,-0.021,-0.043,-0.002,0.026,0.034,0.015,0.014,-0.019,-0.04,4.72,-0.026,4.332,-0.061,5.3,2013-07-22,capital_goods
ALG,HON,2018-07-06,0.706,2.61,0.777,48.514,4.319,0.74,0.448,0.027,-0.016,-0.041,0.0,0.004,-0.025,0.022,-0.067,-0.026,-0.027,-0.028,3.853,-0.055,5.088,-0.092,6.763,2013-07-22,capital_goods
ALG,IEX,2018-07-06,0.804,3.322,1.021,18.191,4.319,0.239,1.63,0.03,0.024,0.054,0.079,0.072,-0.033,-0.058,-0.037,-0.01,0.001,-0.053,5.086,-0.044,4.787,-0.05,4.999,2013-07-22,capital_goods
ALG,KAI,2018-07-06,0.529,3.088,0.977,-10.214,4.319,0.156,0.851,0.026,0.051,-0.111,-0.024,0.037,0.045,-0.037,-0.017,-0.025,-0.016,0.034,1.846,-0.012,3.539,-0.042,4.627,2013-07-22,capital_goods
ALG,KAMN,2018-07-06,0.784,3.227,0.353,18.278,4.319,0.786,2.516,0.031,0.025,0.017,0.002,0.011,-0.006,-0.012,0.011,-0.014,-0.009,0.039,2.363,0.049,2.144,0.018,2.817,2013-07-22,capital_goods
ALG,OFLX,2018-07-06,0.627,4.592,0.556,2.896,4.319,0.34,2.618,-0.053,-0.013,-0.025,0.013,0.016,-0.006,-0.013,-0.003,0.014,0.014,-0.032,5.332,-0.006,4.735,0.096,2.375,2013-07-22,capital_goods
ALG,ROLL,2018-07-06,0.961,4.506,1.033,13.901,4.319,0.462,1.682,-0.015,0.015,-0.012,0.004,0.028,-0.041,-0.04,-0.017,0.025,0.011,-0.024,5.413,-0.064,6.91,-0.095,8.085,2013-07-22,capital_goods
ALG,ROP,2018-07-06,0.549,2.951,1.709,74.339,4.319,0.402,1.52,-0.05,-0.03,0.008,-0.041,0.014,-0.023,-0.003,-0.083,-0.031,0.017,-0.031,3.837,-0.038,4.053,-0.042,4.164,2013-07-22,capital_goods
ALG,TREX,2018-07-06,0.686,4.693,0.283,-4.093,4.319,0.573,3.857,-0.063,-0.061,0.042,-0.059,0.03,-0.037,-0.025,-0.025,-0.047,-0.049,-0.087,6.623,-0.139,7.775,-0.039,5.55,2013-07-22,capital_goods
AMRC,MOG-A,2018-07-06,0.588,-2.729,4.541,33.331,4.319,0.034,-1.636,-0.016,0.019,-0.003,0.013,0.001,0.048,-0.021,-0.037,-0.025,-0.002,-0.052,-3.653,-0.01,-2.907,0.084,-1.214,2013-07-22,capital_goods
AOS,LII,2018-07-06,0.961,2.673,2.934,20.149,4.319,0.629,0.221,0.011,0.006,0.007,-0.019,-0.061,0.009,0.037,0.019,0.018,-0.046,-0.044,5.457,-0.066,6.813,-0.079,7.637,2013-07-22,capital_goods
AOS,TDG,2018-07-06,0.608,3.667,3.631,49.272,4.319,0.14,2.265,0.014,-0.028,-0.057,-0.07,0.062,-0.048,-0.05,-0.073,-0.001,-0.016,-0.043,5.018,-0.019,4.244,-0.082,6.226,2013-07-22,capital_goods
APOG,AXON,2018-07-06,0.667,3.838,-0.074,29.879,4.319,0.89,1.825,-0.06,0.028,-0.01,0.01,-0.289,0.012,0.032,0.061,-0.041,0.007,-0.015,3.927,-0.044,4.108,0.059,3.478,2013-07-22,capital_goods
APOG,PGTI,2018-07-06,0.529,2.746,-0.04,14.739,4.319,0.933,2.692,-0.025,-0.022,0.03,-0.036,-0.011,0.027,0.009,-0.067,-0.024,0.05,-0.174,3.858,-0.173,3.85,0.065,2.329,2013-07-22,capital_goods
AVAV,BLDP,2018-07-06,0.647,-3.335,0.072,-0.066,4.319,0.214,-2.213,0.044,0.027,0.067,0.009,-0.007,-0.027,0.004,0.028,-0.006,-0.127,-0.003,-3.376,-0.015,-3.513,-0.13,-4.89,2013-07-22,capital_goods
AWI,ST,2018-07-06,0.804,-2.844,0.747,8.914,4.319,0.005,-0.103,0.008,-0.039,0.021,-0.011,-0.002,0.022,0.046,0.006,0.039,0.008,0.014,-2.284,-0.014,-3.423,-0.045,-4.705,2013-07-22,capital_goods
AYI,AZZ,2018-07-06,0.902,2.537,0.116,26.442,4.319,0.782,0.402,0.066,-0.019,0.041,-0.009,0.013,-0.028,0.011,-0.034,-0.004,-0.052,-0.0,2.542,0.021,2.132,0.07,1.162,2013-07-22,capital_goods
AZZ,GE,2018-07-06,0.647,-3.603,5.83,-103.61,4.319,0.535,-1.176,0.013,0.014,-0.017,-0.008,0.047,-0.01,-0.035,0.01,0.029,0.014,-0.031,-4.152,-0.045,-4.396,0.034,-3.005,2013-07-22,capital_goods
B,OFLX,2018-07-06,0.588,4.429,1.093,-4.403,4.319,0.213,1.473,0.064,-0.017,-0.032,-0.018,0.007,-0.023,-0.0,0.025,-0.01,0.039,0.009,4.166,0.034,3.406,0.149,-0.12,2013-07-22,capital_goods
BECN,LII,2018-07-06,0.51,3.416,3.346,-0.299,4.319,0.212,2.327,0.018,-0.023,-0.031,-0.032,-0.022,-0.035,0.026,0.046,-0.002,0.001,-0.037,4.141,-0.09,5.2,-0.104,5.479,2013-07-22,capital_goods
BECN,MAS,2018-07-06,0.627,2.79,0.635,3.155,4.319,0.331,0.916,-0.008,-0.038,0.022,-0.035,0.057,-0.027,-0.039,-0.03,0.047,0.013,-0.02,3.312,-0.032,3.626,-0.048,4.027,2013-07-22,capital_goods
BECN,SXI,2018-07-06,0.745,2.98,1.034,37.743,4.319,0.014,0.763,0.045,0.031,-0.032,0.013,0.016,0.03,-0.034,-0.075,-0.05,0.03,-0.002,3.034,-0.064,4.426,-0.075,4.664,2013-07-22,capital_goods
BLDP,GTLS,2018-07-06,0.51,2.505,8.32,14.888,4.319,0.47,2.233,-0.01,0.038,-0.018,0.062,-0.044,-0.027,0.008,0.071,-0.021,-0.032,-0.145,3.813,-0.054,2.997,-0.015,2.637,2013-07-22,capital_goods
BLDP,LNN,2018-07-06,0.725,2.878,6.893,59.133,4.319,0.69,0.929,-0.041,-0.02,0.045,-0.031,0.015,0.053,0.009,-0.003,0.026,-0.031,0.092,1.096,0.146,0.047,0.049,1.923,2013-07-22,capital_goods
BLDR,PGTI,2018-07-06,0.922,3.484,0.695,2.948,4.319,0.317,1.886,0.022,-0.035,-0.019,-0.059,0.002,-0.033,-0.027,0.004,0.037,0.038,-0.11,5.746,-0.146,6.493,-0.056,4.64,2013-07-22,capital_goods
BWXT,OFLX,2018-07-06,0.686,2.99,0.966,4.311,4.319,0.907,0.418,0.023,0.016,0.014,0.075,0.015,-0.074,-0.003,-0.001,-0.023,0.006,-0.018,3.459,-0.04,4.027,0.086,0.73,2013-07-22,capital_goods
BWXT,SWK,2018-07-06,0.588,-2.611,1.564,51.294,4.319,0.817,-1.353,0.002,0.009,-0.039,0.023,-0.009,0.036,0.0,-0.011,0.031,-0.012,0.024,-1.926,0.052,-1.143,0.054,-1.094,2013-07-22,capital_goods
CAE,CR,2018-07-06,0.667,-3.81,4.424,0.394,4.319,0.71,-1.444,-0.055,-0.08,0.003,-0.03,0.026,-0.09,-0.02,-0.027,-0.074,0.001,0.057,-1.731,0.1,-0.138,0.139,1.282,2013-07-22,capital_goods
CAE,OSK,2018-07-06,0.647,-3.214,5.03,-14.135,4.319,0.279,-2.138,-0.008,-0.048,-0.078,0.015,0.006,-0.007,-0.079,-0.015,-0.021,-0.009,0.021,-2.705,0.035,-2.371,0.043,-2.166,2013-07-22,capital_goods
CAT,HI,2018-07-06,0.667,3.034,0.204,13.007,4.319,0.423,0.928,0.021,0.028,-0.045,0.03,-0.005,0.01,-0.028,0.02,-0.003,0.013,-0.039,4.495,-0.029,4.109,-0.003,3.159,2013-07-22,capital_goods
CAT,MGRC,2018-07-06,0.824,3.888,0.334,3.006,4.319,0.749,3.671,-0.06,-0.027,0.009,-0.017,0.047,-0.001,-0.026,-0.009,-0.074,-0.059,0.082,1.849,0.091,1.616,0.185,-0.697,2013-07-22,capital_goods
CAT,TREX,2018-07-06,0.51,5.452,0.223,-2.639,4.319,0.188,1.598,0.001,-0.052,0.004,-0.113,0.005,0.022,0.007,0.025,0.017,0.0,-0.084,8.614,-0.138,10.657,0.032,4.263,2013-07-22,capital_goods
CAT,TXT,2018-07-06,0.549,2.931,0.278,21.648,4.319,0.189,1.421,-0.014,0.015,0.001,-0.001,0.018,-0.024,0.005,0.001,-0.008,0.045,-0.0,2.932,-0.026,3.731,-0.003,3.01,2013-07-22,capital_goods
CMCO,HLIO,2018-07-06,0.51,-2.72,1.136,10.163,4.319,0.288,-0.729,-0.019,0.002,-0.028,-0.036,0.018,0.002,0.003,0.002,0.014,0.008,0.049,-1.363,0.01,-2.458,0.089,-0.272,2013-07-22,capital_goods
CMCO,KMT,2018-07-06,0.745,-3.06,0.793,9.573,4.319,0.277,-1.699,0.026,-0.02,-0.063,0.043,-0.004,-0.036,-0.021,-0.015,0.036,0.024,0.064,-1.86,0.094,-1.296,0.183,0.365,2013-07-22,capital_goods
CMCO,MOG-A,2018-07-06,0.863,-3.232,1.307,31.642,4.319,0.55,-0.638,-0.058,0.015,-0.066,-0.047,-0.196,0.006,0.037,0.026,-0.016,-0.026,-0.001,-3.249,0.029,-2.34,0.118,0.379,2013-07-22,capital_goods
CMCO,NPO,2018-07-06,0.686,-2.513,1.374,24.106,4.319,0.899,-0.955,-0.051,0.034,0.018,-0.033,0.032,0.005,-0.004,-0.017,0.031,0.013,0.039,-1.652,0.031,-1.839,0.073,-0.912,2013-07-22,capital_goods
CMI,CNR,2018-07-06,0.549,3.144,0.08,6.098,4.319,0.115,1.526,0.004,0.021,-0.023,-0.018,0.032,-0.008,-0.016,-0.067,-0.027,-0.02,0.224,-0.551,0.17,0.329,0.235,-0.74,2013-07-22,capital_goods
CMI,EMR,2018-07-06,0.529,3.06,0.292,15.11,4.319,0.511,2.682,0.096,0.027,-0.053,-0.028,0.012,0.036,0.005,0.061,0.044,0.008,0.006,2.91,-0.046,4.131,-0.027,3.689,2013-07-22,capital_goods
CMI,EPAC,2018-07-06,0.529,2.676,0.035,20.134,4.319,0.027,0.389,0.009,0.006,0.033,-0.004,0.064,0.003,-0.066,0.006,0.044,0.007,0.05,1.786,0.007,2.553,0.07,1.435,2013-07-22,capital_goods
CMI,ETN,2018-07-06,0.902,3.17,0.379,15.002,4.319,0.659,1.755,0.04,-0.038,-0.049,-0.057,0.042,-0.066,-0.053,-0.047,-0.012,-0.003,-0.01,3.548,-0.032,4.343,-0.027,4.165,2013-07-22,capital_goods
CMI,FELE,2018-07-06,0.608,2.893,0.212,10.814,4.319,0.839,0.81,-0.112,0.107,-0.005,0.04,0.055,-0.01,-0.043,0.012,0.031,0.057,-0.006,3.024,-0.01,3.126,0.048,1.802,2013-07-22,capital_goods
CMI,FSS,2018-07-06,0.588,2.903,0.1,3.981,4.319,0.103,2.603,0.034,0.035,-0.025,-0.035,-0.023,-0.011,0.035,0.034,0.023,0.007,0.024,2.575,-0.05,3.599,-0.02,3.174,2013-07-22,capital_goods
CMI,GATX,2018-07-06,0.725,4.155,0.343,8.086,4.319,0.707,3.934,0.027,-0.044,-0.031,0.015,-0.006,-0.003,-0.008,-0.027,0.033,0.002,-0.044,5.119,-0.034,4.906,-0.048,5.214,2013-07-22,capital_goods
CMI,GTLS,2018-07-06,0.529,3.291,0.415,-13.506,4.319,0.128,0.608,-0.031,-0.016,0.02,0.025,-0.042,0.022,0.026,-0.037,-0.056,0.075,-0.097,4.572,-0.076,4.292,-0.032,3.718,2013-07-22,capital_goods
CMI,KTOS,2018-07-06,0.824,3.372,0.117,-5.911,4.319,0.137,1.194,0.0,-0.032,0.018,-0.018,0.064,-0.031,-0.068,-0.047,-0.012,0.03,0.024,2.883,-0.012,3.616,0.007,3.218,2013-07-22,capital_goods
CMI,LNN,2018-07-06,0.941,3.967,0.333,36.861,4.319,0.897,1.521,0.014,-0.029,0.068,-0.025,0.022,0.01,-0.026,-0.037,-0.012,0.0,0.089,1.64,0.102,1.297,0.026,3.274,2013-07-22,capital_goods
CMI,MGRC,2018-07-06,0.569,3.672,0.314,-3.854,4.319,0.804,1.042,0.07,0.006,-0.008,0.038,0.017,0.015,0.001,-0.039,-0.047,-0.006,0.101,2.36,0.112,2.214,0.187,1.229,2013-07-22,capital_goods
CMI,RTX,2018-07-06,0.961,3.236,0.296,25.905,4.319,0.795,1.67,0.004,0.02,-0.009,-0.009,0.001,-0.009,-0.011,-0.012,-0.027,0.006,-0.02,3.869,-0.013,3.658,-0.029,4.163,2013-07-22,capital_goods
CMI,SXI,2018-07-06,0.549,2.8,0.328,46.512,4.319,0.001,0.531,-0.033,0.034,-0.01,0.011,0.022,-0.01,-0.001,-0.085,-0.016,0.025,0.018,2.344,-0.014,3.17,0.03,2.035,2013-07-22,capital_goods
CMI,TNC,2018-07-06,0.961,2.956,0.237,32.355,4.319,0.386,1.555,-0.08,0.061,0.047,-0.009,0.034,0.025,0.015,-0.077,-0.041,-0.011,0.012,2.73,0.064,1.715,0.101,0.999,2013-07-22,capital_goods
CMI,TXT,2018-07-06,0.569,3.407,0.279,13.805,4.319,0.052,0.233,-0.044,-0.017,-0.011,-0.039,0.033,-0.017,-0.034,0.012,0.033,-0.01,0.014,3.166,-0.011,3.604,-0.004,3.472,2013-07-22,capital_goods
CR,HI,2018-07-06,0.745,3.615,0.419,5.049,4.319,0.014,1.673,-0.027,0.009,0.001,-0.008,0.04,0.046,-0.01,-0.05,0.064,-0.021,0.001,3.597,0.022,2.84,0.041,2.175,2013-07-22,capital_goods
CR,MGRC,2018-07-06,0.667,3.587,0.647,-7.591,4.319,0.554,0.339,0.048,0.007,0.009,-0.029,-0.036,-0.004,0.049,0.09,0.076,0.072,0.115,1.321,0.136,0.901,0.216,-0.672,2013-07-22,capital_goods
CSL,MIDD,2018-07-06,0.98,-2.766,0.953,29.924,4.319,0.0,-1.188,0.057,-0.029,0.016,0.013,-0.038,-0.005,0.048,0.043,0.012,0.031,-0.05,-3.761,0.045,-1.863,0.072,-1.316,2013-07-22,capital_goods
CW,HI,2018-07-06,0.686,3.31,0.285,5.188,4.319,0.0,0.685,0.028,0.03,0.14,0.069,0.01,-0.057,-0.05,-0.037,-0.075,0.011,-0.001,3.339,0.015,2.623,0.0,3.297,2013-07-22,capital_goods
CW,SSD,2018-07-06,0.941,4.022,0.396,5.486,4.319,0.259,1.339,0.015,0.003,-0.042,-0.003,0.034,-0.032,-0.069,-0.009,-0.058,-0.036,-0.039,5.709,-0.062,6.699,-0.005,4.24,2013-07-22,capital_goods
DCI,HI,2018-07-06,0.529,2.669,0.788,2.327,4.319,0.008,1.843,0.019,0.034,-0.068,-0.004,0.064,-0.025,-0.043,-0.023,0.058,0.0,-0.019,3.173,0.014,2.308,0.067,0.916,2013-07-22,capital_goods
DCI,LNN,2018-07-06,0.745,2.915,1.205,31.609,4.319,0.44,0.507,-0.002,0.006,0.091,0.07,0.002,0.073,0.034,0.048,0.045,-0.015,0.082,0.278,0.112,-0.685,0.079,0.387,2013-07-22,capital_goods
DCI,MGRC,2018-07-06,0.549,3.09,1.196,-11.065,4.319,0.642,0.312,-0.052,0.023,0.043,0.013,0.003,-0.074,-0.031,-0.037,-0.089,-0.109,0.09,1.563,0.124,0.99,0.238,-0.95,2013-07-22,capital_goods
DE,HI,2018-07-06,0.941,2.734,0.212,10.283,4.319,0.348,0.776,-0.002,-0.049,0.041,-0.056,-0.007,0.019,0.049,0.021,0.025,0.018,-0.039,4.119,-0.03,3.779,-0.008,3.018,2013-07-22,capital_goods
DE,TXT,2018-07-06,0.961,2.755,0.289,17.922,4.319,0.078,1.322,-0.053,-0.051,-0.012,-0.066,0.031,0.01,-0.012,0.003,0.028,0.013,-0.002,2.807,-0.027,3.568,-0.007,2.966,2013-07-22,capital_goods
DE,VICR,2018-07-06,0.529,4.084,0.246,-7.658,4.319,0.741,0.071,0.011,-0.12,0.021,-0.051,-0.004,0.037,0.01,0.016,0.025,-0.001,-0.175,6.672,-0.147,6.263,0.118,2.334,2013-07-22,capital_goods
DOV,GTLS,2018-07-06,0.51,2.763,1.07,-26.04,4.319,0.0,1.812,-0.05,-0.012,0.006,0.012,-0.027,-0.013,0.019,-0.004,0.057,0.012,-0.036,3.626,0.012,2.489,0.029,2.071,2013-07-22,capital_goods
DOV,HI,2018-07-06,0.569,3.429,0.539,0.48,4.319,0.07,0.98,0.056,-0.001,0.006,0.018,0.018,0.03,0.027,-0.063,0.036,-0.003,0.017,2.718,0.052,1.178,0.044,1.521,2013-07-22,capital_goods
DOV,LNN,2018-07-06,0.98,2.557,0.762,32.368,4.319,0.334,0.409,0.049,0.028,-0.002,0.007,-0.051,-0.02,0.093,0.067,0.078,-0.016,0.107,-0.875,0.138,-1.879,0.055,0.781,2013-07-22,capital_goods
DOV,MGRC,2018-07-06,0.706,3.658,0.854,-15.908,4.319,0.252,3.358,-0.002,-0.015,-0.017,0.018,-0.048,-0.053,-0.078,0.025,-0.029,0.024,0.123,0.616,0.161,-0.3,0.207,-1.442,2013-07-22,capital_goods
DOV,SPXC,2018-07-06,0.569,2.788,0.659,-15.558,4.319,0.117,0.897,-0.021,-0.03,0.063,0.019,0.015,-0.035,-0.016,0.031,-0.024,-0.015,0.071,0.507,0.141,-1.762,0.169,-2.681,2013-07-22,capital_goods
DY,FIX,2018-07-06,0.745,2.742,0.288,8.121,4.319,0.963,0.762,0.042,0.039,-0.03,0.008,0.019,0.016,-0.023,0.054,0.015,-0.036,-0.14,5.632,-0.179,6.445,-0.155,5.96,2013-07-22,capital_goods
EMR,MGRC,2018-07-06,0.569,2.865,1.181,-25.366,4.319,0.0,1.521,-0.025,0.06,0.023,0.041,-0.005,0.073,0.024,0.023,0.041,0.05,0.07,0.697,0.123,-0.965,0.164,-2.231,2013-07-22,capital_goods
ENS,MIDD,2018-07-06,0.529,-2.95,1.017,54.772,4.319,0.107,-0.944,-0.053,0.018,-0.028,-0.049,0.001,0.003,0.033,0.015,-0.019,-0.02,-0.017,-3.29,0.09,-1.14,0.052,-1.917,2013-07-22,capital_goods
ERJ,IEP,2018-07-06,0.902,3.504,0.575,15.162,4.319,0.921,2.34,-0.022,-0.034,-0.015,0.0,0.016,-0.035,-0.052,-0.035,-0.038,-0.023,-0.098,4.936,0.009,3.376,-0.001,3.517,2013-07-22,capital_goods
ESLT,OFLX,2018-07-06,0.961,3.789,0.547,-11.013,4.319,0.665,1.329,0.017,-0.132,0.037,-0.113,-0.052,0.054,0.085,-0.038,0.034,-0.007,-0.043,4.667,0.002,3.746,0.108,1.571,2013-07-22,capital_goods
ESLT,ROLL,2018-07-06,0.569,3.26,1.037,-14.102,4.319,0.104,2.104,-0.005,-0.021,-0.003,-0.026,-0.014,-0.015,0.028,-0.01,-0.03,-0.046,-0.036,4.31,-0.048,4.677,-0.062,5.072,2013-07-22,capital_goods
ETN,LNN,2018-07-06,0.549,2.715,0.88,23.553,4.319,0.398,0.386,0.082,0.012,-0.01,0.042,-0.02,0.055,0.024,0.024,0.023,0.025,0.083,-0.312,0.108,-1.232,0.04,1.244,2013-07-22,capital_goods
FCEL,IEP,2018-07-06,0.745,3.174,0.0,28.267,4.319,0.978,2.335,-0.099,-0.009,0.027,-0.044,-0.032,-0.034,0.05,0.054,-0.014,-0.028,-0.081,3.967,0.073,2.458,0.043,2.749,2013-07-22,capital_goods
FERG,PGTI,2018-07-06,0.529,2.573,0.332,-7.957,4.319,0.266,0.369,0.025,-0.011,-0.014,-0.009,-0.02,0.021,0.003,0.039,-0.002,-0.038,-0.082,5.151,-0.073,4.852,0.005,2.418,2013-07-22,capital_goods
FLR,GWW,2018-07-06,0.569,2.985,4.832,-19.143,4.319,0.064,1.217,-0.027,-0.032,0.001,-0.024,-0.008,-0.038,-0.015,-0.02,-0.028,-0.02,-0.019,3.377,-0.034,3.683,-0.008,3.142,2013-07-22,capital_goods
GATX,KMT,2018-07-06,0.824,-2.903,0.705,-4.569,4.319,0.595,-1.829,0.007,-0.046,0.014,-0.035,-0.039,0.004,0.036,0.001,-0.025,-0.012,-0.037,-3.685,0.0,-2.899,-0.006,-3.039,2013-07-22,capital_goods
GATX,PCAR,2018-07-06,0.51,-3.217,0.656,20.733,4.319,0.278,-1.626,-0.052,0.0,0.053,0.001,-0.016,-0.001,-0.023,-0.013,0.036,-0.043,-0.017,-3.667,0.034,-2.295,0.003,-3.128,2013-07-22,capital_goods
GATX,TKR,2018-07-06,0.941,-3.239,0.701,1.137,4.319,0.365,-1.367,0.018,-0.004,0.019,-0.092,-0.025,0.01,0.026,0.063,0.048,0.032,-0.016,-3.73,-0.002,-3.296,-0.024,-3.968,2013-07-22,capital_goods
GD,OFLX,2018-07-06,0.941,4.635,0.43,-20.838,4.319,0.544,1.882,-0.056,0.122,0.11,0.132,0.003,-0.045,-0.065,-0.036,-0.066,0.006,-0.028,5.411,-0.011,4.945,0.123,1.206,2013-07-22,capital_goods
GD,ROLL,2018-07-06,0.824,3.532,0.779,-27.181,4.319,0.007,1.697,0.013,-0.139,0.014,-0.106,-0.021,0.02,0.071,-0.012,0.015,0.015,-0.022,4.285,-0.061,5.64,-0.037,4.822,2013-07-22,capital_goods
GD,ROP,2018-07-06,0.529,2.689,1.298,5.016,4.319,0.001,2.221,-0.022,0.008,0.019,0.054,-0.005,-0.042,-0.035,0.006,0.011,0.0,-0.027,3.53,-0.039,3.873,0.003,2.597,2013-07-22,capital_goods
GVA,SSD,2018-07-06,0.725,3.006,0.865,2.364,4.319,0.097,2.252,0.043,0.021,-0.006,0.008,-0.076,0.081,0.082,0.024,0.052,-0.017,-0.107,5.473,-0.201,7.626,-0.142,6.26,2013-07-22,capital_goods
HEI,ITW,2018-07-06,0.627,-2.594,1.513,45.304,4.319,0.096,-1.853,0.01,-0.057,0.034,0.034,0.008,-0.037,-0.028,-0.005,-0.014,-0.03,-0.025,-3.167,-0.121,-5.413,-0.095,-4.802,2013-07-22,capital_goods
HEI,SWK,2018-07-06,0.529,-2.843,1.269,61.774,4.319,0.357,-2.025,0.026,-0.089,0.043,0.044,-0.011,0.02,0.062,-0.01,0.027,0.009,0.026,-2.286,-0.077,-4.519,-0.049,-3.898,2013-07-22,capital_goods
HEI-A,HII,2018-07-06,0.569,-2.556,3.167,50.505,4.319,0.0,-1.299,-0.009,0.005,-0.007,0.014,0.005,0.002,0.005,-0.054,0.024,-0.001,0.005,-2.418,-0.055,-3.955,0.007,-2.381,2013-07-22,capital_goods
HEI-A,ITW,2018-07-06,0.824,-2.778,1.854,43.484,4.319,0.163,-1.758,0.01,-0.034,0.015,-0.037,-0.012,-0.033,0.018,0.063,0.021,0.056,-0.027,-3.439,-0.109,-5.43,-0.069,-4.455,2013-07-22,capital_goods
HEI-A,LHX,2018-07-06,0.941,-2.685,2.154,20.396,4.319,0.775,-0.486,-0.022,0.023,-0.027,-0.023,0.023,0.031,-0.008,-0.041,0.002,-0.029,0.033,-1.083,-0.056,-5.443,-0.003,-2.844,2013-07-22,capital_goods
HEI-A,MMM,2018-07-06,0.882,-2.536,1.986,86.904,4.319,0.181,-1.721,-0.042,0.015,0.022,-0.016,0.009,0.027,0.002,-0.04,0.002,0.085,0.001,-2.515,-0.054,-3.776,-0.023,-3.068,2013-07-22,capital_goods
HI,OSK,2018-07-06,0.529,-2.661,2.396,-18.421,4.319,0.016,-1.899,-0.01,0.011,-0.025,-0.074,-0.001,-0.039,0.037,0.034,0.049,0.065,-0.034,-3.454,-0.044,-3.678,-0.053,-3.9,2013-07-22,capital_goods
HI,PH,2018-07-06,0.667,-3.066,4.517,-11.455,4.319,0.002,-2.196,0.004,-0.011,0.013,-0.007,-0.006,-0.031,-0.008,-0.016,-0.013,0.034,0.001,-3.051,0.015,-2.646,0.022,-2.476,2013-07-22,capital_goods
HII,KAMN,2018-07-06,0.608,2.893,0.187,13.892,4.319,0.179,2.134,0.009,-0.016,0.065,-0.026,0.014,-0.009,0.014,-0.076,-0.06,0.027,0.051,1.633,0.075,1.059,0.085,0.818,2013-07-22,capital_goods
HII,OFLX,2018-07-06,0.784,3.439,0.278,-1.234,4.319,0.823,1.83,-0.019,0.051,0.066,0.051,-0.029,-0.024,0.046,-0.045,-0.039,-0.017,-0.014,3.727,0.026,2.924,0.166,0.101,2013-07-22,capital_goods
HII,ROLL,2018-07-06,0.627,2.915,0.531,3.813,4.319,0.018,0.872,0.023,-0.016,-0.017,-0.025,-0.039,0.022,0.059,-0.042,0.02,0.054,-0.005,3.075,-0.026,3.723,-0.009,3.188,2013-07-22,capital_goods
HII,SSD,2018-07-06,0.627,3.013,0.182,11.493,4.319,0.542,1.964,-0.024,0.057,0.045,0.034,0.017,-0.013,0.007,-0.131,-0.042,0.07,-0.065,4.472,-0.08,4.792,0.004,2.925,2013-07-22,capital_goods
HON,SWK,2018-07-06,0.588,-3.089,1.169,-8.388,4.319,0.255,-1.175,-0.036,-0.094,-0.031,-0.022,-0.086,-0.016,0.066,-0.003,0.012,-0.003,0.005,-2.83,-0.032,-4.606,-0.038,-4.868,2013-07-22,capital_goods
HRI,IEP,2018-07-06,0.863,3.452,0.253,17.052,4.319,0.878,1.716,0.021,0.039,-0.025,0.066,-0.023,0.032,0.017,-0.013,-0.0,-0.03,-0.064,4.629,0.036,2.8,-0.009,3.61,2013-07-22,capital_goods
HUBB,MGRC,2018-07-06,0.784,3.239,0.59,-24.418,4.319,0.098,0.278,-0.011,-0.037,0.035,-0.026,-0.002,0.021,0.005,-0.034,0.03,0.017,0.104,1.709,0.152,1.003,0.206,0.202,2013-07-22,capital_goods
ITW,KAMN,2018-07-06,0.706,3.107,0.312,10.29,4.319,0.516,3.082,-0.025,-0.039,-0.029,-0.025,-0.002,-0.076,-0.003,-0.022,-0.051,-0.003,0.026,2.478,0.032,2.347,0.027,2.47,2013-07-22,capital_goods
ITW,ROLL,2018-07-06,0.725,3.856,0.907,-8.897,4.319,0.035,3.417,0.043,-0.025,0.002,-0.038,-0.013,-0.114,0.152,0.043,0.055,-0.019,-0.033,5.088,-0.074,6.582,-0.074,6.61,2013-07-22,capital_goods
JBT,SSD,2018-07-06,0.647,3.175,0.306,18.48,4.319,0.784,2.643,0.073,-0.013,-0.016,0.048,-0.011,0.017,-0.005,0.049,0.015,-0.038,-0.048,4.077,-0.046,4.036,-0.01,3.363,2013-07-22,capital_goods
JCI,MDU,2018-07-06,0.51,2.772,0.784,-5.126,4.319,0.446,1.54,0.003,-0.0,-0.041,0.013,0.017,-0.032,0.013,0.028,0.02,0.003,0.063,1.519,0.078,1.224,0.091,0.966,2013-07-22,capital_goods
JCI,WTS,2018-07-06,0.588,2.561,1.099,24.02,4.319,0.593,2.32,0.014,-0.01,-0.012,0.015,0.031,0.014,-0.017,0.042,0.02,-0.034,-0.008,2.67,0.031,2.124,0.029,2.142,2013-07-22,capital_goods
KAI,OFLX,2018-07-06,0.98,3.556,0.57,8.635,4.319,0.209,0.916,-0.02,0.04,0.149,0.072,0.037,-0.07,-0.066,-0.053,-0.073,0.001,-0.058,5.172,0.004,3.452,0.126,0.019,2013-07-22,capital_goods
KAI,ROLL,2018-07-06,0.98,2.552,1.047,25.34,4.319,0.117,0.278,-0.03,-0.011,0.032,-0.014,0.025,-0.034,-0.061,-0.044,0.001,-0.022,-0.052,5.244,-0.053,5.308,-0.059,5.625,2013-07-22,capital_goods
KAI,SWK,2018-07-06,0.804,-2.89,0.929,57.958,4.319,0.055,-1.338,0.002,0.096,-0.028,0.044,0.005,-0.029,-0.008,-0.042,0.007,0.031,0.065,-0.784,0.009,-2.602,0.019,-2.269,2013-07-22,capital_goods
KAI,TREX,2018-07-06,0.706,3.621,0.289,-1.153,4.319,0.231,2.125,-0.028,-0.004,0.045,-0.055,-0.026,-0.033,0.034,0.054,0.102,0.116,-0.114,6.713,-0.125,7.005,-0.001,3.66,2013-07-22,capital_goods
KMT,LNN,2018-07-06,0.922,3.336,1.047,45.084,4.319,0.219,1.024,-0.035,-0.08,0.031,-0.063,0.001,-0.017,-0.015,0.002,-0.081,-0.034,0.089,1.056,0.12,0.26,0.041,2.296,2013-07-22,capital_goods
KMT,TNC,2018-07-06,0.706,2.638,0.778,37.264,4.319,0.682,0.982,-0.046,-0.033,0.02,-0.078,-0.001,0.033,0.027,-0.006,0.015,0.061,0.01,2.435,0.08,1.009,0.118,0.251,2013-07-22,capital_goods
LECO,LNN,2018-07-06,0.941,2.829,0.568,36.922,4.319,0.216,0.451,-0.021,0.03,-0.043,0.021,0.011,-0.058,-0.03,0.079,0.014,-0.044,0.085,0.07,0.092,-0.139,0.002,2.754,2013-07-22,capital_goods
LHX,OFLX,2018-07-06,0.961,2.898,0.45,0.358,4.319,0.429,0.958,-0.029,-0.026,-0.024,0.037,-0.045,0.037,0.028,0.007,-0.034,-0.036,0.013,2.589,0.03,2.17,0.159,-1.033,2013-07-22,capital_goods
LMT,OFLX,2018-07-06,0.902,3.687,0.283,-20.408,4.319,0.325,0.877,-0.018,-0.027,-0.049,-0.028,-0.115,0.105,0.109,-0.007,0.033,0.084,-0.01,3.939,0.016,3.277,0.162,-0.46,2013-07-22,capital_goods
LNN,PCAR,2018-07-06,0.725,-2.894,0.644,3.532,4.319,0.398,-0.981,0.028,-0.026,0.029,0.005,0.003,-0.048,0.011,0.065,0.045,-0.096,0.08,-0.555,0.128,0.829,0.054,-1.316,2013-07-22,capital_goods
MIDD,SXI,2018-07-06,0.608,2.605,0.397,37.251,4.319,0.493,1.391,0.02,-0.013,-0.022,0.01,0.021,-0.08,-0.028,0.0,-0.012,0.05,0.0,2.604,0.024,2.205,0.04,1.923,2013-07-22,capital_goods
MMM,ROLL,2018-07-06,0.843,3.76,0.808,-36.846,4.319,0.002,2.757,0.001,-0.012,-0.019,0.001,-0.019,-0.035,0.054,0.011,-0.002,-0.034,-0.009,4.079,-0.031,4.862,-0.036,5.039,2013-07-22,capital_goods
MRCY,OFLX,2018-07-06,0.902,4.004,0.967,13.883,4.319,0.797,2.312,-0.02,0.02,-0.004,0.008,-0.027,-0.025,0.003,0.02,-0.032,0.011,0.02,3.64,0.089,2.357,0.225,-0.14,2013-07-22,capital_goods
MRCY,ROLL,2018-07-06,0.882,3.101,1.784,34.759,4.319,0.661,1.536,-0.092,0.024,0.011,-0.0,0.009,0.013,-0.035,0.075,0.087,-0.005,0.031,2.384,0.03,2.394,0.021,2.603,2013-07-22,capital_goods
NOC,OFLX,2018-07-06,0.843,2.988,0.232,-7.033,4.319,0.45,0.865,-0.054,-0.006,0.038,-0.059,-0.022,-0.049,0.023,-0.009,0.021,0.054,-0.06,4.402,-0.04,3.928,0.098,0.662,2013-07-22,capital_goods
NOC,SSD,2018-07-06,0.745,3.06,0.16,6.049,4.319,0.291,1.307,0.002,-0.002,0.007,-0.009,0.01,0.025,-0.06,-0.032,-0.009,-0.034,-0.102,6.502,-0.13,7.454,-0.045,4.595,2013-07-22,capital_goods
OC,OFLX,2018-07-06,0.569,4.015,0.81,-0.359,4.319,0.765,3.279,0.012,0.012,-0.038,0.048,0.02,-0.061,-0.036,-0.058,-0.059,-0.011,-0.06,5.062,-0.07,5.223,0.038,3.363,2013-07-22,capital_goods
OFLX,SWK,2018-07-06,0.647,-3.899,1.422,53.191,4.319,0.79,-2.314,0.016,0.006,0.063,0.026,0.029,-0.067,-0.086,-0.034,-0.062,0.001,0.011,-3.641,0.014,-3.557,0.121,-1.044,2013-07-22,capital_goods
PCAR,TXT,2018-07-06,0.647,3.207,0.95,-3.249,4.319,0.016,3.003,0.03,-0.076,-0.028,-0.042,-0.038,0.018,0.012,0.053,0.01,-0.014,0.018,2.812,0.032,2.517,0.016,2.853,2013-07-22,capital_goods
PH,ROK,2018-07-06,0.51,2.732,0.983,-0.005,4.319,0.195,0.353,-0.01,-0.039,-0.012,-0.027,-0.008,0.015,0.025,0.021,0.031,-0.032,0.024,0.941,0.021,1.16,0.024,0.975,2013-07-22,capital_goods
PH,RTX,2018-07-06,0.569,2.556,0.244,28.844,4.319,0.026,0.528,0.013,0.011,-0.057,0.02,-0.014,0.017,0.012,-0.022,0.003,-0.039,-0.008,2.892,0.001,2.511,-0.021,3.476,2013-07-22,capital_goods
PWR,SPXC,2018-07-06,0.784,3.181,1.117,-11.002,4.319,0.667,1.527,0.071,-0.026,-0.042,-0.023,-0.085,0.0,0.055,0.018,0.044,0.028,0.015,2.839,0.039,2.281,0.037,2.323,2013-07-22,capital_goods
PWR,TNC,2018-07-06,1.0,2.586,1.013,30.132,4.319,0.744,0.666,-0.032,-0.087,-0.021,-0.032,-0.118,0.006,0.035,0.077,-0.033,-0.039,0.002,2.534,0.04,1.633,0.041,1.6,2013-07-22,capital_goods
ROK,ROLL,2018-07-06,0.686,4.027,0.746,-3.273,4.319,0.232,1.173,0.029,-0.045,-0.004,-0.03,-0.004,-0.033,0.017,-0.033,0.028,-0.015,-0.01,4.514,-0.042,6.107,-0.032,5.615,2013-07-22,capital_goods
ROLL,SWK,2018-07-06,0.745,-4.197,0.869,37.136,4.319,0.192,-2.128,-0.013,-0.012,0.0,0.025,-0.002,0.032,-0.053,-0.006,-0.006,-0.021,0.014,-3.706,-0.035,-5.481,-0.031,-5.337,2013-07-22,capital_goods
SHYF,SSD,2018-07-06,0.627,2.93,1.95,24.746,4.319,0.36,0.07,0.017,0.018,-0.022,0.011,0.03,0.011,-0.02,0.003,-0.051,0.017,-0.112,6.919,-0.143,8.026,-0.096,6.34,2013-07-22,capital_goods
SWK,SXI,2018-07-06,1.0,2.73,0.404,37.636,4.319,0.034,0.207,-0.007,0.01,-0.036,-0.026,0.006,0.013,0.056,0.068,0.018,0.044,0.026,1.826,-0.014,3.203,0.017,2.152,2013-07-22,capital_goods
SWK,TDG,2018-07-06,0.686,3.837,1.493,38.151,4.319,0.207,3.412,-0.011,-0.045,0.015,-0.069,-0.032,-0.022,0.058,0.01,-0.02,0.022,-0.004,3.932,0.019,3.41,0.002,3.801,2013-07-22,capital_goods
SWK,WSO,2018-07-06,0.686,2.901,0.78,32.565,4.319,0.282,1.987,-0.01,-0.035,-0.019,-0.031,-0.019,-0.021,0.025,-0.048,-0.087,-0.082,0.055,1.389,0.031,2.05,0.052,1.457,2013-07-22,capital_goods
TXT,VICR,2018-07-06,0.588,3.487,0.897,-25.016,4.319,0.242,1.093,-0.009,-0.026,0.001,0.003,0.021,-0.013,-0.013,0.031,-0.003,0.016,-0.129,7.171,-0.086,5.942,0.097,0.717,2013-07-22,capital_goods
AROC,COP,2018-07-06,0.725,2.683,0.702,36.902,3.94,0.993,2.464,-0.005,-0.035,0.063,-0.031,0.012,-0.01,-0.03,-0.034,-0.107,0.045,-0.026,2.937,-0.048,3.155,-0.115,3.812,2013-07-22,energy
AROC,HES,2018-07-06,0.647,2.646,0.76,40.524,3.94,0.917,1.224,-0.036,0.037,0.039,0.016,0.017,-0.039,-0.025,-0.025,-0.028,0.041,0.013,2.49,0.027,2.315,-0.07,3.491,2013-07-22,energy
BKR,KOS,2018-07-06,0.608,2.515,0.054,4.447,3.94,0.656,0.845,0.007,0.071,-0.003,0.068,0.004,-0.032,-0.03,0.049,0.043,0.009,0.108,1.328,-0.011,2.632,-0.061,3.187,2013-07-22,energy
CNQ,UGP,2018-07-06,0.588,-3.772,0.208,4.367,3.94,0.603,-0.39,0.047,0.016,-0.002,-0.013,0.019,-0.013,-0.035,0.036,-0.015,0.012,0.0,-3.768,-0.053,-4.248,-0.018,-3.933,2013-07-22,energy
COP,YPF,2018-07-06,0.922,-2.68,0.103,15.448,3.94,0.115,-1.207,-0.023,0.002,0.028,0.004,0.02,-0.051,0.008,-0.072,0.021,0.075,0.065,-2.193,-0.005,-2.715,-0.032,-2.925,2013-07-22,energy
CPG,HES,2018-07-06,0.745,3.563,1.128,35.741,3.94,0.955,2.301,0.016,0.01,0.017,0.005,-0.008,0.059,0.019,0.029,0.03,-0.044,-0.002,3.587,0.004,3.513,-0.083,4.638,2013-07-22,energy
CPG,OXY,2018-07-06,0.667,2.992,0.167,56.127,3.94,0.942,2.297,-0.012,0.015,0.031,0.015,-0.034,0.019,0.009,0.026,0.016,0.019,0.022,2.711,0.056,2.255,0.013,2.826,2013-07-22,energy
CTRA,YPF,2018-07-06,0.882,-2.592,0.239,15.488,3.94,0.004,-0.842,-0.008,0.021,0.008,-0.055,-0.016,0.023,0.018,-0.06,-0.018,0.073,0.079,-1.976,0.025,-2.396,0.005,-2.553,2013-07-22,energy
CVE,OXY,2018-07-06,0.686,2.976,0.326,54.146,3.94,0.926,2.332,0.01,0.032,0.006,0.013,-0.001,0.043,-0.026,0.04,0.002,0.008,0.02,2.706,0.051,2.289,0.012,2.814,2013-07-22,energy
CVI,DINO,2018-07-06,0.686,2.806,2.028,3.894,3.94,0.818,1.403,0.013,-0.026,0.031,-0.044,-0.034,-0.045,0.029,0.002,0.03,-0.059,0.01,2.569,-0.026,3.441,0.058,1.393,2013-07-22,energy
CVX,UGP,2018-07-06,0.765,-3.216,0.047,5.133,3.94,0.629,-3.191,-0.002,-0.005,-0.01,-0.023,-0.041,-0.002,0.017,0.069,0.027,-0.025,-0.007,-3.267,-0.093,-3.913,-0.084,-3.847,2013-07-22,energy
DHT,STNG,2018-07-06,0.863,-3.039,22.823,-33.638,3.94,0.405,-0.642,-0.032,0.043,-0.011,0.011,0.036,0.047,-0.019,0.037,0.019,0.035,0.003,-2.986,-0.039,-3.652,-0.094,-4.501,2013-07-22,energy
DK,YPF,2018-07-06,0.549,-2.588,0.082,17.965,3.94,0.368,-1.062,-0.062,-0.018,0.017,-0.032,0.017,-0.009,-0.012,-0.019,-0.023,0.042,0.078,-2.078,0.002,-2.575,0.032,-2.38,2013-07-22,energy
DRQ,HES,2018-07-06,0.647,3.091,0.414,24.463,3.94,0.836,1.823,0.05,-0.055,-0.034,0.005,-0.056,-0.019,0.019,0.065,-0.013,-0.094,-0.0,3.097,0.015,2.864,-0.065,4.104,2013-07-22,energy
E,GPRK,2018-07-06,0.686,2.856,1.174,-21.427,3.94,0.012,0.589,-0.015,0.013,-0.067,-0.038,-0.025,0.056,0.038,-0.005,0.024,-0.037,0.002,2.778,0.003,2.76,0.008,2.622,2013-07-22,energy
E,YPF,2018-07-06,0.51,-3.324,0.447,9.255,3.94,0.054,-1.179,0.016,0.006,-0.024,0.013,-0.033,0.003,0.036,0.023,0.019,-0.057,0.061,-2.652,0.018,-3.129,-0.002,-3.341,2013-07-22,energy
EC,YPF,2018-07-06,0.745,-2.575,0.205,17.958,3.94,0.024,-1.066,0.018,0.012,0.024,0.029,0.054,-0.055,-0.013,-0.063,-0.017,0.006,0.076,-2.081,-0.002,-2.589,-0.054,-2.93,2013-07-22,energy
ENLC,KOS,2018-07-06,1.0,2.662,0.281,3.12,3.94,0.958,0.721,-0.003,0.027,-0.005,0.021,-0.011,-0.009,-0.005,-0.027,0.023,0.01,0.103,1.099,0.007,2.558,-0.037,3.226,2013-07-22,energy
ENLC,NOV,2018-07-06,0.549,3.151,1.263,21.197,3.94,0.501,0.505,-0.056,0.019,-0.023,0.005,-0.014,0.031,0.022,0.04,0.038,-0.018,-0.025,3.722,-0.026,3.751,-0.008,3.341,2013-07-22,energy
EOG,PBR,2018-07-06,0.784,-3.05,0.157,-6.043,3.94,0.131,-1.111,0.034,0.036,-0.049,0.004,0.012,0.047,-0.035,-0.02,0.049,0.03,0.064,-1.585,0.039,-2.152,0.066,-1.542,2013-07-22,energy
EOG,PBR-A,2018-07-06,0.686,-3.059,0.192,-8.117,3.94,0.063,-1.217,-0.023,-0.103,-0.022,-0.123,-0.012,-0.059,0.01,0.005,-0.022,-0.003,0.066,-1.68,0.03,-2.44,0.065,-1.715,2013-07-22,energy
EQNR,PBR-A,2018-07-06,0.608,-2.579,0.697,-2.616,3.94,0.214,-1.868,-0.037,0.041,0.05,0.004,0.016,0.024,-0.041,-0.067,0.006,0.001,0.099,-1.157,0.028,-2.171,0.099,-1.148,2013-07-22,energy
EQT,HES,2018-07-06,0.922,2.914,0.347,35.286,3.94,0.652,1.498,0.04,-0.042,0.002,-0.08,-0.045,0.04,0.02,-0.019,-0.046,-0.043,-0.006,2.988,0.009,2.799,-0.097,4.092,2013-07-22,energy
EQT,NOV,2018-07-06,0.588,2.527,-0.047,35.95,3.94,0.278,0.607,-0.035,-0.01,0.03,-0.012,0.034,-0.021,-0.033,-0.072,-0.075,-0.061,-0.049,3.116,-0.042,3.038,-0.018,2.745,2013-07-22,energy
EQT,OXY,2018-07-06,0.745,2.835,-0.144,62.505,3.94,0.737,1.862,0.028,0.016,0.037,0.008,0.041,0.057,0.028,0.004,0.033,-0.011,0.03,2.465,0.072,1.958,0.028,2.491,2013-07-22,energy
ERF,PBR-A,2018-07-06,0.765,-2.999,1.053,0.225,3.94,0.792,-0.998,-0.014,-0.023,0.042,-0.058,-0.004,0.02,0.02,-0.026,-0.031,0.004,0.055,-2.082,0.038,-2.364,0.157,-0.393,2013-07-22,energy
ERF,YPF,2018-07-06,0.824,-2.964,0.491,16.43,3.94,0.49,-0.91,-0.016,0.022,0.048,-0.011,0.051,0.002,-0.017,-0.114,-0.01,0.016,0.059,-2.505,0.035,-2.696,0.015,-2.848,2013-07-22,energy
ESTE,HES,2018-07-06,0.627,2.917,0.619,39.478,3.94,0.829,1.485,0.01,-0.046,0.025,-0.026,-0.018,0.01,-0.018,-0.009,-0.006,-0.009,0.008,2.828,0.019,2.702,-0.078,3.809,2013-07-22,energy
FTI,HES,2018-07-06,0.549,3.114,1.709,10.969,3.94,0.895,1.594,-0.032,-0.034,-0.044,-0.035,-0.021,-0.039,-0.039,0.014,-0.034,-0.001,0.009,2.932,0.007,2.978,-0.048,4.093,2013-07-22,energy
FTI,MRO,2018-07-06,0.882,2.907,1.034,-7.482,3.94,0.339,0.881,0.015,-0.031,-0.053,-0.032,-0.022,-0.103,0.033,0.062,-0.089,-0.08,0.015,2.544,-0.023,3.446,-0.058,4.269,2013-07-22,energy
FTI,NOV,2018-07-06,0.98,3.74,1.219,8.873,3.94,0.642,0.676,0.004,-0.004,-0.041,-0.027,-0.059,-0.01,0.013,0.063,0.033,-0.046,-0.028,4.631,-0.042,5.073,-0.013,4.165,2013-07-22,energy
GLNG,YPF,2018-07-06,0.667,-2.581,0.225,14.549,3.94,0.821,-0.955,-0.016,0.037,-0.067,0.009,0.002,-0.025,0.004,0.054,-0.026,0.001,0.122,-1.583,0.058,-2.107,0.031,-2.327,2013-07-22,energy
GPRK,YPF,2018-07-06,0.588,-2.918,0.204,18.549,3.94,0.073,-1.153,0.022,0.001,0.025,0.012,0.034,-0.003,0.004,-0.064,0.014,0.066,0.091,-2.312,0.022,-2.769,0.007,-2.87,2013-07-22,energy
HAL,SU,2018-07-06,0.51,3.164,0.509,4.524,3.94,0.699,2.961,0.032,0.106,-0.083,0.036,-0.007,-0.009,0.038,0.032,0.037,-0.041,-0.035,3.838,-0.052,4.167,-0.012,3.388,2013-07-22,energy
HAL,TS,2018-07-06,0.569,3.598,0.651,-1.044,3.94,0.783,2.032,-0.05,0.035,0.033,0.045,-0.037,-0.029,-0.036,0.048,-0.014,0.003,0.02,3.0,0.001,3.583,0.023,2.922,2013-07-22,energy
HAL,TTE,2018-07-06,0.529,2.818,0.566,14.061,3.94,0.774,2.7,0.029,-0.016,-0.022,-0.03,-0.01,0.013,0.002,0.058,-0.007,-0.057,-0.029,3.347,-0.04,3.555,-0.047,3.67,2013-07-22,energy
HES,PDS,2018-07-06,0.549,-2.541,1.602,4.298,3.94,0.302,-1.359,-0.015,0.064,0.031,0.041,-0.004,-0.004,-0.016,-0.012,-0.044,-0.0,0.025,-2.252,0.039,-2.094,-0.041,-3.011,2013-07-22,energy
KMI,KOS,2018-07-06,0.627,2.617,0.085,4.776,3.94,0.857,0.888,0.031,0.011,0.027,0.002,0.036,0.046,-0.011,0.02,-0.014,0.032,0.108,1.461,-0.002,2.635,-0.054,3.197,2013-07-22,energy
KOS,YPF,2018-07-06,0.98,-3.145,1.285,12.065,3.94,0.28,-1.513,0.008,0.017,0.025,0.029,0.039,-0.112,-0.052,0.007,-0.019,-0.056,0.114,-2.05,0.009,-3.063,-0.022,-3.358,2013-07-22,energy
OKE,PBR,2018-07-06,0.784,-2.655,0.212,-0.158,3.94,0.214,-0.127,0.005,-0.022,-0.052,0.005,-0.023,0.028,0.061,-0.048,-0.04,0.006,0.101,-0.891,0.041,-1.932,0.148,-0.073,2013-07-22,energy
OKE,PBR-A,2018-07-06,0.706,-2.91,0.263,-1.075,3.94,0.159,-1.16,0.001,0.016,-0.009,0.064,0.014,-0.01,0.001,-0.0,-0.035,-0.042,0.105,-1.151,0.029,-2.424,0.149,-0.421,2013-07-22,energy
OKE,UGP,2018-07-06,0.902,-3.51,0.067,6.852,3.94,0.885,-0.432,-0.04,0.043,0.031,0.06,-0.133,0.071,0.123,0.04,0.023,0.013,0.005,-3.479,-0.101,-4.173,-0.078,-4.021,2013-07-22,energy
OVV,YPF,2018-07-06,0.588,-2.629,0.102,15.459,3.94,0.741,-0.818,-0.03,-0.018,0.011,0.031,-0.002,0.041,-0.01,0.013,0.005,0.013,0.053,-2.217,0.008,-2.564,0.002,-2.612,2013-07-22,energy
PBA,UGP,2018-07-06,0.765,-3.883,0.243,3.843,3.94,0.598,-0.236,-0.018,0.024,0.019,0.032,-0.039,-0.04,0.041,0.017,-0.01,-0.02,-0.028,-4.15,-0.069,-4.552,-0.068,-4.54,2013-07-22,energy
PBR,SU,2018-07-06,0.608,3.341,1.497,14.637,3.94,0.785,2.237,0.022,-0.014,-0.017,-0.047,-0.037,-0.054,0.073,0.052,0.005,-0.03,0.039,2.602,0.018,3.003,0.096,1.518,2013-07-22,energy
PBR,TS,2018-07-06,0.804,2.939,1.671,13.542,3.94,0.882,0.807,0.002,0.046,0.017,0.057,-0.001,-0.049,-0.033,-0.027,-0.014,0.009,0.122,0.328,0.103,0.729,0.157,-0.433,2013-07-22,energy
PBR,TTE,2018-07-06,0.529,3.256,1.859,24.018,3.94,0.779,2.45,0.042,0.007,-0.033,-0.007,-0.054,0.042,0.097,-0.008,0.027,0.026,0.038,2.442,0.02,2.82,0.045,2.306,2013-07-22,energy
PBR-A,SU,2018-07-06,0.725,3.507,1.209,15.648,3.94,0.68,2.345,0.001,0.017,0.069,0.038,-0.014,0.002,0.002,0.021,-0.001,-0.005,0.039,2.775,0.009,3.33,0.095,1.746,2013-07-22,energy
PBR-A,TS,2018-07-06,0.922,2.979,1.321,14.883,3.94,0.965,0.894,-0.023,-0.036,0.022,0.028,0.004,-0.024,0.014,0.015,-0.024,-0.003,0.125,0.54,0.097,1.074,0.157,-0.097,2013-07-22,energy
PBR-A,TTE,2018-07-06,0.588,3.405,1.496,25.309,3.94,0.728,2.693,0.075,-0.008,0.046,0.032,0.013,0.028,-0.006,0.054,0.054,-0.052,0.039,2.606,0.013,3.134,0.042,2.534,2013-07-22,energy
PTEN,SU,2018-07-06,0.51,2.947,0.543,14.594,3.94,0.976,0.054,0.016,-0.048,-0.022,0.025,0.004,0.008,-0.022,-0.015,0.023,0.002,-0.029,3.296,-0.004,2.992,0.011,2.817,2013-07-22,energy
PTEN,TTE,2018-07-06,0.529,2.657,0.514,26.967,3.94,0.97,0.442,0.021,0.006,-0.01,0.005,-0.018,-0.006,0.009,0.011,0.0,-0.039,-0.021,2.909,0.005,2.594,-0.036,3.083,2013-07-22,energy
RES,TTE,2018-07-06,0.569,3.391,0.839,22.737,3.94,0.774,1.06,0.029,0.049,-0.024,0.032,0.032,-0.014,-0.057,0.012,0.031,0.045,-0.014,3.607,-0.005,3.467,-0.007,3.503,2013-07-22,energy
RES,UGP,2018-07-06,0.706,-2.82,0.263,4.681,3.94,0.938,-1.458,-0.055,0.036,0.015,-0.011,-0.037,-0.025,0.025,0.041,-0.025,-0.036,0.004,-2.787,-0.073,-3.455,-0.132,-3.965,2013-07-22,energy
SHEL,YPF,2018-07-06,0.902,-3.134,0.182,9.77,3.94,0.001,-1.132,-0.011,-0.063,0.141,0.07,-0.017,-0.059,0.04,-0.025,-0.019,0.046,0.08,-2.281,0.039,-2.719,0.007,-3.059,2013-07-22,energy
TPL,UGP,2018-07-06,0.51,-2.771,0.002,8.589,3.94,0.535,-2.577,0.026,-0.022,-0.056,-0.023,-0.033,0.044,0.019,0.06,0.022,-0.006,-0.029,-2.898,-0.2,-3.652,-0.153,-3.445,2013-07-22,energy
TRGP,YPF,2018-07-06,0.98,-2.704,0.183,13.552,3.94,0.931,-1.116,-0.026,-0.009,0.021,-0.02,0.042,-0.03,-0.034,-0.012,0.004,0.018,0.044,-2.304,-0.029,-2.963,-0.058,-3.23,2013-07-22,energy
TRP,UGP,2018-07-06,0.882,-4.022,0.215,2.18,3.94,0.971,-3.549,-0.021,0.029,-0.001,0.006,-0.008,0.007,-0.017,0.056,0.036,-0.032,-0.041,-4.538,-0.084,-5.087,-0.046,-4.61,2013-07-22,energy
TS,UGP,2018-07-06,0.51,-2.981,0.096,6.638,3.94,0.4,-2.932,-0.045,0.043,-0.031,-0.013,0.11,-0.055,-0.077,-0.028,-0.025,-0.026,0.026,-2.825,-0.078,-3.448,-0.057,-3.321,2013-07-22,energy
ABEV,DAR,2018-07-06,0.961,4.178,3.077,-0.247,4.151,0.571,2.979,-0.011,0.074,0.016,0.066,-0.009,-0.017,0.016,0.002,-0.004,0.036,0.022,3.775,-0.009,4.349,0.014,3.914,2013-07-22,consumer_staples
ABEV,DEO,2018-07-06,0.51,3.9,15.267,30.972,4.151,0.047,3.432,-0.028,-0.003,0.081,-0.035,0.001,0.02,0.02,0.041,-0.008,0.005,0.031,3.274,0.002,3.854,0.007,3.757,2013-07-22,consumer_staples
ABEV,NUS,2018-07-06,0.627,3.92,13.546,-19.53,4.151,0.133,3.195,-0.026,-0.014,-0.008,-0.008,-0.008,-0.007,0.011,0.001,-0.01,-0.016,0.001,3.908,-0.04,4.528,-0.006,4.009,2013-07-22,consumer_staples
ABEV,WMT,2018-07-06,0.627,2.955,12.857,5.432,4.151,0.014,1.172,-0.003,-0.032,-0.02,-0.059,-0.023,-0.024,0.044,0.038,-0.023,0.017,0.005,2.848,-0.111,5.145,-0.078,4.499,2013-07-22,consumer_staples
AKO-A,CENT,2018-07-06,0.608,4.495,2.89,-18.839,4.151,0.013,1.792,0.011,-0.01,0.025,0.029,-0.009,-0.038,0.014,0.025,-0.005,0.025,0.051,3.356,0.027,3.878,0.132,1.526,2013-07-22,consumer_staples
AKO-A,CENTA,2018-07-06,0.627,4.568,2.649,-16.032,4.151,0.001,1.363,0.017,-0.033,0.016,-0.007,0.025,-0.05,-0.023,0.052,-0.004,-0.042,0.052,3.306,0.034,3.745,0.141,1.187,2013-07-22,consumer_staples
AKO-A,COST,2018-07-06,0.549,3.976,4.273,80.776,4.151,0.004,3.734,0.054,-0.085,-0.038,-0.036,0.029,0.057,-0.033,-0.056,0.013,0.017,-0.028,4.57,-0.105,6.196,-0.067,5.388,2013-07-22,consumer_staples
AKO-A,HLF,2018-07-06,0.608,3.502,1.582,7.427,4.151,0.67,0.499,0.011,0.013,0.045,0.063,-0.028,-0.044,0.038,0.049,-0.007,0.057,-0.051,4.171,-0.048,4.122,0.012,3.35,2013-07-22,consumer_staples
AKO-A,IPAR,2018-07-06,0.725,4.859,2.075,-0.417,4.151,0.011,4.497,-0.045,0.016,-0.003,0.012,0.002,-0.014,0.025,-0.026,0.042,-0.018,-0.052,5.906,-0.13,7.49,-0.054,5.946,2013-07-22,consumer_staples
AKO-A,JJSF,2018-07-06,0.608,4.496,3.354,63.935,4.151,0.001,3.084,-0.046,-0.03,0.016,-0.042,0.012,0.028,-0.016,-0.014,0.01,-0.01,0.094,2.001,0.042,3.376,0.067,2.715,2013-07-22,consumer_staples
AKO-A,MGPI,2018-07-06,0.529,4.806,6.287,-56.064,4.151,0.014,4.774,0.04,-0.025,-0.044,0.037,-0.046,-0.009,-0.012,-0.032,-0.085,-0.004,0.138,2.206,0.066,3.563,0.128,2.407,2013-07-22,consumer_staples
AKO-A,SYY,2018-07-06,0.569,4.9,1.989,12.824,4.151,0.102,0.691,-0.055,0.002,-0.0,-0.002,0.006,0.065,0.058,-0.001,0.06,-0.017,0.021,4.396,-0.068,6.544,-0.012,5.195,2013-07-22,consumer_staples
AKO-B,CENT,2018-07-06,0.569,3.699,2.229,-20.495,4.151,0.047,0.75,-0.02,0.003,0.062,0.012,-0.039,0.016,0.019,0.037,0.024,0.006,0.046,2.754,0.003,3.636,0.119,1.284,2013-07-22,consumer_staples
AKO-B,CENTA,2018-07-06,0.588,3.755,2.05,-17.711,4.151,0.026,0.559,0.088,0.023,0.04,0.024,0.027,-0.002,-0.043,0.05,0.002,-0.057,0.048,2.7,0.01,3.543,0.127,0.984,2013-07-22,consumer_staples
AKO-B,COST,2018-07-06,0.51,3.883,3.416,75.684,4.151,0.0,2.895,-0.062,0.053,0.002,0.049,-0.13,0.007,0.117,0.043,0.022,0.019,-0.028,4.5,-0.115,6.403,-0.07,5.406,2013-07-22,consumer_staples
AKO-B,DEO,2018-07-06,0.706,3.698,2.995,39.249,4.151,0.083,1.736,-0.039,-0.07,0.001,-0.052,-0.016,-0.031,0.005,-0.003,0.013,0.074,0.018,3.208,-0.009,3.93,0.023,3.086,2013-07-22,consumer_staples
AKO-B,HLF,2018-07-06,0.765,3.615,1.349,3.704,4.151,0.778,3.129,-0.005,0.03,-0.018,-0.063,-0.014,0.002,0.033,-0.006,0.027,0.03,-0.048,4.318,-0.062,4.526,0.006,3.522,2013-07-22,consumer_staples
AKO-B,IPAR,2018-07-06,0.941,4.852,1.669,-3.115,4.151,0.008,3.437,0.073,-0.02,-0.019,-0.006,-0.038,0.012,0.043,0.104,0.009,0.004,-0.051,5.959,-0.144,8.0,-0.058,6.122,2013-07-22,consumer_staples
AKO-B,JJSF,2018-07-06,0.588,4.322,2.658,60.452,4.151,0.006,2.354,0.032,-0.015,-0.016,-0.01,-0.039,-0.037,0.063,-0.027,-0.044,0.043,0.091,1.855,0.029,3.548,0.061,2.667,2013-07-22,consumer_staples
AKO-B,MGPI,2018-07-06,0.549,4.366,4.927,-61.392,4.151,0.008,2.374,-0.039,-0.055,-0.027,-0.011,0.064,0.01,-0.09,-0.037,-0.047,0.016,0.131,1.921,0.039,3.638,0.113,2.245,2013-07-22,consumer_staples
AKO-B,NUS,2018-07-06,0.588,3.796,2.666,-12.377,4.151,0.017,1.412,-0.001,-0.056,-0.057,-0.024,-0.005,0.062,0.054,0.033,0.08,0.006,-0.016,4.125,-0.054,4.925,0.016,3.467,2013-07-22,consumer_staples
ANDE,CHEF,2018-07-06,0.529,3.444,-0.239,24.48,4.151,0.904,2.99,-0.025,-0.02,-0.003,-0.02,0.036,0.022,-0.047,-0.019,0.004,-0.031,0.096,2.9,0.01,3.384,-0.161,4.358,2013-07-22,consumer_staples
BF-A,USNA,2018-07-06,0.529,2.722,1.614,17.891,4.151,0.008,1.141,-0.009,-0.049,-0.014,0.007,0.059,0.005,-0.025,0.029,0.016,0.006,-0.05,3.943,-0.024,3.301,-0.001,2.752,2013-07-22,consumer_staples
BG,CHEF,2018-07-06,0.784,3.278,0.116,10.492,4.151,0.959,3.132,0.066,0.011,-0.018,0.035,-0.012,0.014,0.015,-0.003,-0.012,0.015,0.046,2.852,0.017,3.115,-0.092,4.131,2013-07-22,consumer_staples
BGS,GIS,2018-07-06,0.961,-2.587,0.871,24.529,4.151,0.292,-0.768,-0.022,0.018,-0.052,-0.088,-0.025,0.019,0.06,0.018,0.097,-0.036,0.052,-1.498,0.032,-1.923,0.046,-1.612,2013-07-22,consumer_staples
BTI,CHD,2018-07-06,0.529,4.226,0.535,21.255,4.151,0.222,1.914,-0.035,-0.055,-0.021,-0.003,-0.006,0.017,-0.008,0.018,-0.027,-0.008,-0.025,5.002,-0.063,6.16,-0.083,6.785,2013-07-22,consumer_staples
BTI,HLF,2018-07-06,0.51,2.735,0.279,21.237,4.151,0.167,0.188,-0.034,0.012,-0.005,-0.002,-0.042,0.024,0.03,0.025,0.005,0.037,-0.084,3.426,-0.054,3.176,-0.026,2.949,2013-07-22,consumer_staples
CASY,WDFC,2018-07-06,0.627,3.091,0.082,95.268,4.151,0.765,0.353,0.004,0.046,-0.019,-0.019,-0.017,-0.026,-0.015,-0.048,-0.035,-0.022,-0.083,4.037,-0.179,5.119,-0.06,3.777,2013-07-22,consumer_staples
CBD,CHEF,2018-07-06,0.627,3.299,0.406,10.67,4.151,0.934,2.955,-0.032,-0.057,0.041,0.022,0.009,-0.049,-0.018,0.007,-0.037,0.029,0.08,2.504,0.012,3.183,-0.075,4.046,2013-07-22,consumer_staples
CCU,DEO,2018-07-06,0.667,2.903,4.994,11.589,4.151,0.124,1.055,0.061,-0.017,0.02,0.015,0.015,-0.012,-0.02,-0.022,-0.009,-0.005,0.026,1.938,0.018,2.263,0.059,0.748,2013-07-22,consumer_staples
CCU,HLF,2018-07-06,0.725,3.075,2.249,-8.745,4.151,0.426,2.18,0.007,-0.002,0.035,0.001,0.017,-0.041,-0.008,-0.037,-0.043,0.029,-0.028,3.59,-0.026,3.547,0.048,2.211,2013-07-22,consumer_staples
CELH,COST,2018-07-06,0.588,2.861,10.655,114.25,4.151,0.507,1.162,0.052,0.003,-0.002,-0.026,-0.011,0.079,-0.002,-0.03,-0.035,-0.028,-0.078,4.509,-0.116,5.333,-0.123,5.478,2013-07-22,consumer_staples
CELH,IPAR,2018-07-06,0.706,3.246,5.045,16.275,4.151,0.477,1.104,-0.009,0.027,-0.003,0.006,-0.004,-0.047,-0.044,0.014,0.008,0.006,-0.131,5.806,-0.151,6.193,-0.14,5.973,2013-07-22,consumer_staples
CELH,JJSF,2018-07-06,0.608,2.901,7.951,91.612,4.151,0.704,0.685,0.017,0.005,0.017,-0.008,-0.008,0.06,0.045,0.014,0.015,-0.014,0.054,1.567,0.042,1.862,0.021,2.378,2013-07-22,consumer_staples
CELH,USNA,2018-07-06,0.51,3.089,3.961,55.227,4.151,0.574,0.786,-0.004,-0.024,-0.052,-0.031,-0.033,0.099,0.024,0.002,0.02,0.032,-0.129,4.367,-0.082,3.903,-0.02,3.284,2013-07-22,consumer_staples
CHD,CL,2018-07-06,0.627,-3.687,0.901,21.476,4.151,0.304,-1.466,-0.004,0.012,0.004,0.06,-0.037,-0.038,0.01,-0.007,-0.015,-0.037,-0.005,-3.92,-0.016,-4.373,-0.035,-5.198,2013-07-22,consumer_staples
CPB,K,2018-07-06,0.843,2.938,0.523,35.173,4.151,0.441,0.931,-0.035,0.029,-0.057,0.012,-0.02,0.02,-0.004,0.048,0.011,-0.025,0.002,2.865,-0.025,3.692,-0.002,2.994,2013-07-22,consumer_staples
FIZZ,PM,2018-07-06,0.608,-2.722,0.625,57.455,4.151,0.441,-1.948,-0.083,-0.012,0.06,-0.066,0.027,-0.009,-0.015,-0.019,-0.013,-0.035,0.031,-2.3,-0.064,-3.602,0.018,-2.468,2013-07-22,consumer_staples
HAIN,SAM,2018-07-06,0.51,3.685,0.38,165.845,4.151,0.875,0.21,-0.008,-0.004,0.058,-0.045,0.017,-0.023,-0.006,0.006,-0.003,-0.021,0.1,2.763,0.002,3.666,0.055,3.173,2013-07-22,consumer_staples
HSY,IPAR,2018-07-06,0.725,2.937,0.476,-8.909,4.151,0.123,1.029,0.026,0.021,-0.03,-0.03,0.02,0.011,0.001,-0.028,-0.02,-0.029,-0.051,3.647,-0.066,3.856,-0.031,3.363,2013-07-22,consumer_staples
INGR,LANC,2018-07-06,0.784,3.438,0.739,36.046,4.151,0.677,1.287,0.103,0.105,-0.053,0.056,-0.006,-0.095,0.0,0.015,0.077,0.131,-0.054,4.977,-0.099,6.248,-0.038,4.505,2013-07-22,consumer_staples
INGR,SYY,2018-07-06,0.706,3.848,0.399,4.082,4.151,0.339,3.076,0.061,0.007,-0.003,-0.01,0.03,0.04,0.039,0.061,0.017,-0.074,-0.038,4.645,-0.082,5.552,-0.053,4.947,2013-07-22,consumer_staples
JJSF,VGR,2018-07-06,1.0,-2.721,0.053,5.659,4.151,0.138,-0.197,0.021,-0.046,-0.036,-0.027,-0.01,-0.02,-0.011,-0.036,-0.039,0.001,0.015,-2.013,-0.082,-6.675,-0.134,-9.156,2013-07-22,consumer_staples
K,SJM,2018-07-06,0.941,-2.974,2.104,-16.102,4.151,0.557,-0.404,0.104,-0.008,-0.057,0.022,-0.021,0.023,0.042,0.044,0.021,-0.03,0.008,-2.625,-0.026,-4.164,-0.019,-3.843,2013-07-22,consumer_staples
K,TAP,2018-07-06,0.922,-3.145,1.842,-28.174,4.151,0.264,-1.094,0.047,-0.0,0.007,-0.026,-0.015,-0.009,-0.006,0.027,-0.015,-0.044,-0.011,-3.453,-0.036,-4.131,-0.027,-3.871,2013-07-22,consumer_staples
K,TAP-A,2018-07-06,0.863,-3.21,1.64,-15.756,4.151,0.215,-0.857,-0.054,-0.057,0.036,-0.065,0.047,0.033,-0.031,-0.006,0.017,-0.023,0.001,-3.183,-0.025,-3.84,0.005,-3.075,2013-07-22,consumer_staples
K,WDFC,2018-07-06,0.529,3.0,0.253,89.324,4.151,0.907,0.044,0.02,0.029,0.007,0.025,0.004,0.011,0.014,0.065,0.038,-0.016,-0.081,3.968,-0.173,5.059,-0.069,3.826,2013-07-22,consumer_staples
KR,USNA,2018-07-06,0.529,3.316,-0.851,92.235,4.151,0.614,0.629,-0.01,-0.027,0.033,-0.022,-0.057,0.071,0.084,-0.049,0.007,0.007,-0.166,4.417,-0.129,4.169,0.01,3.249,2013-07-22,consumer_staples
MKC,TSN,2018-07-06,0.588,-3.594,1.879,-26.013,4.151,0.475,-1.745,0.001,0.035,0.053,0.025,0.012,0.005,-0.068,-0.002,-0.073,-0.017,-0.053,-5.269,-0.067,-5.708,-0.124,-7.469,2013-07-22,consumer_staples
MKC-V,TSN,2018-07-06,0.569,-3.599,1.909,-26.675,4.151,0.473,-1.656,-0.022,0.021,0.032,0.036,-0.002,0.022,-0.011,0.0,-0.022,0.032,-0.053,-5.273,-0.064,-5.607,-0.12,-7.367,2013-07-22,consumer_staples
MNST,USNA,2018-07-06,0.725,2.999,0.823,26.786,4.151,0.612,1.09,-0.016,-0.031,0.014,-0.048,-0.011,-0.011,-0.014,-0.012,0.019,0.09,-0.086,4.022,-0.044,3.523,-0.008,3.09,2013-07-22,consumer_staples
PM,SYY,2018-07-06,0.588,3.172,0.344,19.195,4.151,0.769,0.88,0.051,-0.025,-0.007,0.074,-0.032,-0.042,0.041,-0.078,-0.059,-0.089,0.009,3.054,-0.071,4.088,-0.024,3.483,2013-07-22,consumer_staples
PRMW,WDFC,2018-07-06,0.608,2.852,4.725,45.872,4.151,0.673,1.634,0.009,0.05,0.019,0.057,0.032,-0.031,-0.058,0.089,-0.001,-0.027,-0.087,4.93,-0.159,6.676,-0.085,4.901,2013-07-22,consumer_staples
SJM,WDFC,2018-07-06,0.588,3.211,0.212,81.482,4.151,0.892,1.579,-0.021,0.018,0.025,0.04,0.02,0.028,-0.008,0.017,0.03,0.019,-0.076,4.156,-0.174,5.366,-0.075,4.139,2013-07-22,consumer_staples
SPB,UVV,2018-07-06,0.51,3.229,0.282,19.472,4.151,0.178,1.138,-0.0,-0.036,0.053,-0.024,-0.008,-0.013,0.037,-0.016,0.017,0.049,0.037,2.566,0.104,1.386,0.006,3.116,2013-07-22,consumer_staples
STZ,WDFC,2018-07-06,0.51,3.605,0.355,46.496,4.151,0.335,2.451,-0.024,-0.005,0.041,-0.012,0.053,-0.024,-0.054,0.003,0.003,0.034,-0.064,5.47,-0.137,7.557,-0.037,4.678,2013-07-22,consumer_staples
TSN,WDFC,2018-07-06,0.706,4.229,1.085,42.002,4.151,0.755,0.525,-0.054,-0.011,-0.011,-0.001,0.081,0.007,-0.092,-0.006,0.007,0.039,-0.097,6.549,-0.153,7.896,-0.082,6.196,2013-07-22,consumer_staples
ABCB,BBAR,2018-07-06,0.686,-2.639,0.059,16.004,4.103,0.09,-0.943,-0.029,0.141,0.032,0.066,-0.03,0.03,0.035,0.07,0.142,0.114,0.039,-2.392,-0.278,-4.39,-0.074,-3.106,2013-07-22,banks
ABCB,BRKL,2018-07-06,0.941,3.69,0.243,2.357,4.103,0.378,1.206,-0.024,-0.003,0.005,0.041,0.026,-0.017,-0.016,0.016,0.0,0.025,-0.007,4.063,-0.004,3.928,0.009,3.231,2013-07-22,banks
ABCB,EFSC,2018-07-06,0.902,4.093,0.929,-1.198,4.103,0.541,0.717,-0.032,0.001,-0.055,-0.015,0.035,-0.02,-0.02,-0.007,-0.033,0.018,-0.046,6.955,-0.037,6.429,-0.027,5.763,2013-07-22,banks
ABCB,PFC,2018-07-06,0.98,4.757,0.388,7.536,4.103,0.259,1.93,-0.035,-0.018,0.021,-0.051,-0.015,-0.041,0.018,0.04,0.015,-0.014,0.008,4.343,0.015,4.006,0.031,3.22,2013-07-22,banks
ABCB,SBCF,2018-07-06,0.529,3.701,0.534,0.512,4.103,0.74,1.28,-0.006,0.023,0.025,0.054,-0.021,-0.027,0.014,-0.006,-0.015,0.057,0.012,3.174,-0.019,4.563,-0.012,4.27,2013-07-22,banks
AGM,BBAR,2018-07-06,0.529,-2.82,0.032,16.75,4.103,0.312,-1.023,-0.039,-0.009,-0.004,-0.003,-0.004,0.042,0.015,-0.021,0.03,0.019,0.03,-2.635,-0.267,-4.475,-0.06,-3.192,2013-07-22,banks
AGM,BMA,2018-07-06,0.608,-3.191,0.814,32.161,4.103,0.502,-1.661,0.008,0.058,0.004,0.026,0.01,0.04,0.006,0.033,0.031,0.015,0.009,-3.099,-0.092,-4.16,-0.063,-3.855,2013-07-22,banks
AGM,FCNCA,2018-07-06,0.961,-2.782,3.738,148.781,4.103,0.118,-0.502,-0.045,0.018,0.006,-0.015,-0.029,-0.003,-0.03,0.077,0.033,0.01,0.041,-1.119,0.159,3.601,0.18,4.421,2013-07-22,banks
AGM,PFC,2018-07-06,0.51,2.955,0.194,13.328,4.103,0.056,0.484,0.003,0.04,0.043,-0.017,0.023,0.003,-0.022,0.053,0.017,0.033,0.032,1.428,-0.014,3.61,0.008,2.563,2013-07-22,banks
ASB,FHN,2018-07-06,0.706,-3.257,0.664,1.502,4.103,0.006,-1.716,-0.037,0.036,0.02,0.063,0.054,0.041,-0.088,-0.009,-0.01,-0.011,0.016,-2.56,0.019,-2.433,0.01,-2.815,2013-07-22,banks
ASB,USB,2018-07-06,0.922,-2.793,1.574,11.545,4.103,0.466,-1.544,-0.024,0.001,0.036,0.021,-0.016,0.074,0.022,-0.005,0.023,0.017,0.037,-1.157,0.045,-0.795,0.06,-0.136,2013-07-22,banks
AUB,BBAR,2018-07-06,0.51,-2.619,0.084,15.986,4.103,0.111,-0.823,0.032,-0.037,-0.031,-0.033,0.033,-0.063,-0.073,0.016,-0.097,-0.067,0.018,-2.503,-0.304,-4.521,-0.095,-3.213,2013-07-22,banks
AUB,BRKL,2018-07-06,0.549,3.413,0.42,0.425,4.103,0.135,0.232,-0.006,0.059,-0.018,0.047,0.005,0.013,0.005,0.048,0.032,-0.048,0.038,0.533,0.055,-0.778,0.05,-0.344,2013-07-22,banks
AUB,EFSC,2018-07-06,0.549,2.79,1.59,-8.091,4.103,0.513,0.27,-0.004,-0.029,-0.004,-0.011,0.046,0.005,-0.034,-0.032,-0.033,-0.038,0.007,2.299,0.031,0.668,0.022,1.302,2013-07-22,banks
AUB,PFC,2018-07-06,0.549,3.653,0.659,4.803,4.103,0.306,0.904,0.083,-0.015,-0.041,0.014,0.011,-0.021,-0.05,-0.056,-0.037,-0.04,0.048,1.356,0.067,0.417,0.067,0.431,2013-07-22,banks
AUB,PPBI,2018-07-06,0.627,-2.897,1.37,-7.654,4.103,0.466,-0.587,-0.009,-0.016,-0.01,-0.008,-0.004,0.046,-0.01,-0.005,0.055,0.007,-0.027,-4.138,-0.026,-4.09,-0.0,-2.897,2013-07-22,banks
BAC,UMPQ,2018-07-06,0.882,2.618,0.404,6.259,4.103,0.392,1.112,-0.026,0.007,-0.023,-0.007,0.044,0.011,-0.002,0.008,-0.04,-0.012,0.089,-0.682,0.072,-0.041,0.074,-0.101,2013-07-22,banks
BANC,BBAR,2018-07-06,0.804,-2.689,0.272,13.796,4.103,0.37,-0.761,-0.004,-0.026,-0.024,-0.034,-0.003,-0.013,0.037,-0.042,-0.008,0.017,0.02,-2.539,-0.256,-4.58,-0.07,-3.205,2013-07-22,banks
BANF,SHG,2018-07-06,0.529,-3.33,0.409,24.057,4.103,0.057,-0.92,-0.042,-0.062,-0.018,-0.026,0.01,-0.011,-0.047,-0.013,-0.053,-0.089,-0.02,-3.865,-0.029,-4.098,0.022,-2.743,2013-07-22,banks
BANF,USB,2018-07-06,0.882,-2.666,0.486,22.655,4.103,0.283,-1.319,-0.012,-0.038,0.032,-0.104,-0.006,0.045,0.008,0.016,0.049,0.019,0.028,-1.626,0.033,-1.405,0.052,-0.693,2013-07-22,banks
BAP,ITUB,2018-07-06,0.529,-2.791,0.035,-0.402,4.103,0.371,-1.578,0.012,-0.004,0.032,0.034,0.006,-0.056,0.01,-0.045,-0.009,0.021,0.058,-1.579,0.023,-2.318,0.071,-1.316,2013-07-22,banks
BBD,CIB,2018-07-06,0.863,3.774,2.7,19.066,4.103,0.653,0.956,-0.028,0.006,0.008,0.038,-0.032,-0.018,0.062,0.054,0.039,0.027,0.104,1.99,0.112,1.855,0.143,1.323,2013-07-22,banks
BBD,OFG,2018-07-06,0.529,2.539,0.641,5.562,4.103,0.416,1.997,-0.002,0.015,0.018,-0.023,0.039,-0.037,-0.062,-0.072,-0.14,-0.116,-0.072,3.19,-0.14,3.817,-0.076,3.234,2013-07-22,banks
BHLB,COLB,2018-07-06,0.784,-2.818,1.129,-0.4,4.103,0.042,-0.609,-0.048,0.025,-0.088,0.096,-0.017,-0.005,0.028,0.069,0.114,0.122,0.004,-2.589,-0.013,-3.544,-0.018,-3.831,2013-07-22,banks
BHLB,CVBF,2018-07-06,0.941,-2.735,0.576,0.55,4.103,0.269,-0.512,0.056,0.026,-0.033,0.048,-0.005,-0.016,0.003,-0.012,-0.016,-0.03,0.031,-0.945,0.005,-2.428,0.003,-2.565,2013-07-22,banks
BHLB,MTB,2018-07-06,0.588,-2.705,4.989,-16.148,4.103,0.0,-0.736,0.0,0.069,-0.028,0.019,0.014,-0.033,-0.03,-0.022,0.011,0.005,0.025,-1.483,0.012,-2.139,0.016,-1.926,2013-07-22,banks
BHLB,PNFP,2018-07-06,0.647,-2.827,1.469,14.499,4.103,0.306,-0.6,-0.016,-0.09,-0.052,-0.041,-0.047,0.017,-0.007,0.013,-0.025,-0.038,0.013,-2.312,0.004,-2.667,-0.002,-2.922,2013-07-22,banks
BHLB,USB,2018-07-06,0.549,-3.009,1.049,11.295,4.103,0.24,-1.224,-0.067,-0.02,0.092,-0.02,-0.027,0.042,0.029,0.052,0.004,0.009,0.036,-1.4,0.027,-1.801,0.052,-0.704,2013-07-22,banks
BMA,CBSH,2018-07-06,0.588,3.05,0.224,26.443,4.103,0.615,2.173,0.016,0.014,0.009,-0.018,-0.004,0.006,-0.025,0.006,-0.023,-0.009,-0.048,3.771,-0.157,5.397,-0.091,4.418,2013-07-22,banks
BMA,DCOM,2018-07-06,0.941,2.54,0.111,19.04,4.103,0.659,1.254,-0.019,-0.083,0.007,0.036,0.023,-0.024,-0.02,0.002,-0.079,0.015,0.038,1.955,-0.037,3.115,0.025,2.151,2013-07-22,banks
BMA,FBC,2018-07-06,0.686,3.234,0.258,9.711,4.103,0.196,0.931,0.012,-0.005,0.017,-0.06,0.03,0.033,0.037,-0.08,0.037,0.016,0.01,3.053,-0.097,4.992,-0.041,3.979,2013-07-22,banks
BMA,FFIN,2018-07-06,0.686,3.05,0.126,9.313,4.103,0.433,2.188,-0.039,-0.078,0.023,-0.072,-0.02,-0.017,0.0,0.075,-0.057,-0.055,-0.073,3.955,-0.208,5.608,-0.199,5.501,2013-07-22,banks
BMA,GBCI,2018-07-06,0.667,2.944,0.215,12.952,4.103,0.194,1.582,0.004,0.098,0.01,0.101,-0.017,0.106,0.007,0.022,0.037,-0.005,-0.076,3.996,-0.208,5.842,-0.176,5.391,2013-07-22,banks
BMA,HDB,2018-07-06,0.588,3.781,0.352,13.335,4.103,0.796,2.44,0.008,-0.035,0.017,-0.022,0.013,0.04,0.058,-0.076,0.019,-0.009,0.015,3.556,-0.057,4.657,-0.003,3.83,2013-07-22,banks
BMA,INDB,2018-07-06,0.784,3.301,0.446,22.873,4.103,0.603,2.308,0.055,0.032,-0.116,0.096,-0.014,0.014,-0.024,0.001,-0.013,-0.04,-0.081,4.399,-0.213,6.189,-0.144,5.258,2013-07-22,banks
BMA,LKFN,2018-07-06,0.627,2.748,0.314,13.198,4.103,0.434,1.355,0.001,-0.016,0.072,-0.002,0.014,-0.034,0.039,-0.05,-0.036,0.019,-0.0,2.749,-0.114,4.334,-0.078,3.829,2013-07-22,banks
BMA,PFC,2018-07-06,0.843,4.239,0.137,12.702,4.103,0.779,4.166,0.007,0.006,-0.017,-0.024,-0.012,0.027,0.015,0.067,-0.026,-0.061,0.047,3.509,-0.027,4.662,0.021,3.913,2013-07-22,banks
BMA,PFS,2018-07-06,0.706,2.702,0.119,10.61,4.103,0.496,1.676,0.008,-0.015,0.04,-0.045,0.042,0.024,0.049,-0.068,0.044,-0.028,0.077,1.618,-0.017,2.947,0.004,2.642,2013-07-22,banks
BMA,RNST,2018-07-06,0.824,2.79,0.171,21.697,4.103,0.601,1.793,0.017,-0.015,0.073,0.021,0.054,-0.112,-0.127,0.02,-0.064,-0.043,0.025,2.429,-0.067,3.774,0.021,2.477,2013-07-22,banks
BMA,TCBK,2018-07-06,0.51,2.831,0.24,11.842,4.103,0.106,1.29,-0.038,-0.012,-0.031,-0.013,0.008,-0.035,-0.016,-0.051,-0.093,0.032,-0.015,3.075,-0.128,4.874,-0.109,4.566,2013-07-22,banks
BMA,WAL,2018-07-06,0.706,2.531,0.386,15.675,4.103,0.784,1.456,-0.006,-0.024,-0.042,-0.076,0.037,0.044,-0.05,-0.025,0.021,0.038,-0.001,2.549,-0.115,3.949,-0.12,4.012,2013-07-22,banks
BMA,WBS,2018-07-06,0.51,2.959,0.305,17.839,4.103,0.714,2.49,0.072,-0.009,-0.014,0.017,-0.002,0.047,0.048,-0.033,0.043,-0.009,-0.037,3.37,-0.111,4.211,-0.071,3.755,2013-07-22,banks
BMA,WSBC,2018-07-06,0.686,2.914,0.179,18.971,4.103,0.609,2.214,0.066,0.055,-0.032,0.029,-0.011,0.024,0.009,0.032,0.007,0.006,-0.052,3.606,-0.127,4.59,-0.042,3.468,2013-07-22,banks
BMA,WSFS,2018-07-06,0.843,3.312,0.319,16.27,4.103,0.539,1.976,-0.027,-0.008,0.029,-0.055,0.042,-0.034,-0.036,-0.096,-0.057,0.003,-0.02,3.605,-0.028,3.722,-0.016,3.54,2013-07-22,banks
BNS,CIB,2018-07-06,0.569,3.092,0.684,5.291,4.103,0.135,1.137,0.054,-0.026,-0.066,0.057,0.015,0.038,-0.059,-0.023,-0.019,0.005,0.062,1.453,0.097,0.521,0.101,0.423,2013-07-22,banks
BNS,RY,2018-07-06,0.588,2.611,1.277,0.853,4.103,0.232,1.341,-0.009,0.014,-0.05,0.015,0.026,-0.054,-0.004,0.072,0.06,-0.067,-0.001,2.658,-0.024,4.218,-0.017,3.757,2013-07-22,banks
BOH,BRKL,2018-07-06,0.863,3.664,0.25,-4.638,4.103,0.002,2.023,-0.008,0.009,0.03,0.0,-0.024,0.044,0.035,0.04,-0.011,-0.015,0.01,3.142,0.017,2.792,0.029,2.175,2013-07-22,banks
BOH,CBSH,2018-07-06,0.549,2.875,0.685,-2.336,4.103,0.025,1.238,0.029,-0.012,0.019,0.025,0.002,0.052,-0.031,-0.014,0.008,-0.016,-0.04,5.384,-0.052,6.134,-0.028,4.604,2013-07-22,banks
BOH,FFIN,2018-07-06,0.686,2.594,0.386,-6.944,4.103,0.07,1.723,0.018,0.016,-0.073,0.024,-0.005,0.057,0.002,0.039,0.009,0.023,-0.055,5.083,-0.073,5.91,-0.087,6.529,2013-07-22,banks
BOH,PFC,2018-07-06,0.843,3.699,0.381,-2.46,4.103,0.382,2.35,0.007,-0.02,-0.039,-0.036,-0.002,0.083,0.007,0.001,0.02,-0.005,0.023,2.867,0.032,2.504,0.048,1.917,2013-07-22,banks
BRKL,CASH,2018-07-06,0.588,-3.413,3.379,-15.145,4.103,0.271,-1.083,-0.011,-0.044,-0.023,-0.046,-0.003,-0.009,-0.028,0.066,-0.006,-0.015,-0.002,-3.494,-0.018,-4.076,-0.001,-3.45,2013-07-22,banks
BRKL,COLB,2018-07-06,0.941,-3.281,2.329,4.71,4.103,0.814,-1.512,-0.022,-0.019,0.034,0.015,0.026,0.021,0.017,-0.003,0.0,-0.003,0.021,-2.351,0.026,-2.136,0.022,-2.293,2013-07-22,banks
BRKL,CVBF,2018-07-06,0.902,-3.241,1.19,3.147,4.103,0.076,-1.458,0.013,0.056,-0.083,0.003,-0.0,-0.038,0.002,-0.013,-0.007,-0.041,0.049,-1.006,0.044,-1.208,0.044,-1.24,2013-07-22,banks
BRKL,FCF,2018-07-06,0.549,-2.567,0.975,-1.363,4.103,0.016,-0.487,0.016,-0.015,0.013,-0.011,-0.021,0.052,0.043,0.02,-0.017,-0.013,0.058,1.702,0.048,0.948,0.068,2.459,2013-07-22,banks
BRKL,FIBK,2018-07-06,0.608,-3.065,2.406,1.867,4.103,0.193,-0.558,-0.008,0.026,-0.024,-0.004,-0.011,0.034,-0.003,-0.019,-0.021,0.004,0.027,-1.176,0.067,1.672,0.088,3.17,2013-07-22,banks
BRKL,FULT,2018-07-06,0.667,-3.725,0.941,2.807,4.103,0.134,-0.007,-0.014,-0.005,-0.029,0.02,-0.002,0.01,0.011,-0.04,-0.003,-0.076,0.042,-2.394,0.063,-1.734,0.071,-1.479,2013-07-22,banks
BRKL,PFS,2018-07-06,0.961,-2.753,1.346,3.35,4.103,0.163,-0.847,0.027,-0.01,-0.027,0.039,0.005,-0.045,0.001,-0.024,-0.006,0.046,-0.03,-4.741,-0.029,-4.63,-0.012,-3.506,2013-07-22,banks
BRKL,PNFP,2018-07-06,0.627,-3.594,3.073,20.621,4.103,0.018,-1.086,0.031,0.06,-0.019,0.017,0.033,0.02,-0.077,-0.007,0.026,-0.021,0.029,-2.516,0.04,-2.118,0.035,-2.295,2013-07-22,banks
BRKL,PPBI,2018-07-06,0.667,-4.0,3.146,-7.711,4.103,0.124,-2.064,0.12,-0.074,0.015,-0.046,-0.039,0.044,0.059,-0.054,0.022,0.052,0.017,-3.347,0.039,-2.542,0.056,-1.914,2013-07-22,banks
BRKL,UCBI,2018-07-06,0.647,-3.428,2.022,-0.998,4.103,0.002,-1.324,0.017,0.004,-0.036,0.039,-0.0,0.015,-0.058,0.002,-0.031,-0.025,0.023,-2.124,0.01,-2.882,0.016,-2.5,2013-07-22,banks
BRKL,WABC,2018-07-06,0.922,-2.508,2.477,18.031,4.103,0.143,-0.47,-0.025,0.048,0.029,0.042,0.039,-0.039,-0.031,0.009,-0.101,-0.012,0.05,-0.163,0.072,0.87,0.067,0.654,2013-07-22,banks
BRKL,WAL,2018-07-06,0.569,-3.34,4.128,-5.12,4.103,0.4,-1.274,-0.018,-0.023,0.04,-0.028,0.014,-0.066,-0.02,-0.024,0.013,-0.017,0.025,-2.087,0.023,-2.182,0.062,-0.196,2013-07-22,banks
BSBR,BUSE,2018-07-06,0.529,2.867,1.97,10.996,4.103,0.002,0.912,0.002,0.011,-0.027,-0.02,-0.01,0.002,0.002,0.016,0.07,-0.034,0.119,0.243,0.024,2.339,0.132,-0.05,2013-07-22,banks
BSBR,CBU,2018-07-06,0.529,2.846,3.576,24.126,4.103,0.178,1.158,0.068,0.037,0.005,0.059,-0.025,-0.037,0.02,0.015,0.054,0.025,0.066,1.504,-0.039,3.638,0.088,1.057,2013-07-22,banks
BSBR,CHCO,2018-07-06,0.529,3.422,4.415,26.255,4.103,0.0,1.795,0.036,-0.069,-0.03,-0.074,0.022,-0.004,0.022,0.026,-0.013,0.026,0.066,2.09,-0.013,3.68,0.109,1.225,2013-07-22,banks
BSBR,CM,2018-07-06,0.902,2.839,1.726,11.849,4.103,0.59,1.005,0.055,0.026,-0.026,0.043,-0.013,-0.009,0.006,-0.019,-0.017,-0.029,0.057,1.435,-0.03,3.568,0.03,2.108,2013-07-22,banks
BSBR,FCF,2018-07-06,0.529,3.32,1.0,4.528,4.103,0.027,1.63,-0.022,-0.004,-0.022,-0.006,0.018,-0.05,-0.031,-0.039,-0.046,0.003,0.049,2.31,-0.022,3.778,0.084,1.592,2013-07-22,banks
BSBR,FFBC,2018-07-06,0.529,3.322,1.903,10.17,4.103,0.088,1.27,0.04,0.017,-0.005,0.026,-0.001,-0.012,-0.03,0.057,-0.042,-0.001,0.113,1.036,0.018,2.957,0.14,0.487,2013-07-22,banks
BSBR,FFIN,2018-07-06,0.529,3.422,1.523,9.881,4.103,0.279,1.603,0.008,-0.014,-0.05,-0.072,0.014,-0.034,-0.077,0.027,-0.034,-0.047,0.019,3.04,-0.098,5.348,-0.015,3.718,2013-07-22,banks
BSBR,FIBK,2018-07-06,0.569,3.051,2.493,16.264,4.103,0.049,0.811,0.02,-0.019,0.068,-0.048,0.075,0.035,0.019,-0.082,0.051,-0.002,0.087,1.046,-0.053,4.265,0.043,2.062,2013-07-22,banks
BSBR,GBCI,2018-07-06,0.863,3.015,2.401,15.017,4.103,0.036,0.912,-0.041,-0.069,-0.056,-0.105,0.009,-0.016,0.002,-0.003,-0.036,-0.016,0.022,2.533,-0.088,4.973,0.022,2.523,2013-07-22,banks
BSBR,IBOC,2018-07-06,0.843,3.028,2.746,15.017,4.103,0.148,0.905,-0.011,-0.025,0.018,-0.016,0.039,0.022,0.02,-0.012,0.08,-0.053,0.07,1.622,-0.035,3.724,0.082,1.381,2013-07-22,banks
BSBR,ONB,2018-07-06,0.627,2.826,0.964,8.411,4.103,0.069,1.093,-0.039,-0.061,0.067,-0.046,-0.013,-0.009,0.041,0.057,-0.003,-0.016,0.065,1.479,-0.04,3.644,0.039,2.02,2013-07-22,banks
BSBR,PFS,2018-07-06,0.529,2.669,1.361,11.582,4.103,0.017,0.829,-0.004,0.011,-0.013,0.036,-0.007,0.003,-0.01,-0.022,-0.02,0.001,0.16,-0.792,0.084,0.853,0.176,-1.138,2013-07-22,banks
BSBR,TFC,2018-07-06,0.667,2.52,2.847,20.266,4.103,0.003,0.833,-0.044,0.008,0.001,-0.012,0.003,-0.043,0.002,-0.107,-0.069,0.002,0.085,0.561,-0.005,2.638,0.112,-0.056,2013-07-22,banks
BSBR,UMPQ,2018-07-06,0.569,2.797,0.947,8.916,4.103,0.283,1.54,0.051,-0.014,-0.025,0.005,-0.064,0.033,0.024,0.088,-0.013,-0.024,0.127,0.691,0.052,1.94,0.126,0.714,2013-07-22,banks
BSBR,WSBC,2018-07-06,0.784,3.308,2.227,19.485,4.103,0.101,1.482,0.091,0.087,0.019,0.049,0.018,0.023,0.03,-0.018,-0.053,0.029,0.031,2.636,-0.032,3.984,0.117,0.796,2013-07-22,banks
BUSE,FULT,2018-07-06,0.863,-3.742,0.515,2.551,4.103,0.065,-1.363,0.048,0.038,0.003,0.015,-0.059,0.002,0.069,0.041,0.019,0.086,0.034,-2.007,0.049,-1.284,0.041,-1.695,2013-07-22,banks
BUSE,PPBI,2018-07-06,0.706,-3.169,1.679,-7.611,4.103,0.373,-0.212,-0.004,0.005,0.036,-0.046,0.051,-0.014,-0.053,-0.037,-0.051,0.008,0.007,-2.745,0.022,-1.876,0.019,-2.027,2013-07-22,banks
C,UMPQ,2018-07-06,0.824,2.517,0.21,3.327,4.103,0.36,1.794,0.026,0.023,-0.027,0.009,0.001,0.043,0.017,0.021,-0.004,0.003,0.076,0.418,0.057,0.957,0.074,0.479,2013-07-22,banks
CASH,CBSH,2018-07-06,0.902,2.639,0.726,24.741,4.103,0.397,0.453,0.003,-0.004,0.012,0.002,0.007,0.041,0.009,-0.063,0.003,-0.03,-0.066,5.172,-0.105,6.658,-0.069,5.256,2013-07-22,banks
CASH,FFBC,2018-07-06,1.0,2.679,0.518,8.021,4.103,0.665,0.371,-0.038,0.019,0.032,0.054,-0.036,-0.07,-0.065,0.023,-0.022,-0.012,-0.016,3.289,-0.043,4.303,-0.031,3.861,2013-07-22,banks
CASH,FFIN,2018-07-06,1.0,2.685,0.414,8.179,4.103,0.748,0.505,0.055,0.015,0.006,-0.02,0.081,-0.017,-0.065,-0.003,0.041,0.001,-0.09,5.502,-0.142,7.098,-0.157,7.586,2013-07-22,banks
CASH,WBS,2018-07-06,0.608,2.595,1.02,14.722,4.103,0.6,0.59,0.047,0.044,0.03,-0.01,0.02,0.0,-0.042,-0.014,0.008,0.021,-0.061,4.387,-0.058,4.296,-0.048,4.024,2013-07-22,banks
CASH,WSBC,2018-07-06,1.0,2.791,0.614,16.787,4.103,0.216,0.552,0.035,0.032,0.043,0.036,0.019,0.038,0.041,-0.014,0.032,0.004,-0.071,5.457,-0.079,5.759,-0.028,3.851,2013-07-22,banks
CBSH,PFC,2018-07-06,0.569,2.909,0.57,-1.729,4.103,0.324,0.476,0.067,0.084,0.015,0.077,0.0,-0.021,0.016,-0.013,0.032,0.045,0.06,-0.494,0.081,-1.698,0.073,-1.216,2013-07-22,banks
CBSH,PPBI,2018-07-06,0.804,-2.999,1.157,-20.068,4.103,0.067,-1.042,0.04,-0.006,-0.008,-0.025,0.052,-0.053,-0.067,0.047,-0.005,-0.088,-0.046,-4.937,-0.05,-5.097,-0.018,-3.756,2013-07-22,banks
CBU,HTH,2018-07-06,0.647,-2.877,0.319,7.703,4.103,0.389,-1.493,0.061,0.003,-0.007,0.044,0.016,-0.133,-0.089,0.159,0.015,-0.017,-0.051,-4.086,-0.07,-4.53,-0.051,-4.077,2013-07-22,banks
CHCO,COLB,2018-07-06,0.725,-2.615,0.527,5.267,4.103,0.001,-0.82,-0.017,0.012,0.045,-0.011,0.012,-0.033,0.016,-0.086,-0.045,-0.013,-0.019,-3.54,-0.013,-3.263,-0.021,-3.625,2013-07-22,banks
CHCO,CVBF,2018-07-06,0.98,-2.971,0.272,3.317,4.103,0.188,-0.803,-0.078,-0.052,0.065,0.052,0.076,-0.032,-0.058,0.032,-0.091,-0.002,0.01,-2.409,0.006,-2.628,0.002,-2.869,2013-07-22,banks
CHCO,FULT,2018-07-06,0.804,-3.602,0.216,2.877,4.103,0.0,-3.02,0.041,-0.142,-0.023,-0.077,0.02,-0.032,-0.034,-0.037,-0.117,-0.09,0.001,-3.549,0.023,-2.755,0.028,-2.581,2013-07-22,banks
CHCO,LBAI,2018-07-06,0.745,-2.985,0.36,-4.075,4.103,0.192,-1.377,-0.037,-0.048,0.043,-0.037,0.045,0.059,0.042,-0.09,0.007,-0.004,-0.038,-4.991,-0.044,-5.297,-0.034,-4.768,2013-07-22,banks
CHCO,MTB,2018-07-06,0.627,-2.561,2.33,8.813,4.103,0.0,-1.046,0.01,-0.038,-0.051,-0.072,-0.005,0.064,0.016,0.009,0.037,0.057,0.002,-2.465,0.013,-2.006,0.016,-1.895,2013-07-22,banks
CHCO,PFC,2018-07-06,0.569,3.105,0.349,4.816,4.103,0.008,1.037,-0.018,0.008,-0.042,0.031,0.051,0.043,-0.042,-0.08,0.033,-0.024,0.05,0.394,0.053,0.21,0.062,-0.257,2013-07-22,banks
CHCO,PPBI,2018-07-06,0.529,-3.572,0.714,-7.06,4.103,0.144,-0.847,-0.018,-0.021,0.021,-0.0,0.061,-0.09,-0.089,0.012,-0.095,-0.086,-0.031,-4.873,-0.008,-3.895,0.005,-3.351,2013-07-22,banks
CHCO,USB,2018-07-06,0.824,-3.109,0.494,16.357,4.103,0.507,-1.433,0.025,-0.012,-0.023,0.003,0.004,-0.016,0.039,-0.0,0.022,0.048,0.018,-2.356,0.029,-1.868,0.054,-0.818,2013-07-22,banks
CHCO,WAFD,2018-07-06,0.51,-2.726,0.441,3.191,4.103,0.205,-1.402,-0.059,0.018,0.043,-0.003,0.018,0.002,0.016,-0.008,0.005,0.024,-0.012,-3.263,-0.007,-3.014,-0.009,-3.095,2013-07-22,banks
CIB,SHG,2018-07-06,0.902,-3.029,0.671,17.032,4.103,0.55,-0.93,-0.055,0.002,-0.057,-0.018,0.01,0.012,0.007,0.047,0.009,0.005,0.024,-2.451,0.064,-1.489,0.083,-1.03,2013-07-22,banks
CNOB,SIVB,2018-07-06,0.824,3.181,13.081,-100.366,4.103,0.451,2.013,-0.032,-0.015,0.0,0.012,-0.037,-0.004,0.015,0.005,-0.031,-0.014,-0.058,4.525,-0.055,4.467,-0.072,4.851,2013-07-22,banks
CNOB,UMPQ,2018-07-06,0.882,2.926,0.519,3.384,4.103,0.069,1.698,0.019,0.029,-0.036,-0.009,0.014,-0.028,-0.002,0.005,0.036,0.031,0.035,1.847,0.026,2.129,0.015,2.462,2013-07-22,banks
CNOB,WSBC,2018-07-06,0.725,3.057,1.133,8.239,4.103,0.197,1.771,-0.054,0.009,0.019,0.028,0.02,0.034,-0.016,0.036,0.006,0.005,-0.044,4.621,-0.041,4.509,0.006,2.854,2013-07-22,banks
COLB,FFIN,2018-07-06,0.608,2.803,0.603,-0.989,4.103,0.193,1.529,0.018,0.053,-0.047,0.049,-0.02,-0.022,0.001,0.034,-0.015,-0.0,-0.051,4.88,-0.075,5.871,-0.105,7.069,2013-07-22,banks
COLB,IBOC,2018-07-06,0.51,2.663,1.098,-4.92,4.103,0.119,0.896,-0.008,-0.051,-0.037,0.01,0.0,0.02,-0.057,0.003,-0.001,-0.012,-0.02,3.801,-0.03,4.389,-0.042,5.112,2013-07-22,banks
COLB,INDB,2018-07-06,0.706,2.796,1.948,-7.638,4.103,0.558,0.969,0.062,-0.015,0.031,-0.022,0.02,-0.037,-0.024,-0.063,-0.048,0.019,-0.056,5.412,-0.071,6.087,-0.06,5.606,2013-07-22,banks
COLB,ONB,2018-07-06,0.529,2.538,0.393,1.157,4.103,0.066,0.882,0.038,0.044,0.028,-0.009,0.027,-0.064,-0.027,0.029,-0.011,-0.016,-0.014,3.341,-0.033,4.447,-0.061,6.025,2013-07-22,banks
COLB,WBS,2018-07-06,0.745,3.056,1.506,-8.511,4.103,0.171,1.615,0.007,-0.007,-0.045,-0.025,0.002,0.053,-0.005,-0.019,0.034,-0.045,-0.025,4.187,-0.005,3.268,-0.015,3.755,2013-07-22,banks
CVBF,FCF,2018-07-06,0.529,2.924,0.777,-3.215,4.103,0.025,0.447,0.048,0.01,0.022,-0.0,0.002,-0.021,-0.024,0.016,0.001,-0.014,-0.007,3.324,-0.001,2.984,-0.021,4.2,2013-07-22,banks
CVBF,FRME,2018-07-06,0.922,2.736,2.565,-13.515,4.103,0.0,0.438,0.059,-0.026,-0.012,-0.048,-0.004,-0.076,-0.012,0.038,0.058,-0.041,0.03,1.198,0.022,1.604,0.008,2.31,2013-07-22,banks
CVBF,INDB,2018-07-06,0.902,2.612,3.812,-10.436,4.103,0.38,1.043,-0.015,-0.025,-0.022,-0.004,-0.0,-0.039,-0.011,-0.037,-0.018,0.01,-0.027,3.853,-0.05,4.937,-0.037,4.338,2013-07-22,banks
CVBF,PFC,2018-07-06,0.706,3.924,1.179,2.322,4.103,0.205,2.192,0.018,-0.039,-0.065,-0.022,0.006,0.024,0.06,0.005,0.015,0.013,0.057,1.873,0.057,1.875,0.065,1.608,2013-07-22,banks
CVBF,SBCF,2018-07-06,0.784,3.431,1.655,-7.221,4.103,0.547,1.789,0.062,0.095,-0.064,0.079,-0.012,0.021,0.016,-0.048,0.089,-0.015,0.069,0.936,0.034,2.198,0.031,2.326,2013-07-22,banks
CVBF,WBS,2018-07-06,0.784,3.143,2.971,-11.093,4.103,0.59,1.509,0.016,-0.024,-0.001,0.029,-0.107,0.013,0.048,0.03,-0.025,0.001,0.004,2.933,0.015,2.407,0.007,2.803,2013-07-22,banks
CVBF,WSBC,2018-07-06,0.647,2.898,1.757,1.775,4.103,0.085,1.331,0.002,-0.006,-0.05,0.04,-0.03,0.025,0.011,-0.017,-0.072,-0.02,-0.011,3.469,-0.01,3.422,0.017,2.002,2013-07-22,banks
EFSC,FULT,2018-07-06,0.765,-3.19,0.245,5.349,4.103,0.334,-2.795,-0.098,0.015,0.061,-0.034,-0.005,0.065,0.011,-0.036,-0.004,-0.033,0.013,-2.846,0.041,-2.098,0.046,-1.954,2013-07-22,banks
EFSC,PFC,2018-07-06,0.706,2.663,0.416,8.089,4.103,0.204,0.352,-0.018,-0.028,0.011,-0.02,-0.026,0.005,0.036,0.005,0.008,0.033,0.043,0.015,0.043,0.005,0.051,-0.444,2013-07-22,banks
EGBN,PFC,2018-07-06,0.784,3.205,0.465,-2.324,4.103,0.573,1.848,-0.018,0.022,-0.003,-0.019,0.051,-0.059,-0.073,-0.011,0.01,-0.035,-0.045,4.632,-0.034,4.28,-0.026,4.019,2013-07-22,banks
EWBC,SHG,2018-07-06,0.51,-2.658,0.364,23.204,4.103,0.079,-0.728,-0.004,0.001,0.039,0.009,0.043,-0.014,-0.047,-0.093,-0.03,0.009,-0.01,-2.902,-0.001,-2.696,0.036,-1.75,2013-07-22,banks
FBNC,TCBK,2018-07-06,0.922,-2.626,0.716,11.174,4.103,0.019,-0.744,0.004,0.056,-0.062,0.001,-0.069,0.023,0.025,0.04,0.034,-0.038,0.009,-2.228,0.011,-2.154,0.011,-2.164,2013-07-22,banks
FCF,USB,2018-07-06,0.784,-2.753,2.232,18.921,4.103,0.551,-1.373,-0.078,-0.002,0.048,0.02,0.03,-0.002,-0.024,-0.031,-0.037,0.036,0.005,-2.553,0.025,-1.699,0.036,-1.235,2013-07-22,banks
FCNCA,INDB,2018-07-06,0.588,2.668,0.155,4.355,4.103,0.106,0.854,0.053,-0.049,-0.011,-0.055,-0.003,-0.033,0.02,-0.066,-0.061,0.011,-0.035,4.357,-0.014,3.331,0.033,1.046,2013-07-22,banks
FCNCA,PFC,2018-07-06,0.608,4.669,0.049,6.452,4.103,0.092,2.656,-0.057,-0.01,0.038,0.011,-0.023,0.059,0.026,-0.013,-0.03,-0.064,0.058,2.219,0.097,0.547,0.132,-0.93,2013-07-22,banks
FCNCA,WSBC,2018-07-06,1.0,2.804,0.071,8.715,4.103,0.362,1.098,0.014,-0.011,0.032,0.012,-0.031,0.026,0.044,-0.037,-0.054,0.053,-0.017,3.661,0.026,1.5,0.086,-1.506,2013-07-22,banks
FFBC,FULT,2018-07-06,0.725,-2.982,0.499,3.495,4.103,0.174,-2.275,-0.047,-0.011,0.01,-0.009,-0.01,0.025,0.021,-0.026,-0.003,0.006,0.031,-1.975,0.046,-1.523,0.047,-1.481,2013-07-22,banks
FFBC,PFC,2018-07-06,0.51,3.454,0.817,5.58,4.103,0.268,1.018,-0.05,-0.021,0.018,0.012,0.02,-0.042,-0.024,-0.004,0.011,0.016,0.026,2.096,0.036,1.519,0.048,0.908,2013-07-22,banks
FFBC,PPBI,2018-07-06,0.863,-2.99,1.665,-5.331,4.103,0.735,-0.978,-0.083,-0.115,0.009,-0.043,0.022,0.037,-0.023,-0.007,-0.09,-0.112,0.003,-2.856,0.017,-2.326,0.026,-1.964,2013-07-22,banks
FFIN,PPBI,2018-07-06,0.647,-2.602,1.974,-7.03,4.103,0.014,-0.991,0.025,-0.035,0.024,-0.001,0.002,-0.063,-0.014,-0.037,-0.05,0.055,-0.065,-4.608,-0.075,-4.896,-0.091,-5.407,2013-07-22,banks
FHN,GBCI,2018-07-06,0.51,3.216,2.315,-4.357,4.103,0.281,1.661,0.044,-0.003,0.051,-0.022,0.025,0.038,-0.017,-0.046,-0.108,-0.116,-0.041,5.03,-0.056,5.713,-0.061,5.945,2013-07-22,banks
FHN,HTLF,2018-07-06,0.529,3.427,3.421,-7.556,4.103,0.789,1.587,0.027,0.014,-0.054,0.028,-0.041,0.014,0.026,-0.033,0.006,-0.0,-0.02,4.243,-0.021,4.258,-0.026,4.491,2013-07-22,banks
FHN,IBOC,2018-07-06,0.549,3.716,2.702,-7.891,4.103,0.006,1.835,-0.012,-0.057,-0.046,-0.027,-0.028,0.028,0.02,-0.006,-0.006,-0.014,-0.007,4.064,-0.017,4.521,-0.02,4.666,2013-07-22,banks
FHN,ONB,2018-07-06,0.549,4.518,0.986,-0.155,4.103,0.039,1.4,-0.023,0.021,-0.013,0.068,0.002,-0.011,-0.003,-0.035,-0.042,0.007,-0.003,4.694,-0.022,5.837,-0.041,7.024,2013-07-22,banks
FHN,UMPQ,2018-07-06,0.647,2.605,0.915,1.248,4.103,0.577,2.37,0.011,0.041,-0.061,0.069,-0.051,-0.016,-0.026,0.044,-0.055,0.042,0.047,1.454,0.044,1.513,0.027,1.925,2013-07-22,banks
FHN,WBS,2018-07-06,0.549,3.627,3.659,-11.931,4.103,0.028,3.036,0.003,-0.019,0.025,0.015,-0.033,-0.019,0.015,0.039,-0.0,0.05,-0.013,4.092,0.007,3.364,0.006,3.404,2013-07-22,banks
FHN,WSBC,2018-07-06,0.882,3.767,2.192,0.885,4.103,0.036,2.416,-0.046,0.002,0.032,0.021,-0.01,-0.04,0.013,-0.007,-0.004,-0.023,-0.027,4.878,-0.017,4.475,0.017,3.055,2013-07-22,banks
FIBK,PNFP,2018-07-06,0.51,-2.858,1.297,17.64,4.103,0.003,-0.214,0.017,-0.012,-0.034,-0.035,-0.014,-0.036,-0.033,0.017,0.031,-0.027,0.005,-2.618,-0.021,-3.879,-0.045,-5.017,2013-07-22,banks
FITB,TFC,2018-07-06,0.824,2.548,1.32,8.896,4.103,0.173,0.104,-0.023,0.151,0.034,0.103,0.022,-0.043,-0.019,-0.002,-0.024,-0.01,0.004,2.117,-0.009,3.509,0.009,1.55,2013-07-22,banks
FITB,UMPQ,2018-07-06,0.843,2.892,0.477,4.372,4.103,0.135,1.412,-0.01,-0.049,0.057,-0.031,0.021,-0.02,0.029,-0.026,-0.009,-0.015,0.048,1.033,0.038,1.449,0.033,1.624,2013-07-22,banks
FITB,WSBC,2018-07-06,0.863,2.918,1.032,10.601,4.103,0.068,0.953,0.007,-0.006,0.004,-0.021,0.016,0.07,0.004,-0.042,-0.02,0.028,-0.032,4.259,-0.03,4.194,0.024,1.907,2013-07-22,banks
FRC,PFC,2018-07-06,0.784,3.697,0.185,8.623,4.103,0.117,2.305,-0.005,-0.043,0.005,-0.012,-0.049,-0.049,0.047,0.018,-0.02,0.03,0.049,2.011,0.051,1.959,0.067,1.416,2013-07-22,banks
FRME,PNFP,2018-07-06,0.51,-2.685,0.938,28.165,4.103,0.346,-0.464,0.026,-0.018,-0.025,-0.018,-0.042,-0.002,-0.02,0.035,-0.043,0.002,0.011,-2.313,0.02,-1.984,0.001,-2.653,2013-07-22,banks
FRME,USB,2018-07-06,0.549,-3.363,0.68,20.762,4.103,0.692,-1.073,-0.007,0.048,0.007,0.024,0.005,-0.048,-0.02,-0.019,0.036,0.021,0.037,-1.65,0.046,-1.229,0.063,-0.435,2013-07-22,banks
FULT,GABC,2018-07-06,0.961,2.961,2.466,-8.208,4.103,0.11,0.866,0.119,-0.085,0.02,-0.051,-0.036,0.057,0.052,-0.06,0.004,0.02,0.013,2.404,0.029,1.741,0.027,1.794,2013-07-22,banks
FULT,LKFN,2018-07-06,0.863,3.154,3.106,-7.42,4.103,0.384,1.529,-0.096,-0.125,0.034,-0.039,0.003,0.063,0.02,-0.009,-0.066,-0.101,0.021,2.165,0.044,1.113,0.043,1.147,2013-07-22,banks
FULT,OCFC,2018-07-06,0.961,3.824,1.721,-3.732,4.103,0.01,1.557,-0.064,-0.041,-0.004,-0.117,0.123,-0.037,-0.091,-0.026,0.023,0.01,0.043,2.041,0.062,1.269,0.067,1.065,2013-07-22,banks
FULT,PFBC,2018-07-06,0.608,3.121,4.968,-25.994,4.103,0.001,2.146,0.011,-0.016,0.058,-0.019,0.068,0.053,-0.031,-0.03,0.031,0.054,0.054,1.595,0.089,0.638,0.067,1.241,2013-07-22,banks
FULT,PFC,2018-07-06,0.569,4.514,1.371,3.493,4.103,0.253,0.731,-0.09,-0.035,0.047,-0.045,0.027,-0.068,-0.043,-0.013,-0.004,-0.04,0.053,3.007,0.073,2.434,0.09,1.936,2013-07-22,banks
FULT,PFS,2018-07-06,0.922,3.509,1.279,1.404,4.103,0.554,2.879,-0.012,0.014,0.01,-0.016,-0.064,0.054,0.07,-0.034,-0.072,-0.027,0.074,0.202,0.09,-0.54,0.083,-0.207,2013-07-22,banks
FULT,RNST,2018-07-06,0.627,3.174,1.886,7.819,4.103,0.49,2.921,0.003,-0.033,0.011,-0.053,-0.003,-0.033,-0.012,0.011,-0.034,0.031,0.035,1.94,0.04,1.744,0.086,0.125,2013-07-22,banks
FULT,SASR,2018-07-06,0.98,3.639,2.458,-3.621,4.103,0.533,1.6,-0.026,0.064,-0.004,0.043,-0.05,0.051,0.047,0.079,0.09,0.075,0.055,0.882,0.081,-0.455,0.054,0.926,2013-07-22,banks
FULT,TOWN,2018-07-06,1.0,2.731,2.198,-6.286,4.103,0.295,0.766,0.017,0.007,0.035,-0.003,-0.109,0.014,0.052,0.003,-0.054,-0.005,0.031,1.359,0.049,0.571,0.049,0.579,2013-07-22,banks
FULT,WAFD,2018-07-06,0.843,2.754,1.972,-1.704,4.103,0.035,0.303,-0.001,0.023,-0.025,-0.011,0.077,0.038,0.005,-0.012,0.05,-0.011,0.014,1.814,0.029,0.719,0.037,0.172,2013-07-22,banks
FULT,WSBC,2018-07-06,0.667,3.422,2.016,3.881,4.103,0.0,0.334,0.023,-0.004,-0.012,-0.04,-0.012,0.054,0.035,-0.027,0.022,-0.002,-0.021,4.11,0.001,3.376,0.042,2.073,2013-07-22,banks
FULT,WSFS,2018-07-06,0.824,3.741,3.149,-4.582,4.103,0.279,3.429,0.009,0.051,0.01,0.101,0.062,-0.003,-0.057,-0.003,0.039,-0.044,0.005,3.549,0.095,0.157,0.08,0.737,2013-07-22,banks
GBCI,PPBI,2018-07-06,0.549,-2.604,1.348,-9.019,4.103,0.0,-0.327,0.037,-0.017,-0.083,0.017,0.048,-0.048,-0.063,-0.038,-0.124,-0.099,-0.068,-5.667,-0.069,-5.709,-0.067,-5.597,2013-07-22,banks
GBCI,USB,2018-07-06,0.51,-2.588,0.94,14.769,4.103,0.104,-1.129,0.053,-0.003,0.017,0.019,0.013,0.011,-0.01,0.031,-0.03,-0.016,-0.01,-3.087,-0.017,-3.394,0.0,-2.579,2013-07-22,banks
GGAL,INDB,2018-07-06,0.608,2.942,0.645,30.574,4.103,0.593,2.184,-0.018,0.026,-0.059,0.062,0.028,0.007,-0.018,-0.064,0.009,0.012,-0.072,3.913,-0.211,5.787,-0.119,4.547,2013-07-22,banks
GGAL,PFC,2018-07-06,0.725,4.229,0.209,14.671,4.103,0.504,4.196,0.07,-0.036,-0.002,-0.037,-0.044,0.068,0.066,0.006,-0.023,-0.013,0.058,3.261,-0.023,4.616,0.043,3.523,2013-07-22,banks
GGAL,RNST,2018-07-06,0.843,2.631,0.261,24.13,4.103,0.508,1.552,-0.014,-0.002,0.03,-0.055,0.024,-0.033,0.012,0.012,0.001,-0.012,0.035,2.091,-0.065,3.631,0.042,1.982,2013-07-22,banks
GGAL,WSFS,2018-07-06,0.706,2.873,0.455,21.97,4.103,0.439,1.853,-0.013,0.013,0.003,0.005,0.002,0.017,0.014,0.008,0.012,0.012,-0.009,2.993,-0.017,3.111,0.017,2.636,2013-07-22,banks
HTH,ONB,2018-07-06,0.51,3.232,0.605,0.569,4.103,0.267,3.157,0.043,0.01,0.018,0.022,-0.031,0.026,0.033,-0.013,0.024,-0.017,-0.041,4.197,-0.069,4.873,-0.072,4.944,2013-07-22,banks
HTH,UMBF,2018-07-06,0.588,2.677,2.992,-5.165,4.103,0.169,1.772,-0.014,-0.035,-0.035,-0.06,-0.002,-0.001,0.041,0.02,0.046,-0.015,-0.009,2.887,-0.017,3.098,-0.005,2.805,2013-07-22,banks
HTH,WSBC,2018-07-06,0.51,2.991,1.244,4.67,4.103,0.103,0.371,0.024,0.024,0.007,0.008,0.084,-0.004,-0.042,-0.032,-0.004,0.042,-0.065,4.231,-0.063,4.188,-0.006,3.105,2013-07-22,banks
HTLF,MTB,2018-07-06,0.588,-2.696,2.983,5.503,4.103,0.022,-0.471,0.015,-0.027,0.014,-0.024,-0.139,-0.029,0.079,0.113,-0.046,0.043,-0.01,-3.247,-0.006,-2.997,-0.013,-3.373,2013-07-22,banks
HWC,IBOC,2018-07-06,0.51,2.603,0.604,9.465,4.103,0.263,1.137,0.085,-0.071,0.041,-0.02,0.132,-0.035,-0.076,-0.033,0.121,0.146,0.002,2.526,-0.012,3.036,-0.004,2.76,2013-07-22,banks
HWC,ONB,2018-07-06,0.745,2.782,0.218,6.247,4.103,0.178,1.055,-0.011,-0.034,0.01,-0.023,0.015,0.026,0.007,-0.014,-0.031,-0.026,0.007,2.505,-0.018,3.538,-0.031,4.083,2013-07-22,banks
HWC,WSBC,2018-07-06,0.627,3.212,0.497,14.731,4.103,0.113,1.6,-0.033,0.008,-0.037,-0.011,-0.096,0.038,0.098,0.033,0.005,0.013,-0.022,4.049,-0.012,3.667,0.038,1.75,2013-07-22,banks
INDB,PFC,2018-07-06,0.765,3.008,0.311,5.491,4.103,0.194,0.91,0.051,-0.024,0.021,0.024,0.004,0.056,0.002,0.048,0.052,-0.008,0.081,-0.857,0.101,-1.804,0.097,-1.636,2013-07-22,banks
INDB,PNFP,2018-07-06,0.608,-2.705,0.619,22.714,4.103,0.043,-0.635,-0.021,0.055,-0.029,0.058,-0.088,-0.072,0.063,0.006,-0.067,0.057,-0.038,-4.06,-0.043,-4.239,-0.039,-4.089,2013-07-22,banks
INDB,PPBI,2018-07-06,0.667,-2.823,0.634,-5.562,4.103,0.311,-0.899,-0.077,-0.023,0.054,-0.002,0.028,0.004,-0.032,0.033,0.025,-0.04,-0.072,-5.386,-0.071,-5.341,-0.041,-4.282,2013-07-22,banks
ING,UMPQ,2018-07-06,0.686,2.727,0.779,4.464,4.103,0.599,2.231,0.058,0.021,-0.073,0.065,0.001,0.057,0.003,-0.021,0.009,0.002,0.048,1.841,0.007,2.599,0.002,2.697,2013-07-22,banks
ITUB,RY,2018-07-06,0.706,2.503,6.307,25.636,4.103,0.111,0.69,0.047,-0.017,0.012,-0.021,0.006,-0.035,0.003,0.017,0.004,-0.021,0.027,1.703,-0.045,3.874,0.007,2.306,2013-07-22,banks
ITUB,UMPQ,2018-07-06,0.627,2.695,1.365,7.952,4.103,0.034,1.452,0.058,0.004,-0.013,-0.006,0.003,-0.032,-0.014,0.039,0.027,-0.059,0.09,1.168,0.022,2.328,0.083,1.279,2013-07-22,banks
KB,UMPQ,2018-07-06,0.882,2.671,0.213,6.542,4.103,0.437,1.393,0.004,0.024,-0.009,-0.001,0.016,0.053,-0.018,0.011,-0.029,0.014,0.039,1.737,0.012,2.376,0.045,1.592,2013-07-22,banks
KEY,SIVB,2018-07-06,0.627,2.556,18.553,-80.358,4.103,0.434,2.016,-0.006,0.016,-0.006,0.054,-0.007,0.025,0.023,0.033,-0.019,-0.136,-0.006,2.716,-0.003,2.619,-0.018,2.993,2013-07-22,banks
KEY,WSBC,2018-07-06,0.745,2.567,1.627,9.706,4.103,0.402,0.884,0.029,-0.023,-0.04,-0.02,0.026,-0.004,0.006,-0.058,-0.026,-0.021,-0.004,2.74,0.0,2.552,0.048,0.475,2013-07-22,banks
LBAI,WBS,2018-07-06,0.588,2.505,2.217,8.188,4.103,0.278,1.278,-0.007,0.001,0.011,-0.054,0.006,-0.026,0.018,-0.107,-0.052,0.01,-0.044,4.075,-0.033,3.673,-0.027,3.468,2013-07-22,banks
LKFN,PFC,2018-07-06,0.51,4.25,0.461,6.081,4.103,0.242,3.67,-0.049,-0.014,0.008,0.045,0.015,0.019,-0.017,-0.002,-0.012,0.044,0.036,2.744,0.039,2.619,0.056,1.914,2013-07-22,banks
LKFN,WSFS,2018-07-06,0.843,2.542,1.023,2.617,4.103,0.364,0.218,0.066,0.03,0.035,0.017,0.016,-0.024,-0.024,0.081,0.129,0.099,-0.015,3.593,0.055,-1.359,0.04,-0.288,2013-07-22,banks
MTB,UMPQ,2018-07-06,0.647,2.62,0.091,2.648,4.103,0.174,1.487,-0.06,0.015,-0.05,-0.006,0.023,-0.023,0.022,0.061,0.075,0.095,0.056,0.659,0.058,0.583,0.04,1.22,2013-07-22,banks
MTB,WSBC,2018-07-06,0.961,2.89,0.199,6.472,4.103,0.05,1.109,-0.059,0.057,-0.007,-0.008,-0.009,0.043,0.01,-0.035,0.055,-0.023,-0.02,3.738,-0.006,3.138,0.031,1.552,2013-07-22,banks
MUFG,WFC,2018-07-06,0.529,3.096,4.205,20.051,4.103,0.001,0.453,0.016,0.038,-0.008,-0.025,0.007,0.026,-0.021,0.012,0.001,0.039,-0.007,3.354,-0.02,3.791,0.068,0.67,2013-07-22,banks
OCFC,USB,2018-07-06,0.843,-2.514,1.195,17.365,4.103,0.222,-0.548,-0.046,-0.018,-0.039,-0.034,-0.009,0.018,0.025,0.035,-0.001,-0.037,0.053,-0.218,0.063,0.205,0.086,1.182,2013-07-22,banks
ONB,SHG,2018-07-06,0.51,-2.778,1.793,15.17,4.103,0.002,-0.841,-0.016,-0.064,-0.023,-0.051,-0.006,0.029,0.014,-0.118,-0.025,-0.048,-0.021,-3.335,-0.042,-3.92,-0.01,-3.049,2013-07-22,banks
ONB,USB,2018-07-06,0.824,-3.217,2.265,10.246,4.103,0.001,-1.066,-0.004,0.012,0.001,0.06,0.018,0.037,-0.01,0.02,0.015,0.026,0.02,-2.115,0.01,-2.681,0.014,-2.468,2013-07-22,banks
PACW,WSBC,2018-07-06,0.725,2.675,0.882,-0.482,4.103,0.006,1.06,-0.01,0.095,0.017,0.098,-0.027,0.071,0.013,0.025,0.051,-0.017,-0.026,3.734,-0.019,3.434,0.019,1.882,2013-07-22,banks
PB,WSBC,2018-07-06,0.51,3.543,0.493,5.027,4.103,0.025,1.699,-0.041,0.002,0.026,0.054,0.039,-0.045,-0.098,0.01,-0.027,-0.041,-0.017,4.308,0.008,3.196,0.046,1.43,2013-07-22,banks
PFBC,PFC,2018-07-06,0.667,3.378,0.277,10.615,4.103,0.084,1.802,-0.032,-0.028,-0.012,-0.019,-0.007,0.021,-0.015,-0.05,-0.008,-0.037,0.014,2.789,0.01,2.984,0.044,1.551,2013-07-22,banks
PFBC,SBCF,2018-07-06,0.667,2.564,0.386,4.552,4.103,0.512,0.607,-0.031,0.003,-0.028,0.01,0.017,0.028,-0.011,-0.001,-0.067,-0.104,0.018,1.781,-0.028,3.759,0.001,2.542,2013-07-22,banks
PFC,PNFP,2018-07-06,0.843,-3.325,1.777,16.603,4.103,0.011,-1.21,-0.002,-0.039,-0.017,-0.046,-0.04,0.069,0.068,0.018,-0.01,-0.024,0.037,-2.195,0.051,-1.767,0.048,-1.866,2013-07-22,banks
PFC,PPBI,2018-07-06,0.549,-4.447,1.899,-13.614,4.103,0.094,-3.13,-0.008,-0.032,0.01,0.034,-0.024,-0.007,-0.0,0.02,0.008,-0.038,0.03,-3.408,0.054,-2.557,0.073,-1.913,2013-07-22,banks
PFC,RNST,2018-07-06,1.0,-2.959,1.259,5.588,4.103,0.04,-0.181,0.003,-0.095,-0.015,-0.005,-0.016,0.003,0.025,0.02,-0.056,-0.029,0.013,-2.127,0.026,-1.334,-0.0,-2.966,2013-07-22,banks
PFC,SNV,2018-07-06,0.686,-2.784,1.93,-9.942,4.103,0.005,-0.603,-0.051,0.029,-0.073,-0.059,0.007,0.005,0.019,0.025,0.072,-0.057,0.009,-2.282,0.008,-2.344,0.015,-2.012,2013-07-22,banks
PFC,TCBK,2018-07-06,0.784,-3.118,1.37,-1.937,4.103,0.003,-2.077,0.061,0.025,-0.056,-0.008,0.026,0.032,-0.037,0.029,0.019,0.01,0.042,-1.633,0.046,-1.498,0.067,-0.73,2013-07-22,banks
PFC,UCBI,2018-07-06,0.51,-3.314,1.202,-4.383,4.103,0.085,-1.399,0.008,0.057,0.061,0.026,0.013,0.013,-0.043,0.018,-0.007,-0.018,0.033,-1.949,0.026,-2.266,0.034,-1.913,2013-07-22,banks
PFC,VLY,2018-07-06,0.765,-2.885,0.336,1.564,4.103,0.017,-0.663,0.042,-0.068,0.002,-0.016,0.01,-0.054,0.058,0.017,-0.004,-0.041,-0.001,-2.93,0.017,-2.131,0.028,-1.668,2013-07-22,banks
PFC,WAL,2018-07-06,0.843,-3.649,2.478,-12.571,4.103,0.21,-1.151,-0.033,-0.022,0.003,-0.027,-0.023,-0.018,-0.011,-0.042,-0.064,-0.023,0.036,-2.179,0.039,-2.06,0.078,-0.454,2013-07-22,banks
PNC,STBA,2018-07-06,0.627,2.794,0.229,6.243,4.103,0.012,1.248,0.044,0.016,-0.017,-0.009,-0.055,0.053,0.062,0.071,0.143,0.113,0.033,1.586,0.003,2.669,0.038,1.406,2013-07-22,banks
PNC,UMPQ,2018-07-06,0.882,2.848,0.101,4.254,4.103,0.132,1.406,-0.024,0.007,0.015,-0.014,-0.013,-0.023,0.027,0.005,-0.002,-0.005,0.073,0.249,0.057,0.819,0.051,1.022,2013-07-22,banks
PNC,WSBC,2018-07-06,0.922,2.584,0.215,10.671,4.103,0.066,1.316,0.081,0.012,-0.059,0.017,0.013,0.023,0.003,0.026,-0.078,-0.116,-0.008,2.868,-0.012,2.988,0.042,1.138,2013-07-22,banks
PPBI,RNST,2018-07-06,0.98,2.738,0.604,16.296,4.103,0.729,0.828,-0.098,0.0,0.088,0.052,0.057,-0.03,-0.107,-0.005,0.018,-0.041,0.013,2.226,0.019,2.014,0.074,-0.089,2013-07-22,banks
PPBI,WSBC,2018-07-06,0.922,3.233,0.653,12.762,4.103,0.119,1.459,-0.068,-0.038,0.018,0.025,0.044,-0.034,-0.035,-0.076,-0.109,-0.038,-0.05,5.084,-0.025,4.172,0.024,2.36,2013-07-22,banks
PPBI,WSFS,2018-07-06,1.0,3.905,1.014,9.455,4.103,0.494,0.627,-0.032,-0.0,-0.009,0.017,-0.011,-0.004,0.022,-0.031,-0.026,0.007,-0.025,5.141,0.076,0.105,0.064,0.711,2013-07-22,banks
SBCF,SRCE,2018-07-06,0.529,-2.551,1.617,4.05,4.103,0.074,-0.509,0.055,-0.02,0.031,-0.033,-0.021,-0.003,0.004,0.076,-0.004,0.012,0.058,0.666,0.02,-1.445,0.017,-1.593,2013-07-22,banks
SBCF,UCBI,2018-07-06,0.725,-2.898,0.901,3.679,4.103,0.416,-1.256,0.041,-0.027,0.002,0.029,-0.051,0.087,0.11,0.05,0.153,0.08,0.042,-1.123,-0.003,-3.031,-0.004,-3.053,2013-07-22,banks
SBCF,VLY,2018-07-06,0.941,-2.506,0.253,3.793,4.103,0.138,-0.509,-0.002,-0.008,-0.018,0.025,0.024,0.018,-0.019,-0.028,-0.126,-0.124,0.001,-2.449,-0.008,-2.902,-0.005,-2.751,2013-07-22,banks
SBCF,WAL,2018-07-06,0.843,-3.399,1.861,3.995,4.103,0.613,-1.386,-0.08,0.003,0.037,-0.026,0.073,-0.037,-0.057,-0.063,-0.054,-0.014,0.045,-1.414,0.011,-2.91,0.046,-1.362,2013-07-22,banks
SHG,UMPQ,2018-07-06,0.588,3.014,0.378,-0.938,4.103,0.398,2.241,0.012,-0.034,-0.075,-0.018,-0.027,0.005,-0.001,0.04,0.014,0.009,0.029,2.408,0.02,2.607,0.048,2.018,2013-07-22,banks
SNV,WAL,2018-07-06,0.725,-3.087,1.294,-0.124,4.103,0.003,-0.69,-0.062,0.063,-0.008,0.066,0.06,-0.045,-0.09,0.008,-0.069,-0.038,0.031,-0.792,0.035,-0.432,0.074,2.446,2013-07-22,banks
SRCE,USB,2018-07-06,0.863,-2.685,0.606,18.266,4.103,0.493,-0.872,-0.018,-0.035,-0.079,-0.029,0.029,0.015,-0.064,-0.012,-0.017,-0.003,0.022,-1.73,0.04,-0.964,0.065,0.133,2013-07-22,banks
TCBI,WSBC,2018-07-06,0.804,2.824,0.255,13.823,4.103,0.187,0.577,-0.049,-0.016,0.034,-0.033,-0.028,0.005,0.052,-0.015,0.009,0.049,-0.04,4.666,-0.043,4.801,-0.004,2.988,2013-07-22,banks
UCBI,WBS,2018-07-06,1.0,2.861,1.812,-1.43,4.103,0.612,0.757,0.044,0.013,-0.001,0.039,-0.005,-0.011,-0.016,-0.012,0.039,0.077,-0.026,4.441,-0.024,4.295,-0.026,4.421,2013-07-22,banks
UCBI,WSBC,2018-07-06,0.98,3.152,1.083,7.225,4.103,0.356,0.263,0.044,-0.049,0.018,-0.021,-0.044,0.009,0.008,0.087,0.03,-0.008,-0.039,6.139,-0.045,6.674,-0.011,3.995,2013-07-22,banks
USB,WSBC,2018-07-06,0.902,2.979,0.882,-4.725,4.103,0.264,1.826,-0.003,-0.007,0.045,-0.034,0.03,0.052,-0.004,-0.041,-0.133,-0.083,-0.005,3.148,0.009,2.657,0.062,0.731,2013-07-22,banks
WAL,WSBC,2018-07-06,0.588,2.526,0.519,9.372,4.103,0.317,0.504,0.02,0.0,-0.013,-0.002,-0.019,0.008,0.027,0.029,0.095,0.099,-0.039,4.546,-0.035,4.348,0.031,0.886,2013-07-22,banks
ABR,AGNC,2018-07-06,0.529,-3.177,1.51,4.858,4.87,0.32,-2.452,0.021,0.015,-0.039,0.053,0.005,-0.056,-0.031,-0.036,-0.054,-0.018,-0.024,-3.993,-0.051,-4.899,-0.042,-4.6,2013-07-22,diversified_financials
ABR,ARI,2018-07-06,0.569,-3.817,1.409,2.976,4.87,0.282,-1.227,0.026,-0.042,0.015,-0.042,-0.004,0.034,0.01,0.024,0.012,-0.027,-0.028,-5.561,-0.047,-6.725,-0.029,-5.612,2013-07-22,diversified_financials
ABR,BAM,2018-07-06,0.706,-2.739,2.635,10.248,4.87,0.174,-0.715,-0.045,0.048,0.074,0.05,-0.001,-0.006,-0.072,-0.002,-0.03,-0.031,-0.018,-3.389,-0.04,-4.174,0.001,-2.696,2013-07-22,diversified_financials
ABR,BRK-B,2018-07-06,0.529,-4.006,24.294,50.556,4.87,0.29,-3.017,0.01,-0.021,0.023,-0.006,-0.028,-0.041,0.025,0.037,0.044,-0.031,0.018,-3.385,-0.001,-4.037,0.049,-2.329,2013-07-22,diversified_financials
ABR,BXMT,2018-07-06,0.824,-3.349,2.605,6.866,4.87,0.209,-1.834,-0.1,-0.021,0.076,-0.002,0.091,-0.059,-0.032,-0.043,-0.058,0.031,-0.019,-4.316,-0.033,-5.054,-0.013,-3.995,2013-07-22,diversified_financials
ABR,CIM,2018-07-06,0.569,-3.392,2.213,-0.742,4.87,0.12,-2.851,0.007,0.014,0.032,-0.051,-0.021,0.017,0.016,-0.032,-0.031,-0.002,-0.045,-5.034,-0.077,-6.19,-0.058,-5.515,2013-07-22,diversified_financials
ABR,ICE,2018-07-06,0.725,-4.12,9.763,10.26,4.87,0.461,-0.93,-0.052,0.051,0.016,0.052,-0.089,0.02,0.079,0.003,0.012,0.017,-0.037,-5.88,-0.046,-6.317,-0.018,-4.968,2013-07-22,diversified_financials
ABR,IX,2018-07-06,0.804,-3.813,6.685,34.18,4.87,0.002,-0.831,-0.005,0.016,0.026,-0.012,0.028,0.019,0.052,-0.038,0.067,-0.035,-0.034,-4.838,-0.066,-5.807,-0.023,-4.502,2013-07-22,diversified_financials
ABR,MKTX,2018-07-06,0.627,-4.065,38.608,-20.88,4.87,0.177,-2.959,0.022,-0.004,-0.022,0.015,-0.026,0.027,0.004,0.022,0.007,0.021,-0.065,-6.007,-0.104,-7.175,-0.066,-6.036,2013-07-22,diversified_financials
ABR,NLY,2018-07-06,0.706,-2.987,0.793,2.037,4.87,0.209,-2.569,-0.062,-0.0,0.023,-0.025,-0.022,0.006,0.021,0.04,-0.021,-0.041,-0.031,-3.862,-0.054,-4.489,-0.039,-4.077,2013-07-22,diversified_financials
ABR,SPGI,2018-07-06,0.706,-2.99,36.386,-40.933,4.87,0.139,-1.01,0.035,0.003,0.013,0.01,-0.015,-0.018,-0.041,0.044,-0.018,-0.003,-0.054,-5.674,-0.082,-7.037,-0.07,-6.46,2013-07-22,diversified_financials
ADX,BCOR,2018-07-06,0.51,2.838,6.204,-41.513,4.87,0.011,1.479,-0.046,-0.005,0.07,0.049,0.002,0.045,0.016,-0.059,-0.009,0.025,0.066,0.713,0.082,0.196,0.062,0.855,2013-07-22,diversified_financials
ADX,FHI,2018-07-06,0.902,-2.808,1.326,9.949,4.87,0.136,-1.671,-0.026,0.012,-0.034,0.054,0.013,0.051,-0.014,-0.013,-0.017,-0.025,-0.03,-3.31,-0.032,-3.349,0.004,-2.743,2013-07-22,diversified_financials
AMG,TROW,2018-07-06,0.51,2.82,0.399,6.98,4.87,0.138,0.442,-0.004,-0.013,-0.076,-0.043,0.024,0.059,-0.01,0.019,0.023,-0.024,-0.004,2.866,-0.002,2.843,-0.003,2.857,2013-07-22,diversified_financials
AMP,BCOR,2018-07-06,0.784,3.796,0.266,-12.044,4.87,0.335,2.989,-0.022,-0.027,-0.004,0.029,-0.043,0.044,0.026,-0.062,-0.065,0.01,0.068,2.668,0.07,2.635,0.071,2.632,2013-07-22,diversified_financials
AMP,IVZ,2018-07-06,0.529,-3.062,0.088,15.05,4.87,0.026,-0.92,-0.058,-0.019,0.002,0.018,-0.017,-0.053,-0.026,-0.05,-0.08,0.01,-0.028,-3.671,-0.046,-4.085,-0.1,-5.286,2013-07-22,diversified_financials
APO,BCOR,2018-07-06,0.824,2.803,1.147,-3.535,4.87,0.28,1.711,-0.02,0.069,0.046,0.021,0.016,-0.032,-0.019,-0.038,-0.001,0.007,0.076,1.209,0.06,1.54,0.044,1.883,2013-07-22,diversified_financials
APO,FHI,2018-07-06,0.647,-2.564,0.222,18.479,4.87,0.552,-0.41,0.041,-0.03,0.053,0.058,0.002,-0.028,-0.018,0.021,-0.038,-0.05,-0.024,-2.861,-0.004,-2.609,0.036,-2.131,2013-07-22,diversified_financials
APO,IX,2018-07-06,0.686,-2.664,1.079,45.797,4.87,0.649,-0.119,0.049,-0.033,0.021,0.004,-0.012,-0.002,-0.015,0.024,0.039,-0.014,-0.011,-3.004,-0.008,-2.929,0.004,-2.541,2013-07-22,diversified_financials
APO,STT,2018-07-06,0.608,-3.172,2.344,28.237,4.87,0.379,-0.601,0.019,0.0,0.055,-0.053,-0.01,0.023,0.023,0.028,0.007,-0.01,-0.04,-4.666,-0.032,-4.367,-0.041,-4.73,2013-07-22,diversified_financials
ARI,IX,2018-07-06,0.804,-2.597,4.829,19.264,4.87,0.036,-0.21,-0.021,-0.033,0.017,-0.027,0.032,-0.02,-0.034,0.02,-0.022,0.009,-0.008,-2.906,-0.022,-3.457,0.003,-2.484,2013-07-22,diversified_financials
AXP,BCOR,2018-07-06,0.529,3.533,0.526,-21.083,4.87,0.452,2.027,-0.108,-0.047,0.071,0.016,0.054,-0.0,-0.119,-0.04,-0.003,-0.024,0.072,1.618,0.09,1.115,0.082,1.339,2013-07-22,diversified_financials
AXP,IVZ,2018-07-06,0.686,-3.036,0.134,14.878,4.87,0.005,-1.15,0.065,-0.024,-0.003,-0.045,-0.002,-0.006,0.031,-0.036,0.005,0.041,-0.036,-3.716,-0.064,-4.232,-0.106,-5.032,2013-07-22,diversified_financials
BCOR,GAM,2018-07-06,0.706,-2.734,0.353,18.996,4.87,0.11,-0.33,0.007,-0.003,-0.035,0.018,0.05,0.015,-0.09,-0.023,-0.042,-0.028,0.067,-0.502,0.078,-0.13,0.06,-0.74,2013-07-22,diversified_financials
BCOR,GS,2018-07-06,0.51,-2.831,3.546,129.136,4.87,0.366,-2.312,0.028,-0.007,-0.018,-0.038,0.016,0.029,-0.03,0.013,-0.043,-0.095,0.091,-1.434,0.09,-1.445,0.043,-2.172,2013-07-22,diversified_financials
BCOR,IVZ,2018-07-06,0.608,-2.742,0.153,22.001,4.87,0.266,-1.184,-0.076,-0.05,0.072,0.033,0.075,-0.033,-0.056,0.027,-0.095,0.002,-0.006,-2.81,-0.022,-3.007,-0.074,-3.647,2013-07-22,diversified_financials
BCOR,IX,2018-07-06,0.667,-2.832,0.729,52.697,4.87,0.415,-0.568,0.021,0.045,-0.003,-0.002,-0.001,0.031,-0.031,-0.047,-0.054,-0.034,0.031,-2.166,0.024,-2.318,0.029,-2.201,2013-07-22,diversified_financials
BCOR,JEF,2018-07-06,0.863,-2.612,0.3,12.988,4.87,0.272,-1.858,-0.003,0.013,0.026,0.02,0.003,0.008,-0.043,0.002,-0.015,-0.015,0.095,-1.259,0.064,-1.702,0.032,-2.157,2013-07-22,diversified_financials
BCOR,MS,2018-07-06,0.529,-3.568,0.98,16.444,4.87,0.256,-3.216,-0.001,0.071,-0.002,0.06,0.007,0.043,0.013,0.003,0.002,0.029,0.099,-1.784,0.076,-2.189,0.036,-2.915,2013-07-22,diversified_financials
BCOR,STT,2018-07-06,0.588,-3.543,1.677,41.651,4.87,0.164,-2.28,0.024,-0.089,0.015,-0.017,0.005,-0.006,-0.009,0.019,0.011,0.032,0.023,-3.048,0.017,-3.177,-0.004,-3.64,2013-07-22,diversified_financials
BGCP,RILY,2018-07-06,0.706,2.945,1.972,-0.182,4.87,0.293,2.048,-0.055,-0.01,-0.031,-0.047,-0.049,0.054,0.028,0.149,0.088,0.002,0.015,2.702,0.032,2.438,0.028,2.504,2013-07-22,diversified_financials
BLK,MCO,2018-07-06,0.529,3.096,0.335,-6.152,4.87,0.128,1.629,0.027,0.024,-0.012,0.002,-0.012,0.078,-0.015,0.082,0.04,-0.043,-0.004,3.277,-0.024,4.157,0.015,2.462,2013-07-22,diversified_financials
BLK,SPGI,2018-07-06,0.745,3.666,0.441,-30.946,4.87,0.192,2.073,0.107,0.04,-0.076,-0.016,-0.061,-0.002,0.133,0.042,0.005,0.026,0.011,3.181,-0.012,4.186,0.017,2.908,2013-07-22,diversified_financials
BRK-A,BRK-B,2018-07-06,0.98,-3.503,0.001,-0.164,4.87,0.516,-0.03,0.01,0.125,-0.024,-0.003,-0.008,0.024,-0.019,-0.007,-0.053,-0.061,-0.001,-4.085,0.001,-2.184,0.005,1.162,2013-07-22,diversified_financials
BX,FHI,2018-07-06,0.667,-2.598,0.373,14.061,4.87,0.695,-1.651,0.032,-0.041,0.006,0.004,0.033,-0.054,-0.059,-0.006,-0.072,-0.076,-0.022,-2.902,-0.019,-2.867,0.006,-2.509,2013-07-22,diversified_financials
CACC,FHI,2018-07-06,0.902,-2.706,0.023,17.056,4.87,0.404,-1.587,0.017,0.011,0.017,0.005,-0.007,0.058,0.019,0.029,0.029,-0.045,-0.092,-3.888,-0.071,-3.622,-0.005,-2.771,2013-07-22,diversified_financials
DB,PRAA,2018-07-06,0.647,2.665,1.294,12.896,4.87,0.704,1.177,0.014,0.072,-0.088,0.105,-0.02,0.002,-0.019,0.011,-0.014,0.03,0.066,1.978,0.083,1.803,0.104,1.584,2013-07-22,diversified_financials
ECPG,LPLA,2018-07-06,0.765,2.5,1.232,-2.45,4.87,0.329,1.657,0.081,0.059,-0.076,0.004,0.012,-0.014,-0.015,-0.042,-0.034,0.018,-0.033,2.967,0.009,2.372,-0.044,3.124,2013-07-22,diversified_financials
EVR,IX,2018-07-06,1.0,-3.044,0.377,42.305,4.87,0.052,-0.183,0.031,0.025,-0.029,-0.037,-0.014,0.014,-0.022,0.008,0.014,0.007,-0.029,-3.977,-0.001,-3.065,0.044,-1.637,2013-07-22,diversified_financials
EVR,SCHW,2018-07-06,0.804,-3.953,0.529,4.325,4.87,0.411,-0.78,0.002,0.014,0.016,-0.065,0.007,0.048,-0.001,0.031,0.019,-0.034,-0.035,-5.839,0.013,-3.246,0.063,-0.603,2013-07-22,diversified_financials
FDS,FHI,2018-07-06,0.706,-2.793,0.084,8.708,4.87,0.197,-1.65,-0.016,-0.035,0.036,0.029,0.012,0.011,-0.015,-0.022,-0.071,-0.001,-0.04,-3.511,-0.071,-4.055,-0.019,-3.138,2013-07-22,diversified_financials
GDOT,IX,2018-07-06,0.98,-2.635,0.335,53.046,4.87,0.71,-0.238,-0.024,-0.007,-0.069,0.002,-0.002,0.056,0.01,-0.033,0.036,-0.006,-0.02,-3.138,-0.04,-3.65,-0.018,-3.077,2013-07-22,diversified_financials
IBKR,MORN,2018-07-06,0.667,5.113,0.833,45.327,4.87,0.498,0.73,0.029,0.044,-0.028,0.057,0.004,-0.011,0.004,-0.002,-0.021,0.016,-0.012,5.451,-0.063,6.936,0.033,4.156,2013-07-22,diversified_financials
ICE,MSCI,2018-07-06,0.882,2.676,3.056,-75.654,4.87,0.078,0.653,0.024,0.107,-0.034,0.072,0.005,-0.07,-0.013,-0.04,-0.055,0.004,-0.013,3.269,-0.004,2.855,0.007,2.357,2013-07-22,diversified_financials
IVZ,KKR,2018-07-06,0.706,4.849,0.865,-5.381,4.87,0.815,1.187,-0.02,-0.01,0.014,-0.063,0.027,0.008,0.006,0.041,0.027,0.035,-0.014,5.096,0.005,4.753,-0.065,6.035,2013-07-22,diversified_financials
IVZ,LPLA,2018-07-06,0.51,3.036,2.954,-33.14,4.87,0.077,3.011,-0.0,-0.015,0.005,0.034,-0.002,-0.003,-0.024,-0.042,-0.009,-0.068,-0.033,3.43,-0.03,3.394,-0.048,3.62,2013-07-22,diversified_financials
IVZ,PRG,2018-07-06,0.569,2.759,1.765,-15.615,4.87,0.064,1.599,-0.019,0.01,-0.035,-0.001,-0.019,-0.012,0.028,0.001,0.014,-0.027,-0.045,3.414,-0.1,4.232,-0.158,5.077,2013-07-22,diversified_financials
IVZ,TROW,2018-07-06,0.588,2.79,2.836,1.917,4.87,0.203,0.541,0.013,-0.028,-0.022,-0.005,-0.035,0.077,0.034,-0.026,0.0,-0.017,-0.033,3.162,-0.016,2.977,-0.02,3.015,2013-07-22,diversified_financials
IVZ,WRLD,2018-07-06,0.569,2.979,4.947,-58.747,4.87,0.466,2.736,0.035,-0.027,0.035,0.042,0.025,-0.002,-0.015,-0.057,-0.016,0.046,0.017,2.809,-0.042,3.398,-0.016,3.142,2013-07-22,diversified_financials
IX,RILY,2018-07-06,0.529,3.254,0.399,-15.433,4.87,0.001,0.192,0.022,0.036,-0.036,0.057,0.036,0.002,-0.041,0.006,-0.002,-0.012,0.008,3.022,-0.019,3.812,0.014,2.841,2013-07-22,diversified_financials
IX,SNEX,2018-07-06,0.569,3.65,0.794,-15.663,4.87,0.255,0.93,-0.064,0.051,0.001,-0.005,-0.006,-0.008,-0.01,-0.08,0.021,-0.022,-0.04,4.836,-0.047,5.045,0.038,2.506,2013-07-22,diversified_financials
JEF,PMT,2018-07-06,0.843,3.218,0.428,2.174,4.87,0.342,2.051,0.01,0.014,0.011,-0.0,-0.027,0.073,0.056,-0.003,0.046,0.009,0.001,3.195,-0.024,3.722,-0.024,3.713,2013-07-22,diversified_financials
JEF,RWT,2018-07-06,0.922,2.69,0.412,2.428,4.87,0.572,0.975,0.064,0.031,-0.04,0.065,-0.014,0.072,0.111,0.014,0.028,0.084,0.045,1.48,0.005,2.566,0.016,2.268,2013-07-22,diversified_financials
KKR,LAZ,2018-07-06,0.863,-5.038,1.925,3.086,4.87,0.122,-0.64,0.054,-0.025,0.0,-0.013,-0.007,0.034,0.01,0.007,-0.042,-0.001,0.038,-3.32,0.005,-4.815,-0.036,-6.646,2013-07-22,diversified_financials
KKR,SF,2018-07-06,0.804,-4.85,1.75,2.086,4.87,0.643,-2.678,0.007,-0.032,0.055,-0.102,-0.005,0.023,0.001,-0.007,0.02,0.012,0.027,-4.058,0.056,-3.194,-0.019,-5.417,2013-07-22,diversified_financials
MKTX,SNEX,2018-07-06,0.686,2.549,0.142,13.672,4.87,0.526,1.685,0.037,0.018,-0.028,0.011,-0.039,0.028,0.017,0.076,0.024,-0.012,-0.068,3.927,-0.072,4.011,0.022,2.1,2013-07-22,diversified_financials
MORN,NOAH,2018-07-06,0.784,-4.014,0.811,-34.184,4.87,0.076,-1.599,0.036,-0.048,0.039,0.007,-0.004,-0.016,-0.018,-0.1,0.006,0.014,-0.025,-4.813,-0.09,-6.847,-0.017,-4.558,2013-07-22,diversified_financials
ACH,MTRN,2018-07-06,0.706,3.366,1.741,14.582,2.928,0.864,0.639,0.002,0.013,0.003,0.009,0.034,0.017,-0.038,-0.045,-0.005,-0.0,-0.102,4.461,-0.081,4.236,-0.003,3.4,2013-07-22,metals_and_mining
ATI,GSM,2018-07-06,0.627,-2.738,0.313,5.245,2.928,0.643,-1.421,-0.048,-0.026,0.018,-0.023,0.013,-0.03,-0.015,-0.015,-0.009,-0.008,-0.052,-3.177,-0.002,-2.756,-0.064,-3.278,2013-07-22,metals_and_mining
BHP,HBM,2018-07-06,0.863,-3.409,0.289,-0.562,2.928,0.221,-1.562,0.022,0.055,-0.04,-0.057,-0.035,0.008,0.039,-0.043,0.038,0.067,-0.034,-3.918,-0.023,-3.763,-0.064,-4.374,2013-07-22,metals_and_mining
BHP,MT,2018-07-06,1.0,-2.806,1.272,-5.757,2.928,0.782,-0.443,-0.017,0.015,0.022,-0.015,0.003,0.009,-0.011,0.015,-0.012,0.039,0.019,-2.095,0.015,-2.271,-0.018,-3.464,2013-07-22,metals_and_mining
HBM,MT,2018-07-06,0.745,2.581,3.395,2.561,2.928,0.691,0.944,-0.06,-0.004,0.005,-0.023,0.025,0.001,-0.009,-0.042,-0.015,-0.016,-0.064,3.494,-0.035,3.076,-0.048,3.262,2013-07-22,metals_and_mining
AAPL,CAJ,2018-07-06,0.627,-3.443,0.459,11.994,3.973,0.011,-1.577,-0.054,0.026,0.051,0.017,0.001,0.049,0.034,0.02,-0.008,0.027,-0.042,-4.914,-0.098,-6.881,-0.093,-6.718,2013-07-22,technology_hardware_and_equipment
AAPL,CTS,2018-07-06,0.706,4.341,0.578,2.758,3.973,0.22,2.841,-0.021,0.017,0.051,-0.035,0.018,-0.013,-0.011,0.03,-0.003,-0.041,0.097,1.344,0.119,0.658,0.178,-1.174,2013-07-22,technology_hardware_and_equipment
AEIS,CNXN,2018-07-06,0.941,4.226,0.112,18.557,3.973,0.22,2.787,-0.048,0.02,0.074,0.01,0.012,-0.063,-0.007,0.022,-0.045,0.026,-0.091,6.185,-0.122,6.858,-0.129,7.014,2013-07-22,technology_hardware_and_equipment
AEIS,CTS,2018-07-06,0.686,4.52,0.173,11.918,3.973,0.866,1.164,-0.035,0.042,-0.03,-0.052,0.004,0.091,0.024,0.018,0.028,0.022,0.068,3.56,0.046,3.869,0.081,3.376,2013-07-22,technology_hardware_and_equipment
AEIS,LFUS,2018-07-06,0.569,3.069,1.895,44.293,3.973,0.876,2.776,-0.089,-0.029,0.051,0.022,0.01,0.025,0.027,0.024,0.107,0.022,0.022,2.69,0.016,2.8,0.043,2.327,2013-07-22,technology_hardware_and_equipment
AEIS,LOGI,2018-07-06,0.686,3.462,0.483,-0.169,3.973,0.739,2.716,0.03,-0.01,-0.027,-0.044,-0.006,0.041,-0.004,0.013,-0.055,-0.021,-0.015,3.724,-0.037,4.119,-0.06,4.54,2013-07-22,technology_hardware_and_equipment
AEIS,MSI,2018-07-06,0.804,3.372,0.57,45.388,3.973,0.964,0.25,0.052,0.056,-0.007,0.029,-0.133,0.005,0.038,0.015,-0.016,0.0,-0.005,3.445,-0.055,4.226,-0.093,4.809,2013-07-22,technology_hardware_and_equipment
AEIS,NSIT,2018-07-06,0.804,3.504,0.345,16.263,3.973,0.655,1.349,0.024,-0.026,0.041,-0.04,-0.008,-0.022,-0.019,0.037,0.007,0.02,-0.03,4.083,-0.05,4.47,-0.063,4.723,2013-07-22,technology_hardware_and_equipment
APH,CNXN,2018-07-06,0.627,3.082,0.314,14.156,3.973,0.012,1.503,-0.083,0.017,-0.008,-0.015,0.054,0.023,-0.043,-0.078,0.014,-0.009,-0.06,4.56,-0.084,5.172,-0.074,4.915,2013-07-22,technology_hardware_and_equipment
APH,CTS,2018-07-06,0.804,4.997,0.623,0.536,3.973,0.054,0.073,-0.019,0.007,0.047,-0.045,-0.009,-0.009,0.036,0.029,-0.01,0.019,0.078,2.727,0.065,3.101,0.106,1.898,2013-07-22,technology_hardware_and_equipment
APH,FLEX,2018-07-06,0.627,-2.693,0.346,2.943,3.973,0.106,-1.286,-0.009,0.008,0.075,-0.004,-0.015,-0.029,0.079,0.031,0.05,0.081,-0.039,-3.632,-0.065,-4.23,-0.079,-4.567,2013-07-22,technology_hardware_and_equipment
APH,MSI,2018-07-06,0.569,3.257,1.969,10.682,3.973,0.153,2.122,0.021,-0.014,0.002,-0.024,0.021,-0.07,-0.026,-0.027,-0.024,-0.058,0.024,2.4,-0.01,3.611,-0.021,4.015,2013-07-22,technology_hardware_and_equipment
ARW,CNXN,2018-07-06,0.765,3.881,0.23,8.655,3.973,0.063,2.39,0.095,0.032,-0.069,-0.017,0.027,-0.065,-0.053,-0.001,0.008,-0.032,-0.075,6.024,-0.1,6.73,-0.096,6.615,2013-07-22,technology_hardware_and_equipment
ARW,CTS,2018-07-06,0.549,4.505,0.377,-4.994,3.973,0.01,0.556,-0.051,0.004,0.047,0.037,-0.034,0.009,0.032,0.022,0.016,-0.012,0.045,3.535,0.029,3.881,0.064,3.113,2013-07-22,technology_hardware_and_equipment
BMI,MSI,2018-07-06,0.843,2.782,1.899,7.174,3.973,0.184,1.452,-0.033,-0.028,0.027,-0.034,-0.013,-0.026,0.011,0.031,-0.018,0.003,0.054,1.339,0.046,1.549,0.003,2.706,2013-07-22,technology_hardware_and_equipment
CAJ,NATI,2018-07-06,0.725,2.627,1.911,-19.286,3.973,0.007,0.384,-0.083,-0.067,0.005,0.0,-0.007,0.058,0.015,-0.02,-0.019,0.01,-0.009,2.992,-0.054,4.801,-0.033,3.97,2013-07-22,technology_hardware_and_equipment
CAJ,ZBRA,2018-07-06,0.627,3.05,6.292,-75.541,3.973,0.217,1.909,-0.075,-0.01,0.006,-0.016,-0.021,0.089,0.054,0.062,0.065,0.015,0.025,2.534,-0.065,4.422,-0.053,4.153,2013-07-22,technology_hardware_and_equipment
CGNX,CTS,2018-07-06,0.824,4.862,0.236,12.979,3.973,0.816,0.393,0.012,-0.043,-0.004,-0.039,-0.047,0.005,0.042,-0.01,-0.025,0.011,0.099,3.264,0.073,3.679,0.165,2.198,2013-07-22,technology_hardware_and_equipment
CGNX,TDY,2018-07-06,0.667,2.862,2.213,54.128,3.973,0.641,2.755,-0.016,-0.016,0.035,0.025,0.021,-0.085,-0.174,-0.017,-0.165,-0.026,-0.039,3.556,-0.093,4.501,-0.072,4.131,2013-07-22,technology_hardware_and_equipment
CIEN,CTS,2018-07-06,0.569,3.075,1.016,-1.625,3.973,0.291,2.236,-0.033,0.139,0.006,0.081,-0.029,0.03,0.028,0.053,0.129,0.094,0.027,2.623,0.097,1.453,0.13,0.886,2013-07-22,technology_hardware_and_equipment
CIEN,POLY,2018-07-06,0.569,3.517,2.138,1.293,3.973,0.147,1.376,-0.037,-0.034,-0.032,-0.03,-0.017,-0.055,0.023,0.017,-0.009,-0.012,0.07,1.826,0.181,-0.834,0.218,-1.729,2013-07-22,technology_hardware_and_equipment
CLS,CTS,2018-07-06,0.529,3.541,0.506,15.188,3.973,0.634,1.044,0.059,0.038,0.002,0.021,0.01,-0.044,-0.033,-0.017,-0.013,-0.059,0.074,2.851,0.047,3.102,0.114,2.477,2013-07-22,technology_hardware_and_equipment
CLS,POLY,2018-07-06,0.569,3.869,2.008,25.679,3.973,0.84,0.07,0.0,0.022,-0.016,0.031,0.011,0.0,-0.06,-0.008,-0.053,0.021,0.123,2.197,0.153,1.794,0.205,1.092,2013-07-22,technology_hardware_and_equipment
CNXN,FLEX,2018-07-06,0.686,-2.811,0.626,-1.01,3.973,0.004,-1.98,-0.066,-0.015,0.053,-0.009,0.002,0.048,0.001,0.049,0.03,0.011,-0.07,-4.072,-0.109,-4.771,-0.119,-4.948,2013-07-22,technology_hardware_and_equipment
CNXN,MEI,2018-07-06,0.941,-2.734,1.605,-4.752,3.973,0.049,-0.935,0.019,-0.006,-0.012,-0.039,-0.03,0.061,0.141,-0.004,0.067,0.056,-0.075,-4.664,-0.097,-5.214,-0.147,-6.502,2013-07-22,technology_hardware_and_equipment
CSCO,CTS,2018-07-06,0.902,4.508,0.781,-0.356,3.973,0.011,2.975,0.059,0.049,0.036,0.023,-0.052,0.055,0.033,-0.051,-0.045,0.055,0.055,2.615,0.078,1.801,0.147,-0.582,2013-07-22,technology_hardware_and_equipment
CTS,MEI,2018-07-06,0.902,-2.903,0.909,15.409,3.973,0.192,-1.626,0.007,-0.005,0.053,-0.023,0.148,0.016,-0.09,-0.027,-0.014,-0.047,0.026,-2.409,0.013,-2.649,-0.026,-3.396,2013-07-22,technology_hardware_and_equipment
EXTR,PAR,2018-07-06,0.667,4.531,0.607,3.516,3.973,0.806,0.788,0.007,0.018,0.0,0.009,-0.017,0.061,0.034,-0.001,-0.0,-0.008,-0.038,4.97,-0.333,8.382,-0.269,7.644,2013-07-22,technology_hardware_and_equipment
FLEX,MSI,2018-07-06,0.588,3.733,4.011,18.09,3.973,0.205,0.182,0.043,0.052,-0.054,0.035,-0.015,0.0,0.008,-0.052,-0.0,0.01,-0.009,3.884,-0.067,4.896,-0.085,5.196,2013-07-22,technology_hardware_and_equipment
FLEX,NSIT,2018-07-06,0.647,3.21,2.177,3.339,3.973,0.26,1.923,0.005,0.081,-0.025,0.014,-0.006,-0.027,0.009,-0.022,-0.025,-0.009,-0.031,3.733,-0.066,4.309,-0.055,4.129,2013-07-22,technology_hardware_and_equipment
FLEX,PLXS,2018-07-06,0.608,3.514,3.199,3.559,3.973,0.098,2.02,-0.055,0.066,0.106,0.012,0.031,0.061,-0.082,-0.026,-0.026,-0.008,0.006,3.327,-0.023,4.186,0.001,3.486,2013-07-22,technology_hardware_and_equipment
HPQ,LPL,2018-07-06,0.706,-3.258,0.279,7.893,3.973,0.006,-2.56,-0.005,0.029,0.088,0.01,-0.023,0.003,0.059,0.041,0.091,0.076,0.109,-2.348,0.081,-2.578,-0.05,-3.673,2013-07-22,technology_hardware_and_equipment
IIVI,LFUS,2018-07-06,0.608,2.949,3.774,29.999,3.973,0.721,0.349,-0.017,-0.028,0.041,-0.043,0.003,-0.02,-0.009,0.051,0.033,-0.022,0.002,2.894,0.072,0.378,0.104,-0.784,2013-07-22,technology_hardware_and_equipment
IIVI,MSI,2018-07-06,0.98,3.373,1.219,38.577,3.973,0.87,1.204,0.016,-0.025,0.059,0.012,-0.007,-0.003,0.007,0.027,0.007,0.013,-0.018,3.808,-0.006,3.52,-0.037,4.276,2013-07-22,technology_hardware_and_equipment
IIVI,PAR,2018-07-06,0.51,4.019,0.218,1.049,3.973,0.58,3.371,-0.015,-0.015,-0.012,-0.004,0.021,-0.078,-0.032,-0.02,-0.044,-0.057,-0.052,4.762,-0.176,6.566,-0.154,6.237,2013-07-22,technology_hardware_and_equipment
IIVI,PLUS,2018-07-06,0.725,2.567,0.818,5.587,3.973,0.796,0.65,-0.034,0.043,-0.013,0.019,0.01,-0.008,0.009,-0.082,-0.012,0.029,-0.04,3.459,0.042,1.629,0.083,0.736,2013-07-22,technology_hardware_and_equipment
IPGP,PAR,2018-07-06,0.588,4.25,0.041,2.0,3.973,0.519,2.929,-0.018,-0.0,0.011,0.002,0.02,-0.062,0.021,-0.01,-0.047,-0.047,-0.118,6.38,-0.324,10.116,-0.273,9.191,2013-07-22,technology_hardware_and_equipment
ITRI,MSI,2018-07-06,0.725,3.526,0.748,34.224,3.973,0.579,0.142,-0.032,0.102,-0.046,0.063,0.036,-0.007,0.023,0.039,0.079,-0.017,-0.008,3.667,-0.031,4.068,-0.055,4.475,2013-07-22,technology_hardware_and_equipment
JBL,PAR,2018-07-06,0.529,4.034,0.524,-4.549,3.973,0.018,3.457,0.015,0.048,-0.05,0.019,-0.128,0.04,0.027,-0.014,0.032,-0.005,-0.028,4.494,-0.166,6.751,-0.167,6.766,2013-07-22,technology_hardware_and_equipment
JBL,PLUS,2018-07-06,0.51,2.759,2.021,-16.593,3.973,0.0,0.462,-0.067,-0.006,0.022,-0.004,0.011,0.011,0.009,0.033,-0.013,-0.058,-0.015,3.148,0.014,2.407,0.022,2.203,2013-07-22,technology_hardware_and_equipment
LFUS,MSI,2018-07-06,0.98,2.523,0.333,27.39,3.973,0.758,0.5,0.008,-0.066,-0.002,-0.089,-0.068,0.042,0.034,-0.02,-0.035,0.006,-0.017,3.215,-0.053,4.676,-0.103,6.718,2013-07-22,technology_hardware_and_equipment
LFUS,SNX,2018-07-06,0.549,-2.703,0.159,28.117,3.973,0.091,-1.362,-0.041,-0.065,0.059,-0.038,0.048,-0.061,-0.076,-0.031,-0.087,-0.042,-0.026,-3.165,-0.036,-3.339,-0.019,-3.043,2013-07-22,technology_hardware_and_equipment
LOGI,SNX,2018-07-06,0.706,-2.51,0.638,34.917,3.973,0.011,-1.201,-0.001,-0.016,0.043,-0.043,-0.033,-0.057,0.025,0.08,-0.044,0.011,-0.053,-3.331,-0.072,-3.637,-0.086,-3.849,2013-07-22,technology_hardware_and_equipment
LPL,MEI,2018-07-06,0.902,2.636,1.965,11.334,3.973,0.185,1.415,0.021,0.001,-0.065,0.013,-0.038,-0.015,0.085,0.022,0.016,0.003,0.08,1.619,0.072,1.719,0.137,0.899,2013-07-22,technology_hardware_and_equipment
MSI,PAR,2018-07-06,0.569,2.572,0.184,-6.284,3.973,0.009,0.617,-0.084,0.041,0.017,0.001,0.04,-0.002,0.034,-0.042,0.071,0.006,-0.022,3.252,-0.118,6.137,-0.078,4.947,2013-07-22,technology_hardware_and_equipment
NOVT,PAR,2018-07-06,0.569,3.574,0.155,3.071,3.973,0.676,1.372,-0.004,0.023,-0.029,0.04,0.007,-0.001,-0.016,0.034,0.004,-0.042,-0.024,4.11,-0.161,7.136,-0.144,6.744,2013-07-22,technology_hardware_and_equipment
NSIT,SANM,2018-07-06,0.529,-2.892,0.741,3.969,3.973,0.481,-0.807,0.06,0.016,-0.02,0.014,-0.035,-0.018,0.017,0.036,0.048,0.065,-0.032,-3.472,-0.047,-3.745,-0.068,-4.135,2013-07-22,technology_hardware_and_equipment
PLUS,SNX,2018-07-06,0.529,-2.556,0.651,31.313,3.973,0.031,-1.352,-0.037,0.024,0.008,0.058,-0.019,0.061,-0.014,0.034,0.107,0.027,-0.056,-3.428,-0.056,-3.429,-0.04,-3.175,2013-07-22,technology_hardware_and_equipment
AEE,AQN,2018-07-06,0.941,-2.915,0.172,-0.511,3.862,0.182,-0.356,0.022,-0.009,-0.016,-0.075,-0.075,0.014,0.056,0.064,0.028,-0.002,0.012,-2.297,0.006,-2.604,0.006,-2.625,2013-07-22,utilities
AEE,PNM,2018-07-06,0.824,-2.807,0.71,-1.62,3.862,0.15,-0.522,-0.027,0.063,-0.012,0.029,0.013,-0.01,-0.065,0.008,-0.0,0.009,0.001,-2.731,-0.022,-4.535,-0.023,-4.658,2013-07-22,utilities
AEP,ED,2018-07-06,0.608,-2.849,1.129,-0.758,3.862,0.019,-0.076,-0.06,0.044,-0.018,0.008,-0.295,-0.002,0.06,0.019,-0.038,0.008,-0.001,-3.063,-0.005,-3.582,-0.011,-4.475,2013-07-22,utilities
AEP,NJR,2018-07-06,0.882,2.748,0.713,-7.762,3.862,0.599,1.041,0.021,-0.026,0.029,-0.029,0.004,0.013,0.009,0.045,-0.026,-0.029,0.011,2.162,0.026,1.305,0.014,2.0,2013-07-22,utilities
AES,ELP,2018-07-06,0.941,-2.867,0.24,0.301,3.862,0.033,-1.619,0.027,-0.06,-0.022,0.021,0.002,-0.059,0.023,-0.021,-0.017,0.014,-0.043,-3.378,-0.08,-3.825,-0.049,-3.451,2013-07-22,utilities
ALE,AQN,2018-07-06,0.902,-2.911,0.118,0.939,3.862,0.142,-0.381,-0.015,0.08,0.071,0.059,0.002,0.011,-0.072,0.011,-0.02,-0.028,0.042,-0.883,0.057,-0.173,0.063,0.085,2013-07-22,utilities
ALE,FTS,2018-07-06,0.667,-2.891,0.315,8.664,3.862,0.247,-0.317,0.003,-0.021,-0.07,-0.021,0.025,0.003,-0.027,-0.02,-0.026,-0.039,0.032,-1.354,0.027,-1.564,0.026,-1.612,2013-07-22,utilities
ALE,ORA,2018-07-06,0.608,-2.82,0.949,-1.898,3.862,0.164,-1.332,0.003,-0.041,-0.043,0.024,0.017,-0.014,-0.058,0.046,-0.035,-0.023,0.019,-2.225,0.004,-2.702,0.023,-2.105,2013-07-22,utilities
AQN,CPK,2018-07-06,0.686,3.77,7.694,5.867,3.862,0.308,0.389,-0.003,0.06,0.005,-0.014,-0.052,0.05,0.044,0.092,0.004,-0.035,0.03,2.472,0.02,2.905,0.045,1.809,2013-07-22,utilities
AQN,EXC,2018-07-06,0.902,3.255,2.38,3.156,3.862,0.267,2.078,-0.019,-0.034,0.002,0.004,-0.013,0.008,-0.013,0.014,-0.009,-0.043,0.022,2.483,0.007,2.994,0.015,2.726,2013-07-22,utilities
AQN,FE,2018-07-06,0.51,3.106,0.684,20.727,3.862,0.076,1.303,-0.044,-0.08,-0.018,-0.085,0.018,-0.053,-0.024,0.012,-0.028,0.018,0.01,2.875,-0.022,3.623,-0.008,3.304,2013-07-22,utilities
AQN,IDA,2018-07-06,0.627,2.773,7.935,12.449,3.862,0.196,0.312,-0.027,0.014,-0.003,0.014,0.062,-0.001,-0.034,-0.01,0.057,-0.011,0.008,2.407,-0.006,3.05,-0.004,2.972,2013-07-22,utilities
AQN,NEE,2018-07-06,0.843,3.458,4.521,-3.818,3.862,0.562,1.287,0.051,0.005,-0.044,0.042,-0.005,-0.018,-0.001,0.045,0.005,-0.052,0.016,2.831,0.026,2.425,0.027,2.373,2013-07-22,utilities
AQN,NJR,2018-07-06,0.725,3.812,3.639,5.347,3.862,0.306,0.914,0.084,0.033,-0.054,-0.035,-0.052,0.054,0.11,-0.031,-0.001,0.058,0.031,2.587,0.04,2.232,0.044,2.089,2013-07-22,utilities
AQN,PEG,2018-07-06,0.863,2.759,3.127,15.547,3.862,0.284,1.585,-0.0,0.032,-0.048,0.047,-0.03,0.053,-0.007,-0.004,-0.01,-0.013,0.036,1.673,0.028,1.902,0.026,1.966,2013-07-22,utilities
AQN,SRE,2018-07-06,0.961,2.565,6.174,46.688,3.862,0.165,0.094,-0.046,0.014,-0.01,-0.002,0.005,-0.033,-0.006,-0.018,-0.048,-0.024,0.026,1.368,0.02,1.629,0.03,1.19,2013-07-22,utilities
AVA,FE,2018-07-06,0.549,2.813,0.184,19.184,3.862,0.011,0.645,-0.041,-0.03,-0.002,-0.023,0.009,-0.0,-0.02,-0.034,0.008,0.002,-0.004,2.947,-0.035,3.883,-0.025,3.594,2013-07-22,utilities
CMS,ED,2018-07-06,0.922,-3.154,1.489,6.394,3.862,0.255,-0.69,0.007,-0.0,-0.025,-0.016,0.036,-0.015,0.003,-0.019,-0.007,0.012,-0.005,-3.696,-0.008,-4.011,-0.021,-5.531,2013-07-22,utilities
CMS,NJR,2018-07-06,0.725,2.542,0.961,-4.011,3.862,0.177,0.716,-0.001,0.017,0.034,-0.037,-0.011,-0.032,-0.018,0.079,-0.007,0.0,0.014,1.66,0.03,0.699,0.024,1.063,2013-07-22,utilities
CNP,EXC,2018-07-06,0.627,2.712,0.702,5.975,3.862,0.226,1.633,0.03,0.025,-0.021,0.011,-0.008,0.024,-0.01,-0.013,0.006,0.038,0.011,2.305,-0.005,2.883,-0.015,3.234,2013-07-22,utilities
CNP,SBS,2018-07-06,0.745,-3.422,0.461,-1.922,3.862,0.003,-1.922,0.085,0.065,-0.072,-0.005,-0.003,-0.007,0.01,-0.05,-0.042,0.025,0.037,-2.814,-0.052,-4.275,0.032,-2.895,2013-07-22,utilities
CPK,ED,2018-07-06,0.961,-2.604,0.677,20.029,3.862,0.406,-0.39,0.014,-0.029,-0.107,0.061,0.005,-0.012,-0.035,-0.026,-0.108,-0.059,0.007,-2.275,0.005,-2.348,0.0,-2.584,2013-07-22,utilities
CPK,ORA,2018-07-06,0.922,-2.771,0.9,-6.53,3.862,0.345,-1.027,-0.011,0.026,0.004,0.006,-0.007,-0.001,-0.008,-0.01,-0.017,0.024,0.007,-2.578,-0.031,-3.598,0.007,-2.589,2013-07-22,utilities
CPK,PAM,2018-07-06,0.725,-4.223,1.703,-62.714,3.862,0.065,-2.052,0.002,-0.022,-0.03,0.005,0.051,-0.025,-0.03,-0.125,-0.055,0.022,0.031,-3.603,-0.061,-5.463,-0.014,-4.509,2013-07-22,utilities
CPK,PNM,2018-07-06,1.0,-3.511,0.477,1.027,3.862,0.083,-0.116,-0.005,0.087,-0.009,0.069,-0.01,-0.015,-0.026,-0.012,0.043,0.047,0.018,-2.299,-0.006,-3.938,0.015,-2.513,2013-07-22,utilities
CPK,PNW,2018-07-06,0.941,-2.73,0.836,12.771,3.862,0.474,-0.789,-0.026,0.038,-0.002,0.04,0.002,-0.042,-0.002,0.003,-0.01,0.067,0.006,-2.451,-0.021,-3.735,0.006,-2.449,2013-07-22,utilities
CPK,XEL,2018-07-06,0.98,-2.595,0.494,7.227,3.862,0.772,-0.166,-0.011,-0.028,0.045,-0.015,-0.028,-0.036,-0.001,0.017,0.023,0.006,0.015,-1.687,0.017,-1.572,0.027,-0.983,2013-07-22,utilities
CWT,SBS,2018-07-06,0.569,-3.49,0.264,-0.585,3.862,0.361,-2.1,-0.007,0.114,0.021,0.072,-0.015,0.056,0.02,0.056,0.013,-0.004,0.068,-2.522,-0.021,-3.787,0.025,-3.139,2013-07-22,utilities
D,OTTR,2018-07-06,0.549,2.552,0.985,-27.396,3.862,0.034,2.276,-0.013,0.009,0.029,0.011,-0.021,0.006,0.013,0.023,0.008,0.029,0.022,2.085,0.029,1.954,0.032,1.886,2013-07-22,utilities
D,SRE,2018-07-06,0.529,2.73,1.339,11.9,3.862,0.189,1.268,-0.001,0.031,-0.012,-0.081,-0.033,0.005,0.045,0.074,0.026,0.037,0.022,1.893,0.013,2.233,0.019,2.026,2013-07-22,utilities
D,UGI,2018-07-06,0.706,2.69,0.855,-12.096,3.862,0.555,2.164,0.04,0.026,-0.018,-0.002,0.014,0.027,0.013,0.01,0.04,0.012,0.017,2.222,0.011,2.379,-0.001,2.707,2013-07-22,utilities
DTE,SBS,2018-07-06,0.569,-3.482,0.19,-5.697,3.862,0.37,-2.05,-0.04,0.045,-0.025,-0.035,-0.034,0.015,0.017,0.093,0.012,-0.015,0.013,-3.241,-0.06,-4.625,-0.003,-3.547,2013-07-22,utilities
DUK,SBS,2018-07-06,0.549,-2.651,0.295,-10.988,3.862,0.12,-1.194,-0.06,0.018,0.043,0.042,-0.005,-0.034,0.032,-0.018,0.009,0.061,0.034,-1.945,-0.039,-3.445,0.022,-2.192,2013-07-22,utilities
EBR-B,MSEX,2018-07-06,0.51,2.501,2.553,21.373,3.862,0.439,1.249,0.033,0.043,0.025,-0.011,-0.029,-0.041,0.023,-0.035,-0.023,-0.018,0.044,1.986,-0.065,3.251,-0.004,2.548,2013-07-22,utilities
ED,NJR,2018-07-06,0.529,3.474,0.615,-6.309,3.862,0.439,2.024,0.058,-0.025,0.019,-0.007,0.026,-0.041,-0.035,-0.054,-0.054,0.008,0.01,3.015,0.022,2.44,0.003,3.329,2013-07-22,utilities
EIX,NJR,2018-07-06,0.588,2.918,0.443,6.405,3.862,0.869,0.127,0.001,0.026,-0.039,0.008,0.006,0.024,0.004,-0.027,-0.017,0.049,0.023,2.475,0.018,2.581,0.038,2.189,2013-07-22,utilities
EIX,NWE,2018-07-06,0.529,2.762,0.415,23.923,3.862,0.477,0.477,0.018,-0.027,-0.004,0.032,-0.063,-0.002,0.064,0.014,-0.03,-0.039,0.0,2.753,-0.014,3.39,0.004,2.595,2013-07-22,utilities
EIX,NWN,2018-07-06,0.549,2.619,0.752,6.183,3.862,0.522,1.886,-0.037,-0.053,0.002,-0.013,0.048,-0.096,-0.077,0.011,-0.009,-0.072,0.017,2.176,0.006,2.462,0.006,2.458,2013-07-22,utilities
EIX,UGI,2018-07-06,0.608,2.902,0.603,4.403,3.862,0.669,2.651,-0.066,-0.023,-0.01,-0.017,0.021,0.011,-0.031,-0.018,-0.084,-0.1,0.013,2.608,-0.001,2.936,0.005,2.788,2013-07-22,utilities
ES,NJR,2018-07-06,0.961,3.285,0.887,-11.768,3.862,0.615,1.02,0.076,0.038,0.001,0.032,-0.036,0.066,0.044,0.037,-0.014,0.031,0.019,2.19,0.036,1.223,0.031,1.506,2013-07-22,utilities
ETR,FE,2018-07-06,0.706,2.708,0.189,13.964,3.862,0.408,0.929,-0.003,-0.062,0.024,-0.076,-0.049,0.035,0.065,-0.012,0.045,-0.049,0.007,2.476,-0.014,3.205,-0.016,3.257,2013-07-22,utilities
EXC,FTS,2018-07-06,0.824,-2.946,0.932,6.513,3.862,0.215,-1.305,-0.024,0.04,-0.024,0.022,0.046,-0.063,-0.103,0.002,-0.019,0.016,0.015,-2.329,-0.011,-3.366,-0.011,-3.367,2013-07-22,utilities
FTS,HE,2018-07-06,0.549,2.726,0.786,7.07,3.862,0.237,0.846,0.013,0.001,-0.018,0.005,-0.017,0.007,0.016,0.039,-0.017,-0.023,0.029,1.45,0.005,2.486,0.001,2.695,2013-07-22,utilities
FTS,SRE,2018-07-06,1.0,3.162,2.34,31.62,3.862,0.109,0.041,-0.012,-0.05,0.042,-0.037,-0.035,-0.004,0.099,-0.035,0.128,0.009,0.02,1.996,0.003,2.975,0.008,2.699,2013-07-22,utilities
LNT,SBS,2018-07-06,0.529,-3.668,0.397,-5.266,3.862,0.223,-2.485,-0.053,0.055,0.03,0.038,0.035,-0.001,0.008,-0.07,-0.007,-0.004,0.046,-2.825,-0.022,-4.069,0.031,-3.109,2013-07-22,utilities
MGEE,SBS,2018-07-06,0.529,-3.243,0.214,-3.408,3.862,0.073,-1.632,0.007,-0.101,0.017,-0.074,0.039,-0.028,-0.019,-0.014,-0.006,-0.018,0.049,-2.46,-0.02,-3.558,0.043,-2.553,2013-07-22,utilities
MSEX,SBS,2018-07-06,0.529,-2.756,0.259,-0.99,3.862,0.169,-1.63,-0.013,0.002,-0.015,-0.004,-0.015,-0.016,0.031,0.042,-0.013,0.003,0.056,-2.087,-0.072,-3.621,-0.023,-3.032,2013-07-22,utilities
NJR,ORA,2018-07-06,0.588,-2.621,1.79,-7.911,3.862,0.287,-1.61,-0.004,0.061,-0.042,0.074,0.051,-0.025,-0.048,-0.089,0.009,0.022,0.009,-2.402,-0.009,-2.829,0.006,-2.467,2013-07-22,utilities
NJR,PNM,2018-07-06,0.647,-3.701,0.981,-0.677,3.862,0.081,-0.99,0.034,0.042,-0.023,0.006,0.041,0.007,-0.075,-0.021,0.019,-0.013,0.02,-2.496,0.013,-2.885,0.015,-2.798,2013-07-22,utilities
NJR,XEL,2018-07-06,0.902,-2.984,1.017,5.379,3.862,0.624,-1.007,-0.04,0.047,-0.035,-0.04,-0.019,0.013,0.008,0.054,0.013,-0.0,0.016,-2.012,0.034,-0.959,0.026,-1.449,2013-07-22,utilities
NWE,PPL,2018-07-06,0.824,-2.799,0.641,-3.868,3.862,0.46,-1.982,0.048,-0.032,0.004,-0.003,0.005,-0.005,-0.028,0.01,0.014,-0.01,-0.012,-3.207,-0.001,-2.817,0.003,-2.698,2013-07-22,utilities
ORA,PEG,2018-07-06,0.588,2.863,0.344,21.316,3.862,0.297,2.237,0.017,-0.024,-0.008,0.06,-0.037,0.003,-0.005,-0.029,-0.013,-0.011,0.021,2.366,-0.009,3.066,-0.002,2.911,2013-07-22,utilities
ORA,SJW,2018-07-06,0.686,3.122,1.022,-7.153,3.862,0.183,2.259,-0.025,-0.005,0.023,-0.036,-0.025,0.012,0.039,0.048,0.016,0.017,0.036,2.303,0.047,2.036,0.042,2.168,2013-07-22,utilities
OTTR,SBS,2018-07-06,0.51,-3.481,0.242,-0.025,3.862,0.365,-3.053,0.015,0.014,0.012,0.004,-0.021,0.078,0.032,0.02,0.043,0.057,0.059,-2.761,-0.01,-3.603,0.053,-2.833,2013-07-22,utilities
PAM,PEG,2018-07-06,0.569,3.473,0.176,30.699,3.862,0.449,2.7,0.067,0.027,-0.031,0.016,0.019,0.009,-0.026,0.053,-0.004,-0.033,0.038,2.774,-0.021,3.863,-0.015,3.757,2013-07-22,utilities
POR,SBS,2018-07-06,0.51,-2.695,0.451,-8.594,3.862,0.05,-1.127,-0.013,0.015,0.013,-0.004,0.01,-0.007,-0.012,0.061,0.007,0.01,0.005,-2.599,-0.066,-3.985,-0.008,-2.853,2013-07-22,utilities
SBS,SRE,2018-07-06,0.51,3.693,2.868,69.614,3.862,0.003,1.263,-0.048,-0.041,0.089,-0.014,-0.028,0.019,0.029,0.012,0.026,0.001,0.036,2.828,-0.012,3.972,0.024,3.121,2013-07-22,utilities
SBS,SWX,2018-07-06,0.549,3.073,3.458,35.843,3.862,0.095,1.531,0.009,-0.026,0.002,0.005,0.04,-0.036,-0.034,-0.009,-0.029,0.031,0.043,2.278,-0.015,3.351,0.009,2.915,2013-07-22,utilities
SBS,UGI,2018-07-06,0.51,4.414,2.08,22.948,3.862,0.05,4.194,-0.076,-0.048,0.019,-0.05,-0.117,0.028,0.01,0.014,-0.033,-0.007,0.033,3.745,-0.024,4.888,-0.006,4.525,2013-07-22,utilities
SWX,UGI,2018-07-06,0.804,2.561,0.57,3.316,3.862,0.439,0.87,0.014,0.035,0.059,0.015,0.017,0.007,-0.055,0.019,-0.029,0.01,-0.003,2.738,-0.007,2.907,-0.009,3.032,2013-07-22,utilities
ALB,FUL,2018-07-06,0.765,3.187,0.232,24.999,3.337,0.28,0.305,0.054,0.065,-0.05,-0.008,-0.097,0.053,0.074,-0.033,0.066,-0.009,-0.033,4.318,-0.011,3.57,0.083,0.321,2013-07-22,chemicals
ALB,RPM,2018-07-06,0.804,3.852,0.128,34.199,3.337,0.193,1.941,0.005,-0.036,0.008,-0.005,-0.022,-0.05,0.043,-0.006,0.029,-0.005,-0.06,5.369,-0.102,6.439,0.019,3.37,2013-07-22,chemicals
APD,ASH,2018-07-06,0.784,2.837,0.494,-5.833,3.337,0.124,0.346,0.023,-0.004,-0.015,-0.034,0.008,0.008,-0.027,0.036,0.007,0.009,-0.029,4.189,-0.011,3.365,0.014,2.176,2013-07-22,chemicals
APD,RPM,2018-07-06,0.843,2.524,0.187,21.283,3.337,0.016,1.269,0.001,0.065,-0.028,0.131,0.032,-0.06,-0.053,-0.059,-0.055,-0.067,-0.035,3.496,-0.066,4.337,0.032,1.648,2013-07-22,chemicals
BAK,RPM,2018-07-06,0.725,2.506,0.492,37.979,3.337,0.424,1.238,-0.068,-0.007,0.03,-0.0,-0.1,-0.031,0.078,-0.036,-0.044,-0.052,-0.031,3.143,-0.084,4.216,0.02,2.094,2013-07-22,chemicals
BCPC,SMG,2018-07-06,0.686,-2.601,0.889,8.321,3.337,0.461,-1.394,0.113,0.006,0.001,0.058,-0.026,-0.003,0.003,0.004,0.055,0.025,-0.035,-3.37,-0.095,-4.661,-0.06,-3.899,2013-07-22,chemicals
CBT,RPM,2018-07-06,0.667,2.615,0.401,26.912,3.337,0.347,1.112,-0.046,0.032,-0.004,0.009,0.023,0.032,-0.011,0.025,0.012,0.018,-0.022,3.262,-0.077,4.89,0.016,2.137,2013-07-22,chemicals
DD,RPM,2018-07-06,0.725,2.729,0.215,29.785,3.337,0.272,1.41,-0.044,0.028,0.032,0.049,-0.042,-0.014,0.045,-0.035,-0.09,-0.103,-0.043,3.82,-0.076,4.662,-0.002,2.778,2013-07-22,chemicals
FUL,RPM,2018-07-06,0.706,3.011,0.582,19.062,3.337,0.399,0.787,0.015,0.062,-0.038,0.021,-0.062,0.046,0.046,0.029,-0.015,-0.023,-0.031,4.29,-0.074,6.105,-0.026,4.086,2013-07-22,chemicals
HUN,LIN,2018-07-06,0.608,3.239,2.554,66.948,3.337,0.001,0.985,-0.074,-0.045,-0.08,-0.07,0.015,0.049,0.051,-0.031,0.01,-0.022,0.046,1.4,0.034,1.886,-0.04,4.826,2013-07-22,chemicals
IFF,RPM,2018-07-06,0.98,3.675,0.231,18.557,3.337,0.628,2.259,-0.011,0.008,0.02,-0.013,0.046,-0.034,-0.04,0.015,-0.009,-0.033,-0.022,4.273,-0.079,5.796,0.035,2.726,2013-07-22,chemicals
MTX,RPM,2018-07-06,0.686,3.627,0.378,20.163,3.337,0.316,0.926,0.038,-0.007,-0.004,0.022,-0.039,-0.008,0.095,-0.006,0.004,0.072,-0.073,6.695,-0.125,8.881,-0.043,5.419,2013-07-22,chemicals
OLN,RPM,2018-07-06,0.51,3.414,0.536,33.006,3.337,0.675,1.753,-0.021,0.005,0.04,-0.028,0.011,-0.01,-0.014,0.019,0.055,-0.054,-0.045,4.53,-0.086,5.567,-0.023,3.996,2013-07-22,chemicals
RPM,SXT,2018-07-06,0.608,-4.535,1.342,4.133,3.337,0.011,-1.319,-0.007,0.04,0.046,0.041,0.037,-0.04,-0.025,-0.022,-0.023,-0.012,-0.058,-7.472,-0.067,-7.924,0.031,-2.976,2013-07-22,chemicals
BWA,MGA,2018-07-06,0.569,3.005,0.987,2.309,3.459,0.192,1.423,0.035,-0.013,0.004,0.061,0.005,-0.006,0.041,0.018,0.019,0.059,0.005,2.86,0.05,1.508,0.044,1.697,2013-07-22,automobiles_and_components
DORM,GT,2018-07-06,0.588,-2.764,0.109,21.459,3.459,0.142,-1.257,-0.012,-0.058,0.046,-0.036,-0.017,0.011,0.011,-0.016,-0.02,-0.033,0.027,-2.437,-0.043,-3.281,-0.017,-2.965,2013-07-22,automobiles_and_components
DORM,TEN,2018-07-06,0.627,-2.57,0.408,25.921,3.459,0.681,-0.715,-0.008,-0.012,-0.006,-0.015,-0.045,-0.047,0.001,-0.007,-0.022,-0.008,-0.022,-2.935,-0.08,-3.89,-0.041,-3.252,2013-07-22,automobiles_and_components
ACLS,ADI,2018-07-06,0.784,2.564,1.82,34.925,4.07,0.461,1.509,-0.002,0.02,-0.039,0.005,0.018,-0.003,-0.03,0.03,-0.021,0.005,0.023,2.143,-0.018,2.891,0.018,2.233,2013-07-22,semiconductors_and_semiconductor_equipment
ACLS,ASX,2018-07-06,0.765,-2.735,0.064,3.617,4.07,0.545,-0.611,0.005,-0.017,0.043,0.02,0.032,-0.015,-0.064,-0.004,-0.041,-0.021,0.076,-1.71,0.091,-1.513,0.096,-1.444,2013-07-22,semiconductors_and_semiconductor_equipment
ACLS,COHU,2018-07-06,0.882,3.128,0.677,3.6,4.07,0.273,1.675,0.078,-0.022,-0.032,0.021,-0.096,0.055,0.041,0.012,0.002,0.018,-0.023,3.545,-0.032,3.702,0.007,3.0,2013-07-22,semiconductors_and_semiconductor_equipment
ACLS,ENTG,2018-07-06,0.529,2.51,1.015,3.397,4.07,0.825,1.905,0.038,0.035,-0.015,0.033,0.009,-0.041,-0.025,-0.037,-0.039,0.018,0.001,2.5,0.017,2.259,0.076,1.385,2013-07-22,semiconductors_and_semiconductor_equipment
ACLS,SLAB,2018-07-06,0.667,2.812,2.434,24.955,4.07,0.695,2.204,-0.024,0.007,-0.032,-0.027,-0.028,0.012,0.045,0.032,0.035,-0.023,0.081,1.543,0.038,2.224,0.066,1.774,2013-07-22,semiconductors_and_semiconductor_equipment
AMAT,ASX,2018-07-06,0.627,-3.337,0.034,3.608,4.07,0.108,-0.756,0.02,-0.001,-0.014,-0.034,0.015,0.002,-0.025,-0.001,-0.087,0.021,0.074,-2.223,0.1,-1.835,0.115,-1.613,2013-07-22,semiconductors_and_semiconductor_equipment
AMD,AMKR,2018-07-06,0.569,-2.611,0.428,4.847,4.07,0.641,-1.276,0.043,0.037,-0.056,0.059,0.011,-0.005,0.037,0.018,-0.008,0.019,-0.06,-3.375,-0.365,-7.289,-0.404,-7.786,2013-07-22,semiconductors_and_semiconductor_equipment
ASML,ASX,2018-07-06,0.686,-3.686,0.011,3.402,4.07,0.049,-1.671,0.021,-0.006,-0.054,-0.04,-0.056,0.05,0.086,0.006,0.018,0.015,0.058,-2.856,0.076,-2.592,0.078,-2.572,2013-07-22,semiconductors_and_semiconductor_equipment
AVGO,MPWR,2018-07-06,0.745,3.144,0.515,-1.839,4.07,0.388,1.598,-0.013,0.005,0.063,0.056,-0.009,0.027,0.06,0.005,0.05,0.052,-0.053,4.948,-0.092,6.278,0.059,1.139,2013-07-22,semiconductors_and_semiconductor_equipment
COHU,LRCX,2018-07-06,0.529,-2.718,8.817,-17.958,4.07,0.531,-0.6,0.012,-0.014,-0.055,0.007,0.001,-0.022,0.01,-0.027,0.007,0.05,-0.012,-3.09,-0.022,-3.388,-0.018,-3.268,2013-07-22,semiconductors_and_semiconductor_equipment
CSIQ,WOLF,2018-07-06,0.529,2.515,-0.123,31.073,4.07,0.956,2.132,-0.039,-0.066,0.032,-0.055,0.027,0.025,-0.033,0.064,0.019,-0.088,-0.081,3.065,0.005,2.484,0.201,1.148,2013-07-22,semiconductors_and_semiconductor_equipment
DQ,WOLF,2018-07-06,0.902,3.223,1.889,18.479,4.07,0.383,1.25,0.036,-0.021,0.043,-0.025,0.046,-0.064,-0.037,0.018,-0.039,0.033,-0.064,4.194,-0.027,3.637,0.08,2.001,2013-07-22,semiconductors_and_semiconductor_equipment
ENTG,LRCX,2018-07-06,0.863,-2.859,5.779,-4.129,4.07,0.475,-1.153,-0.033,-0.018,-0.007,0.007,0.035,-0.011,-0.059,-0.008,0.01,-0.023,0.01,-2.504,0.022,-2.088,0.041,-1.398,2013-07-22,semiconductors_and_semiconductor_equipment
ENTG,MKSI,2018-07-06,0.922,-3.194,3.456,-9.049,4.07,0.211,-0.402,0.038,0.005,-0.032,0.031,0.027,-0.027,-0.007,-0.061,-0.029,0.021,-0.038,-5.026,0.006,-2.896,0.026,-1.948,2013-07-22,semiconductors_and_semiconductor_equipment
IMOS,UMC,2018-07-06,0.706,2.768,0.076,0.671,4.07,0.626,2.395,0.006,0.024,-0.011,0.01,-0.001,0.029,0.008,0.032,0.002,-0.007,-0.012,2.923,-0.015,2.964,0.115,1.283,2013-07-22,semiconductors_and_semiconductor_equipment
LRCX,NVDA,2018-07-06,0.51,3.266,0.405,-19.492,4.07,0.383,0.696,-0.021,0.042,0.055,0.008,0.04,-0.042,-0.042,-0.02,-0.015,0.018,0.03,2.38,-0.066,5.199,-0.134,7.178,2013-07-22,semiconductors_and_semiconductor_equipment
LRCX,SLAB,2018-07-06,0.529,3.276,0.398,20.503,4.07,0.414,1.648,0.038,-0.011,0.005,0.04,0.006,-0.038,0.008,-0.05,-0.026,0.185,0.081,0.796,0.04,2.041,0.04,2.066,2013-07-22,semiconductors_and_semiconductor_equipment
MKSI,NVDA,2018-07-06,0.51,3.391,0.692,-15.952,4.07,0.567,0.48,-0.032,-0.021,-0.004,-0.007,0.01,-0.036,-0.035,-0.057,-0.061,-0.019,-0.024,4.291,-0.085,6.544,-0.154,9.125,2013-07-22,semiconductors_and_semiconductor_equipment
MKSI,SLAB,2018-07-06,0.922,3.425,0.683,23.783,4.07,0.704,1.027,0.001,-0.032,0.048,-0.032,-0.001,-0.01,0.005,-0.012,-0.064,0.016,0.041,1.888,0.027,2.419,0.025,2.498,2013-07-22,semiconductors_and_semiconductor_equipment
MPWR,TSM,2018-07-06,0.627,-3.381,0.271,4.112,4.07,0.481,-1.811,0.031,-0.017,-0.012,0.015,-0.026,-0.05,0.007,0.02,0.002,-0.078,0.053,-1.533,0.048,-1.694,0.119,0.753,2013-07-22,semiconductors_and_semiconductor_equipment
STM,TSEM,2018-07-06,0.529,-3.001,1.045,7.506,4.07,0.316,-1.553,-0.007,-0.026,-0.002,0.029,-0.019,0.002,0.028,-0.053,-0.038,-0.048,-0.034,-3.597,0.063,-1.903,0.067,-1.83,2013-07-22,semiconductors_and_semiconductor_equipment
TSM,TXN,2018-07-06,0.882,3.11,2.562,-2.607,4.07,0.668,1.965,0.032,0.065,0.057,0.012,0.023,0.015,-0.03,-0.029,0.012,0.019,0.042,1.631,0.091,-0.066,0.094,-0.173,2013-07-22,semiconductors_and_semiconductor_equipment
ATVI,WWE,2018-07-06,0.706,5.058,0.552,-3.302,4.252,0.819,1.071,-0.028,-0.021,-0.007,-0.005,-0.015,-0.007,0.047,-0.005,0.014,0.057,-0.061,6.052,-0.104,6.763,-0.103,6.749,2013-07-22,media_and_entertainment
CHTR,SIRI,2018-07-06,0.745,2.806,0.01,1.869,4.252,0.911,0.917,-0.008,-0.017,-0.011,0.033,-0.016,0.001,0.002,-0.044,-0.035,-0.024,0.005,2.722,0.0,2.799,0.097,1.323,2013-07-22,media_and_entertainment
CMCSA,NXST,2018-07-06,0.922,2.694,1.739,-0.355,4.252,0.417,1.344,-0.03,0.027,-0.062,-0.008,0.005,0.02,-0.015,-0.005,-0.022,0.013,0.03,2.059,-0.012,2.941,-0.024,3.191,2013-07-22,media_and_entertainment
CMCSA,SIRI,2018-07-06,0.784,2.801,0.148,0.059,4.252,0.14,0.592,-0.022,-0.074,-0.157,-0.071,-0.054,0.039,0.11,0.05,0.103,0.008,0.03,2.344,0.031,2.327,0.088,1.448,2013-07-22,media_and_entertainment
CMCSA,TTWO,2018-07-06,0.529,2.549,5.468,-106.668,4.252,0.23,2.259,-0.057,-0.006,0.032,0.018,0.027,-0.011,-0.021,-0.021,-0.052,0.044,0.037,2.057,0.028,2.175,0.003,2.508,2013-07-22,media_and_entertainment
CMCSA,WWE,2018-07-06,0.647,4.912,0.634,3.077,4.252,0.852,3.639,-0.009,-0.033,-0.036,-0.018,-0.0,-0.054,-0.004,0.088,0.095,-0.007,-0.026,5.145,-0.079,5.629,-0.134,6.122,2013-07-22,media_and_entertainment
EA,WWE,2018-07-06,0.706,4.752,0.365,-10.427,4.252,0.757,0.959,0.009,0.026,-0.021,0.076,0.017,-0.026,-0.071,-0.006,-0.039,0.007,-0.073,6.115,-0.167,7.868,-0.197,8.415,2013-07-22,media_and_entertainment
GOOG,WWE,2018-07-06,0.706,5.18,1.064,-22.423,4.252,0.614,0.13,0.034,-0.015,-0.03,0.024,-0.034,-0.007,0.041,0.005,-0.015,-0.02,0.008,5.034,-0.049,6.131,-0.091,6.931,2013-07-22,media_and_entertainment
GOOGL,WWE,2018-07-06,0.706,5.112,1.097,-24.844,4.252,0.589,0.186,-0.07,0.013,0.054,0.0,0.019,-0.01,-0.027,-0.038,-0.006,0.03,0.008,4.962,-0.049,6.064,-0.091,6.896,2013-07-22,media_and_entertainment
IAC,NYT,2018-07-06,0.843,2.503,0.505,5.526,4.252,0.183,0.254,-0.011,-0.012,0.017,-0.003,0.011,-0.002,-0.006,0.043,-0.022,-0.03,0.038,1.085,0.18,-4.188,0.189,-4.546,2013-07-22,media_and_entertainment
IPG,WWE,2018-07-06,0.549,4.773,2.344,-20.188,4.252,0.475,1.228,-0.014,0.017,-0.026,0.037,-0.029,-0.021,0.059,0.097,0.036,-0.02,-0.039,5.233,-0.076,5.67,-0.105,6.01,2013-07-22,media_and_entertainment
NFLX,WWE,2018-07-06,0.824,4.97,0.129,2.283,4.252,0.81,3.432,-0.012,-0.096,-0.021,-0.066,-0.092,-0.001,0.082,-0.024,-0.038,0.005,-0.085,7.714,-0.14,9.454,-0.153,9.892,2013-07-22,media_and_entertainment
NTES,SIRI,2018-07-06,0.588,2.805,0.056,2.307,4.252,0.822,2.427,-0.029,-0.039,-0.011,-0.031,0.086,0.012,-0.071,-0.031,-0.001,0.021,0.007,2.704,-0.08,3.993,0.029,2.365,2013-07-22,media_and_entertainment
NTES,WWE,2018-07-06,0.706,5.05,0.352,7.865,4.252,0.979,3.069,0.049,-0.003,0.043,-0.005,0.009,0.036,0.004,-0.069,0.024,-0.006,-0.04,5.429,-0.15,6.46,-0.183,6.765,2013-07-22,media_and_entertainment
TTWO,WWE,2018-07-06,0.549,5.075,0.253,6.558,4.252,0.728,1.474,-0.014,0.001,0.026,-0.015,-0.03,-0.092,-0.002,-0.019,-0.053,-0.053,-0.038,5.632,-0.073,6.146,-0.11,6.682,2013-07-22,media_and_entertainment
DBRG,OHI,2018-07-06,0.843,2.609,0.031,18.744,3.131,0.726,0.666,0.003,-0.005,-0.031,0.061,-0.015,-0.018,0.003,-0.038,0.026,0.006,0.013,2.373,-0.047,3.48,-0.026,3.1,2013-07-22,real_estate
INN,RHP,2018-07-06,0.647,2.695,3.964,3.49,3.131,0.899,0.667,0.007,-0.071,-0.025,0.016,-0.009,-0.013,0.039,-0.0,0.001,-0.04,-0.02,3.022,-0.049,3.504,-0.022,3.066,2013-07-22,real_estate
KIM,SPG,2018-07-06,0.843,2.502,3.351,82.012,3.131,0.129,0.807,0.001,0.032,0.053,0.022,0.055,-0.018,-0.04,-0.006,-0.038,-0.016,-0.02,3.18,-0.045,4.049,-0.005,2.662,2013-07-22,real_estate
LXP,ZG,2018-07-06,0.608,2.676,5.198,0.108,3.131,0.935,2.482,0.008,0.016,0.004,0.025,0.049,-0.03,-0.03,-0.002,-0.03,0.033,0.032,2.288,0.147,0.911,0.163,0.721,2013-07-22,real_estate
PCH,RYN,2018-07-06,0.51,3.143,0.613,5.594,3.131,0.106,3.126,0.031,-0.098,-0.102,-0.114,-0.071,0.071,0.099,0.069,0.075,0.004,0.043,1.824,0.048,1.697,0.043,1.829,2013-07-22,real_estate
PCH,ZG,2018-07-06,0.961,2.959,1.276,-0.407,3.131,0.52,1.381,0.025,0.07,-0.046,0.052,-0.01,0.0,0.012,0.028,0.032,-0.005,-0.008,3.128,0.112,0.53,0.11,0.559,2013-07-22,real_estate
BKNG,DPZ,2018-07-06,0.608,2.959,0.138,-60.398,3.198,0.331,0.433,-0.018,-0.03,-0.014,-0.038,0.003,-0.056,0.033,0.046,0.04,0.015,-0.004,3.125,-0.067,5.446,-0.043,4.579,2013-07-22,consumer_services
BKNG,DRI,2018-07-06,0.608,3.043,0.038,3.814,3.198,0.568,0.673,-0.014,0.047,-0.055,0.083,-0.033,0.001,0.051,-0.002,0.011,-0.005,-0.005,3.216,-0.084,5.855,-0.022,3.762,2013-07-22,consumer_services
BKNG,MTN,2018-07-06,0.725,2.737,0.135,-60.098,3.198,0.526,0.576,-0.013,-0.047,0.025,-0.072,0.008,-0.065,-0.019,0.01,-0.006,0.001,-0.005,2.906,-0.059,4.852,0.013,2.284,2013-07-22,consumer_services
CBRL,DRI,2018-07-06,0.588,3.51,0.844,-37.139,3.198,0.125,1.935,0.043,0.001,-0.033,-0.017,0.035,-0.019,-0.026,-0.016,-0.097,-0.055,-0.023,4.209,-0.042,4.763,-0.015,3.974,2013-07-22,consumer_services
CBRL,SIX,2018-07-06,1.0,2.619,0.444,-5.162,3.198,0.021,0.733,-0.057,-0.005,0.008,-0.052,0.018,0.035,-0.018,0.001,0.017,-0.037,0.026,1.852,0.014,2.211,0.006,2.45,2013-07-22,consumer_services
CCL,SBUX,2018-07-06,0.608,-2.941,0.093,47.756,3.198,0.003,-0.249,0.01,0.019,0.03,0.026,0.005,0.006,-0.05,0.003,-0.015,-0.018,0.055,-1.68,0.089,-0.92,0.127,-0.059,2013-07-22,consumer_services
CUK,SBUX,2018-07-06,0.667,-2.959,0.104,47.126,3.198,0.0,-0.244,-0.034,-0.004,0.054,-0.017,-0.042,0.008,0.042,0.004,0.009,-0.028,0.056,-1.664,0.089,-0.902,0.126,-0.035,2013-07-22,consumer_services
DPZ,MGM,2018-07-06,0.51,-3.37,0.097,10.358,3.198,0.024,-1.447,0.037,-0.038,-0.063,0.05,-0.008,-0.04,-0.01,0.008,0.005,-0.033,0.005,-3.271,-0.042,-4.247,-0.04,-4.206,2013-07-22,consumer_services
DRI,IHG,2018-07-06,1.0,-3.158,0.712,-0.83,3.198,0.007,-0.51,0.028,0.023,-0.004,0.014,0.006,0.048,-0.02,-0.084,-0.06,0.076,-0.01,-3.555,-0.055,-5.414,-0.005,-3.343,2013-07-22,consumer_services
DRI,SBUX,2018-07-06,0.51,-3.41,0.044,49.627,3.198,0.031,-0.25,-0.05,0.015,-0.014,0.063,-0.051,-0.014,0.076,-0.001,-0.01,0.008,0.057,-2.159,0.09,-1.442,0.138,-0.39,2013-07-22,consumer_services
DRI,WEN,2018-07-06,1.0,-3.455,0.207,-1.596,3.198,0.128,-0.591,-0.007,-0.023,-0.053,0.003,0.025,-0.023,-0.01,-0.008,-0.001,0.023,-0.008,-3.834,-0.036,-5.101,0.006,-3.193,2013-07-22,consumer_services
DRI,YUM,2018-07-06,0.627,-3.092,0.743,12.86,3.198,0.07,-1.05,0.015,-0.033,0.021,-0.043,0.008,-0.053,-0.014,0.056,-0.066,-0.029,0.018,-2.489,0.017,-2.537,0.084,-0.348,2013-07-22,consumer_services
EDU,MTN,2018-07-06,0.569,4.175,1.657,60.639,3.198,0.16,1.179,-0.013,0.034,-0.025,0.021,-0.022,0.07,0.029,-0.036,0.013,0.003,-0.033,5.443,-0.101,8.095,-0.062,6.574,2013-07-22,consumer_services
EDU,TXRH,2018-07-06,0.627,2.75,0.28,27.44,3.198,0.331,0.776,-0.009,0.024,0.059,0.02,-0.016,0.028,-0.005,0.052,0.006,0.01,-0.0,2.753,-0.113,5.482,-0.094,5.03,2013-07-22,consumer_services
EXPE,SBUX,2018-07-06,0.549,-2.767,0.028,49.19,3.198,0.082,-0.266,0.011,0.033,0.005,0.04,0.01,0.029,0.014,0.003,0.025,-0.024,0.055,-1.609,0.099,-0.665,0.138,0.152,2013-07-22,consumer_services
COLM,LULU,2018-07-06,0.843,2.582,1.377,-13.08,3.737,0.202,0.756,0.008,0.024,-0.002,-0.031,0.019,-0.001,-0.026,0.052,0.038,0.049,-0.011,2.915,-0.102,5.721,-0.122,6.345,2013-07-22,consumer_durables_and_apparel
CRI,LULU,2018-07-06,0.745,3.931,1.117,-33.824,3.737,0.127,3.334,0.014,-0.005,0.013,-0.056,-0.022,0.026,0.018,0.015,-0.006,-0.021,0.0,3.928,-0.138,6.83,-0.17,7.514,2013-07-22,consumer_durables_and_apparel
DECK,PVH,2018-07-06,0.549,-2.645,1.301,24.193,3.737,0.313,-0.913,0.002,-0.034,0.031,-0.005,0.015,-0.053,0.014,-0.008,-0.012,-0.046,0.01,-2.34,-0.056,-4.3,-0.011,-2.972,2013-07-22,consumer_durables_and_apparel
GRBK,SHOO,2018-07-06,0.804,3.551,1.255,12.913,3.737,0.292,2.271,-0.001,-0.022,-0.019,0.006,-0.031,-0.053,-0.017,0.062,-0.065,-0.049,-0.025,3.99,-0.042,4.292,0.055,2.564,2013-07-22,consumer_durables_and_apparel
LEG,LULU,2018-07-06,0.588,3.816,-0.155,73.392,3.737,0.881,0.796,-0.012,0.019,0.023,-0.033,0.019,-0.014,-0.039,0.025,-0.024,-0.042,0.02,3.667,-0.199,5.331,-0.23,5.571,2013-07-22,consumer_durables_and_apparel
MHK,SONY,2018-07-06,0.588,2.677,0.229,-15.472,3.737,0.389,1.882,-0.006,-0.003,-0.017,-0.025,0.02,0.017,-0.052,0.048,-0.01,-0.086,-0.122,4.866,-0.123,4.889,-0.185,5.994,2013-07-22,consumer_durables_and_apparel
MHO,SHOO,2018-07-06,0.902,3.522,0.511,11.908,3.737,0.873,2.298,0.01,0.001,-0.051,-0.01,-0.002,-0.012,0.015,0.095,0.032,-0.062,-0.029,4.073,-0.06,4.668,0.011,3.319,2013-07-22,consumer_durables_and_apparel
ACGL,PRA,2018-07-06,0.98,-3.378,1.362,4.502,4.073,0.861,-1.419,0.035,0.065,-0.025,0.104,0.031,-0.072,-0.06,-0.079,-0.081,0.015,0.024,-2.723,0.1,-0.642,0.097,-0.717,2013-07-22,insurance
AFG,PRA,2018-07-06,0.647,-3.178,0.28,26.577,4.073,0.094,-0.373,-0.013,0.05,0.03,0.062,-0.008,0.003,0.007,0.053,0.015,0.054,0.083,-2.14,0.197,-0.722,0.158,-1.206,2013-07-22,insurance
AFL,BRO,2018-07-06,0.706,2.552,0.727,-3.94,4.073,0.001,1.164,-0.001,-0.003,0.002,0.005,-0.08,-0.01,0.083,0.021,0.006,-0.008,0.025,1.312,0.01,2.04,0.022,1.415,2013-07-22,insurance
AIG,HMN,2018-07-06,0.529,2.523,0.568,3.814,4.073,0.34,2.308,0.025,-0.001,-0.016,-0.013,0.002,0.004,-0.003,-0.022,-0.004,-0.014,0.019,2.209,-0.005,2.599,0.03,2.021,2013-07-22,insurance
AIZ,PRA,2018-07-06,0.745,-4.534,0.437,6.817,4.073,0.627,-0.06,0.017,-0.027,0.048,0.017,0.195,-0.081,-0.113,-0.069,-0.045,-0.024,0.066,-3.139,0.16,-1.158,0.101,-2.408,2013-07-22,insurance
BRO,GL,2018-07-06,0.549,-2.806,2.881,10.888,4.073,0.046,-1.739,-0.052,0.045,-0.017,-0.023,-0.026,-0.036,-0.02,-0.049,-0.09,0.001,0.007,-2.464,-0.005,-3.025,0.008,-2.44,2013-07-22,insurance
BRO,RGA,2018-07-06,0.863,-4.471,5.785,-6.499,4.073,0.783,-3.592,0.025,0.061,0.018,0.102,-0.016,-0.001,-0.022,0.001,-0.037,-0.067,0.001,-4.404,-0.023,-5.539,0.001,-4.434,2013-07-22,insurance
BRO,TRV,2018-07-06,0.647,-2.93,2.677,53.594,4.073,0.061,-0.987,-0.053,0.043,-0.012,0.007,-0.318,0.003,0.049,0.039,-0.049,0.013,0.018,-2.225,0.012,-2.443,0.022,-2.071,2013-07-22,insurance
EIG,PRA,2018-07-06,0.608,-3.581,0.61,23.623,4.073,0.092,-3.505,0.021,0.017,-0.021,-0.039,0.013,-0.0,-0.038,0.011,-0.023,-0.017,0.063,-2.575,0.159,-1.052,0.129,-1.531,2013-07-22,insurance
ERIE,PRA,2018-07-06,0.667,-3.981,0.307,12.596,4.073,0.297,-0.032,0.009,-0.02,0.094,-0.042,-0.014,-0.068,-0.019,0.007,0.027,0.011,0.047,-3.053,0.14,-1.19,0.102,-1.959,2013-07-22,insurance
ERIE,RNR,2018-07-06,0.569,-2.813,0.861,37.936,4.073,0.294,-1.327,-0.028,-0.017,-0.005,0.013,-0.016,0.004,0.026,-0.011,0.0,-0.019,0.008,-2.482,0.023,-1.896,0.053,-0.672,2013-07-22,insurance
ESGR,PRA,2018-07-06,0.824,-3.235,0.146,15.253,4.073,0.008,-3.06,-0.029,0.001,0.043,-0.001,0.013,0.065,0.013,-0.012,-0.009,-0.022,0.085,-1.89,0.18,-0.374,0.156,-0.759,2013-07-22,insurance
ESGR,UNM,2018-07-06,0.804,-2.653,0.254,-12.592,4.073,0.04,-1.23,0.032,0.041,0.014,-0.007,-0.029,0.012,0.027,0.034,-0.004,0.022,-0.021,-3.186,-0.005,-2.774,0.037,-1.705,2013-07-22,insurance
FAF,THG,2018-07-06,0.549,2.814,1.504,20.359,4.073,0.6,1.9,-0.008,0.027,0.062,0.032,-0.026,0.007,-0.008,-0.059,-0.031,-0.017,0.028,1.952,0.039,1.62,0.021,2.151,2013-07-22,insurance
GL,HMN,2018-07-06,0.882,2.664,0.372,7.49,4.073,0.001,0.681,0.011,-0.017,-0.053,0.039,0.017,0.065,0.018,-0.009,0.013,0.039,0.048,0.62,0.031,1.332,0.057,0.208,2013-07-22,insurance
HMN,RGA,2018-07-06,0.627,-2.743,4.607,-42.918,4.073,0.003,-1.367,0.004,-0.001,-0.016,-0.002,0.037,0.038,-0.029,-0.063,0.037,-0.036,0.048,-1.079,0.022,-1.962,0.057,-0.741,2013-07-22,insurance
MKL,THG,2018-07-06,0.824,2.518,0.113,-32.887,4.073,0.152,1.051,0.032,0.038,-0.003,-0.025,0.013,0.025,-0.015,0.005,0.019,-0.014,0.019,1.625,0.038,0.747,0.047,0.33,2013-07-22,insurance
PRA,RE,2018-07-06,0.686,2.865,3.748,30.726,4.073,0.489,2.268,0.056,-0.03,0.001,-0.014,0.214,-0.152,-0.165,-0.091,-0.105,-0.039,0.094,1.252,0.151,0.261,0.108,1.005,2013-07-22,insurance
PRA,SIGI,2018-07-06,0.529,3.011,1.156,-7.146,4.073,0.767,0.219,-0.003,0.036,0.019,-0.043,0.082,0.075,-0.036,0.15,0.211,-0.241,0.009,2.898,0.061,2.262,0.072,2.125,2013-07-22,insurance
PRA,WRB,2018-07-06,0.706,3.136,0.406,7.068,4.073,0.912,0.212,0.018,0.001,-0.016,0.005,0.013,0.033,0.021,-0.018,0.05,-0.014,0.02,2.819,0.052,2.325,0.015,2.895,2013-07-22,insurance
PRA,WTM,2018-07-06,0.549,3.169,6.266,561.277,4.073,0.167,1.866,0.019,0.021,0.01,0.052,0.003,0.007,-0.01,-0.01,-0.003,0.024,0.009,2.945,0.058,1.701,0.039,2.175,2013-07-22,insurance
PRA,Y,2018-07-06,0.569,3.195,6.844,245.455,4.073,0.474,2.562,0.026,0.01,0.013,-0.01,0.029,0.055,-0.018,0.068,0.07,0.047,-0.011,3.449,0.035,2.355,0.018,2.77,2013-07-22,insurance
PRI,UNM,2018-07-06,0.824,-3.415,0.311,13.581,4.073,0.192,-3.174,0.064,-0.029,0.006,0.002,-0.036,0.005,0.013,0.019,0.037,0.005,-0.085,-4.952,-0.096,-5.137,-0.065,-4.585,2013-07-22,insurance
AAL,AAWW,2018-07-06,0.588,3.218,1.075,5.135,3.992,0.05,2.605,0.017,0.017,-0.012,-0.018,0.015,0.009,-0.006,0.078,0.03,0.044,0.074,2.207,0.102,1.822,0.082,2.097,2013-07-22,transportation
AAL,FWRD,2018-07-06,0.765,3.294,0.648,19.179,3.992,0.005,1.92,0.041,-0.03,-0.04,-0.008,0.004,-0.03,0.022,-0.055,-0.018,-0.019,-0.035,3.963,-0.055,4.359,-0.122,5.646,2013-07-22,transportation
AAL,WERN,2018-07-06,0.608,3.08,0.547,1.923,3.992,0.0,1.896,-0.052,0.009,0.059,-0.012,0.034,-0.023,-0.019,0.025,0.006,0.027,0.032,2.579,0.027,2.659,0.044,2.393,2013-07-22,transportation
CPA,FWRD,2018-07-06,0.706,2.891,0.162,32.832,3.992,0.009,0.888,-0.012,0.013,0.018,0.039,0.006,0.049,0.026,-0.044,0.012,0.052,-0.046,3.921,-0.122,5.606,-0.167,6.607,2013-07-22,transportation
EXPD,UPS,2018-07-06,0.627,-2.577,0.855,48.611,3.992,0.305,-1.009,-0.062,-0.022,0.001,0.011,-0.008,-0.03,0.024,0.001,0.041,0.098,0.048,-1.099,0.097,0.39,0.065,-0.595,2013-07-22,transportation
FDX,FWRD,2018-07-06,0.667,2.56,0.151,19.578,3.992,0.431,0.206,-0.011,0.024,0.06,0.024,0.001,0.018,-0.014,0.049,0.017,-0.002,-0.008,2.901,-0.036,4.179,-0.092,6.723,2013-07-22,transportation
FDX,JBHT,2018-07-06,0.824,2.663,0.43,11.726,3.992,0.218,0.892,0.041,-0.008,-0.008,0.023,0.004,-0.039,0.013,0.03,-0.084,0.005,0.035,1.172,0.026,1.542,0.026,1.563,2013-07-22,transportation
FDX,LSTR,2018-07-06,1.0,3.148,0.449,-5.157,3.992,0.082,0.518,0.098,-0.009,-0.001,0.01,-0.02,0.015,-0.019,-0.006,0.035,-0.01,0.027,1.79,0.0,3.147,0.006,2.846,2013-07-22,transportation
FDX,MRTN,2018-07-06,0.667,4.058,0.071,-3.499,3.992,0.013,1.088,0.037,0.012,-0.055,-0.007,-0.043,0.063,0.11,-0.056,0.078,0.026,0.072,1.059,0.075,0.928,0.095,0.098,2013-07-22,transportation
FDX,ODFL,2018-07-06,0.941,3.102,0.534,-35.602,3.992,0.159,1.151,-0.056,0.013,0.04,-0.02,0.005,-0.043,-0.065,0.021,-0.037,-0.077,0.043,1.454,0.004,2.965,0.005,2.916,2013-07-22,transportation
KNX,MRTN,2018-07-06,0.608,5.079,0.355,-2.167,3.992,0.013,4.756,-0.026,0.001,-0.022,0.0,0.038,0.003,-0.019,0.046,0.076,0.04,-0.029,6.138,0.008,4.778,0.012,4.638,2013-07-22,transportation
KNX,NSC,2018-07-06,0.529,3.37,3.177,-2.508,3.992,0.117,1.165,-0.042,-0.044,-0.019,-0.054,-0.111,0.032,0.063,-0.004,-0.045,-0.069,-0.131,7.236,-0.108,6.569,-0.167,8.313,2013-07-22,transportation
KNX,ODFL,2018-07-06,0.745,3.372,2.611,-23.43,3.992,0.004,2.387,0.044,-0.039,-0.068,0.027,-0.066,0.0,-0.02,0.031,-0.115,0.021,-0.067,5.177,-0.075,5.397,-0.092,5.86,2013-07-22,transportation
ABM,BAH,2018-07-06,0.588,3.197,0.42,17.053,3.649,0.859,0.166,-0.015,-0.034,0.005,-0.025,-0.016,0.04,0.028,0.048,0.054,-0.003,-0.039,3.678,-0.095,4.367,-0.056,3.88,2013-07-22,commercial_and_professional_services
ABM,CACI,2018-07-06,0.686,3.095,1.885,55.106,3.649,0.843,0.065,-0.047,0.022,-0.001,0.019,0.019,-0.01,-0.046,-0.032,-0.04,-0.013,-0.007,3.165,-0.077,3.875,-0.007,3.168,2013-07-22,commercial_and_professional_services
ABM,ICFI,2018-07-06,0.608,3.063,0.686,22.38,3.649,0.528,1.364,-0.014,-0.015,-0.001,-0.024,-0.009,0.033,0.006,0.018,0.013,-0.015,-0.026,3.303,-0.082,3.827,0.019,2.889,2013-07-22,commercial_and_professional_services
ABM,KAR,2018-07-06,0.706,2.635,0.167,9.504,3.649,0.838,0.125,-0.071,-0.001,-0.024,-0.001,0.017,-0.056,-0.018,0.001,0.01,-0.0,-0.042,3.095,-0.097,3.698,-0.015,2.795,2013-07-22,commercial_and_professional_services
ABM,MANT,2018-07-06,0.588,2.647,0.61,16.887,3.649,0.877,2.125,-0.014,0.043,0.013,-0.014,0.021,-0.009,-0.023,-0.081,-0.02,0.041,-0.044,3.032,-0.097,3.494,-0.006,2.702,2013-07-22,commercial_and_professional_services
ABM,MLKN,2018-07-06,0.922,2.787,0.318,18.477,3.649,0.216,1.239,-0.002,-0.083,-0.092,-0.011,-0.018,0.01,0.037,-0.001,0.014,0.038,0.029,2.363,0.013,2.589,0.027,2.388,2013-07-22,commercial_and_professional_services
ABM,NSP,2018-07-06,0.667,3.081,0.47,22.117,3.649,0.971,0.761,0.037,0.02,-0.042,0.043,0.002,0.029,-0.022,-0.043,0.002,-0.045,-0.086,3.586,-0.184,4.163,-0.159,4.017,2013-07-22,commercial_and_professional_services
ABM,UNF,2018-07-06,0.51,3.092,2.009,65.475,3.649,0.66,1.599,-0.055,0.035,0.008,0.01,0.021,-0.011,-0.008,0.036,0.005,0.014,-0.007,3.173,0.025,2.795,0.086,2.063,2013-07-22,commercial_and_professional_services
ABM,VRSK,2018-07-06,0.549,2.725,0.249,74.829,3.649,0.851,2.639,-0.042,-0.031,0.068,-0.006,-0.001,-0.083,-0.003,-0.001,0.008,-0.031,-0.031,3.092,-0.077,3.623,-0.063,3.458,2013-07-22,commercial_and_professional_services
BAH,LDOS,2018-07-06,0.784,-3.319,2.18,-23.102,3.649,0.03,-1.372,-0.034,0.006,0.053,-0.065,-0.01,-0.021,0.031,0.034,0.081,0.127,0.021,-2.584,-0.02,-4.032,-0.005,-3.488,2013-07-22,commercial_and_professional_services
BCO,CBZ,2018-07-06,0.804,3.568,0.146,6.351,3.649,0.562,3.433,0.058,0.055,0.017,-0.006,0.01,-0.036,-0.05,0.016,-0.025,-0.001,0.04,2.649,-0.058,4.903,-0.064,5.049,2013-07-22,commercial_and_professional_services
BCO,EXPO,2018-07-06,0.569,2.868,0.291,15.01,3.649,0.39,2.569,0.001,0.041,0.063,0.032,0.006,-0.01,-0.014,0.02,0.019,0.015,-0.018,3.225,-0.084,4.532,-0.077,4.403,2013-07-22,commercial_and_professional_services
BRC,ICFI,2018-07-06,0.824,3.011,1.424,2.885,3.649,0.299,2.398,-0.002,0.013,0.004,0.039,0.005,0.002,-0.039,-0.086,-0.021,0.077,-0.043,3.962,-0.038,3.861,0.05,1.898,2013-07-22,commercial_and_professional_services
CACI,LDOS,2018-07-06,0.882,-3.344,0.438,-7.035,3.649,0.039,-2.02,-0.017,-0.013,0.025,0.015,0.018,-0.003,-0.018,-0.034,-0.038,-0.087,0.054,-1.644,0.006,-3.166,0.04,-2.085,2013-07-22,commercial_and_professional_services
CACI,WM,2018-07-06,0.902,-2.516,0.437,11.358,3.649,0.693,-0.936,0.069,0.021,0.0,0.036,-0.005,-0.047,-0.011,0.051,-0.089,0.009,0.035,-1.375,-0.003,-2.614,0.031,-1.506,2013-07-22,commercial_and_professional_services
CBZ,CTAS,2018-07-06,0.647,-2.579,8.833,-3.335,3.649,0.09,-0.906,0.052,-0.077,-0.019,-0.06,-0.029,0.068,0.096,-0.047,0.036,0.015,0.093,1.841,0.049,-0.243,0.008,-2.182,2013-07-22,commercial_and_professional_services
CBZ,CWST,2018-07-06,0.824,-3.132,1.889,-12.057,3.649,0.165,-1.48,-0.004,0.093,0.059,0.048,-0.029,-0.02,0.037,-0.042,-0.031,0.017,0.101,0.12,0.036,-1.961,0.057,-1.295,2013-07-22,commercial_and_professional_services
CBZ,LDOS,2018-07-06,0.941,-3.653,3.083,2.508,3.649,0.204,-3.141,-0.022,0.001,0.036,0.025,0.022,-0.057,0.013,0.016,0.059,0.065,0.119,-0.702,0.068,-1.962,0.056,-2.256,2013-07-22,commercial_and_professional_services
CBZ,ROL,2018-07-06,0.804,-3.292,1.137,-0.192,3.649,0.661,-1.398,-0.006,-0.023,0.029,0.004,0.037,0.017,-0.026,-0.029,-0.023,0.048,0.073,-0.247,0.048,-1.276,0.044,-1.448,2013-07-22,commercial_and_professional_services
CBZ,RSG,2018-07-06,0.627,-3.174,2.584,16.122,3.649,0.021,-2.772,0.018,-0.051,0.029,-0.002,-0.029,-0.003,0.022,-0.023,-0.057,-0.005,0.074,-0.844,0.031,-2.197,0.023,-2.445,2013-07-22,commercial_and_professional_services
CTAS,LDOS,2018-07-06,0.804,-2.812,0.351,3.42,3.649,0.0,-1.83,0.001,0.021,-0.009,0.008,-0.003,-0.034,0.023,0.007,-0.004,0.019,0.021,-2.209,0.016,-2.335,0.051,-1.34,2013-07-22,commercial_and_professional_services
CWST,EXPO,2018-07-06,0.51,3.033,0.962,16.301,3.649,0.415,1.547,0.021,0.026,0.05,0.045,0.009,0.011,-0.005,0.059,0.002,-0.001,0.042,1.839,0.006,2.865,0.038,1.945,2013-07-22,commercial_and_professional_services
DLX,ICFI,2018-07-06,0.706,3.716,1.273,-26.875,3.649,0.0,3.349,0.001,-0.016,-0.029,0.017,0.003,-0.015,-0.008,-0.035,-0.046,0.01,-0.081,5.424,-0.107,5.982,-0.086,5.519,2013-07-22,commercial_and_professional_services
DLX,MLKN,2018-07-06,0.941,3.105,0.445,3.826,3.649,0.006,0.507,0.019,0.014,-0.036,0.017,0.021,0.049,-0.012,-0.026,0.055,-0.009,-0.034,4.104,-0.039,4.235,-0.062,4.931,2013-07-22,commercial_and_professional_services
EFX,EXPO,2018-07-06,0.588,2.766,0.131,14.335,3.649,0.964,1.622,-0.07,-0.032,0.035,0.024,0.047,-0.075,-0.046,-0.043,-0.041,0.054,0.002,2.743,-0.026,3.018,-0.014,2.901,2013-07-22,commercial_and_professional_services
EXPO,LDOS,2018-07-06,0.922,-2.769,1.439,2.065,3.649,0.031,-2.037,0.035,-0.059,0.003,0.015,0.019,0.022,0.036,-0.002,0.039,-0.029,0.071,-1.222,0.048,-1.727,0.046,-1.774,2013-07-22,commercial_and_professional_services
EXPO,WM,2018-07-06,0.647,-2.594,1.482,19.167,3.649,0.323,-1.953,-0.039,-0.019,0.004,-0.042,0.021,0.002,-0.014,-0.015,0.014,0.024,0.048,-1.324,0.032,-1.754,0.034,-1.681,2013-07-22,commercial_and_professional_services
FORR,ICFI,2018-07-06,0.627,2.777,1.726,-19.008,3.649,0.012,1.14,-0.023,-0.007,0.006,0.045,0.044,-0.033,-0.038,-0.02,-0.051,-0.038,-0.002,2.841,-0.001,2.807,0.007,2.579,2013-07-22,commercial_and_professional_services
HCSG,MLKN,2018-07-06,0.98,2.599,0.418,13.249,3.649,0.182,0.339,-0.019,0.009,-0.041,0.03,0.05,0.044,-0.041,-0.08,0.034,-0.024,-0.008,2.779,-0.015,2.953,-0.013,2.901,2013-07-22,commercial_and_professional_services
HCSG,VRSK,2018-07-06,0.529,2.689,0.74,55.294,3.649,0.643,2.501,-0.063,0.02,0.016,-0.019,0.017,-0.041,-0.004,0.093,0.044,-0.06,-0.045,3.387,-0.078,3.905,-0.073,3.823,2013-07-22,commercial_and_professional_services
KAR,NSP,2018-07-06,0.863,2.56,6.759,-63.795,3.649,0.006,1.252,0.03,-0.02,-0.016,0.015,0.039,-0.012,-0.027,-0.018,-0.0,0.019,-0.004,2.705,-0.006,2.778,-0.057,4.537,2013-07-22,commercial_and_professional_services
LDOS,NSP,2018-07-06,0.745,3.413,1.205,-15.627,3.649,0.581,0.07,0.057,0.001,0.004,-0.037,-0.02,-0.013,0.021,0.036,0.012,-0.007,0.009,3.277,-0.048,4.132,-0.052,4.177,2013-07-22,commercial_and_professional_services
LDOS,ROL,2018-07-06,0.863,2.775,0.326,0.795,3.649,0.378,1.348,-0.013,0.026,-0.045,0.069,0.029,-0.009,-0.013,-0.057,0.004,0.013,0.04,1.508,0.01,2.453,0.004,2.643,2013-07-22,commercial_and_professional_services
MAN,MLKN,2018-07-06,0.824,3.05,0.139,17.31,3.649,0.13,1.261,0.017,0.007,-0.028,-0.039,-0.014,0.015,-0.017,-0.022,0.039,0.001,0.036,2.362,0.015,2.764,0.006,2.939,2013-07-22,commercial_and_professional_services
RSG,TTEK,2018-07-06,0.608,3.092,0.962,-11.671,3.649,0.133,1.112,-0.01,-0.073,-0.026,-0.053,0.019,-0.088,-0.068,0.015,-0.04,-0.003,-0.035,4.679,-0.041,4.983,-0.039,4.869,2013-07-22,commercial_and_professional_services
TRI,UNF,2018-07-06,0.549,2.711,4.712,-41.785,3.649,0.045,2.407,-0.015,0.012,0.01,0.042,0.036,-0.025,-0.013,0.04,-0.017,-0.023,-0.012,2.964,0.052,1.591,0.121,0.126,2013-07-22,commercial_and_professional_services
TTEK,WM,2018-07-06,0.647,-2.905,1.172,18.63,3.649,0.665,-1.129,0.001,-0.005,0.035,-0.062,-0.019,-0.011,0.019,0.033,-0.024,-0.011,-0.016,-3.553,-0.018,-3.652,-0.014,-3.507,2013-07-22,commercial_and_professional_services
IP,TRS,2018-07-06,0.608,2.788,0.521,2.389,2.872,0.749,0.727,0.036,0.011,-0.017,-0.009,0.002,-0.012,0.025,0.021,-0.005,-0.044,0.009,2.57,-0.017,3.208,-0.024,3.372,2013-07-22,containers_and_packaging
OI,TRS,2018-07-06,0.863,3.062,0.706,7.713,2.872,0.67,2.59,-0.061,-0.003,-0.021,0.02,-0.018,0.073,0.01,0.038,-0.018,0.004,0.034,2.645,0.001,3.048,0.037,2.611,2013-07-22,containers_and_packaging
