index,0,1,2,3,4,5,6,7,8,9,10,11,12,13,14,15,16,17,18,19,20,21,22,23,24,25,26,27,28,29,30,31,32,33,34,35,36,37,38,39,40,41,42,43,44,45,46,47,48,49,50,51,52,53,54,55,56,57,58,59,60,61,62,63,64,65,66,67,68,69,70,71,72,73,74,75,76,77,78,79,80,81,82,83,84,85,86,87,88,89,90,91,92,93,94,95,96,97,98,99,100,101,102,103,104,105,106,107,108,109,110,111,112,113,114,115,116,117,118,119,120,121,122,123,124,125,126,127,128,129,130,131,132,133,134,135,136,137,138,139,140,141,142,143,144,145,146,147,148,149,150,151,152,153,154,155,156,157,158,159,160,161,162,163,164,165,166,167,168,169,170,171,172,173,174,175,176,177,178,179,180,181,182,183,184,185,186,187,188,189,190,191,192,193,194,195,196,197,198,199,200,201,202,203,204,205,206,207,208,209,210,211,212,213,214,215,216,217,218,219,220,221,222,223,224,225,226,227,228,229,230,231,232,233,234,235,236,237,238,239,240,241,242,243,244,245,246,247,248,249,250,251,252,253,254,255,256,257,258,259,260,261,262,263,264,265,266,267,268,269,270,271,272,273,274,275,276,277,278,279,280,281,282,283,284,285,286,287,288,289,290,291,292,293,294,295,296,297,298,299,300,301,302,303,304,305,306,307,308,309,310,311,312,313,314,315,316,317,318,319,320,321,322,323,324,325,326,327,328,329,330,331,332,333,334,335,336,337,338,339,340,341,342,343,344,345,346,347,348,349,350,351,352,353,354,355,356,357,358,359,360,361,362,363,364,365,366,367,368,369,370,371,372,373,374,375,376,377,378,379,380,381,382,383,384,385,386,387,388,389,390,391,392,393,394,395,396,397,398,399,400,401,402,403,404,405,406,407,408,409,410,411,412,413,414,415,416,417,418,419,420,421,422,423,424,425,426,427,428,429,430,431,432,433,434,435,436,437,438,439,440,441,442,443,444,445,446,447,448,449,450,451,452,453,454,455,456,457,458,459,460,461,462,463,464,465,466,467,468,469,470,471,472,473,474,475,476,477,478,479,480,481,482,483,484,485,486,487,488,489,490,491,492,493,494,495,496,497,498,499,500,501,502,503,504,505,506,507,508,509,510,511,512,513,514,515,516,517,518,519,520,521,522,523,524,525,526,527,528,529,530,531,532,533,534,535,536,537,538,539,540,541,542,543,544,545,546,547,548,549,550,551,552,553,554,555,556,557,558,559,560,561,562,563,564,565,566,567,568,569,570,571,572,573,574,575,576,577,578,579,580,581,582,583,584,585,586,587,588,589,590,591,592,593,594,595,596,597,598,599,600,601,602,603,604,605,606,607,608,609,610,611,612,613,614,615,616,617,618,619,620,621,622,623,624,625,626,627,628,629,630,631,632,633,634,635,636,637,638,639,640,641,642,643,644,645,646,647,648,649,650,651,652,653,654,655,656,657,658,659,660,661,662,663,664,665,666,667,668,669,670,671,672,673,674,675,676,677,678,679,680,681,682,683,684,685,686,687,688,689,690,691,692,693,694,695,696,697,698,699,700,701,702,703,704,705,706,707,708,709,710,711,712,713,714,715,716,717,718,719,720,721,722,723,724,725,726,727,728,729,730,731,732,733,734,735,736,737,738,739,740,741,742,743,744,745,746,747,748,749,trade_date
CDNS_ADBE,-0.5972298,-0.34232876,-0.54611504,-0.6036191,-0.5222391,-0.5165223,-0.5578849,-0.5087879,-0.40992123,-0.44085908,-0.48423934,-0.51753116,-0.55284065,-0.60832703,-0.5965572,-0.5330001,-0.57301754,-0.51854,-0.49029237,-0.43077067,-0.39209834,-0.3678861,-0.4230362,-0.40891236,-0.45061123,-0.40050536,-0.3255147,-0.27339116,-0.19268371,-0.28045306,-0.36149678,-0.4213548,-0.45700055,-0.43648744,-0.38671783,-0.43816882,-0.25792223,-0.30298388,-0.35275346,-0.48625702,-0.59891117,-0.5962209,-0.59285814,-0.55183184,-0.6459905,-0.57200867,-0.6248048,-0.65675145,-0.63455695,-0.6769284,-0.6564152,-0.6089996,-0.57268125,-0.5551946,-0.616734,-0.6308579,-0.6994592,-0.68029124,-0.54510623,-0.5360266,-0.61168987,-0.67020273,-0.7381315,-0.7367864,-0.16578121,-0.08406493,-0.16241841,-0.19234744,-0.15232998,-0.20680752,-0.2353914,-0.2619576,-0.25960365,-0.15602906,-0.18360412,-0.212188,-0.20916148,-0.2511966,-0.21084288,-0.2515329,-0.1876395,-0.40420446,-0.39176205,-0.3746117,-0.47717744,-0.39344344,-0.34703666,-0.31038207,-0.29894853,-0.23942678,-0.24716124,-0.11533906,-0.10390551,-0.095162205,-0.09751617,-0.054808486,-0.12576379,-0.07364022,0.017828215,-0.02420691,-0.03395906,-0.2000819,-0.23808165,-0.2777628,-0.34031105,-0.285161,-0.26666552,-0.2656567,-0.23640025,-0.304329,-0.4533015,-0.37057635,-0.32114306,-0.27137345,0.03565111,-0.074649066,-0.04404749,-0.08036584,-0.0739765,-0.18057759,-0.34871808,-0.48054025,-0.51080555,-0.43716,-0.43985024,-0.54476994,-0.41328403,-0.49096498,-0.30735552,-0.11332139,-0.21420571,-0.18730322,-0.2515329,-0.27944422,-0.25624084,-0.22395785,-0.14863089,-0.13719733,-0.09953386,-0.23169231,-0.25220546,-0.18595809,-0.16544494,-0.15737419,-0.11769303,-0.0739765,-0.63556576,-0.56393796,-0.5632654,-0.42774412,-0.35510743,-0.3345943,-0.41261148,-0.3961337,-0.60126513,-0.6227871,-0.46776158,-0.6197606,-0.61639774,-0.5689822,-0.7388041,-0.8198478,-0.7260254,-0.7680605,-0.8279185,-0.76234376,-0.8084143,-0.85818386,-0.865582,-0.8507857,-0.8716351,-0.92174095,-0.9355285,-0.990006,-0.96142215,-0.9812627,-1.0132095,-1.0458286,-1.1389786,-1.2206949,-1.295013,-1.3619329,-1.2132967,-1.3017385,-1.3528532,-1.2116152,-1.2526414,-1.1554563,-1.1961462,-1.0589436,-1.086855,-1.0158997,-1.1110672,-1.1473855,-1.1483943,-1.1510847,-0.65607893,-0.345019,-0.21454199,-0.07263138,0.031279456,-0.029587409,-0.0934808,-0.120047,-0.19032975,-0.16544494,-0.12946287,-0.21084288,-0.21588711,-0.17048918,-0.2690195,-0.25724965,-0.19402884,-0.2532143,-0.18730322,-0.117020465,-0.006047738,0.050447475,-0.013109639,-0.046737738,0.05650053,0.08609327,0.04674838,0.074659705,0.11232318,0.051456317,-0.16409981,-0.18730322,-0.19100231,-0.18293157,-0.16510865,-0.1677989,-0.010419391,-0.11903816,-0.049764268,-0.114330225,-0.10323296,-0.09953386,-0.18965718,-0.17284313,-0.12374609,-0.1146665,-0.2279932,-0.17923246,-0.17687851,-0.1748608,-0.20411727,-0.2054624,-0.23068346,-0.20983405,-0.057498734,-0.10020643,-0.21286058,-0.11365766,-0.117020465,-0.2071438,-0.13148056,-0.11500279,-0.14425923,-0.20579867,-0.15804675,-0.09011799,-0.19873677,-0.18629438,-0.2279932,-0.15098485,-0.13887873,-0.18898462,-0.11601163,-0.11533906,0.08474814,0.04372185,0.13552657,0.04607582,0.057509378,0.050111193,-0.019162698,-0.048082866,-0.05951642,0.021863587,0.05650053,0.08710211,0.083739296,0.115013435,0.122075334,0.09315517,0.024890117,0.008748627,0.015137967,0.06827036,-0.007729143,-0.1287903,0.17588028,0.14998665,0.11703111,-0.037658155,0.040359043,0.038005076,0.068606645,0.124765575,0.16814582,0.15368575,0.20311904,0.25860542,0.3477199,0.3900913,0.37899402,0.43044502,0.37193212,0.40152487,0.4822323,0.51485157,0.55217874,0.52258605,0.5888334,-0.07666675,-0.10491436,-0.19402884,-0.14425923,-0.10188783,-0.0652332,-0.013109639,-0.0023486465,-0.006047738,0.031615738,-0.012100795,-0.104241796,-0.1291266,-0.120383285,-0.09987014,-0.2071438,-0.13450709,-0.08036584,0.018837057,0.01009375,0.0517926,0.041704167,0.08138533,0.10526128,0.09046491,0.092482604,0.04607582,0.032960862,0.12577443,0.1066064,0.18495987,0.16377418,0.09382773,0.11972137,-0.009410548,-0.087764025,0.008412346,-0.15031229,-0.13988759,-0.16477238,-0.5565397,-0.42404506,-0.48692957,-0.48390305,-0.51114184,-0.44119537,-0.3695675,-0.3113909,-0.34602785,-0.36250558,-0.34770927,-0.325851,-0.31744397,-0.11264882,-0.1947014,-0.20680752,-0.14728576,-0.1129851,-0.10457807,-0.06489692,-0.09684361,-0.24413471,-0.28112563,-0.38200992,-0.35174462,-0.27910793,-0.27709025,-0.30332017,-0.23034719,-0.33190405,-0.4052133,-0.47482345,-0.36754984,-0.34905437,-0.3255147,-0.42707154,-0.2656567,-0.075994186,0.062889874,-0.037994433,0.07398715,0.17823423,0.2004288,0.3157732,0.31308293,0.28113624,0.32148996,0.27306548,0.26869386,0.297614,0.13283633,0.16646443,0.09887194,0.1439336,0.15570343,0.22094195,0.09315517,0.0067309407,-0.061534103,-0.09751617,-0.0971799,0.002695569,-0.05514477,-0.007729143,-0.038666997,-0.07700303,-0.014791044,0.027916646,-0.061534103,-0.012100795,-0.06758717,-0.060188983,-0.023870632,-0.10390551,-0.25590453,-0.24917892,-0.21319686,-0.14425923,-0.17654221,-0.1291266,-0.18696693,-0.19907305,-0.24110818,-0.3083644,-0.41530174,-0.3981514,-0.42101848,-0.43682373,-0.41832823,-0.44153163,-0.44422188,-0.51383203,0.54444426,0.48660398,0.6150633,0.58378917,0.46407312,0.54881597,0.51653296,0.56428486,0.6022846,0.59152365,0.62616056,0.5666388,0.7673986,0.80102664,0.8138054,0.95537966,1.0724055,0.8847607,0.8975393,0.85146886,0.84608835,0.8090974,0.8968668,0.951008,0.8978756,0.88173413,0.9281409,0.92713207,0.8787076,0.88072526,0.66785944,0.73511565,0.670886,0.69072646,0.6328862,0.5410815,0.5303205,0.40186116,0.3937904,0.33460492,0.319136,0.26869386,0.22396848,0.14897782,0.24044622,0.2394374,0.30030426,0.35713577,0.32216254,0.28887072,0.32115367,0.5945502,0.6665143,0.6994698,0.73040766,0.84676087,0.28819814,0.2713841,0.33191466,0.48794907,0.44961306,0.48357743,0.48256856,0.49770126,0.57739985,0.48929423,0.51686925,0.45902893,0.4704625,0.4025337,0.44255114,0.44625026,0.39076385,0.35410923,0.39110014,0.4919845,0.6157359,0.60026693,0.65743476,0.7744605,0.74184126,0.84676087,0.822885,0.78959316,0.86693776,0.8649201,0.80775225,0.89989334,0.94260097,0.82759285,0.7704251,0.8023718,0.78387636,0.7741242,0.6449923,0.5528513,0.40623277,0.44356,0.329897,0.37125957,0.31678203,0.3722684,0.3137555,0.31812716,0.3655428,0.25826913,0.29021582,0.329897,0.33763146,0.4472591,0.45701122,0.41632125,0.44120604,0.41968405,0.36049858,0.4681085,0.32720673,0.31644574,0.34603852,0.9560522,1.0397862,1.1954843,1.1726172,1.1504227,1.0357507,0.82490265,0.8376813,0.8390264,0.9382293,1.034742,0.92040646,1.0095209,0.96345043,1.0212908,1.0172554,1.0421401,1.0219634,1.0750958,1.0085121,0.97690165,1.0115385,0.9758928,1.0098572,1.1130954,1.1386528,1.1948117,1.4147395,1.219024,1.1164583,1.1588297,1.1060336,1.0502108,0.74318635,0.7579827,0.72872627,1.0007776,1.1134318,1.2052366,1.1669004,1.4255005,1.4900665,1.6911625,1.7812858,1.6992333,1.8334094,1.8354272,1.8471969,2.0018861,2.081921,2.1861682,2.0899918,2.133372,2.2208052,2.1804514,2.214752,2.3620431,2.402397,2.6085372,2.5594401,2.3899543,1.2307938,1.1457148,1.3185631,1.4083502,1.362616,1.4110404,1.3094836,1.3299967,1.471571,1.3532002,1.3236074,1.2758554,1.5004911,1.4988097,1.2237319,1.1820331,1.359253,1.5627031,1.6296232,1.555305,1.5986853,1.5082257,1.5929685,1.6417292,1.6084374,1.7130208,1.5250397,1.516969,1.3663151,1.3310056,1.3885096,1.6407205,1.7809496,1.4860312,1.636685,1.7049501,1.6387028,1.6780475,1.334032,1.4914116,1.5001549,1.507553,1.6851095,1.5448803,1.2802271,1.1786703,1.116122,1.1531129,1.154458,1.0159103,0.940247,1.0280163,1.1110778,1.1171309,1.4483677,1.3955716,1.2926695,1.1901038,0.87601733,0.7714339,0.7156113,0.760673,1.0118749,0.91065425,0.79093826,0.8101062,0.65205425,0.73242533,0.5064446,0.3941267,0.5121613,-0.34871808,-0.49567288,-0.7704145,-0.9341834,-1.1413325,-1.2829068,-1.1699164,-1.1194742,-1.4375961,-1.4191005,-1.6346568,-1.5166222,-1.2654202,-1.5159495,-1.7029219,-1.8307085,-1.9302477,-1.8912392,-2.1189015,-2.107468,-1.9850615,-1.9998579,-2.2275202,-2.3980145,-2.3929706,-2.5584207,-2.5412705,-2.6458538,-2.6781368,-2.6206326,-3.20139,-3.1126115,-3.6745372,-3.3628047,-3.2918494,-3.2891593,-3.7902179,-3.206434,-3.2155137,-3.2239206,-3.2968936,-3.369194,-3.8124125,-3.6177058,-3.6738648,-3.5911396,-3.6691568,-3.7172449,-3.665794,-3.542379,-3.614679,-3.7152274,2018-04-17
IT_ADBE,-0.562317,-0.5172459,-0.56417286,-0.5588704,-0.42842925,-0.32264462,-0.42485005,-0.3392149,-0.23382798,-0.22149968,-0.3942282,-0.47973078,-0.1780193,-0.04002208,-0.0925167,-0.07621155,-0.1306946,-0.036177777,-0.13334584,-0.17748904,-0.1786821,-0.023849497,-0.042673323,-0.09887968,-0.21354595,-0.23913045,-0.16834225,-0.20148279,-0.14421594,-0.25318202,-0.25861707,-0.2221625,-0.13334584,-0.19856644,-0.20824346,-0.13056204,-0.015232955,-0.036840588,-0.0865514,-0.12592237,-0.08907008,-0.25861707,-0.27638042,-0.24483062,-0.45878595,-0.41079846,-0.35989457,-0.30355567,-0.3134978,-0.35605028,-0.4310805,-0.44606,-0.3467709,-0.3651971,-0.29666242,-0.31363037,-0.17125863,-0.24377012,-0.22481373,-0.33139372,-0.23117672,-0.2761153,-0.35114548,-0.4098705,-0.38388833,-0.21871588,-0.19008245,-0.085093215,-0.037238274,-0.0021093006,0.29376945,0.075572126,0.046408452,0.14901157,0.038322162,0.081669986,0.07278833,0.06284616,0.12501782,0.107652165,0.05727855,-0.05168755,-0.20956908,-0.43837136,-0.5248019,-0.3629435,-0.2326349,-0.20294099,-0.33656365,-0.50398964,-0.34067306,-0.33324957,-0.43850395,-0.2639196,-0.36347377,-0.34239638,-0.22799523,-0.25609842,-0.13467146,-0.06971601,-0.09689125,-0.20811091,-0.18212871,-0.32344,-0.3651971,-0.5070386,-0.43598527,-0.59545755,-0.6373472,-0.7105215,-0.8894804,-0.7876727,-0.83128566,-0.83327407,-0.63045394,-0.6527244,-0.587769,-0.47562137,-0.4806587,-0.66107583,-0.59479475,-0.7215241,-0.5873713,-0.51843894,-0.6096417,-0.4919265,-0.41331714,-0.40708673,-0.3833581,-0.23130928,-0.019342382,-0.107231095,-0.23515359,-0.24748187,-0.24231194,-0.7505553,-0.75426704,-0.7141007,-0.6004949,-0.70734,-0.76367897,-0.85793066,-0.7750793,-0.7813097,-0.5961204,-0.67115057,-0.5037245,-0.31164196,-0.22468118,-0.042010512,0.027452063,0.115208216,0.14158808,-0.029417107,-0.13573197,-0.18186359,-0.1310923,-0.16701663,-0.27372918,-0.21752281,-0.58697355,-0.60752076,-0.47350037,-0.39436072,-0.38083938,-0.45600215,-0.598639,-0.4432762,-0.35830384,-0.2978555,-0.24695162,-0.21566695,-0.28234574,-0.3413359,-0.59320396,-0.48927525,-0.513269,-0.71343786,-0.72828484,-0.7958916,-0.692493,-0.9646432,-0.8559422,-0.74405974,-0.9181139,-1.0863352,-1.149965,-1.0192589,-1.0017606,-0.7831656,-0.8741032,-0.6392031,-0.49696386,-0.44963917,-0.6598828,-0.65113366,-0.88921535,-0.7215241,-0.89544576,-0.72974306,-0.78024924,-0.92195815,-0.981346,-0.8821895,-0.84626514,-0.9167882,-0.802122,-0.92885137,-0.95695454,-1.1172222,-1.0493504,-1.070958,-1.0453736,-0.977104,-0.98068315,-0.8983621,-0.67154825,-0.6578943,-0.77733284,-0.87582654,-0.99208355,-0.91400445,-0.9198372,-0.9460845,-0.91241366,-0.8962411,-0.9740551,-0.82518774,-0.79072165,-0.84692794,-0.877815,-0.76898146,-0.68003225,-0.65219414,-0.5139318,-0.41212407,-0.40496573,-0.5438909,-0.6417217,-0.6720785,-0.7183427,-0.7632812,-0.74869937,-0.7045562,-0.82518774,-0.689179,-0.698856,-0.67897177,-0.62926096,-0.78223765,-0.7175473,-0.80424297,-0.7789236,-0.769114,-0.7838284,-0.8218737,-0.7000491,-0.80450803,-0.70853305,0.26977572,0.5319837,0.31922138,0.50613403,0.42964566,0.54603523,0.48187515,0.49141964,0.42805493,0.47286093,0.5562425,0.64771044,0.616956,0.79949415,0.83753943,0.9145581,0.92370486,0.8570261,0.8155341,0.94610786,0.9739459,0.9536639,0.9608223,0.9032903,0.8591471,0.8185831,0.8244158,0.86193085,0.83091134,0.76370233,0.6386962,0.63882875,0.44542056,0.67766947,0.7654257,0.451651,0.019365769,0.1337669,0.21900438,0.4649072,0.48465896,0.47683778,0.51620877,0.48227286,0.5417932,0.55120516,0.6047603,0.5713546,0.5934925,0.5200531,0.42248732,0.43839476,0.56326836,0.5859365,0.6396241,0.6119187,0.729899,0.62954944,0.54298633,0.74806,0.72645235,0.66918546,0.68761164,0.13191105,-0.0076769115,-0.07700692,-0.09291438,-0.14129958,-0.18981732,-0.31389552,-0.30899072,-0.5062432,-0.56775206,-0.6061951,-0.55993086,-0.5867085,-0.6378774,-0.7439272,-0.6745972,-0.67009,-0.5788873,-0.53752786,-0.6787066,-0.73318964,-0.67844146,-0.6873231,-0.6661132,-0.76672786,-0.85421884,-0.7481692,-0.75917184,-0.8288995,-0.6463614,-0.7000491,-0.7683186,-0.8823221,-1.1121849,-0.9964581,-1.0371547,-1.0820932,-1.2304302,-1.2090877,-1.3104978,-1.2975067,-1.2655592,-1.3371428,-1.3317077,-1.3302495,-1.4146917,-1.3515921,-1.3773092,-1.2289721,-1.2935299,-1.3375405,-1.3814185,-1.3344916,-1.3557016,-1.4773936,-1.4111125,-1.4117752,-1.6152582,-1.6575456,-1.6660295,-1.6886977,-1.5705847,-1.5337324,-1.4750074,-0.49471033,-0.53726274,-0.4200778,-0.048638623,0.3145817,0.48890096,0.59574604,0.71624506,0.6722344,0.77921206,0.95843613,0.8244158,0.8900341,0.921849,0.90726715,0.8787663,0.8636542,0.9361657,0.86564267,0.7691374,0.64121485,0.62199336,0.7553509,0.94292635,1.1141967,0.99422795,0.76767915,0.862196,0.77019787,0.85649586,0.92237926,0.96201533,0.84496295,0.9255607,0.841914,0.7568091,0.7081588,0.64346844,0.63551474,0.62729585,0.44303444,0.66918546,-0.89929,-0.32821223,-0.32184923,-0.06931832,0.075439565,0.21012273,0.4911545,0.17976598,0.17989855,0.046010766,0.061520535,0.17313787,0.12607831,0.13270643,0.23941897,0.06218335,-0.028224047,-0.06945088,-0.14143214,-0.08734677,-0.11823376,-0.15654422,-0.23077904,-0.26087067,-0.08668396,-0.005688479,0.011279478,-0.008074598,0.15086743,0.22006488,0.14689058,0.18188699,0.06708815,0.10659168,0.2399492,0.3752952,0.21741365,0.25811023,0.2571823,0.16730514,0.1226317,0.17671706,0.3051698,0.32823563,0.45668834,0.85291666,0.85450745,1.2035437,1.1343462,0.92171645,0.9347075,0.69622815,0.82123435,0.5952158,0.5710895,0.58872026,0.5994578,0.42540368,0.44396237,0.31975162,0.47140276,0.41798022,0.4949988,0.6475779,0.59269714,0.55703795,0.55451924,0.51793206,0.4930104,0.7039168,0.6642807,0.85649586,0.9203908,0.86551005,0.91522086,0.8603401,0.97938097,0.9686434,0.96572703,0.9317911,0.9406728,0.8294532,0.7713909,0.8008197,0.80148256,0.8287903,0.72578955,0.66123176,0.71465427,0.78106797,0.7378527,0.57055926,0.70696574,0.7542904,0.7017958,0.6442638,0.9009042,1.0575926,1.0795981,1.1568818,1.3301406,1.4803334,1.4254527,1.3821049,1.3675231,1.2654501,1.394831,1.3838282,1.5166554,1.6101118,1.773826,1.9301169,1.8705964,1.9403242,1.8223438,1.7027727,1.6983982,1.7507602,1.7193431,1.7343225,1.9063882,1.8830572,1.867415,2.0821657,2.1017847,2.011245,2.0788517,2.141023,2.1408906,2.1285622,2.056051,2.094759,2.0866728,2.0592325,2.2381914,2.0052795,2.132937,2.1590517,2.2197652,2.2896252,2.2786226,2.2281165,2.2774296,2.224935,2.0483623,2.11809,2.0394807,1.9151373,1.4198852,1.1039895,0.862196,0.767149,0.7651605,0.62623537,0.8132806,1.1385882,1.0428783,0.8839362,0.8181854,0.797108,0.81275034,0.7853099,0.78186333,0.6653412,0.8893713,0.8620634,0.893083,0.85265154,1.0245847,1.1131363,1.3549296,1.4225364,1.5287186,1.5026039,1.090203,0.9809717,1.1049174,1.1749102,1.604014,1.4959757,1.6380825,1.7515557,1.767198,1.6238983,1.6058699,1.6379498,1.7149686,1.683949,1.4958433,1.369644,1.2826833,1.4114012,1.416571,1.3807793,1.3282847,1.4013264,1.5191742,1.2882509,1.1820686,0.46649796,0.56074965,0.65128964,0.44409493,0.57201743,0.5757292,0.46729332,0.42381293,0.5863341,0.5757292,-0.33298448,-0.6169326,-0.5639078,-0.67353666,-0.67645305,-0.7748141,-0.74724126,-0.9068461,-0.70800287,-0.6971327,-0.5758383,-0.8475908,-0.88921535,-0.8951806,-0.9979163,-1.0152819,-0.7836958,-0.64662653,-0.28512952,-0.28393647,-0.32065618,0.3510363,0.4273921,-0.112533584,-0.062292524,0.04826432,-0.07793486,0.086707346,-0.016558576,-0.10365192,0.109242916,0.39849356,0.34838507,0.40870085,0.30980945,0.36561814,0.32452387,0.39968663,0.38059768,0.2964207,0.4109544,0.3054349,0.48691255,0.66176206,0.80386865,0.54881907,0.4256688,0.5362257,0.32889843,0.4337551,0.52919984,0.7900822,1.2553755,1.3061467,1.3054839,1.5394561,1.5423726,1.6392756,1.4502418,1.4266458,1.2580267,1.2870578,0.97315055,0.2950951,-0.45494163,-0.96477574,-1.3291892,-1.2936624,-1.1165594,-1.0956146,-1.0466992,-1.6452173,-1.5671381,-1.9055693,-2.1132944,-1.9458683,-2.0749838,-2.054967,-2.174008,-2.522116,-2.3346732,-2.1223087,-1.8221878,-1.65105,-1.6045207,-1.9031833,-1.8158247,-1.6399149,-1.5534842,-1.642566,-1.6698738,-1.8555934,-1.7858658,-2.025008,-2.0692835,-2.2386982,-2.2201395,-2.5995326,-2.1757312,-2.2250443,-2.277141,-2.3128004,-2.3804073,-2.635059,-2.4623306,-2.5675848,-2.595423,-2.6990867,-2.7897592,-2.8973997,-2.9761415,-2.8710198,-2.9276237,2018-04-17
TDC_APPS,0.49318,0.62380314,0.9402016,0.9129158,1.3541319,1.4455682,1.2441181,1.2150908,-0.07865932,-0.2856245,-0.42408508,-0.36080542,-0.04614865,-0.11262135,-0.4316322,-0.42785862,-0.46414286,-0.6002813,-0.739903,-1.1608,-1.2287239,-1.4284323,-1.470522,-1.2777802,-1.1465765,-0.95064175,-0.7593513,-0.9883773,-1.0133408,-1.2980994,-1.3799566,-1.0510764,-0.61044085,-0.6075381,-0.6940397,-0.31813514,-0.05688878,0.22177403,-0.06211371,-0.30710474,-0.3044923,-0.54629034,-0.75412637,-0.6203102,-0.3262628,-0.31174913,-0.45195138,-0.4118936,-0.5280031,-0.29868683,-0.32510173,-0.16312897,-0.5433876,-0.35703185,-0.30129927,-0.2359877,-0.42147264,-0.2774968,0.26415402,0.20029376,0.14165847,0.14427093,-0.00725197,0.12656422,0.021485133,0.2464473,0.3628471,0.49782437,0.22409622,0.080410704,0.08244262,-1.5729887,-1.7242213,-1.4629749,-1.3616693,-1.2304655,-1.3303199,-1.3198699,-1.2777802,-1.2623957,-1.5349628,-1.4888093,-1.4214658,-1.6220449,-1.9436682,-1.6969357,-1.5332211,-1.7140617,-2.0269768,-2.0426517,-1.6841636,-1.657168,-1.5898246,-1.3332225,-1.2098563,-1.2891009,-1.1973745,-1.163122,-1.0441098,-1.1721206,-1.3248047,-1.4025979,-1.3578957,-1.5129019,-1.2803926,-1.1912787,-1.0327892,-1.1396099,-1.03366,-1.0507861,-1.2153714,-0.9805399,-1.0600749,-0.9230657,-0.88765234,-0.9634138,-0.82350177,-1.0818454,-1.024081,-0.9175505,-1.0043423,-0.93699884,-0.8423696,-0.7869273,-1.0394655,-0.9036173,-1.0766206,-1.1172588,-1.2452695,-1.063268,-1.1480279,-1.0995522,-0.78605646,-0.6272768,-0.41421577,-1.7680527,-0.8246629,-1.1219032,-1.098391,-1.2504945,-1.3195797,-1.3741512,-1.2885205,-1.2551389,-0.8920064,-0.78547597,-0.7767678,-0.481269,-0.40144372,-0.35877347,-0.38489813,-0.41915044,-0.17038582,-0.34455007,-0.48939666,-0.43018082,-0.617988,-0.7877981,-0.7848954,-0.61624634,-0.99302167,-0.9163894,-0.9280004,-1.048464,-1.2237893,-1.4197241,-1.3979536,-1.2548486,-1.1265476,-1.1076798,-1.134385,-0.99302167,-1.0391752,-1.1552848,-1.1253866,-1.4429461,-1.6525236,-1.7851788,-1.8403308,-1.9427974,-1.909416,-1.908545,-1.8409114,-1.8432335,-1.7898232,-1.6580389,-1.715513,-1.7242213,-1.8353962,-1.8095618,-1.7509265,-1.7880814,-1.7459918,-1.6827121,-2.1486015,-1.9741471,-1.4650068,-1.8859038,-2.166018,-2.1982384,-1.9070938,-2.0870636,-1.9695026,-1.7117394,-1.3367058,-1.2731359,-1.2937453,-1.2600735,-1.3346739,-1.3674748,-1.2397543,-1.2586222,-1.3184185,-1.1674762,-1.2159519,-1.0205977,-1.0713956,-0.8606568,-1.1210324,-1.1381586,-1.1660249,-1.0783621,-1.1457057,-0.9428043,-0.9936023,-0.88300794,-0.8325003,-0.7724136,-0.7358392,-0.95325416,-1.0174047,-0.9187116,-0.9108742,-1.0475931,-1.0229199,-1.1416419,-1.1918592,-1.1518015,-1.0475931,-1.1198714,-1.189537,-1.2136298,-1.0960689,-1.064429,-1.0377239,-1.222338,-1.1933106,-1.084458,-0.9610916,-0.87400943,-0.6255351,-0.6832996,-0.8043437,-0.731485,-0.7262601,-0.86094713,-0.825824,-0.8705262,-1.0429487,-0.5265517,-0.023217026,-0.3355516,-0.18925361,-0.16080679,-0.26414424,-0.4859134,-0.4087006,-0.56138456,-0.5520958,-0.5561596,-0.45079026,-0.47778574,-0.6034743,-0.51813376,-0.4249559,-0.35819292,-0.21566851,-0.21189497,-0.11465327,-0.25079167,-0.17851348,-0.11262135,-0.062403984,-0.1285864,-0.30507284,-0.4989757,-0.5175532,-0.6002813,-0.5642873,-0.4760441,-0.37793157,-0.3091367,-0.38431758,-0.19128552,-0.8847496,-1.3477362,-1.1834413,-1.189537,-1.204341,-1.1256768,-1.3808274,-1.1372877,-1.1843121,-1.017695,-0.936128,-0.5828648,-0.6444029,-0.5805426,-0.6577555,-0.63482386,-0.8542709,-0.5700928,-0.6086992,-0.51697266,-0.46153042,-0.37880236,-0.41973096,-0.33816403,-0.30942693,-0.2801093,0.07141222,0.3759094,0.579101,0.62380314,0.7782288,0.63106,0.5689415,0.72626984,0.6740205,0.84150845,0.7602318,0.7239476,0.7001451,0.7904203,0.8197379,0.76197344,0.600291,0.65544295,0.81219083,0.6972424,0.7280114,0.3071145,0.4423821,0.24702784,0.056317985,0.09318275,0.1402071,-0.24295425,-0.06153316,-0.27285245,-0.20144512,-0.06791919,-0.15761377,-0.056308236,-0.07169274,0.11437273,0.16517065,0.5280129,0.49782437,0.42177263,0.61074084,0.35094586,0.54339737,0.050802782,0.13556272,0.2862148,0.39709938,0.38984254,0.5018882,0.41625744,0.51669216,0.3294656,0.4037757,0.29724523,0.37155527,0.6217712,0.4531222,0.35152638,0.5068229,0.5245296,0.674601,-0.017701825,-0.19738127,-0.16806363,-0.11436299,-0.16893445,-0.16109706,-0.25891933,-0.11146025,0.01509911,0.07373441,0.25573605,0.20551871,0.2510917,0.13265997,-0.01654073,-0.16341925,-0.43917933,-0.28939804,-0.27169135,-0.30536312,-0.29201055,-0.13148914,-0.2301822,-0.30536312,-0.32481146,-0.31610325,0.015679657,0.08128152,0.20726034,0.49666327,0.37387747,0.21800047,0.260961,0.26415402,0.17736214,0.22699896,0.15849435,-0.0040589585,-0.10304231,-0.2435348,-0.13874598,-0.060662344,-0.14339036,-0.05746933,-0.08069123,0.0119060995,0.31959626,0.23251416,0.37794134,0.26125124,0.22380595,0.27024975,0.2775066,0.2818607,0.23135306,0.3692331,0.29521328,0.28331208,0.3027604,0.35907352,0.48360097,0.38781062,0.4589277,0.43280306,0.5550083,0.551525,0.6345433,0.7854857,0.704209,0.69695216,0.7637151,1.4966564,1.1625513,1.2571805,1.1671956,1.1759039,0.9985466,0.8798246,1.0847579,0.9361377,0.92452675,0.92771983,0.9378793,0.80957836,0.9053687,0.7671984,0.8745997,0.88243705,0.88563013,0.8464431,0.8124811,0.8644401,0.71175605,0.7454279,0.8139324,0.79912853,0.6580554,0.75007224,0.55558884,0.56110406,0.5126283,0.5114672,0.55645967,0.7094339,0.6940494,0.7402029,0.72307676,0.57097334,0.5477514,0.44760704,0.49405083,0.4821496,0.53033507,0.53904325,0.50130767,0.53904325,0.7393321,0.7587805,0.84702367,1.013931,0.70566034,0.79419386,0.8008702,0.87314826,0.04383621,-0.09056054,-0.1706761,-0.1738691,-0.18983415,-0.16777335,-0.07923987,-0.16225816,-0.27198163,-0.28765643,-0.3729969,-0.27285245,-0.14339036,-0.106815875,-0.3851884,-0.48736477,-0.3628373,-0.20986305,-0.26211232,-0.33584183,-0.23889042,-0.32481146,-0.34977502,-0.6214713,-0.43076137,-0.5149408,-0.48533285,-0.33700296,-0.3311975,-0.33293912,-0.33468077,-0.2368585,-0.14251955,-0.10478396,-0.19099525,-0.22727947,-0.109718606,-0.1706761,-0.024087846,-0.018862918,0.13062806,0.12627396,0.09724658,0.25138196,0.2255476,0.13120861,0.2188713,0.09666603,-0.16312897,-0.2171199,-0.10362286,-0.073144116,-0.040052902,0.04122375,0.06967057,0.033386357,-0.029603047,-0.0002853994,0.081571795,-0.04208482,-0.05688878,0.15268888,0.033386357,0.7329461,0.62264204,0.70217705,0.91726995,0.8954994,0.8316392,0.7547166,0.72714067,0.6397682,0.6209004,0.5129186,0.441221,0.37155527,0.34543067,0.37794134,0.13643354,0.05225415,0.14862505,0.16400956,0.22961143,0.3137908,0.29898685,0.4098714,0.392455,0.475183,0.6653123,0.7306239,0.5912925,0.39971185,0.11495328,0.085635625,0.36400816,0.40754926,0.2984063,0.4423821,0.5944855,0.71640044,0.69608134,0.7599416,0.70682144,0.70653117,0.68476063,0.8185768,0.876051,0.80406314,0.7468792,0.75355554,0.78403425,0.72656006,0.6986938,0.5866481,0.47169974,0.4191602,0.30885616,0.2914397,0.44673622,0.44296265,0.39100364,0.3570416,0.38316625,0.47634414,0.37765104,0.42931977,0.43802798,0.36633036,0.57329553,0.704209,0.5689415,0.52249765,1.6168298,1.3222017,1.1596484,0.90856177,1.1915786,1.1999965,1.2391835,1.233378,1.189837,1.1407807,1.1602291,1.0092868,1.062697,1.1718401,1.1381682,1.2397641,1.2490528,1.2319267,1.5404878,1.6420835,1.653114,1.7520971,1.9088452,1.6438252,1.7137811,1.8147963,1.8475972,1.743389,1.7848983,1.7532583,1.7651595,1.9349697,1.8812691,1.8713998,1.6989772,1.7010092,1.7706747,1.8026049,1.739035,1.7332295,1.7419376,1.6917204,1.6960744,1.6165394,1.6136367,1.531199,1.3332322,1.3883842,1.4290226,1.3222017,1.4920119,1.4261198,1.5073965,1.4116061,1.7355517,1.8084104,1.9190047,2.1134882,2.1785095,2.109134,2.0089896,2.2484653,2.1619637,2.0812678,1.751807,1.9062326,1.1065284,0.33352944,0.45834714,0.38432732,0.3494945,0.511177,0.38171488,0.4885356,0.33556134,0.5767788,0.62931836,0.6716983,0.59071195,0.6507986,1.0179949,1.2435375,2.0002813,2.0844607,1.9564499,2.0554333,2.138742,2.075172,1.9251004,2.074301,1.9163923,1.840921,2.1137784,2.0632706,1.9523861,1.7010092,1.5053645,1.9703832,1.6731428,1.514363,1.7944772,1.6435349,1.7552903,1.8336642,1.6034771,1.6020257,1.7941871,2.064722,2.1933134,2.2478848,2.319292,2.49723,2.6713943,2018-04-17
EEFT_BLKB,-1.4344604,-1.4755001,-0.89668125,-1.4346181,-1.5160663,-1.5634199,-1.6076168,-1.4556116,-1.3364384,-1.3670604,-1.1574417,-1.4466144,-1.4221485,-1.291926,-1.2100042,-1.1954825,-1.1306081,-1.0096985,-1.1141921,-1.2879798,-1.2655658,-1.1457611,-1.0834123,-1.291926,-1.2999761,-1.2769307,-1.2900319,-1.5267999,-1.4289359,-1.5569484,-1.571628,-1.5883595,-1.3831605,-1.2819817,-1.518434,-1.6578115,-1.8251276,-1.6271895,-1.8131315,-1.6342926,-1.4393536,-1.5757319,-1.4311457,-1.3574319,-1.5785732,-1.4343024,-1.3302824,-1.3389639,-1.3253893,-1.3915265,-1.5553699,-1.515435,-1.4081001,-1.3713222,-1.2590942,-1.2073209,-1.1006174,-1.1026694,-1.1328179,-0.9628184,-0.88310647,-1.006226,-1.0778877,-1.2627246,-1.0452137,-0.46371144,-0.7127913,-0.6878518,-0.5863573,-0.51153857,-0.6506004,-0.65502,-0.50333065,-0.50901306,-0.56836295,-0.73425835,-0.8905253,-0.791714,-0.8250195,-0.7730883,-0.698901,-0.7752982,-1.0955664,-1.4366702,-1.3410159,-1.1493917,-0.9143599,-0.8955763,-1.0210633,-1.2212113,-0.9825491,-0.8681112,-0.8812124,-0.5066454,-0.3800534,-0.4412974,-0.26656258,-0.30081505,0.07848736,0.1907154,0.15046485,-0.11471535,-0.0877238,-0.12686945,0.021663029,0.07359415,-0.037528977,-0.044474173,0.23917392,0.5766473,0.6855606,0.6268421,0.4664712,0.45052886,0.4246422,0.6386805,0.72612685,0.7174454,0.5910112,0.36450312,0.4601574,0.39117897,0.30752096,0.32867223,0.18645358,0.99998856,0.7990514,0.85713845,0.8710289,1.1622536,1.2609069,1.036293,1.2053454,1.1417336,1.0104064,1.1867197,1.2923182,1.1892451,0.95737034,1.072913,0.9180668,0.8451423,0.7176032,0.81341535,0.7401751,0.7499615,0.85919046,0.83440876,0.5277152,0.8138889,0.716814,0.699451,0.6705653,0.36908063,-0.032477926,-0.13523525,0.04786536,0.104374,-0.028689638,0.044077072,-0.079358,-0.032320082,-0.11455751,-0.289608,-0.39520657,-0.602931,-0.5773601,-0.47002524,-0.3017621,-0.39852133,-0.3218085,-0.21573637,-0.3260703,-0.45360935,-0.675382,-0.57530814,-0.4667105,-0.22899538,0.08401194,0.20302734,0.41012043,0.242173,0.47041735,0.26032522,0.14304611,0.30199638,0.07312062,0.14225689,-0.03768682,0.097744495,0.3695542,0.34445676,1.0462372,0.44879252,0.4844656,0.2958404,0.18250746,0.5060904,0.089536525,0.10989858,-1.7585168,-0.9108873,-0.5993006,-0.49575406,-0.79297686,-0.86353374,-0.7991328,-0.89541847,-0.6818537,-0.7828747,-0.7161062,-0.7893464,-0.8224939,-0.8010269,-0.62345093,-0.25677618,-0.19600572,-0.2659312,-0.22473358,-0.27713823,-0.34438035,-0.0842512,-0.27382347,-0.30854946,-0.15701792,-0.05741749,-0.046368316,-0.03468776,0.17556225,-0.010063887,-0.11029568,-0.054260585,0.060492985,0.012034463,0.032712206,0.08006582,-0.0043814536,-0.11471535,0.08322272,-0.0016980823,0.03318574,-0.088197336,0.07706675,0.054652706,-0.01164234,-0.027426874,-0.043842793,0.048338894,0.12173699,0.100585714,0.045971215,0.09064145,0.08416979,0.58848566,0.7378074,0.5919583,0.67119664,0.3810769,0.49330494,0.5488665,0.62526363,0.52408475,0.5652824,0.53181916,0.4521073,0.34650874,0.35834715,0.58722293,0.62731564,0.71728754,0.8945478,0.95089865,1.0849093,1.0877506,0.94947803,0.9764696,0.9395338,0.98388827,1.1428386,1.1346307,0.9835726,0.96763027,0.9122265,0.7676402,0.48509696,0.36213544,0.18771635,0.17445734,0.19860767,0.10547891,0.1771407,0.13515384,0.03586911,0.25101233,-0.62029403,-1.3738478,-0.9637655,-1.091778,-1.1460769,-0.92525125,-1.0207477,-1.1372375,-0.9659753,-0.8878419,-0.8916302,-0.8943135,-0.9254091,-0.93266994,-0.8725309,-0.96392334,-0.8889468,-0.8294391,-0.9475074,-0.82328314,-0.8286499,-0.013220793,0.050233036,-0.026637647,0.05228503,0.06585973,-0.08740811,-0.07162357,0.15472667,0.15409528,0.28100294,0.12189483,0.11321334,0.2140765,0.3097308,0.23364934,0.23633271,0.38944268,0.33403894,0.31699166,0.30420622,0.242173,0.10311123,0.1193693,0.17429948,0.2568526,0.3589785,0.21502359,0.17335242,0.24974957,0.22654629,0.3240947,0.36466095,0.38265535,0.49220002,0.38660145,0.4165921,0.63883835,0.5491822,0.5300829,0.7273896,0.9027558,0.9954111,0.831094,0.86897695,0.9537398,1.0018827,0.89928323,0.9619478,1.1521515,1.0793847,1.2613804,1.2528567,1.2370722,1.1696723,1.4102286,1.4531627,1.3532465,1.3698202,1.4433762,1.3249922,1.5748614,1.258697,0.9914649,1.014826,1.0053552,0.9156991,1.0929594,1.1523093,0.98988646,0.94442695,1.0306106,0.9786794,0.96763027,0.9908335,0.82114977,0.51840234,0.029081762,-0.069255896,-0.19142821,0.042498615,0.19276738,0.14336179,0.1976606,0.15741003,0.14130981,0.45573774,0.46410355,0.13404892,0.014402144,-0.36300611,-0.1764329,-0.37310824,-0.37610728,-0.36316398,-0.23672982,-0.15054625,-0.19711062,-0.18227316,-0.28771386,-0.29907873,-0.22568063,-0.31880942,-0.23925534,-0.27871668,-0.31723097,-0.22773263,-0.26182723,-0.4401925,-0.35890213,-0.37010917,-0.34706372,-0.32859585,-0.34958926,-0.33222628,-0.2982895,-0.29055506,-0.4430337,-0.5882514,-0.5311114,-0.6256608,-0.54026645,-0.55494606,-0.49922666,-0.59251326,-0.5844632,-0.6278706,-0.5348997,-0.73047,-0.7178424,-0.6472855,-0.61729497,-0.5244819,-0.60214186,-0.5342683,-0.4072028,-0.3023935,0.5106679,0.30752096,0.35692653,0.22481,0.16814353,0.19197816,0.20713133,0.40901554,0.6230538,0.6211597,0.6778262,0.6768791,0.5387644,0.6857184,0.6184763,0.5016707,0.56228334,0.5482351,0.5338712,0.45116022,0.47783607,0.43285018,0.42164314,0.46268293,0.49330494,0.40901554,0.39638788,0.34761366,0.37444738,0.38991624,0.4295354,0.4420052,0.5430262,0.5816983,0.64957184,0.6907695,0.71207863,0.7144463,0.57522666,0.50261784,0.5168239,0.60379666,0.6751428,0.69613624,0.63347167,0.5379752,0.572859,0.5875386,0.51903373,0.5098787,0.4252736,0.52929366,0.40806845,0.17414165,0.18329668,-0.03973881,0.092377745,0.24312006,0.20571071,0.35345396,0.37097478,0.35376963,0.3663973,0.46741828,0.4137509,0.21028823,0.2947355,0.17792992,0.054968398,0.05528409,0.09837588,0.12663019,0.037447564,0.13215478,0.047076132,-0.020955216,0.08227565,0.4956726,0.5523391,0.3577158,0.46915457,0.46631336,0.3818661,0.17998192,0.18992616,0.22986105,0.29457766,0.38802207,0.49930307,0.2488025,0.22733554,0.12741941,0.0769089,0.004457887,0.092219904,0.20855193,-0.10524464,0.010140319,0.20413226,0.27895096,0.14951777,0.31415048,0.15409528,0.14793931,0.11179273,0.27169007,0.46726045,0.5453939,0.6045859,0.45652696,0.37223756,0.551392,0.60584867,0.52471614,0.62526363,0.5976407,0.79936713,1.052709,1.0958006,1.2174994,1.5417138,1.7975811,1.6552047,1.620005,1.5919087,1.5087241,1.6061147,1.6348426,1.6630969,1.7764298,1.8247306,1.8484074,1.8236257,1.6959288,1.8332542,1.8529849,1.9240153,1.8310444,1.6889834,1.943588,2.069075,1.9846278,2.0955932,2.0313501,1.905863,1.9311184,1.9559,1.8676645,1.8517221,1.999781,2.071285,2.101749,2.2228165,2.2644877,2.1066422,1.7871633,1.844777,1.68851,1.598696,1.4934132,1.2800063,1.2132376,1.2787434,1.2711669,1.2724296,1.2729032,1.483311,1.6106923,1.8859745,1.8615085,1.8862902,1.5786496,1.2839524,0.97899514,1.2388086,1.2493842,1.2867936,1.486468,1.7317595,1.5781761,1.3568769,1.100694,0.6767213,0.42385295,0.5035649,0.7802678,0.2649027,0.102006316,-0.17106615,-0.28250498,-0.13949707,-0.21763052,-0.2858197,-0.3543246,-0.6984275,-0.9151491,-0.6565984,-0.77671874,-0.8057623,-0.75193703,-0.6161901,-0.5206936,-0.53963506,-0.5031728,-0.14565304,-0.1151889,-0.08725026,0.089220844,0.28889522,0.28542262,0.32220054,0.46931243,0.36008343,0.22780906,0.08858946,0.10611029,0.09427189,-1.0586305,-0.40830773,-0.6277128,-0.7743511,-1.0390577,-1.0382686,-1.0270615,-0.9689744,-0.91941094,-0.76535386,0.3188858,0.3772886,0.91475207,0.68903315,0.6262107,0.7357554,0.7594322,0.6909273,0.8386706,0.72612685,0.7734805,0.71981305,0.7041864,0.77426976,0.79257977,0.88413006,0.7029236,0.6131096,0.6323667,0.49093723,-0.121502705,-0.035950523,-0.3737396,-0.30302486,-1.5541071,-1.653076,-1.7264742,-1.5577376,-1.8688508,-1.9929173,-1.4923896,-1.4524547,-1.3601152,-1.4140983,-1.4619255,-1.4783413,-1.4540331,-1.44693,-1.4688706,-1.6380808,-1.5864654,-1.5479512,-1.6139306,-1.6181923,-1.7176349,-1.6204021,-1.597199,-1.5245901,-1.5692604,-1.5616837,-1.5451099,-1.7329459,-1.606196,-1.360431,-1.4336711,-1.3514338,-1.2982398,-1.5313773,-2.4161007,-2.3520155,-2.6216152,-3.2886696,-3.5101268,-3.7727814,-3.6963842,-3.3579638,-3.3633306,-3.4127362,-3.3849554,-3.2856708,-3.277305,-3.2727273,2018-04-17
EBIX_BR,-1.0929853,-1.2013406,-1.2656618,-1.3586051,-1.3191317,-1.3474394,-1.3414633,-1.2769848,-1.3224344,-0.36909646,-0.41942114,-0.20538405,-0.19909346,0.008653046,-0.14200641,0.099080175,0.06935717,-0.0012546222,0.030041028,0.047340132,0.102382734,0.07753493,0.0018906692,-0.15238588,-0.20412593,-0.15254314,-0.15851921,-0.13996197,-0.18242341,-0.22991732,-0.27568132,-0.33371192,-0.32427606,-0.13115515,-0.18320973,-0.18777041,-0.12014664,-0.13886112,-0.15930553,-0.1607209,-0.15930553,-0.16591063,-0.06368866,-0.12848166,-0.09419798,-0.05330919,-0.08885099,-0.08554844,-0.16889866,-0.3920571,-0.4393937,-0.50811833,-0.55341053,-0.5927267,-0.56127375,-0.72011095,-0.70281184,-0.74071264,-0.8445072,-0.8666816,-0.8383739,-0.9795975,-0.89970714,-0.8780046,-0.882408,-1.0343256,-1.0437615,-0.88822675,-0.77656895,-0.66632646,-0.5688225,-0.6444667,-0.78050053,-0.98447275,-1.0760007,-1.2806019,-1.3197609,-1.1923764,-1.2346807,-1.3449231,-1.2397131,-1.1805816,-1.1324587,-1.1727184,-1.1162604,-1.164226,-1.1794808,-1.1857713,-1.0555563,-0.87548834,-0.9221959,-0.90489686,-0.8864969,-1.0508384,-1.1687868,-1.120192,-1.2975866,-1.208103,-1.206373,-1.4633434,-1.4444717,-1.4290597,-1.4240273,-1.4930664,-1.5150834,-1.6583514,-1.680054,-1.7921836,-2.0310686,-1.969578,-1.9209833,-2.0994787,-2.089728,-2.0806067,-1.9753969,-1.9703645,-2.0567026,-2.1023095,-2.198398,-2.0052772,-2.0158138,-2.0282378,-2.095547,-2.07526,-2.0329556,-2.0386171,-2.011725,-2.060477,-2.0464804,-2.1625416,-2.260203,-2.153263,-2.0840666,-1.7004983,-1.6314591,-1.4386529,-1.2658191,-0.817615,-0.86793965,-0.76729035,-0.64336586,-0.5559268,-0.4047955,-0.11558597,-0.096556954,-0.17676188,-0.17015678,-0.15804741,-0.13430044,0.013370982,-0.011634084,-0.038526326,-0.14530897,-0.10945264,-0.04827673,-0.15175681,-0.38309303,-0.3738144,-0.28794795,-0.49066195,-0.52526015,-0.6320428,-0.6837828,-0.7760971,-0.5593866,-0.62874025,-0.6521726,-0.5718105,-0.6282685,-0.56850797,-0.67702043,-0.57778656,-0.62040526,-0.6112839,-0.6417932,-0.8209175,-0.806921,-0.75093484,-0.66302395,-0.6064087,-0.5258893,-0.50151324,-0.5167679,-0.46817315,-0.62512314,-0.26215658,-0.20711395,-0.2819719,-0.30084363,-0.2708061,-0.5224294,-0.44678518,-0.38812548,-0.43200228,-0.44206724,-0.5266756,-0.46864495,-0.54947895,-0.46266887,-0.6922751,-0.9369788,-0.7655604,-0.8265791,-0.7853757,-0.63581717,-0.7425998,-0.82752264,-0.9657582,-0.98919064,-0.7834886,-0.84592265,-0.7798715,-0.30524704,0.11999637,0.15616721,0.11527842,0.0036205796,0.07438964,0.0346017,0.0017334046,-0.008016999,0.020447887,-0.11165435,-0.09907319,-0.12722355,-0.11574323,0.010225691,-0.13618763,-0.1660679,-0.277883,-0.22142503,-0.22567116,-0.17015678,-0.3555717,-0.23605064,-0.25177708,-0.28024197,-0.25051898,-0.31625554,-0.5225867,-0.5350106,-0.67812127,-0.5854925,-0.16197902,-0.30666244,0.33183172,0.35101804,0.5715029,0.72845304,0.76603925,0.9500388,0.88398767,0.81494856,0.7946614,0.74543756,0.7831811,0.7853828,0.8558373,0.97504383,0.8850885,0.59320545,0.6655472,0.52919877,0.41738367,0.34346932,0.26200625,0.14122708,0.005822283,-0.13209873,-0.0679348,-0.32207438,-0.2766249,-0.31358206,-0.33119568,-0.29360947,-0.20223875,-0.25586596,-0.08444758,-0.027832335,-0.14106283,0.096406676,0.25980455,0.3368642,0.35086074,0.1527074,0.25319946,0.10426991,0.061651208,0.11386304,0.07564776,0.10426991,0.05252986,0.06668367,0.07486144,0.098922916,0.09687847,0.029883763,0.0018906692,-0.043086994,-0.09954498,-0.124707304,-0.11354152,-0.1811653,-0.061329685,0.33198902,0.58833027,0.5631679,0.57433367,0.63550967,0.59760886,0.47195446,0.43609816,0.34000948,0.21923031,0.3039959,0.24612255,0.2933019,0.37161967,0.4140811,0.307613,0.024222238,0.022649592,0.42068622,0.47745872,0.556091,0.6520224,0.49979028,0.5185048,0.5826687,0.7665111,0.94705075,0.9891977,1.0223805,0.9972182,0.7240496,1.0497446,1.0151464,0.83932453,0.95412767,0.8817859,0.9022304,0.7435504,0.74543756,0.6545387,0.7191744,0.6391268,0.7694991,0.6554823,0.37586582,0.25744557,0.337336,0.3706761,0.24329178,0.4068469,0.30462497,0.5943063,0.74543756,0.7198035,0.42147255,0.64604634,0.70596415,0.80881524,0.89075005,1.0763222,0.88587487,0.80566996,0.8798988,1.110606,1.2771491,1.1994604,1.2263527,1.2088963,1.1478776,1.2389338,1.339583,1.4951178,1.1942706,1.1661203,1.1472486,1.0091703,0.9742576,1.0399941,1.1549546,1.213457,1.1832622,1.1250743,1.1549546,1.1014847,1.1003838,1.0598094,2.0537214,2.2746782,2.3910542,2.2274988,2.037366,1.9044774,1.8016264,1.7860572,1.9436363,2.0865898,1.918474,1.9703714,1.8131068,1.6830488,1.7528744,1.5449706,1.7553905,1.845346,1.9035338,1.7358898,1.8365391,1.6196712,1.6446763,1.6525396,1.6319379,1.6572576,1.545757,1.5317603,1.4737298,1.4702699,1.2972789,1.3007387,1.2865849,1.0948795,1.3340788,1.0962949,1.2549748,1.4249777,1.4216752,1.2850122,1.2535595,1.1527529,1.2677132,1.2000895,1.2142433,1.1403289,1.1922262,1.1338811,1.1165819,1.1464622,0.9645071,0.88933474,0.8357075,0.8938953,0.8558373,0.830675,0.85237753,0.6535951,0.7183881,0.8265861,0.8110169,0.78113663,0.9851088,1.1077752,0.96655154,1.012001,1.0766368,1.0329173,1.1131222,0.98746777,1.051789,1.146305,0.95821655,1.0349617,1.4892989,1.4567451,1.6405874,1.7552334,1.7297564,1.7720606,1.848963,1.5676168,1.5770526,1.5347484,1.4545434,1.6149534,1.4768751,1.5161911,1.5487449,1.5216954,1.3631728,1.3708787,1.3471317,1.3392686,1.3708787,1.452499,1.4164854,1.4542289,1.3943112,1.4285947,1.3814155,1.4411759,1.3922666,1.409723,1.3644308,1.2983797,1.3609711,1.3409985,1.3126909,1.2845405,1.2876858,1.2074809,1.2173886,1.159358,1.159358,1.1893955,1.2332723,1.2615799,1.244438,1.3604993,1.426393,1.4641367,1.5786252,1.0565069,0.5732328,0.4851647,0.41612554,0.23715846,0.21875851,0.0047214315,-0.037897266,-0.2686044,-0.62370783,-0.6032634,-0.40778354,-0.4106143,-0.29455307,-0.59162587,-0.57259685,-0.6929042,-0.8438782,-0.7246716,-0.6716734,-0.6982512,-0.4063682,-0.4835851,-0.33418372,-0.48154065,-0.5224294,-0.61018306,-0.5977592,-0.69023067,-0.6998238,-0.72341347,-0.6839401,-0.68692815,-0.7152357,-0.8320833,-0.61002576,-0.7142921,-0.79276717,-0.6513864,-0.83035344,-0.6501282,-0.7221554,-0.5335952,-0.4897184,-0.5379986,-0.54932165,-0.44065186,-0.30556157,-0.25366428,-0.37444347,-0.43892193,-0.49239188,-0.54712,-0.5766857,-0.3631204,-0.34613582,-0.16685422,-0.25633776,-0.35352725,-0.39315793,-0.4840569,-0.36956823,-0.18085077,0.6350379,0.6490344,0.30195147,-0.16732602,-0.25161985,-0.39457333,-0.48846027,-0.46361247,-0.46203983,-0.36610845,-0.45087406,-0.31877178,-0.30949318,-0.45559198,-0.5216431,-0.50748926,-0.45873728,-0.5823472,-0.46770135,-0.6153728,-0.6875572,-0.8792627,-0.8572457,-0.7811296,-0.8125825,-0.75156385,-0.7845894,-0.6650684,-0.55514044,-0.5140944,-0.8111671,-0.39268616,-0.45040226,-0.7976424,-0.8559875,-0.6735606,0.03224273,0.10788699,0.15034842,-0.08208861,-0.08208861,-0.07108009,-0.061644215,-0.0048717074,0.20743546,0.06432471,-0.011005026,-0.059599776,-0.08932278,-0.1553739,-0.14876878,-0.15820467,-0.24281302,-0.2459583,-0.23966773,-0.32789314,-0.09152449,-0.29408127,-0.3618623,-0.23117544,-0.36296317,-0.14452265,-0.229131,-0.23054637,-0.25413606,0.0523726,0.40197173,0.37853932,0.5134723,0.17944236,0.33151722,0.5438244,0.32239586,0.42005715,0.34975988,0.5831405,0.5645833,0.61632335,0.57276106,0.7672974,0.5540466,0.6199404,0.47682968,0.64447373,0.73725986,0.7674546,0.7220052,0.6056294,0.6542241,0.8036255,0.74701023,0.7694991,0.7573897,0.67089415,0.82815874,0.92125934,0.760535,0.7965486,0.76352304,0.7257795,0.7477966,0.412823,0.56851494,0.7937178,0.6605147,0.59163284,0.5869149,0.5680431,0.6200977,0.61726695,0.537062,0.47934592,0.38184187,0.49695954,0.27883357,0.4060606,0.42162982,0.61978316,0.48028946,0.5320295,0.5238518,0.32098046,0.4971168,0.30462497,0.7257795,0.86417234,0.7435504,0.5732328,0.66193014,0.5715029,0.32852918,0.4488366,0.46849465,0.674354,0.5296706,0.46220404,0.45780066,0.31547624,0.06684094,0.3576231,0.02878291,0.022020534,-0.39646047,-1.30199,-1.5383586,-1.1922191,-1.4859896,-1.4144342,-1.2571695,-1.3955623,-1.2824891,-1.3457096,-1.6333463,-1.9590412,-2.3419807,-1.9236568,-2.0222616,-2.001031,-2.2306373,-2.7986767,-2.3757925,-2.819593,-2.6571386,-2.5608928,-2.5432792,-2.7113948,-2.4247017,-2.4905956,-2.4036283,-2.3300285,-2.1963534,-2.1713486,-2.2880387,-2.7178426,2018-04-17
FICO_BR,-0.49427798,-0.6047814,-0.61331445,-0.878409,-0.9492336,-0.8617695,-0.9813749,-1.0527683,-1.0125207,-0.4211779,-0.49470463,-0.6013682,-0.5919818,-0.41591585,-0.710165,-0.8024646,-1.0156494,-1.0672747,-0.9559179,-0.9067104,-1.1123577,-1.15161,-1.1826135,-1.0365555,-0.994459,-0.8154064,-0.90372384,-0.9509402,-0.8966129,-0.75027055,-0.85010767,-0.8374502,-0.8240817,-0.47351417,-0.64815795,-0.6016526,-0.66693074,-0.52684593,-0.28720847,-0.12607536,-0.0120164575,0.13688588,0.26559326,0.5368031,0.28678373,0.23999399,-0.005474425,-0.11242243,-0.21410835,-0.15295458,-0.1138446,-0.15921217,-0.09734731,0.08085195,0.13816585,0.18652,0.34395537,0.13660145,0.11000666,-0.025527176,-0.019980669,-0.30185694,-0.26815122,-0.24696073,-0.2775376,-0.23743212,-0.5218683,-0.6942366,-0.7925093,-0.6798726,-0.5870041,-0.659251,-1.0883229,-1.1049625,-1.1006958,-1.1834668,-1.3464488,-1.2909837,-1.2035196,-1.29909,-1.4178421,-1.4805603,-1.458801,-1.4093091,-1.2534381,-1.2052262,-1.1585786,-1.1941332,-1.1008381,-1.1799113,-1.2006752,-1.0765188,-1.103967,-1.2026663,-1.3164407,-1.2895615,-1.3657904,-1.3281026,-1.372048,-2.0562592,-1.9089212,-1.9483157,-1.9362272,-2.038482,-2.1149952,-2.0265355,-2.196344,-2.1087377,-2.0372021,-1.8733667,-1.7270243,-2.264182,-2.1245239,-1.9365116,-1.7214779,-1.657053,-1.5043107,-1.4923645,-1.6664394,-1.6793813,-1.5149772,-1.7321441,-1.7971377,-1.8026844,-1.9170277,-2.0172915,-1.9343783,-1.8591448,-2.1041868,-1.60557,-1.734704,-1.6769636,-1.632307,-1.4319217,-1.3845631,-1.2099193,-1.8604249,-1.8631271,-1.854594,-1.8801932,-1.829137,-1.384421,-1.396936,-1.3199962,-1.0867585,-1.1015491,-0.97710836,-0.6926722,-0.6305229,-0.34281576,-0.3495,-0.2631736,-0.22306809,-0.24724518,-0.50736207,-0.48474938,-0.6539889,-0.55870277,-0.6126034,-0.5120552,-0.62881625,-0.69622767,-0.5715024,-0.55600065,-0.42274228,-0.51603734,-0.42885768,-0.33414042,-0.32688734,-0.26985782,-0.20002876,-0.13403957,-0.20799299,-0.21154843,-0.07743678,-0.06022839,0.029511224,0.036906563,-0.2411298,-0.22818795,-0.4981179,-0.7091695,-0.79037607,-0.71855587,-0.83147705,-0.7164226,-1.2975258,-1.2500248,-1.5906372,-1.290557,-1.6005924,-1.5957571,0.024818027,-0.04202447,0.32191157,0.304561,0.2550691,0.30200106,-0.078574516,-0.27767983,-0.4086627,-0.5313969,-0.5113442,-0.53338796,-0.5584184,-0.78255403,-0.8208107,-0.63251394,-0.7676211,-0.44507053,-0.21766381,-0.47962955,0.022684755,0.15452093,0.22207451,0.09777591,-0.030504808,-0.1381639,-0.29119056,-0.34992665,7.20798e-05,0.0023475692,0.051128376,-0.0548241,0.26018897,0.32603592,0.23814514,0.27369967,0.36144823,-0.14726585,-0.013723074,-0.23814322,0.15949856,0.076158755,0.19604859,0.5571403,0.0937938,0.25933564,0.15039659,0.10886891,0.10844226,-0.14314154,0.0937938,0.13091272,0.10915335,0.15295652,0.06279026,0.004907495,0.21894571,0.232172,-0.066201545,-0.06961478,-0.13731058,-0.20088206,0.1693116,0.16788942,0.23558523,-0.17073184,-0.11341795,0.24298057,-0.019980669,0.19320424,0.21098149,0.050559502,0.15565866,0.091518305,0.078434244,-0.39543644,-0.70490295,-0.7533993,-0.6386293,-0.7124405,-0.57776,-0.5409255,-0.50892645,-0.18324703,-0.11583566,0.052550554,0.2572024,0.057812624,0.13731253,0.30143216,0.45360553,0.58401954,0.32873806,0.03804431,-0.14100826,-0.16546977,-0.2419831,-0.30697677,-0.18722914,-0.21780603,-0.15124796,-0.15039466,-0.20443752,-0.3842012,-0.5520185,-0.36272627,-0.17969158,-0.089098655,-0.13375513,-0.21410835,-0.028655972,-0.2333078,-0.2719911,0.11299324,0.20287508,0.0835541,0.018560432,-0.019127361,0.04671961,0.11043332,-0.13460845,0.033208895,-0.037615713,-0.22918347,-0.20073986,-0.35604203,1.2092103,1.5146947,1.3926716,1.4243861,1.2636797,1.3190025,1.1948463,1.1234528,0.9280451,1.018638,1.0593123,1.2541512,1.1985439,1.2437693,1.3373488,1.4192663,1.1565896,1.1537452,0.95407104,1.0652856,0.93145835,0.98208797,1.134119,1.0352776,1.1344036,1.3050653,1.289279,1.2195922,1.3508594,1.0896049,1.434057,1.0217668,1.2953944,1.620505,1.3130294,1.3377753,1.2261342,0.97654146,1.0783696,1.1595762,0.839301,0.95222217,0.87258005,0.99815863,0.8235148,0.82223487,0.67361695,0.5823129,0.6252628,0.666506,0.7014917,0.71898454,0.81825274,0.7731696,0.74757034,0.8828198,0.9829413,1.1907219,1.4408835,1.4285105,1.3989291,1.1234528,1.2331028,1.0118115,0.8795487,0.9634574,0.5436296,0.40112707,0.28721038,0.100051396,0.3989938,-0.09549847,0.65925294,0.7760139,0.90955675,0.68385667,0.4588676,0.2906236,0.00376975,-0.061223917,-0.12820864,0.09578486,0.07829203,0.21453695,0.122237414,0.049279537,-0.044868834,-0.02453165,0.057528187,0.32660478,0.4612853,0.6876965,0.8690246,0.93046284,0.9768259,0.88879293,0.8058797,0.7602278,0.74444157,0.7077493,0.60435677,0.76705426,0.6959452,0.6171564,0.6322315,0.28834814,0.3833498,0.31977832,0.5372298,0.90955675,0.9179476,0.78767586,0.68357223,0.78383595,0.85693604,0.8639047,1.1198972,0.8435676,0.90529025,0.89519274,0.97383934,0.9994386,0.98123467,0.9424091,1.0202024,1.0056962,0.8984637,0.8491141,0.6613862,0.61616087,0.571931,0.5602691,0.4140689,0.4335528,1.0065495,1.1712381,1.0418196,1.352566,1.2675197,1.1642693,1.325118,1.3935249,1.3854184,1.3913916,1.2854391,1.3444598,1.1863132,1.1912907,1.2798927,1.3682101,1.3354999,1.2898479,1.3810098,1.2865769,1.1342613,1.2857237,1.2187388,1.4290794,1.3724766,1.356406,1.3965114,1.2225788,0.9183743,0.9727016,1.0099628,1.0645745,1.0446639,1.2532978,1.1989706,1.2651019,1.1917174,1.3151628,1.0731076,1.3170115,1.4896643,1.3807253,1.415142,1.2157522,1.0558991,1.1655493,1.2035216,1.1806244,1.3519973,1.3273934,1.4849712,1.5272099,1.5243655,1.4058979,1.7475057,2.026111,2.0982153,2.1775732,2.20559,2.3234887,2.324342,2.3206446,1.8093705,1.5900702,1.4128666,1.2914124,1.0971425,0.7020605,0.6512887,0.65939516,0.31039193,0.3432443,0.27241972,0.07971421,0.29901448,0.16547172,0.012871707,-0.142146,0.41122454,0.3458042,0.45772988,0.2479582,0.49314216,0.4463524,0.5350965,0.46782735,0.36855912,0.27469522,0.4462102,0.43454832,0.18296453,0.08966947,0.22335447,0.34879082,0.36671028,0.72339326,0.99374986,0.9088456,0.9704261,0.9152455,0.8885085,1.0379796,1.2119124,1.1796288,1.2710751,1.4713181,1.4405991,1.3959426,1.4596562,1.4905176,1.5038861,1.5156902,1.4649184,1.5333252,1.5949057,1.6987249,1.6362911,1.465345,1.3514284,1.2918389,1.1995395,0.92662287,1.10212,0.9916166,1.0914537,1.1338347,1.3572593,0.92292523,1.0563258,0.8311946,0.84370977,0.6481599,0.5963925,0.75852114,0.9778214,0.6679282,0.6035034,0.53054553,0.6160186,0.5740643,0.6741859,0.58529955,0.71855783,0.5052307,0.3352801,0.16845828,0.018133778,0.04017758,0.24198505,0.11868196,-0.6702017,-1.0113829,-0.4658344,-0.35646868,-0.28251526,-0.32802504,-0.21965486,-0.3982808,-0.32887837,0.018987086,0.051128376,-0.14285709,0.043021943,0.004338622,-0.07245915,0.0077518565,0.15523201,0.1905021,0.30939642,0.41250452,0.39486945,0.35874608,0.33727115,0.2448294,0.17244041,-0.113702394,-0.07686791,0.0014942606,0.054826044,0.06577683,-0.1484036,-0.37325042,-0.76079464,-0.63436276,-0.91936785,-0.3197764,0.21055484,-0.05980173,0.07516323,-0.32091415,0.15722306,0.14741,0.24098952,-0.45915014,-0.3086834,-0.15323901,-0.313661,-0.25592047,-0.37040606,-0.017278526,0.05269277,0.1220952,-0.02282503,0.09521598,0.07601654,0.17016491,-0.011589804,0.25250918,0.23032317,0.24753156,0.27896175,-0.03306473,-0.02282503,0.051128376,-0.056530718,0.13802363,-0.004621117,-0.21723714,-0.25421384,-0.38448563,-0.63763374,-0.685419,-0.5075043,-0.54519206,-0.62810516,-0.65199786,-0.62696743,-0.5429166,-0.54760975,-0.40268958,-0.5150418,-0.45971903,-0.27782205,-0.5092109,-0.4894426,-0.37623698,-0.52329046,-0.38519672,-0.5862931,-0.46910542,-0.52442825,-0.566667,0.2172391,1.2144723,0.93529826,0.8155506,0.8920639,0.71998006,0.8996015,0.9092723,0.5525893,-0.23074786,-0.33726925,-0.4345464,-0.8162597,-0.66693074,-0.7579503,-0.60179484,0.2297543,0.14925884,0.0474307,0.20315951,0.14840555,-0.17926492,-0.47337195,-0.3204875,-0.5952528,-0.637776,-0.7993357,-0.64090484,-0.83318365,-1.1257262,-1.3093299,-1.4135756,-1.7017095,-1.8925662,-2.0212736,-2.3751123,-2.490451,-2.320785,-2.216539,-2.5058105,-2.2886436,-2.7327907,-2.4364083,-2.7538393,-3.1383967,-2.6659484,-2.8329124,-2.6625352,-2.7694829,-2.974988,-2.6510153,-2.250529,-1.9503068,-2.2272053,-2.526859,-2.6680815,2018-04-17
CTXS_CDNS,-0.8190579,-0.9152216,-0.6159534,-0.75501776,-0.8772949,-0.87480795,-0.87916017,-0.96371794,-1.0404003,-0.99501264,-1.0128361,-1.0190535,-1.0329393,-0.99045306,-1.1560454,-1.1848531,-1.1809154,-1.198946,-1.2387381,-1.3523107,-1.3827763,-1.3655747,-1.3786314,-1.4167652,-1.3021563,-1.1425742,-1.3392539,-1.3483729,-1.3819474,-1.3203942,-1.4855721,-1.279566,-0.5475611,-0.3332652,-0.6273521,-0.58673126,-0.6710818,-0.6066272,-0.61864763,-0.5562656,-0.26694533,-0.42093167,-0.46217433,-0.5378204,-0.57201654,-0.5595816,-0.63626385,-0.56870055,-0.70071846,-0.72393036,-0.7968822,-0.70382714,-0.6967807,-0.60227495,-0.4520191,-0.61781865,-0.4963705,-0.5985445,-0.76662374,-0.68393123,-0.64455384,-0.53947836,-0.56041056,-0.6128447,-0.9616454,-0.1125445,-0.022598242,-0.058659647,-0.02011125,0.022167638,0.12040387,0.007660177,-0.09513555,-0.09078331,-0.22964045,-0.006640035,0.02527638,0.086622216,0.048281066,0.15480728,0.07729599,0.12289087,-8.052726e-06,-0.8760515,-0.93656826,-0.79729664,-0.72931886,-0.9284856,-0.9881734,-1.335109,-1.0768762,-1.165579,-1.0990518,-0.94527274,-1.0229913,-0.9125273,-0.78962845,-0.7558468,-0.6410306,-0.5440379,-0.5056967,-0.5403074,-0.5185462,-0.67729926,-0.62942463,-0.5019662,-0.64455384,-0.93263054,-1.1846459,-0.98672265,-0.8111824,-0.6584396,-0.61553895,-0.7890067,-0.6849675,-0.34093338,-0.21119526,-0.23357818,-0.40766773,-0.4878733,-0.2967893,-0.18611807,-0.084565826,-0.056587156,-0.6557453,0.6930341,0.7036038,0.88328916,0.7794571,0.90318507,0.61531556,0.62692153,0.71935475,0.55977273,0.6619467,0.56163794,0.4770802,0.25656676,0.30817187,0.3388448,0.27376845,-0.062182892,0.12434162,-0.06902212,-1.4111695,-1.1413307,-0.28808478,-0.23109119,-0.06591338,-0.24995089,-0.2524379,-0.2617641,-0.06902212,-0.15648139,-0.16207713,-0.15212916,-0.064669885,0.256774,0.053255055,0.09055996,-0.17534108,-0.14321741,0.19915867,0.28475267,0.16496252,-0.210159,-0.22093597,-0.16518587,-0.08643107,-0.05099142,-0.06591338,0.15356378,0.086622216,-0.005603788,-0.16332062,-0.2654946,-0.09969504,-0.46258885,-0.5185462,-0.65823233,-0.31440547,-0.7392668,-0.9245478,-0.99003863,-0.98527193,-0.9701427,-1.1112796,-0.9535627,-0.99294007,-0.77367026,-1.00952,-0.6350203,-0.48393553,-0.40787497,-1.0586381,-0.768489,-1.2480642,-1.6457759,-1.6577964,-1.8542688,-2.0364413,-1.9386195,-1.6660863,-1.5431874,-1.0706587,-1.130761,-1.0623686,-1.0491047,-1.1873401,-1.1129376,-0.8743934,-0.8926314,-1.0109708,-0.42217517,-0.6460046,-0.6557453,-0.6244506,-0.47523105,-0.59398496,-0.43751165,-0.400414,-0.36020762,-0.32393894,-0.31709972,-0.39958498,-0.4250767,-0.44165665,-0.22300845,-0.23337094,-0.42859992,-0.4561641,-0.46010184,-0.4122272,-0.3836268,-0.3162707,-0.17969333,-0.19793127,-0.304043,-0.1519219,-0.4238332,-0.28103828,-0.22217947,-0.21637648,-0.067778625,0.11315015,0.03253011,0.115429886,-0.078762844,0.012219665,0.5521045,0.3291041,0.29366443,0.4335578,0.4893079,0.30174714,0.31335312,0.34796378,0.081233725,0.06631177,0.096984684,0.1732525,0.12724312,0.44620004,0.32682434,0.41449085,0.24019407,0.28268018,0.28205845,0.2515928,0.21490961,0.14962605,0.27397573,0.3933514,0.029835865,0.30609939,0.3761497,0.37552795,0.5108618,0.62339824,0.43915352,0.5212243,0.7133445,0.850751,0.77551943,0.55728567,0.5094111,0.534281,0.41076034,0.38651216,0.32827508,0.47790918,0.50588787,0.52723455,0.631481,-0.0572089,-0.4217607,-0.21409674,-0.09244131,-0.27772233,-0.2565829,-0.43834063,-0.39979225,-0.2609351,0.06320303,-0.07710485,-0.017002508,0.02113139,0.08807296,0.121854626,0.08061198,0.07149301,0.15542904,0.10900516,0.3409173,0.5166648,1.2070128,1.0159287,1.2356132,1.2347842,0.806814,0.35936248,0.49904862,0.33138382,0.3991544,0.3879629,0.43376502,0.49656162,0.7135518,0.73469126,0.77116716,0.74919873,0.78919786,0.8387305,0.7266085,0.71500254,0.77054536,0.739458,0.7131373,0.64888996,0.7152098,0.62360555,0.5361462,0.53096503,0.3711757,0.47998166,0.38879192,0.30920812,0.012012416,0.076674245,0.15687978,0.19853692,0.17470323,0.20206016,0.2186401,0.16143927,0.32599533,0.3116951,0.348171,0.30050367,0.30672112,0.38340342,0.23936506,0.19584267,0.059679784,0.070249505,0.17138724,0.15729427,0.048695568,-0.08891807,-0.18259482,-0.16622211,-0.2055995,-0.18591082,-0.24932913,0.013255913,0.19687892,0.2928354,0.14340855,0.28827593,0.15252754,-0.012650269,-0.05285666,0.12599961,0.115637146,0.26236975,0.1858947,0.12164737,0.049110066,0.2687945,0.21967635,0.44371304,0.629823,0.30381963,-0.06591338,0.35376677,0.33822304,0.37096846,0.2068269,0.264235,0.35791174,0.3183271,0.34423327,0.27459747,0.33179832,0.22589386,0.3334563,0.31915608,0.79686606,0.562467,0.69075435,0.7763484,0.73303324,0.6884746,0.9469147,0.99458206,1.2383075,1.0656687,1.1458741,1.124942,1.217997,1.0339595,1.0287783,1.0159287,1.0103331,0.9655672,0.93572325,1.0325087,0.99085164,0.95934975,1.0866009,1.0316797,0.9949966,1.0466018,1.0196593,1.0953053,1.0258768,1.419858,1.2538512,1.320171,1.3110521,1.4586136,1.6698008,0.7612192,0.80660677,0.9734427,1.0090896,0.7923066,0.6619467,0.9560337,0.80722857,1.0766529,1.124113,1.1844226,1.2148882,1.1790341,1.1821429,1.3782009,1.2955083,1.4186144,1.3071144,1.1672208,1.1419365,1.0486742,0.97447896,0.911475,1.1612107,0.9348943,1.0563425,1.0215245,1.0068098,0.9856704,0.8354145,0.88722694,1.8934228,1.3305335,1.4335364,1.4320856,1.3964387,1.3313624,1.2521931,1.3154043,1.5676268,1.5516686,1.6169522,1.7860676,1.6660701,1.8194349,1.6602671,1.7406801,1.725758,1.727416,1.658402,1.6743603,1.6847227,1.695914,1.6179885,1.6544644,1.6762255,1.3931228,1.3346784,1.3319842,1.1850443,1.2737471,1.6443092,1.7091781,1.0911603,0.8410103,0.9653599,0.8497147,2.0123842,1.9108319,2.0188088,2.019845,1.8996404,1.9522817,1.9603643,1.7502134,1.758089,1.4322929,1.2519859,1.2426597,1.1529207,0.9736499,0.65800893,0.6376985,0.67023665,0.48992968,0.4215373,0.441226,0.55044645,0.5829846,0.4901369,0.4277548,0.5274418,0.49179488,-0.28642678,0.35874075,0.29034844,0.14962605,0.06195953,0.1863092,0.46215823,0.29635864,0.31231686,0.40889513,0.46215823,0.42195183,0.4314853,0.47252068,0.31086612,0.3112806,0.26755098,0.33573607,0.1879672,0.19874416,0.26692924,-0.0789701,0.1334606,0.19957316,0.24537529,0.3400883,0.26651475,0.43853176,0.46360895,0.34941453,0.26817274,-0.13078246,-0.33595943,-0.63647115,-0.65097857,-0.76538026,-0.5883892,-0.5019662,-0.8661034,-0.7326349,-0.7931517,-1.1848531,-1.2231942,-1.4304436,-1.4849503,-1.4260914,-1.6633922,-1.4872301,-1.6416309,-1.6352061,-1.5697153,-1.5143797,-1.6285741,-1.571166,-1.6287814,-1.6870188,-1.5624616,-1.5746894,-1.5910621,-1.3606007,-1.5411149,-1.6760343,-1.9197596,-1.9100189,-1.5052607,-1.4449512,-1.2843329,-1.5498195,-1.7029768,-1.796239,-1.8053582,-1.6783141,-1.7353078,-1.8718851,-1.8424557,-1.8544762,-1.8354092,-1.8144771,-1.9193451,-1.4470236,-1.7469137,-1.8416266,-1.6053622,-1.728054,-1.5906476,-1.4745878,-1.7075363,-1.6810085,-1.6984173,-1.6609051,-1.539457,-1.4779038,-1.3902373,-1.3707558,-1.4026723,-1.4391482,-1.5672283,-1.9541632,-1.7545818,-1.7663951,-1.7937521,-1.8283627,-2.022141,-1.5431874,-1.76453,-1.7402818,-1.3877504,-1.6190406,-1.7193494,-1.8876361,-1.72308,-1.8165497,-1.6652575,-1.4105479,-1.5630833,-1.612616,-1.4953128,-1.7506441,-1.6401801,-1.3454715,-0.9150143,-0.99895036,-0.80268514,-0.7529453,-0.7382306,-0.7633078,-0.99107486,-0.90900415,-1.0062041,-0.90796787,-0.8578135,-0.9129419,-0.95501345,-0.8737717,-0.9112838,-0.7009257,-0.49616325,-0.48642248,-0.394611,-0.37160632,-0.3454929,-0.33803192,-0.26570183,-0.31979394,-0.29077902,-0.25036538,-0.6128447,-0.6113939,-0.6213419,-0.830871,-0.84144074,-0.63626385,-0.5523278,-0.53761315,-0.4532626,-0.25471762,-0.23834492,-0.18010783,0.011390667,-0.11358075,0.031286612,-0.0049820393,-0.23730867,0.63293177,0.7031893,0.58505714,0.5139706,0.4926239,0.36806697,0.37138298,0.32267934,0.53345203,0.8447408,1.0323015,1.0505394,0.88121665,1.0555134,1.2322973,1.2090853,1.1939561,1.2182043,1.3174767,1.2304319,1.1674281,1.2557164,1.5879374,1.6217189,1.6847227,1.764721,1.833735,1.9263755,1.953318,1.9288626,1.9958041,1.9765298,2.0565283,1.9263755,1.9696906,1.9089667,2.0434713,2.075388,1.9949752,2.0399482,2.0018144,1.9825401,2.0424352,1.9624369,2.078911,2.0760098,2.093004,2.2254364,2.1939347,2.3120668,2.4581776,2.6119566,2018-04-17
DSGX_CDNS,-1.0547408,-1.5541126,-1.4028144,-1.4159327,-1.5033884,-1.0083894,-1.1264545,-1.4990156,-1.6870452,-1.6643068,-1.8645803,-1.7928667,-1.604837,-0.9917727,-1.3144841,-1.5287505,-1.3179823,-1.5130085,-1.7876192,-1.945914,-1.9765236,-1.857584,-1.8243507,-1.7220275,-2.1418147,-2.0735993,-2.0692265,-2.252009,-2.3691995,-2.0788467,-1.8776988,-1.813856,-1.8698277,-1.4692806,-1.2978675,-0.8002449,-0.87283313,-0.97952896,-0.955916,-0.7740082,-0.7372768,-0.84222364,-0.9532923,-0.8903242,-0.9471703,-0.910439,-0.4836554,-0.6436993,-0.95853955,-0.88245314,-0.9480449,-1.0696083,-1.040748,-1.1360747,-0.9506686,-1.1343255,-1.0232568,-1.0223823,-1.2558888,-0.624459,-0.42243642,-0.39794883,-0.5273832,-0.6419502,-1.1509421,-1.1098379,-1.0127621,-0.82997984,-0.79062474,-0.60696787,-0.47753352,-0.6393265,-0.84222364,-0.93667567,-0.9847763,-0.82560706,-0.8885751,-0.8693349,-1.0311278,-1.0022675,-1.0766047,-0.6646886,-0.7818792,-1.0145112,-0.8395999,-0.42331097,-0.5999714,-0.25364697,-0.050749853,-0.01926582,0.20899345,-0.022764046,-0.00614747,-0.023638602,0.30344558,-0.101474136,0.5999202,0.39877224,0.1600183,0.09792477,0.024462013,0.18712954,0.30956748,0.2684633,0.28158167,0.26146686,0.32006216,0.30956748,0.2404775,0.018340115,0.82555586,0.84304696,0.48972613,0.20112246,-0.14170374,-0.28513104,-0.492401,-0.20642093,-0.5868531,-0.35946834,-0.5649892,-0.48627907,-0.36121744,-0.539627,-0.8877005,-0.8544674,-0.79762125,-0.9060662,-1.0696083,-1.1579385,-0.8072413,-0.8535929,-0.9069407,-0.5658637,-0.7652626,-0.8658367,-0.6471975,0.14689994,0.24834852,0.40052137,0.5553178,0.6716339,0.58942556,0.48272964,0.5220847,0.43113086,1.5584342,1.3275514,0.850918,0.704867,1.0984176,1.2794509,1.0302022,0.8780292,1.2777016,1.3896449,1.0197074,0.8369251,0.8115629,0.99959266,0.84741974,0.7057416,0.7433475,1.0818009,1.3808993,1.6747503,1.7202274,1.584671,1.6878687,1.8846438,1.606535,2.21785,2.2047315,2.049935,1.8356687,1.8479124,1.5733018,1.5671799,1.8155539,1.4736023,1.7123562,1.4482403,1.227852,0.9794779,0.750344,0.72585636,0.7398493,1.1202815,1.1167833,1.2112354,0.7459712,0.59030014,0.6209096,0.7879499,1.2164828,1.391394,0.57368356,-0.53088146,-0.85709107,-1.4465423,-1.8234762,-1.7097838,-1.7858703,-1.6730523,-1.127329,-1.3214806,-1.3284771,-1.4028144,-1.19467,-1.0932213,-1.2331504,-0.87545675,-0.9086899,-0.88070405,-1.1456946,-0.5378779,-1.2305267,-1.5847222,-1.4176818,-1.4229292,-1.5882204,-1.2873728,-1.5025139,-1.7001636,-1.3118604,-0.8465964,-0.68043065,-0.60609335,-0.5273832,-0.63582826,-0.5947241,-0.40581983,0.07431174,0.13902892,0.29732367,0.48885158,0.25009763,0.09792477,0.18538043,-0.20817004,-0.29037836,-0.007896583,0.50809175,0.18363132,0.23173192,0.7625877,0.68562675,0.45474383,0.4258835,-0.26239255,-0.41369084,-0.15219842,-0.13470729,-0.539627,-0.2632671,-0.47053704,-0.4714116,-0.45129678,-0.010520253,-0.28075826,-0.50814295,-0.54662347,-0.044627957,0.14864905,0.2780834,-0.37695947,-0.14082918,-0.06911555,-0.39007783,-0.54924715,-0.43030745,-0.20467182,0.20724435,0.65326816,0.33405507,0.9095133,1.0319512,1.0232056,0.84392154,0.9366246,0.83779967,0.95149213,0.6191605,0.50546813,0.14077805,0.17313664,0.14952362,0.045451373,-0.17843512,0.10317211,0.091802865,0.27545977,0.063817054,0.2465994,-0.25627068,-0.25889432,-0.4373039,-0.24577597,-0.39532515,-0.20467182,-0.69442356,-0.78275377,-0.78450286,-0.9270555,-1.1640604,-0.91393715,-0.8378508,-0.6489466,-0.75651705,-0.5037702,-0.79587215,-0.06911555,-0.6025951,-0.74164957,-0.78625196,0.21686447,0.46348938,0.55794156,0.6882505,0.5553178,0.60254395,0.09530109,0.3690373,0.5868019,0.37253556,0.54832137,0.464364,0.40139592,0.47748232,0.63402796,0.81506115,0.7136126,0.95324117,0.9716068,0.77045876,0.7004942,1.0380732,1.1657584,1.0940448,1.129027,1.0809264,1.0389477,1.4709787,1.3424188,0.8491689,0.72410727,1.1264033,0.65151906,0.54657227,0.9637358,1.1727549,1.0695572,1.2978164,1.29082,1.2016152,1.190246,1.4115088,1.3153076,1.2147336,1.1351489,1.2418448,1.2523396,1.1727549,1.0783027,0.8867749,0.66638654,0.79757005,0.5868019,0.19150233,0.17838398,0.08480642,0.3751592,0.3086929,0.26583964,0.5719344,0.8360505,0.8491689,0.8552908,0.71098894,0.7757062,0.72235817,0.5325794,0.6987452,0.5203356,0.44862196,0.5421995,0.39702314,0.46523854,0.49672258,0.44337463,0.75559133,0.89901865,0.76521146,1.1648839,1.3712792,1.4482403,1.5129575,1.6362699,1.6904924,1.4255017,1.5085846,1.3424188,1.4945917,1.4631077,1.3843975,1.5321976,0.9444956,1.0240803,0.472235,0.87365645,0.5553178,0.8780292,0.92350626,0.66988474,0.4844788,0.7179854,1.0197074,0.9077642,0.7599641,0.8238067,0.54744685,0.7013688,0.7346019,0.82555586,0.98472524,1.2086117,1.0232056,1.0940448,0.7905736,0.88240206,0.8071901,1.0905465,0.8491689,1.0135856,1.0861738,1.2086117,0.89639497,0.7381002,0.88240206,1.0485679,1.4071361,1.831296,1.9231242,1.9799705,1.3258023,1.2357229,1.330175,-0.29562572,-0.3865796,-0.6305809,-0.4993974,-0.3480991,-0.35771924,-0.21779017,-0.34897366,-0.5247596,-0.38745415,-0.49502462,-0.5203868,-0.70054543,-0.7320295,-0.73902595,-1.2760036,-1.6083351,-1.667805,-1.5479907,-1.4482913,-1.2777528,-1.3241043,-1.034626,-1.1631858,-0.855342,-0.71366376,-0.7923739,-0.6734342,0.03583125,-0.29300204,-0.44080213,-0.69092536,-0.50114655,-0.36121744,-0.33847898,-0.28425646,-0.446924,-0.57373476,-0.3743358,-0.38483047,-0.2763855,0.011343663,-0.053373527,-0.07173922,-0.30349672,-0.36908844,-0.516014,-0.66293955,-0.5676128,-0.5824803,-0.35509554,-0.62008625,-0.8387254,-0.7215348,-0.7276567,-0.9113136,-0.20991915,-0.21604104,-0.82823074,-0.5877276,-0.30087304,-0.2492742,-0.93580115,-0.8483455,-0.75651705,-0.7049182,-0.8693349,-0.7503952,-0.34022808,-0.29475117,-0.1504493,0.20287156,-0.15569665,-0.2553961,0.14864905,-0.36559024,-0.500272,-0.21953927,0.0830573,-0.34372634,-0.2999985,-0.088355795,-0.01664215,-0.32273695,-0.17318778,-0.29824936,-0.18368246,-0.22478662,-0.07348833,-0.2895038,-0.19155346,-0.16356766,-0.03413328,-0.0043983567,0.22211182,0.1678893,-0.044627957,0.30082193,0.30956748,0.24747394,-0.044627957,0.08043364,-0.062993646,0.045451373,0.017465558,-0.5107666,-0.6025951,-0.25452155,-0.22741029,-0.29650024,-0.03413328,-0.25714523,-0.03413328,-0.28775468,-0.2895038,-0.5203868,-0.59122586,-0.41019264,-0.056871753,-0.8116141,-0.66206497,-0.7468969,-0.7600153,-0.84134907,-0.6288318,-0.01926582,0.43287995,0.5684362,0.41801247,0.42850718,0.47573322,0.6602647,0.72410727,0.42063618,0.5439486,0.78357714,1.0223311,0.66638654,0.604293,0.4836042,0.75209314,1.0870484,0.81243753,0.9952199,0.84392154,0.5089664,0.6567664,1.2348484,1.4814733,1.4246272,1.614406,1.35029,1.6791232,1.4010142,1.2707052,1.0564388,0.72498184,0.40664327,0.69437236,0.77133334,0.69612145,0.4923498,0.43812725,0.1294088,-0.00614747,0.044576816,-0.036756948,0.1215378,0.17750941,0.30956748,0.20287156,0.29032722,0.18450588,0.75296766,0.40664327,0.036705807,-0.044627957,0.14340173,0.041078586,0.18188222,0.30344558,0.22211182,0.19325145,0.12066324,-0.013143922,-0.06474277,0.16614018,-0.23353218,-0.21953927,-0.54574895,-0.72328395,-0.4670388,-0.38133225,-0.47316074,-0.10672148,0.21598992,0.29994735,-0.2912529,-0.20467182,-0.22041383,-0.15832031,-0.118965276,0.06469162,0.45999122,0.7844517,0.42500895,0.23960294,0.39177582,0.480106,-1.6957909,-1.9161792,-1.8960644,-2.0534847,-2.376196,-2.3202245,-2.0185025,-1.8164797,-1.7657555,-0.8745822,-1.064361,-1.1544403,-1.1876734,-1.4535385,-1.20429,-0.9183099,-0.7311549,-0.5999714,-0.42068732,-0.2632671,-0.18193334,-0.1548221,-0.5090176,-0.89119875,-0.9891491,-1.5847222,-1.7403932,-1.8549603,-1.9992621,-1.9153047,-1.513883,-1.77625,-1.3748286,-1.3678321,-1.5401198,-0.95504135,-0.26239255,-0.9454212,-1.4579115,-1.1596876,-1.1596876,-1.6013386,-0.27988368,-0.6428247,-0.4801572,-1.1360747,-0.9847763,-0.71803653,-0.80111945,-0.8238579,-0.11371792,0.037580363,0.0568206,-0.37783402,-1.0529917,-0.72853124,-0.87020946,-0.81511235,-1.0573645,-0.91918457,-0.5072684,-0.56848735,-0.69879633,-0.050749853,0.1416526,0.6209096,0.95848846,1.2234792,1.3021892,1.4106343,1.652012,1.3642827,1.4106343,1.6179042,2.176746,2.6131494,2.2161007,2.629766,2.4469838,1.8339195,1.8636545,2.2344666,2.257205,2.442611,2.5379376,2.0516841,2.321922,2.6446335,2.2134771,2.4845898,2.2239718,2.5633,2.5860384,2.5510561,2018-04-17
EEFT_CRM,-1.7340207,-1.6646228,-1.8220669,-2.0434477,-2.0935316,-1.9756482,-2.0843406,-2.0061514,-1.9085147,-1.8091464,-1.5773759,-1.84258,-1.8224666,-1.7408141,-1.6759449,-1.6572968,-1.5751115,-1.4011505,-1.6855356,-1.9567336,-1.9110456,-1.776512,-1.6430442,-1.8632262,-1.8786776,-1.8620274,-1.8380511,-1.958332,-1.9576659,-1.9921652,-2.0190718,-2.0114794,-1.8424468,-1.7266948,-1.9111787,-1.9189044,-2.0339906,-1.8477749,-1.893596,-1.8396496,-1.6391814,-1.7627923,-1.6152052,-1.4869322,-1.6081455,-1.4128722,-1.3292216,-1.3735777,-1.2925913,-1.3834345,-1.4323195,-1.4657531,-1.3605239,-1.3055117,-1.2243922,-1.1745747,-1.0737412,-1.0690792,-1.0865285,-1.069612,-0.9615856,-1.0485661,-1.2338493,-1.2867304,-1.2535633,-0.8064059,-0.82012564,-0.73913914,-0.6208563,-0.5128299,-0.6650792,-0.6416357,-0.5204224,-0.48419163,-0.596214,-0.6002101,-0.662948,-0.68759024,-0.7326123,-0.672272,-0.6661448,-0.60713655,-0.9682457,-1.0857294,-1.0196614,-1.0070072,-0.93427926,-0.92988366,-1.0268543,-1.1274214,-0.9462674,-0.82212365,-0.779366,-0.5811623,-0.43051144,-0.49538055,-0.3445965,-0.3890858,-0.3150258,-0.3150258,-0.4254498,-0.5843591,-0.48858726,-0.502973,-0.3699048,-0.29491237,-0.4423664,-0.24735945,-0.024513448,0.25014794,0.12467217,0.0721908,0.0007948252,0.042620078,0.019176625,0.23469655,0.30715814,0.34458774,0.07072558,-0.096042626,-0.07419758,-0.093911394,-0.1126928,-0.056748196,-0.14772478,0.5354654,0.3669656,0.41105527,0.37948653,0.71115816,0.5946069,0.5458551,0.5382626,0.546388,0.47232792,0.5413263,0.6822534,0.6121895,0.44249082,0.49470577,0.2648001,0.2570744,0.17941795,0.22657126,0.19566853,0.025037488,0.07751886,0.08551095,-0.08032485,0.17808595,0.16596462,0.085111335,-0.001069995,-0.20060576,-0.4895197,-0.5719714,-0.40906602,-0.37576565,-0.4636786,-0.29491237,-0.3160914,-0.30903172,-0.34899214,-0.33727044,-0.4452968,-0.61126584,-0.5384046,-0.5278817,-0.3633779,-0.40213954,-0.3242167,-0.29211515,-0.4182569,-0.538005,-0.757521,-0.5898204,-0.61512864,-0.38136008,-0.123348914,-0.06154345,0.020109035,-0.1316074,0.13852511,0.017178603,-0.18142474,0.1000299,0.001327631,0.037558425,-0.09923945,0.08377933,0.3592399,0.48258442,1.093313,0.60579574,0.74698925,0.5806207,0.3031621,0.7272755,0.5136204,0.28904274,-1.2279885,-0.6296476,-0.3443301,-0.22031957,-0.55585396,-0.48405844,-0.4359727,-0.59354997,-0.41332844,-0.42931265,-0.7909546,-0.83384544,-0.78256285,-0.7435348,-0.7029084,-0.44249958,-0.41372806,-0.36031428,-0.33793643,-0.40173993,-0.51615995,-0.3338072,-0.43770432,-0.4355731,-0.3247495,-0.1590469,-0.055948988,-0.05608219,-0.020650607,-0.15278643,-0.23457213,-0.15425165,0.08204771,-0.10696514,-0.025312657,-0.10416791,-0.17889392,-0.2578824,-0.14399514,-0.2606796,-0.12308252,-0.22871126,-0.07446399,-0.09271258,-0.15598327,-0.13547024,-0.1775619,-0.06527309,-0.048889313,-0.13267301,-0.08631892,-0.07752763,-0.058613017,0.39920032,0.36550036,0.2484163,0.25001472,0.13346346,0.237627,0.18634444,0.23176612,0.22177601,0.20885547,0.11321685,-0.0024020092,-0.13267301,-0.1321402,-0.041962836,-0.024913052,-0.15265323,0.018377416,0.010784933,0.23935862,0.16223498,0.06819476,0.1002963,0.109354,0.2017958,0.41878095,0.38521418,0.3488502,0.3212775,0.31461743,0.28717792,0.061667886,-0.027310679,-0.104700714,-0.18155795,-0.123482116,-0.17263345,-0.1035019,-0.15611649,-0.18808481,-0.0026684122,-0.6309796,-1.3031142,-1.0331148,-1.0941211,-1.0333811,-0.91349983,-0.9200267,-0.9785022,-0.8538256,-0.88059914,-0.8892572,-0.80107784,-0.77243954,-0.79108775,-0.7756364,-0.8794003,-0.7989466,-0.7278171,-0.9104362,-0.78829056,-0.7789664,-0.020384204,-0.15318604,-0.3348728,-0.24269742,-0.1388003,-0.2712025,-0.25348672,-0.06713791,-0.08112407,0.006256084,-0.063674666,-0.005598844,0.0051904726,0.07032598,0.23496297,0.19313772,0.29277238,0.2634681,0.24348785,0.2566748,0.22124322,0.12600417,0.010118926,0.03422839,0.08790857,0.1640998,0.08750896,0.349383,0.52041364,0.49750298,0.58474994,0.6088594,0.49070972,0.58581555,0.48018682,0.4134529,0.61059105,0.5549128,0.61458707,0.78401935,0.89031404,0.9682369,1.1058339,1.1025039,1.1645758,1.1545857,1.0919809,1.1609793,1.3320099,1.1453948,1.5833611,1.3838253,1.3100318,1.0438952,1.3358729,1.3705051,1.3730359,1.1483252,1.2925824,1.2045362,1.4237858,1.1519216,0.8670038,0.8812564,0.8772603,0.7882818,0.7017008,0.67439455,0.6152531,0.5382626,0.45341334,0.4972366,0.47592437,0.53919506,0.42211097,0.28065106,0.055274215,0.069127165,-0.015056146,0.12653698,0.27918583,0.14705001,0.042620078,0.19833256,0.28025147,0.41065565,0.4058604,0.22603847,0.10882119,-0.22804525,0.005057271,-0.15158762,-0.13746826,-0.08751773,0.068327956,0.21777998,0.17475592,0.16210178,0.0629999,0.0034588543,0.13159864,0.07512123,0.22377403,0.2109867,0.11121882,0.09390263,0.11707968,0.011717343,0.03715882,0.03875724,0.09030619,0.042753283,-0.002934815,0.016379394,-0.062076252,-0.05887942,-0.1786275,-0.28518867,-0.21778874,-0.28492227,-0.27106932,-0.30849892,-0.31782302,-0.41479367,-0.4270482,-0.4365055,-0.48112798,-0.6213891,-0.629914,-0.6641468,-0.7034412,-0.70783687,-0.8085371,-0.7136977,-0.6233871,-0.64709693,-0.087917335,0.27345818,0.36203712,0.2943708,0.27905264,0.33553004,0.39200747,0.53200215,0.65761113,0.6360325,0.69384193,0.7162197,0.65814394,0.65414786,0.5866147,0.56010765,0.65108424,0.6040641,0.5743602,0.46486863,0.5054951,0.5016323,0.5353322,0.5762251,0.66467077,0.6208475,0.64255935,0.6454898,0.61751753,0.67133087,0.72461146,0.7389972,0.7749616,0.8173197,0.8620754,0.922682,0.9470579,0.91056067,0.8114588,0.6017997,0.67918974,0.74499124,0.8338367,0.8951093,0.84875524,0.7813553,0.7338023,0.7966734,0.83263785,0.82051647,0.7716316,0.8395643,0.69104475,0.4959046,0.4603398,0.3312676,0.48098603,0.53772986,0.46660027,0.5405271,0.5559784,0.5469207,0.53653103,0.61445385,0.49990064,0.31861347,0.34512055,0.2963688,0.20925508,0.24162303,0.36230356,0.39280665,0.34272292,0.3964031,0.25361118,0.275989,0.33006877,0.7228798,0.88751686,0.7882818,0.9285429,0.91961837,0.833437,0.7090269,0.80346674,0.88032395,0.95531636,0.978893,1.1330069,1.0035353,0.9422626,0.83357024,0.78774893,0.7075617,0.89790654,1.0113941,0.8480892,0.86354053,0.8478228,0.93373775,0.81345683,0.92614526,0.7766932,0.83157223,0.7962738,1.0081973,1.1409991,1.1641761,1.1942797,1.0953109,1.0140582,1.239435,1.2161248,1.1992081,1.3936822,1.4062032,1.5608501,1.7641155,1.7745051,1.8990484,1.9323488,2.0430393,2.0046773,1.9491323,1.9472675,1.8612193,1.8913229,1.9208934,1.9191619,1.9511303,1.905309,1.8705435,1.820726,1.7124333,1.8103364,1.7990142,1.7594533,1.6086693,1.5372734,1.7914218,1.8020779,1.7515944,1.8236564,1.7081709,1.5909536,1.5922856,1.6267848,1.6070709,1.571373,1.7204254,1.7854277,1.8529608,1.9326153,1.9090385,1.7991474,1.525685,1.5584524,1.5520588,1.529681,1.4686747,1.4323107,1.4441656,1.4909192,1.4328434,1.4056704,1.4168593,1.5500607,1.6526258,1.8969173,1.9737744,1.9838978,1.7553242,1.466943,1.3044373,1.492784,1.5517923,1.5176928,1.6667452,1.864949,1.660618,1.3886206,1.5234205,1.4957145,1.2079995,1.1735003,1.2714033,0.7948086,0.7559138,0.49710342,0.31035498,0.3575083,0.2946372,0.19899857,0.13825871,-0.09138057,-0.3737676,-0.14452796,-0.18861763,-0.16477457,-0.12854376,0.019975834,0.12627059,0.10096231,0.22177601,0.3511146,0.34378856,0.33473083,0.57569224,0.7369992,0.61338824,0.5899448,0.69104475,0.54825276,0.4700635,0.3970691,0.3395261,0.34365532,-0.57010657,0.033162776,-0.14759159,-0.2886519,-0.48046198,-0.518824,-0.47513393,-0.5105655,-0.46714184,-0.48645604,0.37961972,0.3491166,0.70955974,0.5589089,0.33553004,0.46287063,0.553048,0.45567775,0.5650361,0.4310355,0.3576415,0.39014262,0.30955574,0.35537705,0.34538695,0.4775228,0.32620594,0.22763687,0.28997517,0.07325641,-0.3709704,-0.4175909,-0.63537526,-0.594216,-1.1732427,-1.2190641,-1.5094432,-1.4554965,-1.5663202,-1.6130738,-1.3313528,-1.2177321,-1.2293205,-1.2189308,-1.1426064,-1.1585906,-1.1908252,-1.2194636,-1.2735434,-1.7369512,-1.6891319,-1.5966902,-1.6564976,-1.5651214,-1.5821712,-1.5234294,-1.5755111,-1.6469071,-1.6892651,-1.6178691,-1.5721811,-1.7080466,-1.5970896,-1.0998487,-1.0682801,-1.0066077,-1.1350139,-1.2538296,-2.1153765,-2.0691557,-2.380314,-2.9683983,-3.1825864,-3.1655364,-3.0794883,-2.8514476,-2.9275057,-2.872094,-2.9111218,-2.759938,-2.7106538,-2.7266378,2018-04-17
EEFT_DOX,-1.6926358,-1.7067249,-1.3261522,-1.6082692,-1.4281303,-1.4521152,-1.3778121,-1.0901604,-0.886372,-1.0010973,-0.87580526,-0.96402967,-1.1278989,-1.1547352,-1.0368232,-1.2463142,-1.2867364,-0.97577053,-0.9985814,-1.0567827,-0.9393738,-0.85282665,-0.99891686,-1.3222945,-1.4980724,-1.69012,-1.6824044,-1.8048452,-1.7847179,-1.8801545,-1.8397324,-1.9777718,-1.8893795,-1.6807272,-1.6627804,-1.5960251,-1.6532199,-1.3387318,-1.5787491,-1.6027342,-1.3803282,-1.4398712,-1.2775115,-1.3043478,-1.3459442,-0.97778326,-1.0908313,-1.0980436,-0.9962332,-0.84863347,-0.8632257,-1.2441337,-1.2084079,-1.220652,-1.072549,-1.0601373,-1.0814385,-0.9120343,-0.9242784,-0.7184773,-0.5760771,-0.69482785,-0.6951633,-0.7422946,-0.743301,-0.4152269,-0.977951,-1.0034455,-0.8647353,-0.6981824,-1.0232372,-0.95077926,-0.7287086,-0.7988186,-0.88217884,-1.2443014,-1.3462795,-1.4702299,-1.4660366,-1.4999175,-1.4995819,-1.3736191,-1.309044,-1.1792234,-1.0695299,-1.0752326,-1.2582228,-1.2053888,-1.2659383,-1.3286681,-1.1030754,-0.9962332,-0.85718757,-0.6545733,-0.43787006,-0.62773705,-0.39375785,-0.423781,-0.3660829,-0.5274363,-0.57339346,-0.6689978,-0.7221673,-0.49171042,-0.37782383,-0.17017779,-0.32666707,-0.316268,0.1411235,0.39288172,0.60891414,0.5465197,0.15303212,0.1379367,0.019018255,0.35883316,0.47573885,0.42760122,0.26205468,0.068665445,0.22280656,0.22515476,0.1894289,0.12149945,-0.17051324,0.34407318,0.08443178,0.21643294,0.19412525,0.5897932,0.5476937,0.6491686,0.6741599,0.5614474,0.36185223,0.44839936,0.62988,0.57620734,0.41015762,1.8207415,1.6956172,1.6937722,1.5419793,1.4339632,1.3068261,1.0696601,1.092471,1.0792205,0.8232692,1.2343681,1.0644606,1.0921355,1.0792205,0.8078383,0.50408477,0.27899513,0.65537447,0.82612056,0.8680523,0.8571501,0.8987464,0.8041483,0.6548713,0.67768216,0.8150506,0.6884167,0.5844259,0.33954456,0.5544028,0.49217612,0.7650679,0.85580826,0.744102,0.73152256,0.42072442,0.74276024,0.8444028,1.225814,1.536612,1.7137318,1.4727081,1.2752935,1.3465774,1.2439284,1.047017,1.4804235,1.5362766,1.456774,1.3100129,1.2326908,1.6082314,1.1954553,1.9141655,1.1592264,1.1122628,0.8162247,0.7893883,0.7155885,0.32109457,0.7580234,-1.1642957,-0.7053946,-0.6245502,-1.1790556,-1.4953889,-1.576401,-1.4452385,-1.7234975,-1.3273263,-1.3873726,-1.4130349,-1.1879451,-1.0572859,-1.0698653,-0.8244808,-0.47359592,-0.2776908,-0.2590731,-0.19382729,-0.29983073,-0.64216155,-0.53230035,-0.74866813,-0.8033472,-0.6981824,-0.6938215,-0.60844845,-0.6564184,-0.57708347,-0.69298285,-0.62052476,-0.7587318,-0.57876074,-0.69633734,-0.73441136,-0.6790615,-0.68912506,-0.50227726,-0.34712976,-0.18208641,-0.09470065,-0.18242186,0.04317094,-0.020565316,-0.009998514,-0.17822869,-0.12891695,-0.11868561,-0.14065784,0.3896949,0.51112926,0.49854976,0.53092104,0.8591628,0.866375,0.89136636,0.87308407,0.61679727,0.6043855,0.88096726,0.49502745,0.29543236,0.32780367,0.50374925,0.1820489,0.23404428,0.27396327,0.5156579,0.70217025,0.8462478,0.95577353,1.1124306,1.2328585,1.2300072,1.0037435,0.9126677,0.9259181,1.1087406,1.313703,1.2422513,1.2833444,1.2893826,1.2526503,1.2268203,0.8938823,0.9098164,0.8452414,0.82981056,0.7618812,0.81605697,0.7858661,0.84608006,0.773622,1.0941483,0.5414879,-0.48533678,-0.36339927,-0.66077924,-0.83605397,-0.57389665,-0.6778874,-0.91689837,-0.6582633,-0.68392557,-0.63679427,-0.4623582,-0.48701409,-0.46621594,-0.4013056,-0.54924077,-0.365412,-0.3759788,-0.5213981,-0.48097593,-0.46537727,0.38432768,0.39355263,0.15655439,0.16242483,-0.056291167,-0.21579953,-0.26846582,0.000736013,0.16712119,0.44839936,0.5000593,0.35313043,0.22968337,0.2751374,0.28939417,0.42827213,0.45561165,0.22330974,0.16276029,0.2677574,0.21022703,0.058098644,-0.02760985,0.021701885,0.06732363,0.12720217,-0.121369235,-0.25202855,-0.14954737,-0.17219052,-0.13713557,-0.071722046,-0.18426687,-0.15508237,-0.24951266,0.1696371,0.15990894,0.22783837,0.26054513,0.5767105,0.7823438,0.8873409,0.88784415,1.0195098,1.0802269,1.1021992,1.1125982,1.1904236,1.3445647,1.0966642,1.2516439,0.961644,0.99586034,0.9457099,1.15822,1.0413144,0.9688562,0.9918348,0.97489446,0.8462478,1.1682837,0.7947556,0.69998986,0.71189845,0.7714415,0.77664113,0.73487705,0.68623626,0.6303832,0.42089215,0.20083432,0.40378398,0.4728875,0.48966023,0.5268956,0.77194476,-0.2386104,-0.15105692,-0.30251437,0.16007665,0.4735584,0.15957348,0.32713276,0.11965445,-0.120530605,-0.043376185,-0.23475268,-0.62840796,-0.33656296,-0.8347121,-0.5873148,-0.94038016,-0.8067017,-0.86138076,-0.68275154,-0.4590037,-0.8588648,-0.77298856,-1.0064646,-0.98432463,-0.584128,-0.7946254,-0.8355508,-0.8174363,-0.75185496,-0.38017198,-0.6408197,-0.8461176,-0.538674,-0.5868116,-0.56064624,-0.43552187,-0.3130812,-0.37681746,-0.5343131,-0.24297129,-0.42445192,-0.571213,-0.55343395,-0.80401814,-0.9296456,-0.77416265,-0.82515174,-0.8461176,-0.81894577,-0.7033819,-0.7451459,-0.7952963,-0.7625895,-0.7142841,-0.8489689,-0.8959325,-1.0349782,-0.9413865,-0.7835554,-0.72183186,0.09533404,0.4217308,0.2696024,0.31891412,0.38449538,0.4733907,0.3539691,0.52387655,0.790227,0.6194809,0.649504,0.5544028,0.449238,0.47121024,0.38483086,0.16376665,0.2491397,0.37694764,0.34776315,0.08896042,0.28251737,0.3056637,0.31405005,0.29291645,0.3729222,0.26926693,0.24461107,0.1733271,-0.02425531,0.0988563,0.1050622,0.05273138,0.20452432,0.3325,0.45645025,0.56312466,0.7692611,0.7055248,0.70133173,0.51280653,0.7285034,0.6490008,0.7367221,0.76104254,0.6542004,0.77311885,0.7593652,0.75131434,0.7991165,0.8470864,0.7325289,0.7028412,0.5523901,0.2546747,0.2751374,0.20854977,0.37862492,0.58123916,0.37107724,0.22918019,0.3167337,0.29979324,0.37610903,-0.03800892,-0.14401238,-0.16632007,-0.13696785,-0.12153696,-0.32197073,-0.38201696,-0.45179144,-0.2939603,-0.4251228,-0.21428998,-0.36138657,-0.40046695,-0.33958203,-0.058471616,-0.15457918,-0.27299443,0.06128546,0.07939997,0.03595868,-0.073734775,-0.23609449,-0.051594812,0.022875976,-0.019894408,0.1025463,0.014992808,-0.08514021,-0.15826918,-0.1260656,-0.051259357,0.14212987,0.17349482,0.10153994,0.027572332,0.053737745,-0.0058053397,-0.15826918,-0.0051344316,-0.025429398,-0.04874345,-0.024423037,0.13038898,0.33803502,0.2914069,0.4378326,0.15655439,0.11076492,0.398249,0.36621314,0.21592976,0.3590009,0.36084586,0.28687826,0.57570416,0.59750867,0.74276024,0.7085439,0.861511,1.1372541,1.0461783,1.1382605,1.1464791,1.1701287,1.4257445,1.6117537,1.924229,2.0154727,1.9780694,2.020169,1.9259063,2.0094345,1.9284223,1.9430145,1.7970921,1.6449636,1.8526096,1.8245993,1.7653917,1.7254727,1.5761956,1.7715975,1.7447612,1.9250677,1.8376819,1.8170515,1.9716958,2.0228527,2.154183,2.4725287,2.0466697,1.9160105,1.6573755,1.6610655,1.5238649,1.2440963,1.1536914,1.1094114,1.1338996,1.2160858,1.0872715,1.0013953,0.9732171,1.1189718,1.3985727,1.7409035,1.6934367,1.7425809,1.4222221,1.0750273,0.89371455,0.95459944,1.0904583,1.0426561,1.3534541,1.6052123,1.3911928,1.1583878,1.4616381,1.4881389,1.2486249,1.2937435,1.6025288,1.386664,1.2560048,1.0104525,0.8734196,1.0230321,1.2048482,1.0631188,1.0230321,0.398249,-0.027442124,0.10103675,0.46064344,0.20922068,0.2652415,0.3341773,0.39992628,0.35178864,0.38130856,0.3430668,0.35162088,0.3819795,0.3007996,0.6773467,0.78636926,0.90344274,0.7608748,0.59750867,0.57201415,0.57268506,0.565976,0.3566527,-0.8097208,-0.2703108,-0.47678274,-0.64266473,-0.9532951,-0.9762738,-0.9190788,-0.9881823,-0.9586624,-1.0161928,0.015328261,0.04551912,0.59616685,0.44454166,0.2540038,0.45426983,0.42391124,0.21442021,0.22515476,-0.16850051,-0.1490442,-0.3343825,-0.4920459,-0.47762135,-0.4695705,-0.18661503,-0.29664394,-0.43652827,-0.33018935,-0.21412227,-0.7922772,-0.8035149,-0.438541,-0.34058842,-1.0218954,-1.2582228,-1.7927687,-1.6547295,-1.8434223,-1.993538,-1.5742205,-1.5550996,-1.1991829,-1.0141801,-1.1458457,-1.171508,-1.1129713,-1.0438677,-0.948431,-1.1077718,-1.0787549,-1.2939487,-1.1891193,-1.0257531,-1.1010627,-1.33739,-1.4272916,-1.417899,-1.1577543,-1.138969,-1.2810336,-2.083272,-1.7934397,-1.2231678,-0.89979017,-0.7313923,-0.7999927,-1.1599348,-2.4707212,-2.2986336,-2.485649,-3.2088878,-3.5799,-3.519015,-3.2508197,-3.083428,-3.1092582,-2.9462276,-2.8977542,-2.762063,-2.8781302,-2.6879277,2018-04-17
EEFT_DSGX,-1.4921113,-1.3860126,-0.8627886,-1.2954357,-1.3431802,-1.5422134,-1.4828768,-1.1099595,-0.8816507,-0.9849987,-0.6547172,-0.996591,-1.0496403,-1.1649735,-0.95316905,-0.8482492,-0.930574,-0.74077505,-0.83154845,-0.9794973,-1.0301889,-0.89697605,-0.7942174,-1.1325545,-0.93391407,-0.9883389,-0.96024233,-1.1504341,-1.0246875,-1.2871836,-1.3663647,-1.293078,-1.0582855,-1.1512201,-1.4219682,-1.592119,-1.6667811,-1.2518173,-1.3773675,-1.4188247,-1.1732258,-1.368526,-1.1125137,-1.0496403,-1.3060455,-1.104851,-1.057303,-1.0333325,-0.8908852,-0.9343071,-1.047479,-1.0354939,-0.8103287,-0.7376314,-0.61326015,-0.49556914,-0.2721724,-0.22482093,-0.23012584,-0.36766124,-0.23268008,-0.487317,-0.5130558,-0.63467634,-0.6063833,0.0052561485,-0.09966371,-0.07805101,-0.0037818912,0.027851248,-0.2295364,-0.2540963,-0.004960766,0.07245201,-0.031092493,-0.14426447,-0.19515255,-0.13542292,-0.079819314,-0.10280737,-0.11204189,-0.3662859,-0.5820199,-0.8531612,-0.78301805,-0.8024696,-0.5708206,-0.73625606,-1.0305818,-1.3852267,-1.1408067,-0.94865006,-0.94963247,-0.42739087,-0.46707967,-0.34388727,-0.38966691,-0.3818077,-0.13208276,-0.058992527,-0.13247572,-0.46079233,-0.36314222,-0.43800077,-0.21008497,-0.08944679,-0.24682657,-0.17177156,0.13571829,0.6907719,0.4929174,0.44222572,0.5221928,0.633007,0.79333395,1.1917936,1.3297219,1.3310972,1.1778436,0.7897973,1.1041639,1.1467998,1.0124081,1.1540695,1.050132,2.1614182,1.9393969,2.0331173,1.9346813,2.4001403,2.107583,1.9794785,2.1233013,1.9254467,1.8458728,2.0217216,2.1421633,1.5906463,1.2546669,1.3503523,0.92890453,0.64165205,0.58447665,0.76975644,0.65403026,0.70511484,0.64224154,0.6907719,0.62671965,1.0017983,0.70177466,0.48800537,0.604714,0.3785665,-0.11223837,-0.16823493,0.124715455,0.3076375,0.14259507,0.26834172,0.08345484,0.14907888,0.021170959,-0.008497391,-0.25920475,-0.69872856,-0.5710171,-0.4941938,-0.31127173,-0.47218814,-0.17825536,-0.30852103,-0.50657195,-0.59538054,-0.9201606,-0.64921576,-0.5604072,-0.3047879,-0.031878408,0.20311064,0.36245522,0.16302888,0.58054703,0.38819396,0.22609869,0.56934774,0.3634376,0.3097988,0.09268936,0.22531277,0.71356344,0.7732931,1.7625655,1.0065138,0.71690357,0.4675716,0.3642235,0.7701494,0.2722713,0.47169763,-1.5883859,-0.6529489,-0.18316734,-0.11715035,-0.58182347,-0.51836073,-0.43839368,-0.52739877,-0.42660496,-0.5739643,-0.463936,-0.6680778,-0.7439187,-0.5753397,-0.39674014,-0.2552752,0.10074501,0.29486638,0.25753534,0.26500157,0.09268936,0.24751492,0.2335649,0.26873466,0.275022,0.27364665,0.3426108,0.32139108,0.39330247,0.15890282,0.055751286,0.0480886,0.079721734,0.003487836,-0.036397427,-0.07588974,-0.06135028,-0.20104694,0.028244205,0.064592846,0.21981135,-0.09259045,-0.039737575,0.16636904,0.07146961,-0.15644617,-0.1289391,0.044355493,0.10015556,0.37208268,0.41412926,0.29722413,0.34536153,1.1167386,0.99000955,0.9849011,1.050132,0.68723524,0.5994091,0.6477429,0.79981774,0.7833135,0.6485289,0.41491514,0.22570574,0.3314115,0.25517762,0.3858362,0.585852,0.802372,0.8310579,0.81769735,0.88842976,0.70236415,0.69195074,0.48918426,0.5090287,0.62102175,1.0061208,0.8558143,0.83636284,0.77643675,0.93499535,0.89294887,0.6772148,0.5221928,0.4231673,0.44988844,0.595283,0.3160861,0.44497648,0.32925022,0.3164791,0.5921393,-0.28514,-1.3508428,-0.84255135,-0.958081,-0.83429915,-0.722699,-0.6195475,-0.68969053,-0.50951916,-0.38239717,-0.2833717,-0.28474703,-0.31873792,-0.4570592,-0.3688401,-0.6331045,-0.45450497,-0.65530664,-0.6643447,-0.38888097,-0.40066972,0.6056964,0.28936496,0.09072457,0.10880065,0.22963531,0.006042065,0.20055641,0.340646,0.21902545,0.42945462,0.2589107,0.28504243,0.4208095,0.5147265,0.42454264,0.2691276,0.2993854,0.13041335,0.09779782,0.19623387,0.18778525,-0.11990106,-0.17727296,-0.1497659,-0.096912995,0.03924704,-0.07588974,-0.22992936,-0.077068605,0.1600817,0.2785586,0.17344229,0.29329455,0.4445835,0.115284465,0.03964,0.3019396,0.17462115,0.2033071,0.4652138,0.7119916,0.6764289,0.5884062,0.61689574,0.6554056,0.70275706,0.5870308,0.6728922,0.91809815,0.9399073,1.2695993,1.1758788,1.1228294,1.1530871,1.4623454,1.5199138,1.2057437,1.229714,1.3364022,1.0000299,1.2275528,0.8654418,0.59665835,0.7768297,0.79097617,0.6695521,0.64283097,0.55854136,0.51413715,0.54832447,0.42139897,0.46599972,0.3958567,0.548521,0.4192377,0.08974217,-0.47454587,-0.40459928,-0.92035705,-0.6745616,-0.63585526,-0.8162231,-0.77005047,-0.81190056,-0.6044186,-0.54311705,-0.5505833,-0.9105331,-1.0834347,-1.566577,-1.3921034,-1.3867985,-1.2235243,-0.9254655,-0.8486421,-0.5203255,-0.74843776,-0.84078294,-0.7517779,-0.7452941,-0.7392033,-0.9975734,-0.79087734,-0.7570828,-0.8808647,-0.7452941,-0.83429915,-1.0315642,-1.004843,-1.0973847,-1.1256777,-0.9417733,-0.8787035,-0.73055816,-0.7924491,-0.75256383,-1.0681093,-1.0182037,-1.0111303,-1.1303931,-1.1677243,-1.0313678,-1.0046465,-1.1649735,-1.1911052,-1.3976048,-1.537498,-1.7728798,-1.841451,-1.5239409,-1.485431,-1.5404452,-1.4437774,-1.2964181,-1.145915,-1.1981785,-0.3680542,0.13552181,0.16970918,0.09504711,0.13355702,0.1864099,0.21057685,0.49782932,0.7090444,0.6677838,0.77250713,0.9188841,0.9112214,1.0483638,1.0375575,0.89216286,0.90414816,0.90100443,0.7202437,0.64636755,0.5671865,0.48250398,0.5214068,0.5322132,0.33848476,0.4182553,0.42454264,0.5170843,0.350077,0.33966362,0.3848538,0.4143257,0.52769417,0.760129,0.7281029,0.87428325,0.8436326,0.69254017,0.6481359,0.62003934,0.74264234,0.81003463,0.9601447,1.0552405,0.9412827,0.85974383,0.72849584,0.73556906,0.8090522,0.72201204,0.6054999,0.70098877,0.5359463,0.30685163,0.5593273,0.1732458,0.28386357,0.36736718,0.5335886,0.5994091,0.5638463,0.5603097,0.6104119,0.70177466,0.369332,0.2259022,0.21548882,-0.041898843,-0.0069255577,0.09249288,-0.043274198,0.22570574,0.06950482,0.07146961,-0.22442794,-0.07176367,-0.009283307,0.31588966,0.59685487,0.6062858,0.74126697,0.78233117,0.642045,0.44556588,0.293884,0.5066709,0.6385084,0.6640507,0.7874395,0.5510752,0.48368284,0.3259101,0.37817353,0.18424864,0.47896734,0.6188605,0.59901613,0.51924556,0.5766175,0.6245584,0.500973,0.9984581,0.75777125,0.6974521,0.63909787,0.9177052,1.0636892,1.1811837,1.1049498,1.0133905,0.8713361,1.2308929,1.3682319,1.2039752,1.3081092,1.4362136,1.5246292,1.852553,1.8780953,2.1386266,2.1669197,2.0655363,1.8107028,1.6776865,1.6596104,1.4702045,1.5297376,1.333062,1.3316867,1.5615673,1.4356242,1.3472085,1.1868815,1.1566238,1.4144044,1.4686327,1.3210769,1.0786215,1.0489533,1.2222478,1.2939627,1.3758944,1.2796197,1.0173202,0.84009594,0.8287001,0.8436326,0.94737357,0.99413556,1.2743149,1.3350269,1.385522,1.5411334,1.6499829,1.3108599,0.9546433,0.99040246,0.9884377,0.8457938,0.9043446,0.87153256,0.7919586,0.8772305,0.71926135,0.71120566,0.64224154,0.8784094,0.98431164,1.319898,1.0902138,1.2432711,1.0544547,0.6477429,0.3473263,0.6654261,0.6660155,0.62534434,0.9444264,1.2340366,0.9530714,0.71906483,0.88037413,0.71926135,0.5157089,0.5577555,0.84657973,0.12373306,-0.06410099,-0.5932193,-0.8007012,-0.6362482,-0.902281,-1.0311713,-0.929788,-1.2867906,-1.6775875,-1.3309984,-1.3044738,-1.4294345,-1.5239409,-1.5689347,-1.3421977,-1.2516209,-1.1649735,-0.86593235,0.04062239,0.12235771,0.36776012,0.70413244,0.8300755,0.7420529,0.6917542,0.5035272,0.32708895,-0.11695387,-0.113810204,-0.052115753,-1.3972119,-0.5034283,-0.85119635,-1.0178107,-1.4331676,-1.4980057,-1.5640227,-1.6836784,-1.6115705,-1.4970232,-0.15742856,-0.0328608,0.59115696,0.52022797,0.25773183,0.5133512,0.7347832,0.6170922,0.63241756,0.5420372,0.39428484,0.3164791,0.3473263,0.16617256,-0.12579542,0.40803838,0.38721156,0.3249277,0.4377067,0.2946699,-0.529953,-0.37964648,-0.6912623,-0.21067442,-0.87948936,-1.2671427,-1.5610756,-1.5158854,-1.9402801,-2.1063051,-1.4090006,-1.08481,-0.86259216,-0.7948069,-0.6596292,-0.7215201,-0.53113186,-0.54979736,-0.71032083,-0.9567057,-0.8148477,-0.9657437,-0.84942806,-0.9366649,-1.0064149,-1.0227226,-1.198375,-1.2480843,-1.2333483,-1.1195868,-1.0883467,-1.4011415,-1.4251119,-1.2918991,-1.2048588,-1.430417,-1.3372858,-1.4913254,-2.808718,-2.723053,-3.0943985,-4.031604,-4.189377,-4.044375,-4.0913334,-3.8742242,-3.7317767,-3.7410114,-3.6300006,-3.7504423,-3.700733,-3.4572957,2018-04-17
FISV_EEFT,-0.11283676,-0.08442873,-0.47724962,-0.26108527,-0.14557184,-0.15591913,-0.2277858,-0.23738055,-0.34875506,-0.22628072,-0.37358856,-0.16927655,-0.16965282,-0.25337183,-0.27801722,-0.2761359,-0.31620812,-0.39578822,-0.30774218,-0.2037048,-0.23455857,-0.2941966,-0.3448043,-0.19298126,-0.16193938,-0.17322734,-0.14745316,-0.06222908,-0.14406677,-0.06429854,-0.06486294,-0.040217567,-0.11452996,-0.25111425,-0.19053555,-0.13522454,-0.055456303,-0.15290901,0.17688748,0.2109395,0.01810355,0.1170613,-0.046049677,-0.07991355,-0.020651773,-0.18940674,-0.2076556,-0.18301024,-0.14105666,-0.058090158,-0.100796275,-0.0074824877,-0.0054130293,0.015657824,-0.079725415,-0.120738335,-0.18790168,-0.23549923,-0.20633867,-0.36418194,-0.41253203,-0.34819067,-0.3363383,-0.2802748,-0.3408535,-0.5826039,-0.55739415,-0.70112747,-0.7205051,-0.75117075,-0.56792957,-0.599724,-0.6742245,-0.6390437,-0.6247456,-0.5410266,-0.44150442,-0.4764971,-0.44677216,-0.4003034,-0.41798782,-0.3436755,-0.40444234,-0.36756834,-0.5607805,-0.3517652,-0.32881302,-0.33182314,-0.32429782,-0.27989855,-0.3252385,-0.4112151,-0.53613514,-0.7267135,-0.9026175,-0.80779874,-0.9620674,-0.9893466,-1.0064667,-0.9880297,-0.8787247,-0.766974,-0.78653973,-0.88512117,-0.93347126,-0.9652657,-0.8525743,-1.1396646,-1.2950622,-1.454975,-1.4632528,-1.4092587,-1.3150042,-1.3917624,-1.2975079,-1.3473631,-1.3494325,-1.4007927,-1.2611983,-1.090562,-1.2359886,-1.1966689,-1.0487965,-1.0676099,-0.9009244,-1.4850762,-1.2770015,-1.3198956,-1.2690998,-1.53606,-1.3861184,-1.3283616,-1.3908217,-1.4687086,-1.3716321,-1.4404887,-1.6261755,-1.5400108,-1.2736151,-1.3439767,-1.1906486,-1.1150193,-0.9686521,-1.0758877,-1.0091006,-0.985584,-1.0455984,-1.0911264,-1.0000702,-1.2382461,-1.1688251,-1.0250919,-0.93215436,-0.85219806,-0.70884085,-0.60706115,-0.7553097,-0.8072343,-0.7750636,-0.8789128,-0.8791009,-0.7336744,-0.67102623,-0.8051649,-0.7381896,-0.6254982,-0.62662697,-0.61985415,-0.7455268,-0.7300999,-0.82209677,-0.83282036,-0.8049767,-0.7825889,-0.6463809,-0.7925599,-0.7846584,-0.98840606,-1.2395631,-1.2576238,-1.2892301,-1.2406918,-1.3456699,-1.2472765,-0.8885076,-1.1451205,-0.93140185,-0.92067826,-0.80930376,-0.869318,-1.0787097,-1.0371324,-1.4514004,-1.0128633,-1.0343105,-0.7562504,-0.43736553,-0.49681544,-0.2716207,-0.22835019,1.2313708,0.5177838,0.3401866,0.3362358,0.57478803,0.65850705,0.615989,0.77496105,0.5973639,0.7401566,0.77778304,0.66038835,0.5102585,0.5868285,0.4218362,0.14490493,0.087336354,0.013776498,-0.03419732,0.010954509,0.14245921,0.065701105,0.15732169,0.2231681,0.15581663,0.05949273,0.052908085,-0.03137533,-0.15027516,0.081692375,0.07021629,-0.00089784653,-0.049624193,0.047640372,0.043689582,0.07830599,0.064007916,0.07510773,-0.025543222,-0.032127865,-0.12299592,-0.042287022,-0.15930553,-0.23625177,-0.24678719,-0.26560044,-0.18413903,-0.23662803,-0.36079556,-0.44846535,-0.48816133,-0.41949293,-0.4176116,-0.80685806,-0.83545417,-0.80478853,-0.7664095,-0.54366046,-0.5651076,-0.47724962,-0.22929086,-0.15027516,-0.035890516,0.04745224,0.14339988,0.10991226,0.08865328,-0.06787306,-0.21875542,-0.35740918,-0.45881262,-0.550057,-0.6008528,-0.6136458,-0.48138857,-0.4580601,-0.4424451,-0.46257532,-0.59313935,-0.5735735,-0.5026475,-0.5041526,-0.4279589,-0.36813274,-0.1811289,-0.14406677,-0.030058403,-0.010492611,0.0030529387,-0.05094112,-0.076903425,-0.043227687,-0.043039557,-0.21725036,0.4131821,1.146523,1.0095625,1.1356113,1.266928,1.1399384,1.2673042,1.2657992,1.1025,1.1151049,1.1322249,1.0195335,1.0626159,1.0663786,1.0406044,1.1207488,1.0692005,1.0022253,1.116798,0.9948881,0.9947,0.33096808,0.39098245,0.5838184,0.49426726,0.43858,0.51439744,0.03409482,-0.05094112,-0.120738335,-0.31131667,-0.22270621,-0.2213893,-0.38619342,-0.46125835,-0.49041894,-0.5252235,-0.40463045,-0.43698925,-0.4507229,-0.42118612,-0.31395054,-0.33953658,-0.34273484,-0.31526747,-0.37979695,-0.48120043,-0.3690734,-0.33878404,-0.40575925,-0.46332783,-0.5780887,-0.6746008,-0.7026325,-0.723139,-0.7099697,-0.78183645,-0.8392168,-0.81080884,-0.8418507,-0.99912953,-0.9789994,-1.0021397,-0.9837027,-1.0583913,-1.0749471,-1.198362,-1.1596067,-1.258,-1.3494325,-1.37991,-1.4715306,-1.3484919,-1.3313718,-1.2773777,-1.5313568,-1.4632528,-1.3985351,-1.3735136,-1.4466971,-1.3356988,-1.578578,-1.310489,-1.1650625,-1.1170888,-1.188391,-1.0696793,-1.2743677,-1.1232971,-1.0538762,-0.9887823,-0.8680011,-0.90844965,-0.9187969,-0.94833374,-0.7923718,-0.5792175,-0.28460184,-0.28817636,-0.13146189,-0.21518092,-0.16494949,0.02318313,-0.10587586,-0.05112926,-0.014631528,0.08018732,0.06457231,0.23257473,0.3401866,0.5482613,0.41675657,0.5794913,0.4398969,0.3661489,0.28976706,0.12665607,0.22109865,0.28449935,0.42578697,0.49407908,0.55315274,0.6092163,0.51496184,0.6675374,0.7030945,0.64458525,0.6594477,0.7774068,0.71118414,0.7134418,0.61147386,0.6287821,0.6573782,0.63536674,0.7646138,0.58776915,0.7173925,0.7390278,0.790388,0.912486,0.9504888,0.9060895,0.85886824,0.94616175,0.8654528,0.80261654,0.76386124,0.8680867,0.88483053,0.8931084,0.83967865,0.682588,0.6927472,0.7130655,0.664151,0.61937547,0.16766898,-0.047931,-0.15008701,-0.0025910402,0.015469692,0.0019241428,0.014340895,-0.094023496,-0.22383502,-0.06091215,-0.015572191,0.11216986,0.11649691,0.11517998,0.19062117,0.24235763,0.2617353,0.24536777,0.23784246,0.36069307,0.3332257,0.3078278,0.32494786,0.2438627,0.18516532,0.18817544,0.2480016,0.14979638,0.21018696,0.1106648,0.07680093,0.06664177,-0.011997673,-0.0565851,-0.10418267,-0.17285107,-0.25280744,-0.1736036,-0.14180918,-0.06599174,-0.111519836,-0.12261966,-0.18997113,-0.19636765,-0.1638207,-0.13917533,-0.042098895,-0.08292367,-0.08442873,0.010013846,0.13041873,0.13794403,0.26493356,0.4778997,0.44761035,0.48787072,0.30180755,0.17782815,0.26436916,0.36106932,0.29541105,0.29597542,0.2801723,0.14546934,0.29146025,0.3793182,0.4114889,0.35523722,0.4991587,0.5595493,0.5228634,0.55164766,0.6306634,0.54844946,0.750692,0.7145706,0.701025,0.4622847,0.27151817,0.36182186,0.16917405,0.09937684,0.2282477,0.23295102,0.3027482,0.32494786,0.30970913,0.3021838,0.28750947,0.35429654,0.36972344,0.46040338,0.53716147,0.51609063,0.3085803,0.18554159,0.23144595,0.30575833,0.17161977,0.16748084,0.21884106,0.11913077,0.2553388,0.22523758,0.22768329,-0.044544615,-0.16871215,-0.1568598,-0.17924757,0.11442745,0.17858067,0.0051223976,0.012271437,0.124962874,-0.08555753,-0.16683082,-0.28591877,-0.45467374,-0.54121476,-0.46201092,-0.44752467,-0.9722267,-0.9631962,-0.9993177,-0.9065683,-0.8542674,-0.9014887,-0.8529505,-0.8584064,-0.8967855,-0.8194629,-0.867813,-1.0881163,-1.0420238,-1.1626168,-1.0504898,-1.0623422,-1.0414593,-0.89302284,-1.0664811,-1.0704318,-1.0679861,-1.1308224,-1.1155837,-1.1180294,-1.0444696,-1.0952654,-1.0741946,-0.9626319,-1.030924,-1.0743827,-1.1609236,-1.1505764,-1.0589558,-0.9607505,-0.689087,-0.7314168,-0.59088176,-0.33276382,-0.23098406,-0.16645455,-0.1534734,-0.18075265,-0.16513763,-0.22853833,-0.27406642,-0.3860053,-0.6587976,-0.89189404,-0.8789128,-1.0344986,-0.8157003,-0.5525027,-0.39465943,-0.60743743,-0.60668486,-0.572821,-0.74251664,-0.9519083,-0.82134426,-0.5329369,-0.6260626,-0.5225896,-0.30962348,-0.37942067,-0.8183341,-0.29081023,-0.2180029,0.12383408,0.21526654,0.19871086,0.35486096,0.26418102,0.30538207,0.6496648,0.8639478,0.63536674,0.5354683,0.5192889,0.39117056,0.3130955,0.23031715,0.29221278,0.20548365,0.28863826,0.5027332,0.4461053,0.62765324,0.28901452,0.24198137,0.2538337,0.24254577,0.32570037,0.3964383,0.41374645,0.36708957,0.4795929,1.4377524,0.8791865,1.0562193,1.0921526,1.3118916,1.4567537,1.4163052,1.489677,1.4008783,1.2110524,0.40528053,0.5221109,0.20397858,0.33115622,0.6662204,0.6306634,0.60225534,0.5687678,0.57158977,0.70140123,0.63781244,0.61297894,0.8282026,0.7783475,0.78982353,0.7774068,0.9852933,1.1484044,1.1085203,1.05716,1.4966378,1.4251474,1.1335418,1.0340197,1.4227017,2.2081556,2.724203,2.6846955,2.8826108,2.787604,2.4484007,2.5673006,2.3921492,2.1914117,2.4284587,2.7063308,2.5539432,2.4860272,2.4737988,2.5885596,2.5864902,2.547923,2.4179235,2.3543346,2.4051304,2.481512,2.5172575,2.5772717,2.5482993,2.5334368,2.6395435,2.7217577,2.5738852,2.2431483,2.0950878,2.0085468,2.0917015,2.340601,3.3313072,3.180801,3.40355,3.9882662,4.043201,4.074243,3.9090624,3.671827,3.7918558,3.7053146,3.6289327,3.6138823,3.6705103,3.5730577,2018-04-17
GPN_EEFT,0.18847395,0.1601967,-0.15217079,0.12898022,0.18573746,0.17144679,0.21715663,0.07374328,-0.07787962,-0.01423044,-0.16757633,0.04414843,0.08509472,0.014553586,-0.039872546,-0.03541305,-0.026899466,-0.18511026,-0.0043992763,0.12928428,0.14043301,-0.027912987,-0.08314993,0.14580467,0.15685208,0.20225786,0.18441987,0.30796823,0.2579002,0.34516448,0.40992853,0.37830666,0.2201972,0.1031354,0.2415825,0.2496907,0.3081709,0.07820278,0.1167166,0.12340585,-0.074940406,0.053776886,-0.103217684,-0.18308322,-0.021629151,-0.17284663,-0.24257696,-0.21206993,-0.21450241,-0.15713705,-0.11740699,-0.08477157,-0.20609015,-0.2337593,-0.36916584,-0.398558,-0.5222077,-0.6013638,-0.5089305,-0.65690476,-0.79697347,-0.64251274,-0.6061273,-0.56457293,-0.30338827,-0.6999794,-0.64271545,-0.71366197,-0.7732571,-0.840859,-0.68001306,-0.6021746,-0.7198445,-0.71994585,-0.6543709,-0.5836271,-0.46970725,-0.5037616,-0.5134914,-0.45886254,-0.41457164,-0.2743002,-0.19240762,-0.09794736,-0.16240737,-0.2488608,-0.27957052,-0.28098944,-0.17112365,-0.028622452,-0.20953615,-0.33501017,-0.34038183,-0.6428168,-0.7520745,-0.6910604,-0.8165345,-0.83183867,-0.91393393,-0.9513329,-0.85646725,-0.66774946,-0.6952159,-0.6556885,-0.7609935,-0.91069067,-0.79068965,-0.95680594,-1.0531919,-1.3811677,-1.3916069,-1.3092076,-1.4015394,-1.4646817,-0.837413,-0.86224437,-0.9226502,-0.96917087,-0.9295422,-0.81683856,-0.8424806,-0.8392374,-0.6412965,-0.7958586,-0.5622418,-1.2816397,-1.1661996,-1.2422137,-1.2727207,-1.3588701,-1.2577206,-1.1771456,-1.2793087,-1.3040385,-1.1573819,-1.2006594,-1.2648152,-1.1786659,-1.0216714,-1.037989,-0.8442036,-0.63815457,-0.58737713,-0.6125125,-0.5046738,-0.5072076,-0.5883907,-0.4428489,-0.27865833,-0.5395389,-0.5108562,-0.5497755,-0.5226131,-0.24156344,-0.09956899,-0.05568349,-0.19443466,-0.20163067,-0.08304858,-0.05953487,-0.04260906,0.00553324,0.13212213,-0.55747825,-0.56102556,-0.32609117,-0.4138622,-0.41538244,-0.47862625,-0.4349434,-0.534674,-0.56021476,-0.53092396,-0.4269366,-0.2687258,-0.3747402,-0.27673265,-0.6318708,-0.95417076,-1.1834295,-1.3580593,-1.2634977,-1.5075538,-1.2522476,-1.0133604,-1.2130243,-1.1252532,-1.1456251,-1.0075834,-1.1005234,-1.442587,-1.5268106,-2.0341797,-1.4690399,-1.661609,-1.4605263,-1.2522476,-1.3112346,-1.1009288,-1.0893745,0.64658594,0.012425189,-0.13352197,-0.13980582,0.074250035,0.00097239047,0.033911854,0.30837363,0.0999935,0.27462333,0.2431028,0.19090642,0.20479167,0.18492663,0.06370941,-0.16625875,-0.18551566,-0.47781542,-0.6164653,-0.59629613,-0.3945039,-0.62021524,-0.6723103,-0.6849793,-0.8130885,-0.9085623,-1.0692055,-1.0288674,-1.0934286,-0.8735958,-0.78095984,-0.8420752,-0.83194,-0.78288555,-0.5863636,-0.6459587,-0.6014651,-0.4026121,-0.021325095,0.20996064,0.1396222,0.30908307,0.08823664,0.38094178,0.39675274,0.403442,0.5060104,0.4273611,0.35215777,0.20134568,0.098777264,0.08732447,0.077189244,-0.22342138,-0.36075363,-0.3262939,-0.317983,-0.05335239,-0.14608966,-0.1112245,-0.13524498,-0.13129224,-0.07909585,0.010296793,0.15705478,0.25232586,0.19800106,0.11864229,0.038776763,-0.050919935,-0.1549073,-0.20011039,-0.28291515,-0.35203734,-0.22494167,-0.2138943,-0.16190061,-0.24146207,-0.33886155,-0.5426808,-0.41315272,-0.42582175,-0.4948426,-0.39490932,-0.27784753,-0.25534734,-0.14913023,-0.09521085,-0.0861905,-0.010683113,-0.022338616,-0.015953429,0.025296919,-0.123690814,0.24766366,0.8537499,0.69097817,0.7664856,0.7271609,0.6061464,0.70415395,0.7979048,0.62084246,0.6781064,0.76192474,0.7126676,0.7470259,0.8313509,0.8499997,0.94993305,0.8822298,0.8679391,1.0231093,0.8939866,0.9599669,0.26519758,0.34546852,0.45999652,0.04333761,-0.110616386,-0.15409648,-0.000750597,-0.17163041,-0.11051503,-0.25342163,-0.08365669,-0.099467635,-0.18125887,-0.2776448,-0.24511075,-0.27673265,-0.20254283,-0.2172389,-0.17558315,-0.10727177,-0.038453616,0.0024926737,0.0796217,0.014756289,-0.05659566,-0.079805315,-0.019196698,0.02397934,-0.15450189,-0.11213667,-0.20639421,-0.23973909,-0.33207095,-0.3478819,-0.2868679,-0.2333539,-0.20335364,-0.27034745,-0.30146256,-0.47862625,-0.4884574,-0.62852615,-0.55393094,-0.51653194,-0.52818745,-0.55312014,-0.52717394,-0.5422754,-0.6356208,-0.64626276,-0.5704513,-0.5551472,-0.75004745,-0.789068,-1.111368,-1.1245438,-1.0642393,-1.1013341,-1.1616387,-0.9423126,-1.1661996,-0.9364341,-0.79687214,-0.76565564,-0.84035224,-0.6987632,-0.71001333,-0.69501317,-0.6404857,-0.6545737,-0.64535064,-0.64910066,-0.6085598,-0.7061619,-0.5152144,-0.30085447,-0.091764875,-0.31696948,-0.3940985,-0.48379523,-0.41021347,-0.41406488,-0.38183486,-0.3113951,-0.38639572,-0.38001055,-0.35994282,-0.16696821,-0.1362585,0.08418255,-0.13869095,0.20438626,0.18705504,0.1627305,0.013742768,-0.061055154,0.07252704,0.04455384,0.12827075,0.17276438,0.02671585,0.07810142,-0.00825066,0.04556736,0.081040636,0.029857768,0.033303745,0.19141318,0.109317884,0.118845,0.06867566,0.08793258,0.24695419,0.2562786,0.37445524,0.8952029,0.83104694,0.85942554,0.7622288,0.81939137,0.875946,0.9222639,1.0246296,1.0662855,1.0016227,1.0110484,0.8916555,0.9298653,0.98510224,1.0244269,0.9874333,1.0042578,0.974663,1.0548326,0.94739926,0.9934131,0.3976649,-0.058825403,-0.14173152,-0.11264343,0.0023913214,-0.13463686,-0.26619202,-0.4335245,-0.52656585,-0.5117684,-0.6219382,-0.55018085,-0.37818623,-0.38234165,-0.50112647,-0.5127819,-0.3459562,-0.35396302,-0.28605705,-0.26487446,-0.355686,-0.41984197,-0.41011214,-0.50710624,-0.63470864,-0.4930182,-0.44953814,-0.5086265,-0.5005183,-0.49859262,-0.5447079,-0.61778283,-0.686905,-0.70565516,-0.762007,-0.65173584,-0.6752495,-0.758561,-0.79525054,-0.79170316,-0.81734526,-0.86224437,-0.9906575,-1.0115361,-0.94667065,-0.854947,-0.77295303,-0.7647435,-0.79423696,-0.6138301,-0.5568701,-0.602884,-0.4228825,-0.28342187,-0.2505838,-0.15166403,-0.37555104,-0.443457,-0.39217278,0.035229433,-0.019095346,0.04465519,0.110534124,0.067256734,0.20884575,0.26266378,0.3527659,0.40050277,0.4970914,0.53641605,0.5571933,0.5889165,0.6217546,0.61830866,0.6442548,0.5982409,0.55131483,0.17448735,0.14002761,0.09938538,-0.15369107,-0.07230525,0.002695378,0.028337486,-0.0013587102,0.030567233,0.006648113,-0.05244022,-0.16301547,-0.08467022,-0.10301497,-0.008960126,0.047391698,0.15898046,0.022256352,-0.16646145,-0.00024383595,0.15705478,0.11458821,0.02671585,0.16262914,-0.06977145,-0.013014213,-0.08598779,-0.12186648,-0.3739294,-0.46747747,-0.3862944,-0.33024663,-0.22433355,-0.1021028,-0.25463787,-0.2151105,-0.12196784,-0.22717144,-0.2846381,-0.45237604,-0.7006889,-0.72947294,-0.89072424,-0.8405549,-0.87937284,-0.89467704,-0.5842352,-0.68193877,-0.5549444,-0.67008054,-0.7718382,-0.84724414,-0.898123,-0.8957919,-0.93460983,-0.8819066,-0.74822307,-0.84035224,-0.7803517,-0.87369716,-0.8163318,-0.8273791,-1.0190362,-1.0297796,-0.9928873,-1.0157928,-0.92406917,-0.8764336,-0.8616362,-0.83771706,-0.88646746,-0.79423696,-0.73778385,-0.79342616,-0.87937284,-0.8657917,-0.9736304,-0.92021775,-0.6623778,-0.60187054,-0.6521412,-0.62244505,-0.53376186,-0.54065377,-0.5656878,-0.5622418,-0.42551768,-0.44315296,-0.486329,-0.60633,-0.7414325,-0.8799809,-0.8653862,-0.86366326,-0.66845894,-0.3143343,-0.18338726,-0.52291715,-0.6482898,-0.668763,-0.9095758,-1.0640365,-0.82889944,-0.42146358,-0.50933594,-0.40717295,-0.06642682,0.0658378,-0.15277891,0.3417185,0.45614514,0.81979686,0.963717,0.53013223,0.46161813,0.40546903,0.50905097,0.899561,1.0629408,0.79091144,0.7816884,0.8756419,0.9524669,0.8486822,0.8170603,0.9255071,0.76932347,0.36928627,0.48361155,0.5458419,0.07789872,-0.08568374,-0.048588835,0.09918267,0.051547144,0.21543364,0.35043478,0.33259678,0.3922932,0.43334088,1.4953092,1.039427,1.1924689,1.1936852,1.4661199,1.5498368,1.4559846,1.4835525,1.4668293,1.2705101,0.49567246,0.62874794,0.13566947,0.3077655,0.5920584,0.35438752,0.27948824,0.23276487,0.3417185,0.52719307,0.5270916,0.664728,0.795675,0.80165476,1.0668935,0.98834556,1.1391577,1.188212,1.089495,1.248922,1.7865957,1.682,1.7536561,1.6824056,2.3035932,2.1871395,2.634204,2.7169075,2.93897,2.9719095,2.869037,2.9652205,2.9139361,2.644542,2.6408932,2.7702188,2.71336,2.7065697,2.6985626,2.7860298,2.7661645,2.6546772,2.63015,2.4872434,2.458054,2.5920415,2.7526848,2.7740703,2.7977865,2.8069081,2.8234286,2.8898141,2.8764358,2.4568377,2.3695734,2.3144379,2.468392,2.6161635,3.500968,3.3639398,3.532083,4.1298585,4.23415,4.3408737,4.187731,3.839079,3.9865465,3.7496862,3.7256658,3.7631664,3.7335715,3.630091,2018-04-17
VRSN_EEFT,0.06296277,0.08348853,-0.26475525,-0.032030836,0.045510918,0.06643331,-0.057712823,-0.13515542,-0.23937075,-0.1753145,-0.3416029,-0.1339655,-0.13475879,-0.23986652,-0.2731837,-0.26406115,-0.28875154,-0.37501922,-0.25136888,-0.12900761,-0.18949413,-0.2321322,-0.36014548,-0.21775424,-0.2166635,-0.3143344,-0.30035308,-0.1511199,-0.23272713,-0.17134818,-0.18998992,-0.1411049,-0.22548857,-0.30689752,-0.23361956,-0.22271216,-0.13277562,-0.2522613,-0.21656434,-0.23173554,-0.39713156,-0.33337277,-0.47368172,-0.5484471,-0.46842632,-0.58523476,-0.55221504,-0.5493395,-0.5594536,-0.5090812,-0.5767071,-0.50858545,-0.56897277,-0.525839,-0.6249972,-0.63392144,-0.71652025,-0.735162,-0.6671395,-0.78523695,-0.8057627,-0.62093174,-0.38364598,-0.2365943,-0.13703942,-0.47725144,-0.38781065,-0.46436083,-0.55112433,-0.5905893,-0.47368172,-0.42261523,-0.49985948,-0.5325817,-0.50501573,-0.48270512,-0.45761806,-0.47754887,-0.48627478,-0.4840933,-0.49430665,-0.45404837,-0.344181,-0.2064502,-0.2667384,-0.24859245,-0.2154736,-0.26614347,-0.19246888,-0.18929583,-0.275861,-0.3807704,-0.4653524,-0.730799,-0.7798824,-0.6939122,-0.8065559,-0.7528122,-0.8008048,-0.7899965,-0.72960913,-0.59286994,-0.60377735,-0.6839963,-0.7836504,-0.89827734,-0.83838576,-0.9865282,-1.0906444,-1.1543039,-1.1519241,-0.97502583,-0.831048,-0.98018205,-0.86585265,-1.0427508,-1.0793403,-1.124259,-0.9982289,-0.81786,-0.9216787,-0.96263105,-0.8173642,-0.8154802,-0.77343714,-1.3630321,-0.80834085,-0.7994166,-0.80923325,-1.0369005,-0.9290165,-0.8763634,-0.84116215,-0.8950051,-0.782163,-0.8583166,-0.90055794,-0.8992689,-0.70472044,-0.6954987,-0.4992645,-0.41131115,-0.20030238,-0.24145305,0.01249122,0.0125903785,0.31413063,0.30689207,0.3111559,0.16787219,0.19395082,0.29419982,0.44135067,0.48547605,1.0420513,1.0989681,0.97472286,0.9312916,0.9561802,0.78602475,0.7621276,0.7313885,0.8555347,0.764904,0.67090195,0.7539966,0.71254843,0.74705553,0.61577,0.6593005,0.5815604,0.5689673,0.6366924,0.70521075,0.65295434,0.23539898,0.26088265,0.11978044,-0.2850827,-0.34428015,-0.36569834,-0.43332428,-0.7535063,-0.66356975,-0.4515694,-0.71771014,-0.6145856,-0.6244022,-0.47288844,-0.577897,-0.7246513,-0.50432163,-1.3173201,-0.9063092,-0.9528144,-0.65811604,-0.43778643,-0.46098948,-0.4135918,-0.31413606,1.0515704,0.537435,0.5418971,0.69975704,0.9604441,0.9143355,0.8527582,1.2181563,0.9714506,1.0768558,1.1235595,1.2981771,1.2246017,1.351326,1.3087871,1.1693705,1.1792864,1.0500832,0.9802757,0.9537013,1.0946052,0.99048907,0.9962402,1.0984724,1.0466126,0.94150484,0.7203819,0.7444774,0.7566739,0.8860754,0.95677525,0.83530635,0.6733809,0.77581143,0.6261816,0.69906294,0.75786376,0.80526143,0.7621276,0.8539482,0.7763072,0.83957016,0.65176445,0.66505164,0.6687205,0.6011938,0.6800245,0.5552834,0.5931619,0.53535265,0.5427895,0.5968308,0.5849318,0.23758045,0.2851764,0.065144256,0.15498163,0.29102674,0.02905065,0.032322872,0.045510918,-0.03460895,0.01477186,0.023497786,0.13703398,0.20069358,0.19087692,-0.019735212,-0.077742785,-0.22360459,-0.34368524,-0.36738405,-0.4942075,-0.49688476,-0.3577657,-0.39019042,-0.34428015,-0.41874805,-0.60328156,-0.6059588,-0.56877446,-0.5558839,-0.5587595,-0.4815152,-0.27774498,-0.3019396,-0.058406927,-0.05275491,-0.057514504,-0.029651035,0.0018812869,0.10054375,0.14000873,0.013482803,0.4680242,0.8580136,0.74467576,0.8744739,0.99405867,0.7545916,0.71056527,0.65126866,0.56926477,0.6929151,0.6212237,0.50520855,0.45582774,0.48716176,0.41804844,0.43371546,0.3489352,0.36390808,0.39851427,0.3089744,0.392069,-0.27239043,-0.13773353,0.0012863374,0.18393584,0.03797489,0.04481681,0.09677573,-0.15012832,-0.11899263,-0.21735759,-0.11016753,-0.13773353,-0.20793755,-0.41408762,-0.55102515,-1.040272,-1.1111702,-1.2193518,-1.1490486,-1.1359597,-1.1268371,-1.1265396,-1.0959989,-1.1109718,-1.1984295,-1.2821189,-1.179391,-1.1786969,-0.8662492,-1.1434957,-1.109881,-1.1864313,-1.2028915,-1.1611459,-1.0789436,-1.0239109,-1.0631776,-1.0084422,-1.0128051,-1.109782,-1.1491477,-1.2838045,-1.1667979,-1.182564,-1.1886127,-1.1894059,-1.2312508,-1.295902,-1.3425063,-1.3741378,-1.5435001,-1.5824692,-1.5897077,-1.5676948,-1.784157,-1.7266452,-1.7434031,-1.6984843,-1.7957586,-1.6666546,-1.8406773,-1.5243626,-0.8570275,-0.94706315,-1.1151365,-1.0727959,-0.8325354,-0.4464132,-0.45672566,-0.497678,-0.62251824,-0.65682703,-0.7125539,-0.6654538,-0.6164696,-0.40010628,-0.17600861,-0.21061485,-0.28845406,-0.48805964,-0.48944786,-0.35082462,-0.49440578,-0.47854048,-0.5945556,-0.6300543,-0.47189686,-0.37809312,-0.3756142,-0.055828817,-0.19088235,0.026472533,-0.008133697,-0.0072412724,-0.17323218,-0.16480373,-0.03738538,-0.24036232,-0.18304884,-0.19474952,-0.26187965,-0.29698166,-0.38900054,-0.2712997,-0.34249532,-0.4485947,-0.47616068,-0.35498926,-0.31135964,-0.4161699,-0.41428593,-0.3648059,-0.28637174,-0.21943994,-0.10253236,-0.017950363,-0.16896838,-0.011207602,-0.029254401,-0.014083193,-0.040558446,-0.019140264,-0.023106592,0.04035469,0.020126404,0.012392061,0.051658735,0.22706968,0.18740638,0.15200688,0.10242775,0.13703398,0.2851764,0.23827457,0.19157103,0.19484325,-0.29132965,-0.631145,-0.6256913,-0.60516554,-0.6141889,-0.68826014,-0.7828571,-0.9038302,-0.9858341,-1.0395778,-1.0689287,-0.9822644,-0.9944609,-0.98732144,-0.90075624,-0.8639686,-0.8771566,-0.8405673,-0.8891548,-0.6995642,-0.72802263,-0.6748738,-0.6246005,-0.6757662,-0.6703125,-0.58553225,-0.6953996,-0.65900844,-0.5727408,-0.58850694,-0.5706585,-0.6080411,-0.66128916,-0.73774016,-0.7595549,-0.82152885,-0.8470125,-0.7534071,-0.7359553,-0.64671284,-0.7364511,-0.7597533,-0.8446327,-0.7980284,-0.72732854,-0.68072414,-0.5832516,-0.6528607,-0.633029,-0.66386724,-0.63243407,-0.7079927,-0.5325817,-0.41636822,-0.4658482,-0.32910895,-0.40883222,-0.37323436,-0.31483015,-0.37184617,-0.5055115,-0.5292103,-0.5568755,-0.4813169,-0.51522905,-0.4607911,-0.4269782,-0.399313,-0.40169284,-0.37749818,-0.40040377,-0.43897632,-0.45741975,-0.46178272,-0.37263942,-0.4205329,-0.41993794,-0.74408627,-0.7007541,-0.6319383,-0.78662515,-0.80784506,-0.72951,-0.54448074,-0.468228,-0.5962413,-0.67358476,-0.6828065,-0.71542954,-0.560346,-0.47388,-0.4435376,-0.3812662,-0.33267865,-0.46416253,-0.57492226,-0.48349836,-0.42340848,-0.36401266,-0.48280427,-0.2565251,-0.37918386,-0.33029887,-0.32167208,-0.2365943,-0.38215864,-0.4870681,-0.43074617,-0.5067014,-0.27358034,-0.15855676,-0.35429513,-0.36530173,-0.29251957,-0.3615337,-0.32464683,-0.40119702,-0.53525895,-0.49589315,-0.7468627,-0.9778023,-0.99723727,-0.9255458,-0.95578915,-0.95598745,-0.92574424,-0.84136045,-0.93060297,-0.94478256,-0.99208105,-1.0046742,-0.99406415,-1.0038809,-0.8756693,-0.9415103,-0.8705131,-0.765207,-0.64522547,-0.5858297,-0.7078935,-0.7850386,-0.70868677,-0.6846905,-0.59356403,-0.6389785,-0.5955472,-0.6076445,-0.5906884,-0.4974797,-0.6715024,-0.7004566,-0.7355587,-0.66912264,-0.64145744,-0.49093527,-0.19593942,-0.2171593,-0.33406687,-0.29965895,-0.15270643,-0.11948842,-0.0068446393,-0.016859623,0.015267651,0.10907136,0.1479414,0.054336,0.030934656,-0.19514616,-0.37739903,-0.403676,-0.27258876,-0.009224438,0.14526412,0.01298701,0.04719661,-0.07060339,-0.2214231,-0.4667406,-0.20773926,-0.13406467,-0.1337672,-0.15835844,-0.054043967,-0.12067831,-0.05196164,0.3811616,0.32087338,0.69846797,0.7710518,0.68815553,0.7677796,0.79356074,0.95865923,1.1338719,1.3512267,1.3147365,1.400211,1.5326864,1.5090867,1.4593092,1.494213,1.5330831,1.425893,1.249887,1.2482014,1.269322,1.0406631,0.84095836,0.82182086,0.82023436,0.782455,0.9794825,1.1011496,1.0916305,1.1611404,1.1771048,2.1058211,1.568185,1.8203446,1.7507354,1.9537123,1.9843522,1.986633,2.1209922,2.0088444,1.412209,0.74655974,0.75290585,0.5102656,0.7300003,0.776803,0.584436,0.515521,0.67457086,0.55835736,0.7458656,0.7679779,0.7246458,0.74021363,0.8105168,0.8408592,0.796238,0.764904,0.5859234,0.56480265,0.9363486,1.3683811,1.3005569,1.2898479,1.2148842,1.6658559,1.6932237,2.1283302,2.186536,2.285595,2.5910025,2.3523285,2.6836162,2.1937745,2.1139522,2.0517797,2.2269924,2.1229756,2.0746856,2.0955086,2.2261994,2.1218848,2.1554995,2.1171253,2.0376003,2.0372036,2.1367586,2.1954603,2.287578,2.5027516,2.710984,2.800623,2.8059776,2.798144,2.492439,2.4740949,2.3056252,2.3640292,2.3581789,3.0573437,3.0416765,3.0899668,3.678967,3.7695973,3.915757,3.851502,3.6517973,3.8122354,3.7680109,3.8090625,3.8378181,3.9499662,3.9411411,2018-04-17
RAMP_EGHT,-0.6156679,-0.51169074,-0.7970234,-0.9585507,-0.96677214,-0.97692806,-0.88310677,-0.8482865,-0.9624196,-0.87101644,-0.9967563,-1.1689231,-1.1771445,-1.0489866,-1.0620443,-0.9870839,-0.9266321,-0.8332945,-1.3135239,-1.0194862,-1.4484524,-1.3875169,-1.4208863,-1.1921365,-1.2390472,-1.2936957,-1.0765527,-0.99240375,-0.8516719,-0.93291914,-0.84586847,-0.68385756,-0.6403322,-0.8207205,-0.8212041,-0.46429646,-0.4981495,-0.4256073,-0.47735405,-0.4918625,-0.39272147,-0.43866488,-0.78590024,-0.84683573,-0.86472946,-1.0165844,-1.0717165,-1.1224961,-1.0301257,-1.0581753,-1.1229796,-1.1621525,-1.21535,-1.1814971,-1.1399063,-1.0426996,-0.9421078,-0.84345037,-0.8782706,-0.80476123,-0.618086,-0.8608605,-0.7138416,-0.7810641,-0.5334534,-0.52184665,-0.6688655,-0.7307682,-0.68627566,-0.46042755,-0.2911624,0.60352474,0.68525565,0.80954456,0.9057839,0.94592386,0.88305396,0.92174315,0.97929335,0.89272624,0.7287809,0.71137077,0.5899835,0.45166975,0.6654274,0.95366174,1.1393697,1.2752656,1.2389944,1.0378107,1.0982624,1.112771,0.95704705,1.0987462,0.83807784,0.77617514,0.82018405,0.80906093,0.8695128,0.67703414,0.64656645,0.59191793,0.6644601,0.67364883,0.54065484,0.45166975,0.26064193,0.39218512,0.33608583,0.3858981,0.40282464,0.47198156,0.71040356,0.48455548,0.8661275,1.0107282,0.9744572,0.9938018,1.081336,1.0300729,1.0155643,0.90191495,1.0576389,0.5827293,0.5304989,0.5933688,0.2398465,0.25822386,0.23114143,0.40669358,0.4410302,0.32061014,0.3655863,0.25725663,0.12039368,0.2330759,0.29110965,0.16295178,0.15569755,0.32447907,0.02367074,-0.06483074,-0.20024285,-0.50878906,-0.6301763,-0.44108295,-0.21571852,-0.37192607,-0.3835328,-0.28874433,-0.20894793,0.12281176,0.33124968,0.2659617,0.14795971,0.3032,0.40040657,0.22678891,0.16198455,0.36075017,0.14022188,0.04494979,0.30465087,0.18471444,-0.13834018,-0.6741853,-0.5247483,-0.43721405,-0.5484454,-0.44688636,-0.4023938,-0.43334514,-0.47783765,-0.65822595,-0.7317354,-0.9817642,-1.0407652,-1.1321684,-1.1253977,-1.0891267,-1.3468933,-1.5326012,-1.507937,-1.6293242,-1.6805874,-1.8145487,-1.870648,-2.3199258,-2.5912337,-2.526913,-2.6202507,-2.397788,-2.2923598,-2.4495347,-2.5501263,-2.455338,-2.4887073,-1.2714493,-0.8913283,-0.8105646,-0.7549489,-1.2550066,-0.9928873,-0.9691902,-0.8507046,-0.76317036,-0.7800969,-0.7999251,-0.825073,-0.8985825,-0.8971316,-0.7713918,-0.8361962,-0.67708695,-0.57020813,-0.51265794,-0.31147423,-0.18815248,-0.47687045,-0.18138188,-0.19347225,-0.14462715,-0.19298862,-0.12576619,0.119426444,0.547909,0.7016985,0.5962705,0.5962705,0.29014245,0.53920394,0.4018574,0.49519506,0.48262107,0.2949786,0.4468336,0.24033013,0.096212946,0.10927054,0.14844334,0.10346717,0.033343036,0.079286434,0.21179685,-0.124315344,-0.30276915,-0.11706112,-0.11802836,-0.11029052,-0.17025875,-0.22345637,-0.21862021,-0.15816838,-0.031944945,0.14602526,-0.09481485,-0.3462945,-0.120930046,-0.08756063,0.12958236,0.17939466,0.2132477,0.28530627,0.27128145,0.39315236,0.2398465,0.1344185,0.118459225,-1.4745675,-1.6462507,-1.6883252,-1.6830055,-1.1345865,-1.0069121,-1.1321684,-0.9962726,-1.1989073,-1.261777,-1.1911694,-1.2980483,-1.1998744,-1.3362538,-1.3154583,-1.2951465,-1.3701067,-1.5717741,-1.6544722,-1.6104633,-1.7187929,-1.5006827,-1.3115894,-1.4368455,-1.3439916,-1.3077205,-1.5001991,-1.7918187,-1.8803203,-1.8174503,-1.7357194,-1.6931614,-1.6786529,-1.820352,-1.830508,-1.8687135,-1.795204,-1.6612428,-1.7144405,-1.6061108,-1.6743003,-1.6607592,-1.6457672,-1.46151,-1.4063779,-1.4349111,-1.204227,-1.1631197,-1.2641952,-1.1805298,-0.837647,-0.837647,-0.7370552,-0.6620949,-0.6993332,0.24710071,0.26499444,0.24855156,0.26451084,0.22920698,0.3617174,0.40959525,0.5039001,0.6789686,0.4415138,0.51260513,0.39992297,0.5242119,0.5807948,0.6228693,0.73361707,0.83807784,0.79745424,0.8748326,0.9309318,0.9720391,0.7684373,0.8109954,0.75634694,0.6886409,0.545491,0.5512943,0.21421492,0.3646191,0.35978296,0.3152904,0.48020297,0.36026657,0.34720895,0.29691306,0.30706894,0.25435495,0.31432316,0.1905178,0.10395078,0.050753165,-0.20024285,-0.03436302,0.08363896,-0.10738883,-0.099651,-0.21716936,-0.17461127,-0.1755785,-0.1755785,-0.09771654,-0.24908793,-0.26601446,-0.3835328,-0.4715507,-0.5958397,-0.78058046,-0.6364633,-0.6877265,-0.5924544,-0.79508895,-0.7394733,-0.6137335,-0.68434113,-0.84780294,-0.19347225,0.34092197,0.4642437,0.68477196,0.4758505,0.6823539,0.4245873,0.34092197,0.492777,0.37670946,0.42362007,0.5000312,0.6954115,0.6697799,0.7142725,0.9541454,0.944473,0.8970788,0.7152397,0.27998653,0.27321592,0.8540371,1.0015396,1.1147054,1.0034741,1.0682784,0.9159398,0.5566141,0.60013944,0.51647407,0.50051475,0.57354057,0.73458433,0.8143807,0.8462993,0.85161906,0.7041165,0.74667466,0.4308743,0.5585485,0.6823539,0.7137888,0.54065484,0.53291696,0.65575504,0.34624174,0.7181414,0.6992804,0.393636,-0.007280597,-0.1494633,-0.7254484,-0.6587096,-0.38595086,-0.4154514,-0.28632626,-0.37772945,-0.37434414,1.0798852,0.7636012,0.81051177,0.79019994,0.8496846,0.7210431,0.72684646,0.8932099,1.193051,1.1577471,1.3250778,1.6520013,1.5930003,1.8788166,1.9532934,1.9088007,1.0557045,1.201756,1.1746736,1.4430798,1.3961692,1.17419,1.1122873,1.0300729,0.9773588,0.9265793,1.1698375,1.4875723,1.484187,1.5214254,1.05377,1.0982624,1.0885901,0.96575207,1.1122873,1.2302893,0.97010463,0.836627,0.9362516,0.75973225,0.73651874,1.075049,0.9744572,0.80180675,0.9938018,0.97929335,0.7810113,0.746191,1.0063758,0.8840212,0.5570977,0.61222976,0.72974813,0.8448484,1.1814443,1.1886984,1.1413041,1.5078841,1.4155138,1.8855872,1.636042,2.5283113,2.21106,2.2158961,2.3513083,2.3029468,2.2898893,2.2294374,2.277799,2.10805,1.8763986,1.9557115,1.6558702,1.0382943,0.975908,0.82937276,0.96768653,1.2399616,0.8932099,0.96962106,0.72007585,0.5827293,0.7848802,0.8230858,0.77327347,0.5774095,0.32399547,0.4105625,0.51260513,0.5933688,0.6102953,0.44248107,0.34672534,0.41684946,0.2587075,0.24758434,0.024154358,0.00480977,0.13345127,0.06719606,0.13732019,0.24129735,0.19873926,0.28917518,0.22388722,0.31625763,0.26306003,0.15521394,0.19148503,0.19777203,0.2393629,0.14505804,0.48648998,0.69444424,0.7118544,0.7790768,1.2172318,1.1862804,1.0329745,0.9899328,0.9362516,0.8134135,0.5861146,1.680051,1.6365256,1.5006299,1.3468405,1.1611325,0.3946032,0.052687623,-0.059027366,-0.62340575,-0.5760115,-0.49960035,-0.3965904,-0.6616113,-0.78493303,-0.8763362,-0.97112465,-1.0663967,-0.81008095,-0.8806887,-0.61083174,-0.63501245,-0.71335804,-0.5793968,-0.80379397,-0.8748854,-0.6722508,-0.62098765,-0.57165897,-0.69788235,-0.6103481,-0.54360926,-0.45849308,-0.52813363,-0.45800948,-0.601643,-0.369508,-0.37579498,-0.3467781,-0.21233322,0.061876304,0.1939031,0.2558058,0.23259228,0.29884747,0.10588524,-0.09820015,-0.03146133,0.041080873,-0.025657956,-0.14365993,-0.099167384,0.045433402,0.028990503,0.08460619,0.17552575,0.22195275,0.20986238,0.51212156,0.95462894,1.0431305,0.78874916,0.99428535,0.7703718,0.78971636,0.49567863,0.40717718,0.4332924,0.16150092,1.2902576,0.8472665,0.8013231,0.665911,0.6523698,0.7544125,0.9667193,0.8757998,0.89514434,0.8337253,0.9178743,0.7471582,0.6775178,0.60642636,0.89514434,0.85258627,0.87773424,0.9763917,1.0615078,1.0653768,1.1137382,1.0271713,1.1737064,1.1156726,0.8013231,0.8608077,1.0121791,1.0605407,1.112771,1.0528028,1.0687621,0.9004641,1.0068593,1.0789179,1.1103529,1.1853131,0.95076,1.047483,1.1055168,1.2152972,1.3105694,1.230773,1.201756,1.3047659,1.2099775,1.2539865,1.146624,1.0426468,0.91062003,0.93383354,0.7640848,0.39218512,0.32109377,-0.23651394,0.18471444,0.32641354,0.056072924,-0.6901446,-0.78493303,-0.68821007,-0.8386142,-0.69449705,-0.97112465,-1.2588754,-1.1258814,-0.80572844,-0.6601604,-0.5247483,-0.5199122,-0.8980988,-0.7196451,-0.5682736,-0.42028755,-0.8990661,-0.7917036,-0.85795885,-0.54264206,-0.54360926,-0.7181942,-0.97112465,-0.93388635,-0.989502,-0.73995686,-0.49234614,-0.5586013,-0.23022696,0.28482267,0.5774095,0.68815726,0.57499146,0.82356936,0.7253956,0.69250983,0.47488323,0.045433402,0.16875514,-0.031944945,0.33124968,0.32738075,-0.59197074,-3.42692,-2.9491086,-3.9192398,-3.2426627,-2.7822614,-3.284737,-3.1710877,-3.0405118,-2.8373938,-2.718908,-2.6187997,-2.6187997,-2.5568972,2018-04-17
VRSN_EXLS,0.6386678,0.6140357,0.5191948,0.36166736,0.46683314,0.42848378,0.38010454,0.35532495,0.30694577,0.37597463,0.24278434,0.45532832,0.5007576,0.36800975,0.4202239,0.4209614,0.33408535,0.23747443,0.23157454,0.3354128,0.18378532,0.14617342,0.04145013,-0.081710346,-0.060618192,-0.0660756,-0.029201206,0.088796854,0.07301462,0.13761856,0.19234017,0.20708993,0.2579766,0.26549897,0.3177131,0.36874726,0.45547584,0.35974988,0.2570916,0.13024367,0.097794205,-0.015336434,-0.17094637,-0.09557512,0.02581539,0.057232376,0.11505142,0.15664576,0.00059330516,0.058559857,-0.12625462,-0.14277434,-0.21386817,-0.15560661,-0.063568145,-0.08510279,-0.091740176,-0.17020889,-0.08156284,-0.115634784,-0.039821032,0.22788708,0.6391103,0.6846871,0.9344005,0.75445336,0.63807786,0.2879186,0.40385166,0.37066472,0.39868927,0.59913844,0.65931743,0.69353694,0.6587275,0.6516476,0.68807954,0.751946,0.63734037,0.77952796,0.69029194,0.40385166,0.42450133,0.39116687,0.62008315,0.70415676,0.55828166,0.7026818,0.69088197,0.3479501,0.31830308,0.4998726,0.4697831,0.24116187,0.3163856,0.43703863,0.23821191,0.3306929,0.25369915,0.39278936,0.32656294,0.48409036,0.38688943,0.24352182,0.17257549,-0.012238984,-0.23289536,0.008705672,0.24337433,0.7277564,0.97319233,0.86920655,0.9472327,0.75814086,0.71108913,0.749586,0.565509,0.44323355,0.44057858,0.4995776,0.31918806,0.2585666,0.38644695,0.50739497,0.4809929,0.6048909,0.9392679,1.0683283,1.1329323,0.9323355,0.04897251,0.23319699,0.029060338,-0.0846603,0.30915824,0.15310581,0.18334281,0.19824007,0.19883007,0.4935302,0.54662937,0.48527032,0.67672217,0.55577415,0.7945728,1.0075593,1.4940063,1.5652478,1.2749724,0.9933995,0.94236535,0.8605042,1.1109551,0.8815964,1.5729175,1.5622977,1.6149545,1.6537462,1.633244,1.5969596,1.2624352,0.98248464,0.87938386,0.6858671,0.7149241,0.7548959,0.82303977,1.0078543,1.0283564,1.0065268,1.0523986,1.0403037,0.9867621,1.0495961,0.96714497,0.42538634,0.4082766,0.69471693,0.43231872,0.3423452,0.3659448,0.33334783,-0.052358326,-0.28038958,-0.37965545,-0.42862466,-0.45797667,-0.42980465,-0.2554625,-0.3227214,-0.0840703,0.21785724,-0.34263358,-0.49160612,-0.68335295,-0.5857096,-0.49588355,-0.5560626,-1.0287923,-0.84147036,-0.6904329,-0.6090142,-0.17286384,-0.09395265,0.21298982,0.2873286,0.2650565,0.48527032,-0.6497236,-0.29425436,-0.20310085,0.14410844,0.04425259,0.3168281,-0.01253398,0.28437865,0.630408,-0.00014418278,0.053397436,-0.041591004,0.23614694,0.2579766,0.17169051,0.34588513,0.31712312,0.20915489,0.0031007638,0.0060507157,0.092631795,0.01681804,0.083339445,-0.20295335,-0.6433811,-0.55916,-0.6277464,-0.66771823,-0.50576586,-0.4921961,-0.6597534,-0.33540618,-0.2591499,-0.2651973,-0.46918648,-0.34853345,-0.5032584,-0.7012002,-0.52730054,-0.55045766,-0.4066475,-0.22507799,-0.45664918,-0.16563646,-0.3584158,-0.42405224,-0.012828975,-0.024481284,0.26844892,0.3787771,0.030977804,-0.2802421,-0.42921466,-0.4016326,-0.21372066,-0.23909026,-0.42818218,-0.3476485,-0.35974327,-0.25251254,-0.38231042,-0.45443675,-0.6989877,-0.680403,-0.9399988,-1.0199424,-1.0236299,-1.1491504,-1.0820389,-1.1342531,-1.1512153,-1.3367672,-1.3408971,-1.2969428,-1.378804,-1.2672958,-1.0625693,-1.2453187,-1.1245183,-1.0127151,-1.0214175,-0.8792298,-1.0981162,-0.95106107,-1.0389696,-1.0292349,-1.3624319,-1.0681741,-0.81403583,-0.95297855,-1.0990012,-1.0997386,-1.2667059,-1.4990145,-1.4695151,-1.6165701,-1.6388422,-1.6931213,-1.8918006,-1.78044,-1.5987228,-1.5245317,-1.4838223,-1.3431096,-1.1885321,-1.0602093,-0.8624151,-1.0379372,-1.0913314,-0.42242977,-0.29528686,-0.92642903,-1.2149342,-0.8957495,-1.1047535,-1.0214175,-0.835423,-0.60975164,-0.60399926,-0.5247931,-0.6292213,-0.9224466,-1.7945997,-1.767755,-2.1608362,-1.6715868,-1.9477022,-2.051393,-2.1941707,-2.2068553,-2.2003655,-2.3801649,-2.514978,-2.5388722,-2.5558345,-2.0643728,-2.5394623,-2.5552447,-2.6185212,-2.6266336,-2.3359158,-2.1214545,-1.9507996,-1.7384031,-1.6065403,-1.8907682,-1.8106769,-1.7260133,-1.7639201,-1.503292,-1.6768967,-1.5678959,-1.5255642,-1.6150951,-1.6187826,-1.5668634,-1.5944455,-1.6251249,-1.7065436,-1.7801449,-1.8516812,-1.827934,-1.8503537,-1.8528613,-1.6712917,-1.6925313,-1.6553619,-1.6108177,-1.3410447,-0.5227281,-0.69087535,-0.9109418,-0.65768844,0.13275114,0.7790855,0.79958767,0.7594684,0.19425765,0.24263684,0.26697394,0.4947102,0.42494383,0.70297676,0.52863467,0.23201701,-0.23304285,-0.30649668,-0.26490232,-0.2054608,-0.4882137,-0.42759216,-0.5627,-0.6894004,-0.5702223,-0.7606417,-0.99309784,-0.9143342,-1.0708292,-1.042067,-0.9725957,-0.9209716,-0.8423554,-1.1271732,-1.0261374,-1.4230533,-1.5515237,-1.650642,-1.6553619,-1.9249874,-1.896963,-1.7985822,-1.8521237,-1.9043379,-1.9633368,-1.9193826,-1.9028629,-2.119242,-2.1005096,-1.866431,-1.7901747,-1.6015253,-1.379394,-1.1500353,-1.4590427,-1.1698,-1.0364622,-1.1711274,-0.99811286,-0.88778466,-0.774949,-0.6693407,-0.47287396,-0.45871416,-0.37360805,-0.23850027,-0.27375218,-0.26504984,-0.27979958,-0.12064971,0.2929335,0.27257887,0.44736347,0.21121986,0.25414166,-0.030823682,0.08496191,0.0036907543,-0.09882007,-0.16003156,-0.2486776,-0.30841413,-0.30251426,-0.46756405,-0.48777118,-0.25649497,-0.41593987,0.40119672,0.016523045,0.088354364,0.21505478,0.38482448,0.28290367,0.45901576,0.5177198,0.59722096,0.7618283,0.80622506,0.9271731,0.97791225,0.60828334,0.6447152,0.6714123,0.7047467,0.67952466,0.6526801,0.61211824,0.5110824,0.5245047,0.42361635,0.35783246,0.81183,0.7389662,0.9283531,0.80578256,0.82466227,0.7298213,0.721119,0.7147766,0.8892662,0.94988775,0.8745164,0.8472294,0.7987027,0.77923304,0.5709664,0.58630615,0.4513459,0.37331966,0.5305521,0.6245081,0.5631491,0.39441183,0.29544097,0.09985917,-0.17714126,-0.25266004,0.02448791,0.0032482615,-0.037018575,-0.018876377,-0.04011603,-0.12300967,0.02581539,-0.07640043,-0.20723078,-0.47715133,-0.3842279,-0.33245623,-0.38644034,-0.38806283,-0.5424928,-0.39956766,-0.4324596,-0.44765186,-0.43319708,-0.41328493,-0.3222789,-0.39219275,-0.4562067,-0.36785564,-0.3724281,-0.29425436,-0.2651973,-0.254135,-0.45001182,-0.5155007,-0.7286347,-0.70429766,-1.046197,-1.0801215,-1.139268,-1.0535719,-0.9945729,-0.83158803,-0.6684557,-0.6445611,-0.590577,-0.4514868,-0.43924448,-0.35045093,-0.21844058,-0.30000675,-0.14070937,0.073604606,-0.0964601,0.029060338,0.053397436,0.2508967,0.115641415,0.29603094,0.1346686,-0.13185953,-0.31446153,-0.7982536,-0.56328994,-0.42582223,-0.37862298,-0.3718381,-0.44809437,-0.019761361,-0.2598874,-0.3582683,-0.49234363,-0.10516246,-0.1452818,-0.2668198,-0.18938358,-0.07448296,0.17626294,0.382907,0.36210984,0.30207837,0.3671248,0.21815224,0.33202034,0.4082766,0.38246453,0.3160906,0.46078575,0.50592,0.5293721,0.5087224,0.27862626,0.31786057,0.4441185,0.5835037,0.7445711,0.77171063,0.64574766,0.628048,0.22891957,0.012393111,0.140716,0.15782574,0.20708993,0.24794675,0.0147530725,0.27095637,0.3295129,0.38659447,0.51521236,0.45532832,0.15000835,0.064607255,-0.077875406,-0.11814225,-0.11238985,-0.08834773,0.010918136,-0.18186119,-0.15221417,-0.18348366,0.012983101,-0.16062154,-0.4911636,-0.46712154,-0.28805944,-0.6904329,-0.31490403,-0.39720768,-0.5122558,-0.3845229,-0.43039462,-0.315494,-0.19720094,-0.05958571,0.10015418,0.24145685,0.2090074,0.34529516,0.4764205,0.74943846,0.74707854,0.80401266,1.1341122,1.1928163,0.9491502,0.72760886,0.7079917,0.870534,0.5488418,0.6040059,0.5010526,0.45518082,0.44102105,0.7923603,0.7593208,0.6237706,0.72259396,0.58984613,0.626278,0.6529751,0.69663435,0.4093091,0.49028525,0.52155477,0.6663974,0.88012135,0.8882337,0.17936037,0.34175518,0.2560591,0.41978142,0.53748447,0.45577082,0.23127952,0.07714455,0.31033823,0.02581539,-0.02035135,0.1967651,0.042482615,0.052954946,0.32700545,0.5911736,0.53468204,0.59073114,0.17906538,0.16770807,0.85121185,0.719054,0.5333545,0.22921456,0.63675034,0.5250947,0.43615365,0.8886762,1.0885354,0.90209854,1.1948812,1.3261541,1.821746,1.2572727,1.0119842,0.8134524,0.9531326,1.0438437,1.5965172,2.0186553,2.242999,2.0344374,2.1503706,2.0894542,2.0146728,2.1117263,2.1506655,2.013198,1.9533138,2.4971375,2.7636654,2.9074757,2.9046733,3.0276864,2.9231105,2.9884517,2.9521673,2.9195704,2.7568805,2.5517113,2.7301836,2.5217695,2.417046,2.440646,2.593011,2.7500958,2.8723714,3.063823,3.1132348,2.938745,2.9869769,2.9598372,2.9835844,2018-04-17
INTU_FIS,0.78030264,0.73301893,0.7056812,0.93775845,0.8444817,0.89540255,0.72996837,0.6559337,0.59961563,0.6982895,0.75695413,0.855276,0.8806191,0.9191031,0.77607876,0.73677343,0.81444544,0.8261783,0.9599336,1.2814156,1.2696828,1.2611177,1.2856395,1.3187264,1.5868237,1.5986738,1.65288,1.6440803,1.5774373,1.5001173,1.5516249,1.7211655,1.2186445,1.2222817,1.1157469,1.1568121,1.1876696,1.1570467,1.0435894,1.0481652,1.0277499,1.028454,1.1234906,1.0367843,0.97987956,1.0710444,1.0638874,1.0297445,1.056261,1.206325,1.4362903,1.3058201,1.1497723,1.1800432,1.1969386,1.2541953,1.3819668,1.3162625,1.2656935,1.3024176,1.301831,1.6650822,1.5901089,1.5024639,1.5186553,1.3427789,0.8541027,0.94069165,0.8502308,0.9505473,0.9903219,0.9092474,1.034203,0.836738,0.883083,-0.22039828,-0.085469685,-0.025749117,-0.2649834,-0.30065146,-0.26733,-0.52944344,-1.6567426,-1.5570127,-1.9235492,-2.347577,-2.1430721,-2.184372,-1.9974664,-1.7907324,-1.747438,-1.7856873,-1.671526,-1.8332057,-1.6741072,-1.6453615,-1.710714,-1.6432496,-1.8459946,-1.8059852,-2.0930898,-1.9020779,-2.0323133,-1.7583497,-1.8806065,-1.6627263,-1.6454788,-1.3610729,-1.4229054,-1.3234102,-1.4107032,-1.491543,-1.4813354,-1.5611192,-1.6470042,-1.729252,-1.5258031,-1.5301442,-1.5449278,-1.5588899,-1.4187989,-1.3927518,-1.3922824,-1.3751523,-1.243157,-1.0739683,-1.084176,-1.1334542,-1.026802,-1.3872373,-1.4035461,-1.4749995,-1.5796572,0.22122887,0.1381598,-0.10717559,-0.25008258,-0.17170666,-0.048980307,-0.10435969,-0.102130435,-0.033727504,-0.07150751,-0.14436895,-0.22344884,-0.12782554,0.45236742,0.37891936,0.39030027,0.44990352,0.4479089,0.6568723,0.6721251,0.32048938,0.15212196,0.2137198,0.53625786,0.57040066,0.42467773,0.45447934,0.6893725,0.67529297,0.76293784,0.8016565,1.094041,1.1076511,0.9927859,1.0265766,0.8504655,0.8196079,0.911242,0.92062837,0.91933775,0.79977924,0.70028406,0.7984886,1.0575515,0.8828484,0.94608873,0.88261366,0.7689217,0.5894079,0.64725125,0.69594294,0.57767504,0.8639583,0.82946354,0.73700815,0.64502203,0.512792,0.5468175,0.806819,0.8939946,0.8048244,0.78405714,0.9532458,0.94937396,0.7138943,1.1105844,0.64983255,0.768335,1.0870012,1.215242,1.0914596,1.2502061,1.1115229,1.0859452,1.1490684,1.2495022,1.3755137,1.3434829,0.96990657,1.3134466,1.2150073,1.2062076,1.0220008,1.0904038,1.2608831,1.4247919,1.278717,0.81221616,0.7822972,0.7245712,0.73524815,0.7781907,0.7794813,1.0132011,0.9706106,1.0454667,0.90889543,0.98539406,1.0412427,1.0007643,1.016721,1.0839506,0.8235971,0.98504215,1.0454667,0.97190124,0.9078395,0.9142926,0.80306447,0.8285249,0.8464763,0.8212505,0.83509535,0.75554615,0.6737677,0.46222305,0.5421243,0.54564416,0.4563566,0.5715739,0.44697028,0.35252026,0.27297106,0.14602084,-0.7622246,-0.8833083,-0.6959336,-0.79472476,-0.8180733,-1.1152681,-1.0828853,-0.76562715,-0.89422,-0.80000454,-0.84505904,-0.8340301,-1.0218742,-0.91475254,-0.6491192,-0.62025625,-0.83121413,-0.69640285,-0.6546337,-0.7653925,-0.7937861,-0.8205372,-0.81889457,-0.8001219,-0.79906595,-0.89797443,-0.8404832,-0.8028205,-0.7107171,-0.7635152,-0.72878575,-0.7351215,-0.66800916,-0.46432573,-0.48298106,-0.6141551,-0.4891995,-0.24773599,0.08336705,-0.24832265,-0.15868312,-0.14436895,-0.27436972,-0.20291623,-0.06951291,-0.06270782,-0.14483827,-0.123015046,-0.23060593,-0.31707758,-0.21406251,-0.30335003,-0.34101272,-0.44919026,-0.616267,-0.7617553,-0.69417363,-0.68889385,-1.3142585,-1.4244306,-1.3955678,-1.3479321,-1.3078054,-1.3365511,-1.2033824,-1.2079582,-1.2320108,-1.2084275,-1.2605218,-1.2018572,-1.2988884,-1.3270473,-1.1970466,-1.053553,-1.074203,-1.1156201,-1.0948529,-1.1688876,-1.1362702,-1.4822739,-1.4742956,-1.4209108,-1.3439428,-1.3282207,-1.2558286,-1.2179312,-1.4069486,-1.4803967,-1.3420656,-1.2981844,-1.1179668,-1.214998,-1.2635723,-1.0306737,-0.9646175,-0.7371161,-0.901377,-1.0354843,-0.94326353,-1.0244554,-1.0333724,-1.0952048,-1.1419019,-1.0326685,-1.0533183,-1.0109625,-1.0825334,-0.96966267,-1.0987247,-1.3549718,-1.3823094,-1.2589965,-1.2059637,-1.283401,-1.1951694,-1.2080755,-1.0825334,-1.0797174,-1.0370096,-0.863245,-0.74568117,-0.788741,-0.8684075,-0.84376836,-0.68830717,-0.6474766,-0.4934233,-1.2316588,-1.005448,-1.0585982,-1.1844923,-1.1059992,-1.0747896,-1.0194103,-1.0644646,-0.6768089,-0.6037128,-0.41340485,-0.49049014,-0.31297103,-0.31789887,-0.4340548,-0.3718703,-0.71259433,-0.63539165,-0.65944415,-0.65369505,-0.58998525,-0.33338633,-0.2015083,-0.0726808,-0.1593871,0.052744124,0.27261907,0.10777153,-0.04370049,0.24187882,0.059549227,-0.21511847,-0.12512697,0.08160711,0.033032816,-0.09145347,-0.00052333775,-0.044052474,-0.17851175,-0.32118407,-0.4674936,-0.22790736,-0.48192507,-0.70966107,-0.59151053,-0.58845997,-0.45798996,-0.4249031,-0.34113005,-0.19787109,-0.25688767,-0.63809025,-0.825465,-0.7428652,-0.74251324,-0.7978927,-0.6027742,-0.43100423,-0.5419976,-0.5789563,-0.54223233,-0.5014017,-0.5178278,-0.5133693,-0.52052635,-0.5639382,-0.19974834,-0.8132628,-1.0492119,-0.82863295,-0.81948125,-0.6892458,-0.8596078,-0.8884708,-0.8841296,-0.90630484,-1.0867572,-0.9978216,-0.32306135,-0.32423463,-0.2976009,-0.54997605,-0.3281065,-0.32012814,-0.3088645,-0.37679812,-0.26932457,-0.31543493,-0.3453539,-0.4433238,-0.4638564,-0.49424464,-0.4144608,-0.4381613,-0.3349116,-0.40413582,-0.36729446,-0.47805318,-0.5703913,-0.7710243,-0.79918325,-0.7589393,-1.0189409,-0.8892921,-0.8332088,-0.786629,-0.80258584,-0.6410235,-0.6224855,-0.73793745,-0.6404369,-0.8240571,-0.7445079,-0.7547155,-0.6983975,-0.72151136,-0.9865581,-1.1698263,-1.2828143,-1.3550891,-1.7300733,-0.66050017,-0.72749513,-0.7369988,-0.46033654,-0.43792665,-0.5078548,-0.39193362,-0.44590506,-0.3441806,-0.39040834,-0.41938865,-0.36025473,-0.29537165,-0.3851285,-0.4417985,-0.45552602,-0.5085588,-0.47500265,-0.17393592,0.75284755,0.52945274,0.5678194,0.7346616,0.6843273,0.5807256,0.76986027,0.7757268,0.7191741,0.6982895,1.0361977,0.8907094,0.77185494,0.6251934,0.60290086,0.5221783,0.63293713,0.8004832,0.71776617,0.759066,0.7574234,0.80740565,0.5681714,0.14907141,0.0051084645,-0.015424147,-0.16760014,-0.3052273,-0.4053091,-0.3534496,-0.51114005,-0.6190829,-0.6682439,-0.7001574,-0.9532365,-0.9662601,-0.95370585,-0.9327039,-0.76093394,-0.7305457,-0.8264037,-0.6924137,-0.540355,-0.70531994,-0.80939096,-0.9043103,-0.8048151,-0.910998,-0.8864762,-0.6478286,-0.66965187,-0.73394823,-0.675049,-0.47969586,-0.64090616,-0.46937084,-0.45810726,-0.66143876,-0.77067226,-0.7846345,-0.87568194,-0.8802577,-0.77254957,-1.0216395,-1.02469,-0.8139668,-0.8411871,-0.86019444,-0.72679114,-0.6676572,-0.49882048,-0.51219606,-0.6112219,-0.6392636,-0.5290915,-0.62530136,-0.64513004,-0.4961219,-0.48955145,-0.4645604,-0.5854094,-0.25301582,-0.30041683,-0.3385488,-0.19904438,-0.33385563,-0.29408103,-0.41129294,-0.71388495,-0.74239594,-0.7774774,-0.77736,-0.74744105,-0.7475585,-0.5720339,-0.6860779,-0.71470624,-0.7775947,-0.52228636,-0.6172057,-0.7716109,-0.5165372,-0.57332456,-0.54528284,-0.4159861,-0.5783697,-0.33983943,-0.29807022,-0.16760014,-0.06317713,-0.18121032,0.44251177,0.40883827,0.45025548,0.65652025,0.55479586,1.0770282,0.8880108,0.64994985,0.70298266,0.864545,0.7838225,0.60665536,0.8810884,1.2144208,1.3731672,0.73712546,0.7481544,0.9043196,1.0305659,0.9954844,0.81597066,0.8305195,0.85856116,0.6670799,0.3457152,0.51725054,0.3274118,0.29409033,0.3755168,0.69371367,0.7609433,0.8027125,0.9477314,1.0315045,0.93728906,0.8625504,0.82394904,0.91851646,1.0082734,1.0103852,0.93646777,0.88320035,1.070927,1.008508,1.1908375,1.3215423,1.284349,1.3377337,0.9338866,0.77291083,0.9795276,0.81550133,0.95700043,0.9826955,1.1744114,1.1342849,1.1224346,0.72726977,0.5661768,0.5841282,0.4838117,0.4071957,0.4008599,0.19389117,0.20339483,0.2788375,0.949726,0.7826492,0.62648404,0.6538217,0.89458126,0.6856179,1.2382386,1.741581,1.7582415,2.0751479,2.0811315,1.7625828,1.3619035,1.44157,1.4788808,1.3355044,1.297255,1.6194412,1.2258016,1.3225982,1.4875631,1.4341782,1.784054,1.7080247,1.9152281,1.8897678,1.9411579,1.9077191,1.7007502,1.7996589,1.6976997,2.1151571,2.091574,2.3580287,2.5137243,2.118677,2.1954103,2.1225488,2.1298232,2.2198148,1.7853446,1.7041528,1.8467078,1.8990366,2.0307975,2.1940022,2.0979097,2.261701,2.8491688,2018-04-17
IT_INTU,-1.1304477,-1.1113087,-1.0936306,-1.04907,-0.90735304,-0.87637985,-0.92868364,-0.8218845,-0.73568547,-0.85826343,-0.9916528,-1.0910008,-0.7313025,-0.58885497,-0.5533526,-0.5118602,-0.63619137,-0.5409341,-0.66351205,-0.94577736,-0.81384903,-0.64495736,-0.66424257,-0.6976995,-0.96696186,-0.98142576,-0.93803406,-0.93204397,-0.87535715,-0.94197875,-0.97192925,-1.0765369,-0.8420463,-0.8151639,-0.73963016,-0.65649927,-0.63867503,-0.6331233,-0.66745675,-0.67695326,-0.5137595,-0.5716151,-0.60843235,-0.60434157,-0.7346628,-0.6747618,-0.6908328,-0.62128913,-0.68542707,-0.86089325,-0.9809875,-0.98566264,-0.9329206,-0.9974968,-0.9318978,-0.97894204,-0.94387805,-0.9386184,-0.90633035,-1.0303693,-0.98843855,-1.0848646,-1.1057569,-1.08691,-1.0772674,-0.9020934,-0.8364945,-0.68864125,-0.60755575,-0.5792123,-0.28262925,-0.372773,-0.48264018,-0.28686616,-0.36532187,-0.32908908,-0.32894295,-0.30863506,-0.2027125,-0.25048724,-0.3983405,-0.38899004,0.34370163,0.2667069,0.5374303,0.5790688,0.5348005,0.623191,0.4721236,0.29169002,0.39512885,0.43954328,0.32543913,0.45210788,0.36780813,0.26685303,0.33683494,0.30863762,0.48205838,0.5651893,0.8210105,0.76709956,0.792521,0.70091623,0.6372166,0.37993446,0.41762826,0.2453763,0.11593168,0.00036654423,-0.1302469,-0.056904674,-0.1588825,-0.1547917,-0.1911706,-0.24245173,-0.1265944,-0.03951877,0.09065637,-0.024324361,0.033385154,-0.10774749,-0.010590958,-0.028999563,-0.13097739,-0.1263022,-0.1558144,-0.081595585,-0.121042594,0.072247766,0.30644614,0.26173952,0.17700149,0.16969648,0.115201175,-0.38124678,-0.4182101,-0.35626367,-0.31754717,-0.4306286,-0.40330788,-0.47460467,-0.37584108,-0.31944647,-0.08203388,-0.204904,-0.48337072,-0.08963108,0.110964276,0.2932971,0.36342514,0.42303395,0.37832734,0.34837684,0.37730464,0.27766442,0.16940428,0.27678782,0.10015287,0.1907349,-0.023739962,0.030463153,0.08042937,0.15757018,0.19993919,0.15917729,0.008109847,0.16560568,0.23938622,0.31915683,0.31944904,0.32017952,0.32982212,0.34165624,0.13667788,0.14325239,0.024034752,-0.166918,-0.14062,-0.20870261,-0.1414966,-0.26261353,-0.27941504,0.040690158,-0.10058859,-0.43749526,-0.5011949,-0.41105115,-0.38110068,-0.20797211,-0.25866884,-0.11797449,-0.013805159,-0.007376758,-0.14164269,-0.27079514,-0.68367386,-0.45342016,-0.7863822,-0.59411454,-0.57658255,-0.85534143,-1.0893936,-0.9346737,-0.99019176,-0.98069525,-0.89595723,-0.97587395,-0.97090656,-1.248935,-1.1123314,-0.7914957,-0.9066225,-0.8511045,-0.8354718,-0.7286727,-0.6486099,-0.7035435,-0.86381525,-0.94270927,-0.97470516,-0.98843855,-0.90136296,-0.93160564,-0.90516156,-0.8424846,-0.85125065,-0.73290956,-0.70310515,-0.74927276,-0.7806843,-0.679437,-0.5821343,-0.57366055,-0.48731542,-0.3626921,-0.40871355,-0.49257502,-0.63852894,-0.6185132,-0.67198586,-0.71537757,-0.68352777,-0.6281558,-0.734955,-0.5409341,-0.5605115,-0.5501384,-0.49052963,-0.540788,-0.55072284,-0.59762096,-0.67870647,-0.6602979,-0.60273445,-0.57687473,-0.5156588,-0.62713313,-0.43413496,0.63034993,0.9073556,0.6373627,0.8467241,0.77966416,0.9102776,0.8544674,0.79018337,0.7839011,0.8265623,0.98113614,1.0018823,0.8262701,0.95892894,1.1846535,1.111019,1.0736175,1.067043,1.0053887,1.0813607,1.0931948,1.0366541,0.9893177,1.016054,0.9294167,0.92415714,0.98683405,0.9843503,0.9470948,0.8644022,0.73831785,0.69697154,0.5248657,0.6150094,0.6183697,0.36678544,-0.08334878,-0.024032164,-0.10219569,0.05091716,0.024765251,-0.08013458,-0.058511775,-0.1768528,-0.1530385,-0.13799019,-0.116805695,-0.1287859,-0.12542559,-0.08451758,-0.21615371,-0.1604896,0.006648846,0.058952663,0.13317148,0.074439265,0.26086292,0.2386557,0.2091435,0.49213928,0.48001298,0.45941287,0.4605817,-0.1371136,-0.32295287,-0.46992952,-0.47694227,-0.5026559,-0.5279312,-0.60945505,-0.7095336,-0.87448055,-1.0090387,-0.98712367,-0.97470516,-0.98712367,-1.1040037,-0.8969799,-0.80508304,-0.80800503,-0.7311564,-0.7317408,-0.89668775,-0.9993961,-0.8847075,-0.840147,-0.89084375,-0.97514343,-1.0566672,-0.91684955,-0.7752786,-0.965647,-0.85709465,-0.88879836,-0.9250311,-1.0039251,-1.0483396,-0.91232044,-0.90998286,-0.8943501,-1.0292004,-1.0211649,-1.1465188,-1.1522167,-1.0528686,-1.1516323,-1.0905625,-1.1202208,-1.095676,-1.0531609,-1.0803355,-0.92722267,-0.94095606,-1.0131295,-1.069524,-0.9936982,-1.1034193,-1.181875,-1.1538237,-1.1627359,-1.3685908,-1.427177,-1.4397416,-1.5078242,-1.4287841,-1.3098587,-1.1970694,-0.003870357,-0.07253738,-0.034989666,0.32441643,0.6154477,0.6307882,0.55320907,0.73524976,0.67549485,0.8176502,0.8619185,0.4968145,0.6259669,0.57731557,0.56066024,0.54911834,0.5364076,0.60229874,0.6199768,0.37511316,0.25443453,0.2104584,0.36634713,0.49418467,0.6034675,0.56738085,0.43705958,0.44714049,0.33902645,0.38957706,0.42332616,0.48556477,0.36006483,0.49360028,0.42580986,0.34603924,0.29212832,0.27766442,0.30863762,0.28876802,0.10015287,0.36342514,-1.3348417,-0.71070236,-0.66132057,-0.36532187,-0.1916089,-0.11724399,0.1844526,-0.10204959,-0.038057767,-0.1495321,-0.1807975,-0.04492447,-0.09503678,-0.163996,0.012054547,-0.1384285,-0.24230562,-0.31287196,-0.32295287,-0.28248313,-0.26086032,-0.29928467,-0.32236847,-0.22214381,0.02359645,0.015268748,0.002411945,-0.057927374,0.16502129,0.22740601,0.13273318,0.16838159,0.07049456,-0.02213286,-0.44816056,-0.14909379,-0.31184927,-0.09255309,-0.1685251,-0.36488357,-0.37978578,-0.27181783,-0.1653109,-0.055735875,0.12922677,0.6011299,0.63677835,1.0258427,0.98698014,1.0197065,1.0416216,0.9089627,1.0981623,0.97426945,1.0109406,1.1611314,1.232136,1.0939254,1.3006569,1.159086,1.2848781,1.2594568,1.2943746,1.3450713,1.2346197,1.1786634,1.1612774,1.1621541,1.1132106,1.3304614,1.2201558,1.4829898,1.6705823,1.607467,1.6980491,1.64107,2.0054436,1.2191331,1.2667617,1.2720213,1.2441162,1.1395086,1.0356314,1.0633904,1.0753707,1.0836984,0.967841,0.92138124,1.0372385,1.0566698,1.0413293,0.8496461,1.0264271,1.1538264,1.0708416,0.8765285,0.52734935,0.7427009,0.70237726,0.6912736,0.80654657,0.8923073,0.8148743,0.785216,0.8253935,0.71406525,0.74664557,0.71216595,0.8569511,1.0403066,1.1536802,1.3047477,1.2967123,1.395622,1.3408345,1.3677169,1.3567593,1.4669188,1.5735718,1.7250775,1.970964,2.003252,2.0197613,2.1991723,2.3353374,2.2567356,2.3381133,2.4649282,2.4045887,2.4465196,2.412917,2.4709184,2.4584994,2.4548473,2.5761101,2.3573985,2.518693,2.43264,2.385742,2.5151863,2.3480484,2.419783,2.333292,2.299981,2.1686373,2.2273695,2.1570954,2.076594,1.5385078,1.1637611,0.8633795,0.71771777,0.66103095,0.6836764,0.9247415,1.3900702,1.3005109,1.0419137,0.93394583,1.0689422,1.0879352,0.92328054,0.89143074,0.77104425,0.93277705,0.8554901,0.8473085,0.7936898,0.99048656,1.184069,1.3983978,1.4597598,1.570942,1.565098,1.0446897,0.89727473,0.96009773,0.95206225,1.1250447,1.0128398,0.9796751,1.0392839,1.0952402,1.0224824,1.1903514,1.3567593,1.413154,1.4023426,1.094948,1.0547705,0.8614802,1.0400144,1.0601763,1.1376092,0.89625204,1.0105022,1.0427903,0.7213703,0.71245813,0.78463155,0.970763,0.95206225,0.5872504,0.67184234,0.6169087,0.49988258,0.5526247,0.7241461,0.7386101,-0.09518289,-0.46364722,-0.39994758,-0.5032403,-0.3857759,-0.55466753,-0.607994,-0.90808356,-0.74152946,-0.6801675,-0.5837414,-0.96067953,-1.1025426,-0.5257397,-0.68747246,-0.8173554,-0.60653305,-0.5196035,-0.4161647,-0.4329662,-0.5058701,-0.1590286,-0.11359149,-0.5540831,-0.39191204,-0.29475555,-0.43428105,-0.35524097,-0.30761236,-0.47080606,-0.39629504,-0.23792262,-0.27766183,-0.20373522,-0.23704602,-0.14354199,-0.25224042,-0.10672479,-0.106578685,-0.1485094,0.02271985,0.035868857,0.10935718,0.2342727,0.36751595,0.084081866,0.07896837,0.33318242,0.28453112,0.45444548,0.5944093,0.8584121,1.0721564,1.1557256,1.284586,1.5024211,1.470133,1.549027,1.2898456,1.2563887,1.2616482,1.461367,1.1136489,0.5762929,-0.30805066,-1.0104996,-1.0632417,-1.238854,-1.0294926,-0.9387646,-1.0782901,-1.8948432,-2.0754228,-2.533008,-2.7859075,-2.4745684,-2.2364252,-2.167758,-2.2726579,-2.3525743,-2.0922244,-2.0428426,-1.7550255,-1.4648708,-1.2718726,-1.690157,-1.8314358,-1.6585995,-1.6517328,-1.7830768,-1.8444387,-1.771681,-1.6264575,-1.7132409,-1.7830768,-2.1332784,-1.9765131,-2.0897408,-2.267106,-2.1924489,-2.274119,-2.2155328,-2.157239,-2.1975625,-1.982065,-1.999597,-2.176378,-2.183829,-2.3514056,-2.4733996,-2.5685103,-2.6043053,-2.9084852,2018-04-17
BIG_AMZN,0.4354733,0.4791343,0.17126827,0.2465555,0.36970192,0.4950874,0.5619783,0.47045806,0.6238314,0.757893,0.7965162,0.7682485,0.7329838,0.32827994,0.4049666,0.35150984,0.15979327,0.13992193,0.30756897,0.24935429,0.32576105,0.15979327,0.123409115,-0.15003191,0.065754205,0.3904129,0.37697875,0.29861286,0.16147254,0.29525432,0.3341574,0.5141191,0.5496636,0.5138392,0.53538984,0.4687788,0.4950874,0.4273568,0.46821904,0.4060861,0.4808136,0.54938376,0.38369584,0.39740986,0.010618196,0.12424875,0.1197707,0.17182805,0.18554206,0.440791,0.28489882,0.27986103,0.4402312,0.5367892,0.3394751,-0.09825443,-0.20404838,-0.4671339,-0.51023513,-0.45649853,-0.36749727,-0.40863937,-0.79599077,-0.88303286,-0.5452199,-0.58776134,-0.63002294,-0.586362,-0.6582907,-0.6462559,-0.56900954,-0.77360046,-0.8376926,-0.5141534,-0.72014374,-0.73553705,-0.75177,-0.6009157,-0.6364602,-0.54633945,-0.56844974,-0.7814371,-0.9314518,-0.89954567,-0.99498415,-0.97819144,-0.8001889,0.6898826,0.57093436,0.3635446,0.37306044,0.2415177,0.14104143,0.32184273,0.34927082,-0.08621966,-0.17745997,-0.25470635,-0.1990106,0.021533445,-0.10133308,-0.15031178,-0.05375379,0.18526219,0.2930153,0.47577578,0.80911076,0.803793,0.52503437,0.601721,0.5782112,0.6977192,0.76349056,0.6893229,0.877401,0.90035105,0.9957895,0.8533315,0.74249977,0.33723608,0.29973236,0.40664583,0.35486838,0.2876976,0.25747076,0.25019392,-0.053473912,0.05539871,0.03160906,0.39461106,0.24067807,-0.14387457,0.0002627029,0.16846949,0.069672495,0.17826524,0.19785671,-0.008693399,0.1133335,-0.27345818,-0.47804913,-1.2468746,-1.0976994,-0.77416027,-0.76044625,-0.8570042,-0.673684,-0.3297137,-0.074464776,-0.03080378,0.0092188055,-0.51191443,-0.5424211,-0.5057571,-1.0254909,-1.6599749,-1.6126754,-1.8530908,-1.930897,-1.9462903,-1.9485292,-2.0313733,-1.9409726,-1.9549665,-2.1550794,-2.0215776,-1.9135444,-1.772486,-1.6650126,-1.7853603,-1.8102694,-1.7198688,-1.8928335,-1.9661616,-1.8973114,-1.8933932,-2.0075836,-1.986033,-2.1172957,-2.213294,-1.7906779,-1.9961085,-2.1631958,-2.247439,-2.2765462,-2.2074165,-2.1777496,-2.1338086,-2.2938988,-2.0162597,-2.0285745,-2.133249,-1.650179,-1.519196,-1.4441887,-1.4329935,-1.7394602,-1.7321835,-1.7361017,-1.9026291,-1.8600878,-2.000027,-1.9955488,-1.7235072,-1.7246268,-1.6423426,-1.7358218,-1.7240669,-1.5757315,-1.324121,-1.3162844,-1.2043331,-1.1687887,-0.95776033,-0.9865878,-0.9113006,-0.6753633,-0.04563732,-0.24798927,-0.1782996,0.0019419722,-0.040319633,-0.2166429,-0.4005229,-0.40640035,-0.15311056,-0.15954776,-0.031083656,-0.14779288,-0.40975887,-0.34818566,-0.1318398,-0.10553126,-0.119525164,-0.13295932,-0.1693435,-0.15982763,-0.35210398,-0.33391187,-0.34202835,-0.31208137,-0.24631,-0.13295932,0.012017588,-0.14527397,0.007819415,-0.028564753,0.076949336,0.13516401,0.03468772,0.009778562,0.13824265,0.34759155,0.24319698,0.21744819,-0.19453253,-0.13379896,-0.19285327,-0.21328437,-0.3411887,-0.29556856,-0.060470868,-0.2964082,-0.6566114,-0.6957944,-0.82062,-0.6627687,-0.7100681,-1.2258837,-0.9832293,-0.8332146,-1.1934179,-0.9043036,-0.84384996,-0.6336614,0.8186266,1.0982249,1.1362883,1.0937469,1.2692304,1.0220981,1.2213712,1.3109323,1.2689506,1.2437614,0.96668214,0.7836418,0.8715236,0.7494967,0.7153515,0.774126,0.5421069,0.56029904,0.4483477,0.5213959,0.48753065,0.58464843,0.7385814,0.6630143,0.62830937,0.59612346,0.59304476,0.63810515,0.801554,1.1138982,1.1693139,1.0514853,0.8737626,0.89335406,1.1743517,1.1010237,1.1989809,1.1105396,1.3081335,1.4435946,1.4329592,1.2090566,1.1592383,1.244881,1.4284811,0.7777644,1.0920676,1.0962658,1.3271652,1.3394798,1.3201683,1.3979744,1.5807348,1.6828904,1.8099551,1.6297135,1.5300769,1.5278379,1.3103726,1.268111,1.7828069,1.7419447,1.187506,0.613196,0.75509423,0.48585135,0.32436165,0.33695617,0.44638857,0.29217568,0.3470318,0.28937688,0.16035303,0.21996708,-0.05179464,-0.018209258,0.040565163,-0.12848127,-0.18305752,-0.15003191,0.0092188055,-0.0792227,-0.3873686,-0.43522778,-0.20796669,-0.39016742,-0.15283068,-0.19145387,-0.1757807,-0.3607802,-0.49736074,-0.4052808,-0.34846553,-0.4954016,-0.58132416,-0.4811278,-0.75232977,-0.82957613,-0.91214025,-0.86120236,-0.81922066,-0.8402115,-0.8486079,-0.8480481,-1.091822,-1.1808233,-1.3087277,-1.0764287,-1.0599159,-1.169908,-0.9636378,-1.057397,-0.9020646,-0.7209834,-0.7461724,-0.2681405,0.17882499,0.67868745,0.97787726,0.74753755,0.74641806,0.80967045,0.8012741,0.79371744,1.1810688,1.0954262,1.0556835,0.9247004,0.9622041,0.725707,0.78280216,0.934776,0.9686413,1.4371574,1.5661813,1.8074362,1.6610599,1.5205611,1.6134806,1.5429513,1.7786088,1.8214301,1.8981168,1.9669667,1.7279507,0.797076,0.9009108,0.9504492,0.7718869,0.74473876,0.6806466,0.50432336,0.8071516,0.44275013,0.30756897,0.5479843,0.8426961,0.6484606,0.5611387,0.53930813,0.5020843,0.51467884,0.2751031,0.27678236,0.12900667,0.23312137,0.25019392,0.20065549,0.07079201,0.061276153,0.41476232,0.28489882,0.34395313,0.57093436,0.37977755,0.5253142,0.7080747,1.111939,1.1334896,0.7343833,0.8440955,0.74753755,0.70947415,0.84129673,0.99830836,0.9389742,0.64398265,0.8855175,1.0912279,0.66217464,0.790079,0.86312723,1.3198884,1.17827,0.7685284,0.76349056,0.6697314,0.6238314,0.20597318,0.024332227,0.2751031,0.38285622,0.39153245,0.0786286,-0.12456297,-0.004215348,0.04224443,-0.01960865,-0.034442198,0.0786286,0.17602621,0.12536827,-0.019328771,-0.25498623,-0.3386698,-0.50799614,-0.19593193,-0.2054478,-0.1936929,0.040845044,-0.21524352,-0.3605003,-0.20432827,-0.094895884,-0.05319403,0.20149513,0.18358292,0.21380976,0.12928656,0.59192526,0.64062405,0.29105613,-0.0008568099,0.1427207,0.15475546,-0.056552574,0.06267554,0.069672495,0.13964206,0.24599576,-0.071665995,-0.5096754,-0.6199473,-0.72742057,-0.6820803,-0.7442133,-0.50771624,-0.49176317,-0.6708852,-0.69103646,-0.4044412,-0.07838307,-0.05851172,-0.2989271,-0.11560687,-0.071386114,-0.16066727,-0.4606967,-0.18725571,-0.28297406,0.19617744,0.22164635,0.14719875,0.034127966,-0.17074288,-0.44138512,-0.39576498,-0.69887304,-0.7912328,-0.6848791,-0.6952346,-0.551937,-0.3672174,-0.5245089,-0.41787535,-0.28549296,-0.038920242,-0.35126433,-0.5852425,-0.7145462,-0.80522674,-0.7512103,-0.717345,-0.43690705,-0.48224735,-0.3439875,-0.49260283,-0.4632156,-0.46909305,-0.48196745,-0.666687,-0.20180938,-0.40472105,-0.05459342,0.06043652,-0.021567797,0.11893106,0.06155603,0.16846949,0.23368111,0.34619215,0.28042078,0.39293182,0.14412008,0.17910486,0.3215629,0.06015664,0.21101098,0.07499018,0.011457832,-0.057392206,0.2633482,0.18610182,0.1799445,0.089263976,-0.14835262,-0.28633258,-0.45789793,-0.487565,-0.43550766,-0.40332165,-0.47245157,-0.39996314,-0.3378302,-0.3090027,-0.24407096,-0.17913923,-0.0484361,0.12424875,-0.06858733,-0.10329223,-0.07110624,0.018454785,0.09626093,0.5471447,0.539588,0.934776,1.0500859,1.0380511,0.6526588,0.68148625,0.6904424,0.7545345,0.91910285,0.75005645,0.783362,0.71031374,0.57513255,0.41252327,0.38313606,0.4083251,0.4665398,0.60340023,0.725707,0.85892904,0.6714106,0.6151551,0.7455784,0.21548903,0.043923706,0.08282678,0.20205487,0.42567757,0.48109344,0.2560714,0.18946035,0.48613125,0.48277274,0.5860478,0.5499435,0.51076055,0.39237204,0.5964033,0.89223456,1.0562432,0.8054723,0.7646101,0.55162275,0.6515393,1.0693974,1.6456666,1.7119977,1.5443507,1.7979203,1.7478222,1.5202812,1.7282307,1.8617326,1.4718622,0.90398943,0.9792767,0.44330987,0.55190265,0.88243884,0.8189065,0.7889595,0.8362589,0.95856565,1.1354487,1.1057817,0.9596852,1.0982249,0.9792767,0.7080747,1.0982249,1.3459171,1.274828,1.0562432,0.9588456,1.0951463,0.9890724,1.1052219,1.3632694,1.4491922,1.9241455,2.1612022,1.9770424,1.8827236,1.906793,2.1052265,2.2835093,1.6870886,1.3719457,1.2812653,0.71059364,0.35766715,0.5446258,0.8026735,0.72486734,0.8494132,0.50572276,0.32212263,0.6604954,0.8583693,0.4100044,-0.017369624,-0.12736176,0.15391584,0.32967934,0.21772806,0.08170726,0.10577679,0.21744819,0.16091278,-0.13407883,-0.0072940085,-0.3926863,-0.5580943,-1.9272586,-2.2421212,-2.1872654,-2.4640648,-2.4024916,-2.2701092,-2.3014555,-2.2944586,-2.5799344,-2.810834,-2.8788443,-2.9040334,-2.9726036,-2.8617718,-2.6398284,-2.5172417,-2.539352,-2.33644,-2.4399953,-2.628353,-2.6532624,-2.9065523,-2.8740864,-2.8981557,-2.9524522,-2.8015978,-2.760176,2018-04-17
BIG_BBY,-0.0151021145,-0.02102621,-0.2953118,-0.2262961,-0.12469788,-0.018656572,0.056579437,-0.03820608,0.10071394,0.2348947,0.25207457,0.22600855,0.21179071,-0.11818137,-0.04294536,-0.13151059,-0.3382615,-0.2813902,-0.15876143,-0.18719709,-0.08737607,-0.27161542,-0.31456512,-0.62617254,-0.37321365,-0.053016324,-0.06782656,-0.13684227,-0.29383078,-0.14869045,-0.0882647,0.09627087,0.1415902,0.09419743,0.102194965,0.026662756,0.0793872,-0.015990729,0.016591795,-0.043241564,0.06931624,0.18128163,0.00948288,0.010371494,-0.3512945,-0.21059726,-0.25650898,-0.20141491,-0.1824578,0.062207326,-0.10811041,-0.10811041,0.074647926,0.18809433,-0.0026615146,-0.4700726,-0.56693155,-0.7008161,-0.7298442,-0.6652716,-0.58885074,-0.64009416,-0.8803162,-0.94192684,-0.6057344,-0.64039034,-0.6611247,-0.6270612,-0.6877831,-0.68422866,-0.5894431,-0.77545977,-0.84388304,-0.52872115,-0.7473203,-0.7819763,-0.7879003,-0.67711973,-0.6883755,-0.596552,-0.61432433,-0.8450678,-0.9958361,-1.0035374,-1.3154409,-1.3281778,-1.1175762,0.4478659,0.25947967,0.06783522,0.06161492,-0.11225728,-0.23103537,-0.046203613,-0.009178019,-0.44163695,-0.5710784,-0.7055554,-0.64276004,-0.42327225,-0.47451568,-0.48014358,-0.35425654,-0.09655842,0.017184203,0.21801102,0.5459097,0.53820837,0.19164881,0.2529632,0.2535556,0.37914643,0.488446,0.41291377,0.6276622,0.62677354,0.7668784,0.6356597,0.52102846,0.21297553,0.18868676,0.37440717,0.30479905,0.18039303,0.16173212,0.1605473,-0.05568216,0.116708994,0.11345074,0.5038486,0.38595912,-0.05745939,0.07909099,0.2286744,0.2482239,0.3758882,0.38477433,0.15669663,0.340936,-0.007104586,-0.2257037,-0.9943551,-0.7944168,-0.41053545,-0.3711402,-0.44074833,-0.21504033,0.16558279,0.36670583,0.40017694,0.4641572,-0.13180679,-0.09478119,-0.03731747,-0.64216757,-1.2769343,-1.2286528,-1.4700598,-1.5716581,-1.5829138,-1.6223091,-1.6614082,-1.5716581,-1.5731391,-1.746715,-1.5793593,-1.4706522,-1.3865302,-1.2976687,-1.4220747,-1.4117074,-1.2710102,-1.4522874,-1.5701771,-1.6294179,-1.665555,-1.7176869,-1.7878875,-1.8527564,-1.9496152,-1.5449996,-1.8207662,-1.7920344,-1.992565,-1.9359899,-1.9105163,-1.9140707,-1.8015128,-1.9579091,-1.7088008,-1.7304238,-1.6617043,-1.3583906,-1.2961876,-1.2716026,-1.3264005,-1.6359344,-1.7242035,-1.7964774,-1.9502077,-1.8415005,-1.9259188,-1.9827901,-1.7348669,-1.7295352,-1.7123554,-1.7324972,-1.6907324,-1.5654377,-1.3299549,-1.3643147,-1.2585696,-1.2250985,-0.9596991,-0.99020815,-0.94400024,-0.70407444,-0.12351306,-0.32700568,-0.26184067,-0.08559885,-0.0826368,-0.21711375,-0.34329697,-0.37350985,-0.16379689,-0.21030104,-0.04916566,-0.1261789,-0.35307172,-0.2381443,-0.02487687,0.02636655,0.03436408,-0.048869457,-0.05272012,-0.044722587,-0.22777712,-0.15520696,-0.13921191,-0.091226734,-0.043833975,0.08086822,0.18779814,0.028736189,0.20290458,0.17032206,0.25177836,0.31486997,0.21860342,0.13714713,0.33767775,0.48814976,0.32523718,0.3353081,0.11226593,0.24052258,0.17209928,0.16321315,-0.0151021145,0.056875642,0.28139883,0.08442268,-0.17594129,-0.18571605,-0.32433987,-0.20259973,-0.31130686,-0.7796066,-0.56693155,-0.4451914,-0.88624036,-0.40579617,-0.42297605,-0.17268305,1.3512903,1.6711917,1.69785,1.6652676,1.849803,1.6546041,1.8406208,1.9543633,1.9946473,1.9620646,1.6658599,1.4961346,1.5621883,1.422972,1.3130801,1.3936477,1.1735675,1.1774181,1.0707844,1.0944809,1.0838175,1.197264,1.3536601,1.2677608,1.2141477,1.2499883,1.2597631,1.3062673,1.4857674,1.8228483,1.8465449,1.7123641,1.4970231,1.524274,1.7858227,1.73843,1.8539499,1.725397,1.9445885,2.0512223,1.9825027,1.751463,1.739615,1.8293649,2.0598123,1.3871312,1.6664523,1.6880752,1.8986768,1.920596,1.9419228,2.0139005,2.1602256,2.2570846,2.4007437,2.2088032,2.1685195,2.1714814,1.9579178,1.9060819,2.0586274,1.9825027,1.4013491,0.8258232,1.0115435,0.7227439,0.5835277,0.5968569,0.705564,0.6247001,0.6472117,0.62677354,0.4650458,0.53643113,0.20557043,0.22837819,0.31664723,0.14484845,0.06783522,0.13892436,0.30864972,0.24881631,-0.043833975,-0.08471024,0.16202833,0.044138838,0.31279656,0.24940872,0.26421896,0.07227829,-0.03435542,0.036141306,0.043842632,-0.104259744,-0.19252875,-0.16764756,-0.47362706,-0.5417541,-0.67001086,-0.5989217,-0.5624885,-0.6024761,-0.5832228,-0.52398187,-0.7781256,-0.9134912,-1.0109426,-0.91378736,-0.8625439,-0.9780638,-0.8035992,-0.88061243,-0.7585761,-0.5293135,-0.47925496,-0.05568216,0.23370987,0.854555,1.0097662,0.8444841,0.81752944,0.56694025,0.6448421,0.64454585,1.0112474,0.88180584,0.8640336,0.76213914,0.7704329,0.47867122,0.5325805,0.6697232,0.69223475,1.1797879,1.233401,1.4291923,1.2979736,1.1374305,1.287014,1.2230339,1.4517039,1.5604111,1.694888,1.739615,1.512722,0.6235153,0.7360731,0.8234535,0.7023058,0.69253105,0.6021886,0.4220961,0.6898652,0.44727352,0.34449047,0.5660516,0.84092957,0.67327774,0.57434535,0.58826697,0.46001032,0.47245094,0.29591286,0.31279656,0.17446892,0.2588873,0.28939638,0.20912488,0.1726917,0.098344296,0.4324633,0.32345992,0.42179993,0.5426515,0.38181227,0.5778998,0.7719139,1.1498711,1.1951905,0.8462613,0.877659,0.7550302,0.7541416,0.905206,1.0592325,1.0103587,0.7772456,0.93186444,1.1223241,0.78553927,1.0713769,0.9650394,1.4632559,1.3518829,0.8744007,0.8486309,0.77309865,0.7251135,0.28673053,0.118486226,0.3827009,0.49229664,0.4203189,0.093605034,-0.069011375,0.012148723,0.08442268,-0.0014766958,-0.09922427,0.00030053276,0.10930388,0.00948288,-0.14780185,-0.34211212,-0.39157835,-0.52013123,-0.22540748,-0.26006344,-0.23103537,-0.0038463338,-0.27546608,-0.459113,-0.24584562,-0.13417643,-0.15965003,0.045916066,0.0088904705,0.035548896,-0.093003966,0.3714451,0.44490388,0.13003822,-0.08500644,0.060133893,0.04561986,-0.13921191,-0.07138102,-0.026950303,0.055098414,0.14395984,-0.194306,-0.560415,-0.6907452,-0.8216677,-0.7621305,-0.7873079,-0.5772987,-0.55360234,-0.72777075,-0.64957273,-0.99613225,-0.49850824,-0.49465758,-0.7618343,-0.62172943,-0.5017665,-0.57226324,-0.85247296,-0.59595966,-0.6791932,-0.2076352,-0.15846522,-0.25650898,-0.36640093,-0.5613037,-0.7171074,-0.65490437,-0.92859757,-1.0121274,-0.9054936,-0.906086,-0.855435,-0.7067402,-0.868468,-0.8320348,-0.72095805,-0.62558013,-0.8326273,-1.0527073,-1.1762247,-0.98428404,-0.89927334,-0.8003409,-0.60869646,-0.6922262,-0.56752396,-0.6667526,-0.6525348,-0.5103565,-0.545901,-0.7419886,-0.28109398,-0.47214603,-0.21681754,-0.2135593,-0.4451914,-0.34329697,-0.39898345,-0.3329298,-0.30005106,-0.26184067,-0.3204892,-0.19993389,-0.4573358,-0.40461135,-0.24732664,-0.4146823,-0.3785453,-0.54293895,-0.5737443,-0.7259935,-0.42919633,-0.55863786,-0.5630809,-0.6860059,-0.97332454,-0.6175826,-0.70288956,-0.6984465,-0.66586393,-0.7218467,-0.81189287,-0.7221429,-0.6652716,-0.62735736,-0.59744066,-0.59181273,-0.46237126,-0.31101063,-0.4949538,-0.24940008,-0.19400978,-0.21326311,-0.1572804,0.25533283,0.21327175,0.53850454,0.66735363,0.6614295,0.21741863,0.27428994,0.29413563,0.38773638,0.5074031,0.3142776,0.4585293,0.5151044,0.41261756,0.2482239,0.24022637,0.2926546,0.26392275,0.37648058,0.47067368,0.5479831,0.33856636,0.36552098,0.4514204,0.33738157,0.17446892,0.15906627,0.2790292,0.40017694,0.5399856,0.36344758,0.3829971,0.63477105,0.6602447,0.70941466,0.6643916,0.63121665,0.46830404,0.8489271,1.1015898,1.2313275,1.0248728,1.006508,0.840041,0.9748141,1.3438854,1.8032988,1.8708336,1.6009911,1.6400901,1.6474952,1.4833977,1.6925184,1.6910373,1.3113028,0.7046754,0.72481734,0.23074782,0.25947967,0.53495014,0.5358387,0.41320997,0.43275946,0.5399856,0.6943083,0.6575789,0.51154995,0.602781,0.49259284,0.30213317,0.8044964,1.0242803,0.9505254,0.73133385,0.5968569,0.7215591,0.5977455,0.77457976,0.8966161,0.954376,1.3204852,1.5947707,1.5441197,1.4756964,1.5986214,1.7804912,2.0992074,1.5497476,1.4662179,1.1788992,0.819899,0.5313957,0.7449593,0.87469697,0.74792135,0.71770847,0.52576774,0.4351291,0.7485137,0.939862,0.4333519,0.12411412,0.12677996,0.39928836,0.50829166,0.49673972,0.39217943,0.3569311,0.23134024,0.33915877,-0.03168958,0.034660283,-0.14691323,-0.2760585,-1.6782917,-1.8358727,-1.7754469,-1.9543545,-1.8569032,-1.7982547,-1.8358727,-1.797366,-2.0393653,-2.3204637,-2.5079613,-2.5328424,-2.6717627,-2.8115711,-2.6208153,-2.6545827,-2.7087884,-2.6003773,-2.5340276,-2.7715838,-2.7517378,-3.0503123,-2.9913676,-2.9756687,-3.077267,-2.9353848,-2.7529225,2018-04-17
EBAY_BIG,-0.99395007,-0.96618634,-0.8299999,-0.9231045,-0.9018029,-1.000173,-1.151438,-1.135402,-1.2007427,-1.2136673,-1.2821194,-1.2658441,-1.185664,-0.81659675,-0.9204717,-0.8805014,-0.7727969,-0.7737543,-0.8359836,-0.7943378,-0.93411434,-0.77854115,-0.6320631,-0.38577884,-0.40995252,-0.66676784,-0.66844326,-0.56313217,-0.3982247,-0.7053021,-0.7766264,-0.89510137,-0.9214291,-0.9362684,-0.94057655,-0.855131,-0.8678162,-0.83478683,-0.80439025,-0.7124824,-0.7584363,-0.82305896,-0.71990204,-0.77782315,-0.68184644,-0.6770596,-0.66150224,-0.5585847,-0.5710305,-0.711525,-0.6986005,-0.6272762,-0.6854366,-0.66293836,-0.54518145,-0.2761596,-0.027481936,0.19319257,0.3640837,0.33775592,0.24800219,0.28007418,0.3913688,0.38729998,0.2614054,0.38059837,0.3044872,0.22071706,0.3159757,0.33344775,0.31118882,0.36049354,0.50409955,0.3221986,0.32578874,0.30688062,0.3056839,0.27169716,0.29228067,0.116363384,0.054852158,0.012249052,-0.028678652,-0.18568785,-0.061708026,0.08213729,0.15322225,-0.7495806,-0.69620705,-0.6820858,-0.62512213,-0.4913292,-0.5466175,-0.72301346,-0.774951,-0.5226832,-0.44058844,-0.5088012,-0.4930046,-0.46380475,-0.517657,-0.5468569,-0.6440302,-0.8479507,-0.91616356,-1.0221926,-1.2785293,-1.5133251,-1.3376471,-1.3314242,-1.2253951,-1.1784837,-1.1923656,-1.1461724,-1.2730243,-1.6253377,-1.6641114,-1.5339086,-1.4472663,-1.328552,-1.217736,-1.2933686,-1.2627326,-1.2287458,-1.2483721,-0.48127678,-0.22039263,-0.3041628,-0.24815644,-0.5138275,-0.4513589,-0.27328748,-0.22948767,-0.23882207,-0.11197012,-0.20698941,-0.20244189,-0.1179537,-0.21201561,-0.03681632,0.017275259,0.45742756,0.4205687,0.21808428,0.24153991,0.3116675,0.25015628,-0.03609829,-0.14619622,-0.18137968,-0.17850755,0.27720207,0.14556326,0.10894374,0.36528042,0.9296519,0.83559,0.9128978,0.8798685,0.94664526,0.85234404,0.8860914,0.89039963,0.9272585,0.94305515,0.73458713,0.6970102,0.6802562,0.5852369,0.63621706,0.6244892,0.59505,0.6747513,0.682889,0.4693947,0.4011819,0.54215515,0.40860155,0.50505686,0.6268826,0.38753933,0.3961557,0.5859549,0.54215515,0.66996443,0.643158,0.68073493,0.69294137,0.7262101,0.66039073,0.6481842,-0.1428454,-0.2809465,-0.22829096,-0.38434276,-0.30464146,-0.12417663,-0.13303232,-0.26993668,-0.26395312,-0.23427454,-0.22613686,-0.1390159,-0.23092373,-0.19167143,-0.15505192,-0.049980205,-0.002111546,-0.2268549,-0.30799225,-0.26467112,-0.33503807,-0.44130647,-0.5171783,-0.6258401,-0.6155484,-0.65216786,-1.0612056,-0.9721698,-1.0408614,-1.215582,-1.1320512,-0.9683404,-1.0195599,-0.98676986,-1.1021333,-1.0820284,-1.0348778,-1.0212353,-0.86374736,-0.8912718,-1.0693432,-1.1164938,-1.1308545,-1.1538315,-1.1349233,-1.097825,-0.8805014,-0.6816071,-0.9633142,-0.9951468,-1.0415795,-1.0422975,-1.0016091,-0.8850489,-0.9882059,-0.9613995,-1.2486113,-1.2105558,-1.1365987,-1.1684314,-1.3005489,-1.3527257,-1.08873,-1.214864,-1.1050054,-1.2282672,-1.233054,-1.2596211,-1.1552675,-1.2091198,-1.3220898,-1.1830313,-1.0734121,-1.0935168,-0.95469785,-1.0501958,-1.1143398,-0.69812185,-0.91520613,-0.9623568,-0.77016413,-0.8290426,-0.8773899,-1.0025665,-1.8555859,-2.0269558,-2.1356177,-2.082005,-2.252178,-2.0966048,-2.1492603,-2.2205846,-2.1743913,-2.200719,-2.0619,-1.9568282,-1.9836347,-1.9393562,-1.9115922,-1.7830648,-1.609541,-1.6949866,-1.5284038,-1.9293038,-1.9874642,-2.016664,-2.0532837,-1.9843528,-1.8945988,-1.8835891,-1.8826318,-1.8850251,-1.8491236,-2.0030217,-1.9654446,-1.8833498,-1.5463544,-1.488194,-1.6301246,-1.5889575,-1.5487479,-0.8108525,-0.8065443,-0.839095,-0.65767276,-0.54015523,-0.57174855,-0.63924336,-0.74981993,-0.4326901,-0.58323705,-0.5710305,-0.6492958,-0.7155939,-0.71391845,-0.76082975,-0.86374736,-1.0025665,-1.0363139,-0.9652289,-0.9563732,-0.9736059,-0.800082,-0.77973783,-1.0968678,-0.927652,-0.5609781,-0.22494015,-0.29674315,-0.037055664,0.15250422,0.13479282,0.098651975,0.19414994,0.19175652,0.27169716,0.2099466,0.29084465,0.34685096,0.299461,0.28964794,0.32913956,0.32411334,0.2463268,0.2695431,0.36958858,0.5112798,0.46245378,0.35044113,0.42032936,0.3736574,0.52133226,0.43349323,0.55747306,0.52851254,0.47107014,0.3219593,0.4866275,0.44569975,0.38658196,0.5684829,0.7168757,0.7680952,0.68935126,0.8664653,0.08381269,0.082855314,0.08357335,0.20372368,0.23029079,0.31573635,0.19702207,0.14269115,0.18888439,0.06921275,0.07782911,-0.021737697,-0.123697944,-0.16342893,-0.37476906,-0.63038766,-0.82832456,-1.1521561,-0.9130521,-0.9566126,-0.89007515,-0.9326782,-0.8924686,-1.1315726,-1.1064415,-1.0698218,-1.0511532,-1.0789169,-1.0710186,-1.1894935,-1.0422975,-1.1155365,-1.4510958,-1.382165,-1.408732,-1.1921264,-1.0332024,-1.208641,-1.1540707,-1.3094046,-1.3567946,-1.472876,-1.5542527,-1.3790535,-0.74527246,-0.7424003,-0.6880694,-0.6320631,-0.60693204,-0.6054959,-0.46811292,-0.68423986,-0.44034913,-0.14236672,-0.36471665,-0.66269904,-0.510716,-0.4968341,-0.50425375,-0.46715558,-0.44681138,-0.22230738,-0.24145482,-0.24959251,-0.38817227,-0.36998218,0.0033933497,0.27097914,0.2077925,-0.080616154,0.06586195,-0.032986827,-0.09952427,0.0158392,0.008898246,0.06945209,-0.2163238,-0.123697944,0.14628129,0.04192762,0.17978935,0.09075365,0.056527562,-0.02484916,-0.010249218,0.13144201,0.0976946,0.014881828,0.20252697,0.19367127,0.07136685,-0.25820887,-0.18449114,0.033550605,-0.005223009,0.0158392,0.03618338,0.22071706,0.35044113,0.19678274,0.17859264,0.31382158,0.5261191,0.5356928,0.53018796,0.49955198,0.5153487,0.5297093,0.46317178,0.3968737,0.4370834,0.4780111,0.66015136,0.7733607,0.79897046,0.7041905,0.659194,0.66278416,0.5093651,0.74631494,0.8710128,0.7671378,0.5967254,0.5409584,0.07160618,0.0077015297,-0.058596563,0.17141235,-0.077025995,-0.11268815,0.17643854,0.29323807,0.25063497,0.19678274,0.39328358,0.3221986,0.23076947,0.29228067,0.26834637,0.5256405,0.76378703,0.8657473,1.0644022,0.7901148,0.83774406,0.71041346,0.68767583,0.970819,1.0174909,0.90428156,0.6206597,0.5419158,0.62520725,0.61970234,0.6941381,0.7944229,0.9794353,0.86407185,1.0100712,0.48949963,0.31645438,0.40572944,0.4945258,0.5502928,0.6481842,0.8214687,1.0239531,1.0715826,1.044776,1.1493691,0.9672288,0.8396588,1.0069598,0.7822164,0.8068688,0.604145,0.79657704,0.7946623,0.89877665,1.1101167,1.1137068,1.2635357,1.2082474,1.3686075,1.259467,1.2688013,1.3104471,1.331988,1.2144704,1.2534834,0.9452092,1.2163851,0.80782616,0.7305183,0.7934656,0.73027897,0.7649838,0.6706825,0.60701716,0.64028585,0.74344283,0.6225745,0.5735091,0.54574525,0.46125707,0.6388498,0.57877463,0.5794927,0.60677785,0.5349748,0.43971616,0.5215716,0.5332994,0.5581911,0.73721987,0.8978192,1.0955168,1.1907754,1.212795,1.1565493,1.3506567,1.5734854,1.5067086,1.5356691,1.5079054,1.4574039,1.3982861,1.3188242,1.4607548,1.5385412,1.5002463,1.3927811,1.3705223,0.9957106,1.0194056,0.79394424,0.6393285,0.8051934,1.1137068,1.095038,1.0617694,1.0696677,0.9093077,1.053871,1.0062418,0.9160093,0.9373109,1.0957562,0.97393036,0.8882455,0.98661566,0.7616329,0.7654624,0.5332994,0.6120433,0.63813174,0.60749584,0.6826496,0.8178786,0.95215017,0.8561735,0.70179707,0.6565612,0.7527772,0.79920983,0.5017061,0.2065958,0.21305807,0.20013353,0.06490457,0.17715658,0.10367819,-0.07846206,-0.18736325,0.046953827,0.03690141,0.09218971,0.047193173,-0.3264217,-0.8876817,-0.8910325,-0.63708925,-0.6270368,-0.3534675,-0.22541884,-0.36495596,-0.26873997,-0.06745227,0.28007418,0.2247859,0.5888271,0.68863326,0.41673923,0.37389678,0.44187024,0.3884967,0.31142816,0.22789736,0.16016321,0.31645438,0.219281,0.3298576,0.7405707,0.33679855,0.40357533,0.43971616,0.5043389,0.14101574,0.03833747,0.10272081,-0.048544142,-0.12106516,0.0002818868,-0.37261498,-0.3163693,-0.22206803,-0.1416487,-0.14643554,-0.11436355,-0.2766383,-0.0322688,0.18529424,1.6488785,1.4985709,1.3465879,1.2300277,1.0103106,0.8769964,0.9674681,1.2508506,1.2735883,1.0605727,1.0478874,1.4308368,1.6752063,1.6551014,1.4069024,1.4657809,1.5292069,1.4775087,1.394696,1.2230868,1.4013976,1.6014885,1.4839709,1.8946841,1.9286706,2.7687657,2.952342,2.6876283,2.858998,2.7809722,2.6864316,2.6689594,2.5593402,2.6806872,2.6423924,2.5748978,2.7790575,2.7486608,2.773313,2.6354513,2.493521,2.5282257,2.4068785,2.45379,2.4401472,2.4064,2.6730285,2.7244873,2.8625882,2.7836049,2.7362149,2.6933725,2018-04-17
PLCE_BIG,-1.013591,-1.0246342,-0.7990836,-0.8593196,-0.895294,-0.9814093,-1.0569832,-0.71971697,-0.7961833,-0.9150938,-0.97376823,-0.9454907,-0.9353956,-0.62512404,-0.6613772,-0.6042087,-0.41775572,-0.37570202,-0.55663335,-0.5109543,-0.665393,-0.5347141,-0.4797208,-0.2799378,-0.4503836,-0.7255175,-0.6778306,-0.62306035,-0.5146912,-0.661935,-0.73477596,-0.8777809,-0.9202251,-0.85742337,-0.8844738,-0.86300075,-0.9018754,-0.8261898,-0.858985,-0.7909405,-0.8414719,-0.8855893,-0.7207209,-0.6450912,-0.44592166,-0.52874625,-0.46622348,-0.57057685,-0.56354934,-0.77208894,-0.69896895,-0.7293659,-0.8771116,-0.9877675,-0.8558059,-0.459921,-0.35846782,-0.20230019,-0.19962302,-0.30788064,-0.3576312,-0.39667308,-0.2391669,-0.1957746,-0.4221061,-0.4596421,-0.476709,-0.55044246,-0.45958632,-0.47938618,-0.5255114,-0.3656627,-0.24279222,-0.52099365,-0.29990494,-0.28635183,-0.30698827,-0.43789017,-0.3819487,-0.41279182,-0.36661083,-0.23286442,-0.102241345,-0.11785811,0.011984106,-0.10067967,-0.23236245,-1.5517558,-1.416838,-1.2520812,-1.2708213,-1.158046,-1.0726558,-1.2545353,-1.2903981,-0.97109103,-0.88073695,-0.827138,-0.844428,-0.97717047,-0.93020856,-0.9828594,-1.016045,-1.2835937,-1.3316709,-1.4928583,-1.7879034,-1.7750754,-1.4641346,-1.5505846,-1.640102,-1.7684941,-1.7867321,-1.7115487,-1.8422831,-1.7466307,-1.9058658,-1.7892978,-1.722592,-1.3851583,-1.409922,-1.5060767,-1.4499122,-1.3575501,-1.3934686,-1.4262639,-1.3011625,-1.3476782,-1.532904,-1.8328574,-1.757897,-1.3910147,-1.5660338,-1.6006696,-1.5694362,-1.6663158,-1.865039,-1.7394358,-1.7628052,-1.5641377,-1.3351289,-0.70739084,-0.89484787,-1.2071272,-1.2452768,-1.1345093,-1.2520812,-1.5732846,-1.7169031,-1.759626,-1.8263875,-1.4415461,-1.4186229,-1.393413,-0.92357147,-0.31792,-0.44993743,0.062180843,0.19916216,0.1828761,0.21210176,0.27083194,0.16051066,0.16876525,0.30636007,0.2068032,0.09213156,0.03836528,-0.09744477,-0.0021267533,0.0012754698,-0.067772925,0.10401145,0.19157687,0.3520391,0.41723907,0.54998153,0.8029731,0.822996,1.008724,0.6774255,0.9211027,0.9578579,1.0842979,1.1165912,1.092887,1.1170373,1.053399,1.0802821,0.92154896,0.953898,0.93599445,0.65701216,0.55929583,0.5719008,0.58612317,0.7442987,0.78992194,0.83543366,1.005768,0.9514439,1.0402362,1.0322049,0.8791606,0.879049,0.8793279,0.8636553,0.79934776,0.7073762,0.55990934,0.5828325,0.5297913,0.47529998,0.2616292,0.28522167,0.22359122,0.019959811,-0.53053105,-0.3644914,-0.38479322,-0.538451,-0.5373913,-0.2963912,0.16017602,0.2590636,0.14322068,0.216731,0.10468075,0.17200014,0.38728833,0.27618626,0.12604223,0.1703827,0.18544172,0.24166207,0.24712794,0.15175413,0.29464749,0.23775786,0.141659,0.05035672,0.01862123,-0.015902968,-0.09147694,0.009920463,-0.0645938,0.07512045,-0.04049937,-0.12940337,-0.06855376,-0.05433136,-0.33699474,-0.46745047,-0.33314633,-0.40860876,-0.15455751,-0.28529212,-0.3136254,-0.41413042,-0.3574081,-0.41334957,-0.65312266,-0.5328736,-0.4072702,-0.33850065,-0.27698177,-0.37525582,-0.14557786,0.38355148,0.21293837,0.13000222,0.3522064,0.08231531,-0.03782221,-0.23029882,-1.468485,-1.8605214,-1.8514858,-1.7979985,-1.9054195,-1.8148423,-1.9294024,-1.9476404,-1.9399996,-1.9282311,-1.6267163,-1.4799744,-1.4673694,-1.3775173,-1.2925175,-1.2818089,-1.0868224,-1.0765042,-0.9413077,-0.9714257,-0.9605498,-1.0279249,-1.1121439,-0.9359534,-0.9672426,-0.9191096,-0.86350274,-0.92546785,-1.037797,-1.2950274,-1.2959754,-1.2051194,-1.0350082,-1.0598278,-1.2702079,-1.2152703,-1.2902865,-1.2558739,-1.431451,-1.4791378,-1.4446694,-1.3060149,-1.2984854,-1.3897319,-1.6484123,-1.154588,-1.4404305,-1.5150564,-1.5936979,-1.6211945,-1.6578382,-1.7662073,-1.7591798,-1.8886315,-1.9185264,-1.627999,-1.497097,-1.542553,-1.326986,-1.3073535,-1.7570046,-1.6858368,-1.2806934,-0.8333847,-0.96350574,-0.7600975,-0.71006805,-0.645872,-0.74375564,-0.6438641,-0.68469083,-0.7170398,-0.6272992,-0.63995993,-0.41831347,-0.40085614,-0.33911416,-0.24970822,-0.1448528,-0.23191626,-0.5375028,-0.52210915,-0.25891095,-0.22014791,-0.4545109,-0.30291677,-0.5380048,-0.4976801,-0.58875924,-0.5079983,-0.41530168,-0.47124314,-0.44090202,-0.3461975,-0.3517749,-0.372746,-0.22064988,-0.17201483,-0.13514811,-0.2344261,-0.16481996,-0.14295648,-0.15795973,-0.13202477,0.16909988,0.13976268,0.34328258,0.13546807,0.19598302,0.18533015,0.055264845,0.07489736,-0.008485007,-0.23252977,-0.17575169,-0.4448062,-0.59121335,-0.8736536,-0.8892704,-0.6627158,-0.6914395,-0.16532192,-0.15500371,-0.097890966,-0.302359,-0.17062047,-0.109492,-0.057008512,-0.039885852,0.16831903,0.13808946,0.026875805,0.033457156,-0.35389432,-0.36047566,-0.5364431,-0.35947174,-0.3276247,-0.4736972,-0.4275162,-0.5380606,-0.65005505,-0.71090466,-0.696013,-0.629084,-0.040332045,-0.15171303,-0.15835015,-0.08244153,-0.021591932,0.07857845,0.22308926,0.1090869,0.38154364,0.27741328,0.22080253,-0.036650956,0.11254489,0.10785987,0.004621919,0.16246277,0.078299575,0.16976917,0.14355531,0.2247067,0.119851306,0.16168192,0.15448706,0.07411651,0.112767994,-0.084560946,-0.021145739,0.006295143,-0.13977736,0.00908385,-0.13102081,-0.23130274,-0.4117879,-0.40492767,-0.22009215,-0.20425227,-0.12929182,-0.26220164,-0.35082674,-0.4966204,-0.44949123,-0.3039207,-0.3271785,-0.47481266,-0.13525966,-0.42846438,-0.25695884,-0.80309933,-0.7106258,-0.30682093,0.64669394,0.6315234,0.7475894,1.0309778,1.2506722,1.076155,0.96259874,0.9894261,1.1355544,1.2367287,1.2301474,1.3429785,1.3767217,1.4151502,1.4034934,1.2926701,1.3348354,1.3507868,1.4950187,1.2695239,1.1382873,1.0865847,0.96404886,0.8792164,0.9095575,1.0750394,1.1500556,1.0154727,0.736323,0.7955551,0.80905247,0.7441872,0.70486635,0.8193707,0.42638603,0.4169602,0.7194234,0.8745313,0.9030877,0.9080516,1.0629364,1.0681792,1.0393997,0.92461646,1.1063287,1.3304292,1.7190077,1.7393653,1.4868758,1.3669055,1.3606589,0.8659421,1.0979068,1.2211677,1.202818,0.7547842,0.4336367,0.40864986,0.71540767,0.5218714,0.42828235,0.4242666,0.5287316,0.2693818,0.31188172,0.19207883,0.302177,0.45371538,0.43391556,0.6782063,0.8897577,0.6943251,0.7623138,0.5230427,0.39604488,0.46994564,0.60910213,0.4624719,0.57792443,0.57625115,0.47106114,0.38416502,0.75919044,0.9576906,1.098353,0.9135732,0.9029203,0.8962832,0.820542,0.6934326,0.59382004,0.5693352,0.4705034,0.4732921,0.5278392,0.55171055,0.23792517,0.45940435,0.25739035,0.20959191,0.37189472,0.44713405,0.47055918,0.58668095,0.6087117,0.4991713,0.7520513,0.38600555,0.3814321,0.2523707,-0.03648363,-0.003130688,-0.09649661,0.039034568,0.1304484,0.2795327,-0.060968485,0.03641318,0.061957743,0.23602885,0.4591255,0.62789804,0.7608636,0.8331469,0.8271791,0.9571328,1.0544587,0.92779565,0.9127924,0.98089266,1.1318175,0.99712294,0.7346498,0.5976127,0.77335703,0.8024154,0.7783209,0.6088233,0.77971524,0.55321646,0.6513232,0.29581875,0.15169835,0.18153752,0.522708,0.4737383,0.36403054,0.28003466,0.022135003,-0.054219812,-0.11657531,-0.19934414,-0.1798232,-0.10357993,-0.21105672,-0.15623075,-0.10424922,-0.27608937,-0.52266693,-0.51502585,-0.20481002,-0.16855682,-0.06537464,0.114329666,0.1513637,0.16034335,0.034572635,-0.08166069,-0.2350954,0.082761504,0.11678374,-0.066322796,-0.0727926,-0.09108652,-0.1004008,-0.032412115,0.4590697,0.42504746,0.35326612,0.41004422,0.35772806,0.28109437,0.4597948,0.41690442,0.47039184,0.08053054,-0.19728051,-0.020587996,0.021186842,-0.084337845,0.14902118,-0.055725712,-0.100847,0.31411266,0.7773728,0.71245164,0.98312366,0.9825659,0.93800235,0.80046326,0.8874709,0.87648344,1.0005251,0.95902914,0.9637142,1.1075557,1.0544587,1.3335526,1.5090739,1.2830769,0.84307474,0.8253943,1.109452,1.3357836,1.4203372,1.4911146,1.1327099,0.98652583,1.0178709,0.7297974,0.45159596,0.497275,0.52772766,0.3942601,0.20808601,-0.015624098,0.26073682,0.31327608,0.55293757,0.73325545,0.95529234,0.8051483,0.82690024,0.7171925,0.7362672,1.2651734,1.2535725,0.91290396,0.7934915,1.1425819,1.1866435,1.2861445,1.1120734,0.87715274,0.94636846,0.94921285,0.88155884,0.73292077,0.8936619,0.85830104,1.0180383,1.0704659,1.1066076,2.2420022,2.45835,2.1664839,2.7291334,2.7256753,2.606765,2.7654982,2.0633574,2.7253966,2.849048,2.8168106,2.9463737,2.9558556,3.2786763,3.124851,2.9238968,3.0810685,2.923283,2.9239526,3.101482,2.9641657,3.421012,3.4082396,3.3704805,3.301934,3.0860882,2.7982378,2018-04-17
POOL_BIG,-1.5578623,-1.5678971,-1.4050809,-1.5369143,-1.5673954,-1.6568313,-1.7256958,-1.6730126,-1.7637656,-1.8417242,-1.8550204,-1.8186439,-1.8042815,-1.4270322,-1.4455341,-1.3663212,-1.2169267,-1.2207526,-1.4173738,-1.3771087,-1.4650395,-1.2976449,-1.2699863,-1.1746547,-1.2983974,-1.5032347,-1.4494226,-1.4151158,-1.2652197,-1.3526487,-1.3825651,-1.4790883,-1.507625,-1.5015414,-1.5568587,-1.4926354,-1.4817852,-1.3845721,-1.3724676,-1.2905577,-1.4149277,-1.425088,-1.2694217,-1.2578189,-1.0754348,-1.1504456,-1.1092398,-1.2109685,-1.203756,-1.3872691,-1.2921257,-1.2630246,-1.3353385,-1.3979938,-1.3270596,-1.0302777,-0.9337545,-0.7427153,-0.6839484,-0.7869315,-0.8543534,-0.94115525,-0.7799698,-0.72045034,-0.9477407,-0.87373334,-0.8240606,-0.8438168,-0.77514046,-0.7720673,-0.8382976,-0.6998788,-0.6678299,-0.839552,-0.6998161,-0.69969064,-0.6963666,-0.74365604,-0.6975582,-0.79439497,-0.7895657,-0.6516486,-0.59031034,-0.70721686,-0.63057536,-0.6387914,-0.712736,-1.7544208,-1.6452285,-1.611737,-1.5252488,-1.3991854,-1.3376591,-1.3835688,-1.4196316,-1.1177695,-1.0009255,-0.945671,-0.9705073,-1.1167659,-1.0387447,-1.0696647,-1.1175185,-1.2941327,-1.3600495,-1.4683635,-1.6567686,-1.6574585,-1.4516178,-1.5108236,-1.4940152,-1.5293255,-1.5568587,-1.5044265,-1.6306152,-1.5727891,-1.6504968,-1.6005105,-1.5578623,-1.3056729,-1.2465924,-1.3230457,-1.2661604,-1.2258955,-1.2649688,-0.9287998,-0.7022621,-0.7695586,-0.79339147,-0.965239,-0.8996359,-0.6748543,-0.7627851,-0.77633214,-0.78561443,-0.9104861,-0.9467999,-0.88458353,-0.9103607,-0.6381642,-0.5135434,-0.032809325,-0.074830435,-0.28286633,-0.27496386,-0.19769517,-0.34715235,-0.6172791,-0.77595586,-0.80066675,-0.7868688,-0.44944555,-0.42856044,-0.4471877,-0.11346477,0.47432905,0.35434937,0.46360427,0.45099795,0.53209245,0.510831,0.53648275,0.5455141,0.6269222,0.6451104,0.485242,0.44660768,0.41067022,0.38959694,0.45444742,0.46034294,0.37768048,0.46002933,0.48561832,0.4227121,0.44736028,0.48630822,0.44874007,0.45131153,0.4876253,0.2645998,0.36858636,0.5110192,0.5342876,0.57762575,0.5056254,0.4671792,0.499479,0.7175498,0.47445452,0.52205753,0.6362672,0.6653684,0.56577206,0.37918574,0.3522797,0.5684062,0.45708162,0.48574376,0.6370198,0.59744465,0.6777865,0.6860653,0.5549845,0.57492894,0.53648275,0.633633,0.56458044,0.4743918,0.255882,0.27488557,0.25751266,0.14543547,0.025393054,0.01567175,-0.026412081,-0.17555568,-0.59884,-0.47798228,-0.44417724,-0.6265614,-0.545216,-0.44173124,-0.31667137,-0.28161198,-0.34539625,-0.23708211,-0.33561224,-0.29177228,-0.10851004,-0.16940929,-0.2644272,-0.22497752,-0.24943757,-0.21826668,-0.16345109,-0.2165733,-0.11001528,-0.009603635,-0.04510207,0.00043125762,-0.07809178,-0.17166714,-0.18659405,-0.08467717,-0.21713777,-0.14783429,-0.23563959,-0.30801627,-0.26323557,-0.27991858,-0.3795149,-0.52376646,-0.39952195,-0.4312573,-0.33109653,-0.36747304,-0.36195382,-0.33354253,-0.23018312,-0.21600883,-0.30644834,-0.17398773,0.037309486,0.10535861,0.1837562,0.047281664,-0.0050879335,0.35541558,0.18425795,0.0990868,0.369339,0.28354067,0.24628614,0.12091269,-0.8431896,-1.1152607,-1.1320064,-1.033539,-1.183498,-1.0871003,-1.2134773,-1.2416377,-1.2389407,-1.2708015,-1.1476859,-1.0245703,-1.0198038,-0.9521936,-0.935887,-0.91889036,-0.77294534,-0.8043671,-0.6941715,-0.7909455,-0.7895029,-0.81007445,-0.8606252,-0.6451259,-0.5803381,-0.58190614,-0.5778294,-0.6032303,-0.64932805,-0.88721776,-0.8874686,-0.81465286,-0.7092866,-0.726973,-0.9326883,-0.88458353,-0.90402615,-0.7976563,-0.79013014,-0.83547527,-0.8101372,-0.63239413,-0.57651234,-0.6575441,-0.792827,-0.41551507,-0.6318297,-0.6289447,-0.87034655,-0.8965627,-0.8860261,-0.9284862,-1.029776,-1.103407,-1.166125,-1.0766264,-0.97947603,-0.956772,-0.765231,-0.74127275,-1.0803894,-1.0563058,-0.60461,-0.26787668,-0.34558442,-0.18195291,-0.09069811,-0.12964605,-0.21111684,-0.16759048,-0.23563959,-0.26605788,-0.30676192,-0.33159828,-0.21230847,-0.20603666,-0.2349497,-0.19562545,-0.15435696,-0.24454556,-0.3470269,-0.23181379,-0.035192613,-0.0025792103,-0.1378621,-0.04767351,-0.26304743,-0.24492186,-0.21914473,-0.049994078,-0.03782677,-0.056704912,-0.1093881,-0.0049624974,-0.05256552,-0.091827035,0.073246956,0.16343555,0.25481576,0.2028225,0.10153281,0.07864071,0.25550568,0.19504546,0.32506004,0.2972132,0.42352742,0.37360382,0.3551647,0.32411924,0.2450945,0.3325235,0.29100412,0.25130358,0.20677374,-0.0660499,-0.24278945,-0.50407296,-0.5533694,-0.39049056,-0.39268568,-0.38992608,-0.4138844,-0.42642802,-0.63553005,-0.60661703,-0.5499199,-0.48513213,-0.48544574,-0.33216274,-0.34232306,-0.504512,-0.41576594,-0.66676366,-0.71681273,-0.72371167,-0.66563475,-0.5991536,-0.62750214,-0.6404848,-0.79157263,-0.7846737,-0.8650155,-0.93406814,-0.79132175,-0.14783429,-0.16809222,-0.21193217,-0.13874017,-0.072948895,-0.075708486,0.05969984,-0.09326956,0.13684309,0.09695438,-0.1041825,-0.26386276,-0.1295206,-0.13096312,-0.030175166,-0.022962587,-0.024405101,0.11620884,0.12498937,0.21172847,0.23173554,0.17616732,0.14888495,0.22006997,0.23230001,0.03342097,0.108243644,0.11959562,0.105484046,0.2020699,0.08754668,-0.05946451,-0.23049672,-0.22817613,0.05750471,0.021379096,0.1597979,0.30906692,0.34663504,0.22025813,0.24076694,0.37216133,0.28410512,0.1937911,0.3596804,0.39223108,0.2663559,-0.014495645,0.059009943,0.3586769,0.40289316,0.47457993,0.59173733,0.9347425,1.0026662,0.9385683,0.8503867,0.9292233,1.1193218,1.1856148,1.1247154,1.0615584,1.1142416,1.1153078,1.0942973,0.94371116,0.9460318,1.0526525,1.2140261,1.2230575,1.3232809,1.1295449,1.1190082,1.1322417,1.0140808,1.0640044,1.1253427,1.0667013,0.9871121,0.9402617,0.8725889,0.85860276,0.8295016,0.93179476,0.6198978,0.60641336,0.77004486,0.9158644,0.9331746,0.96534896,1.1418376,1.0436211,1.0234886,0.9219481,0.9052023,1.0917258,1.3012669,1.4092674,1.4613861,1.3139987,1.356898,1.2599356,1.3089813,1.3689398,1.3442916,1.1958379,0.94741154,0.86694425,1.0368475,0.99206686,1.0494539,1.1055865,1.120388,1.0434328,1.0608058,0.7081421,0.7782609,0.8947284,0.9885546,1.1783395,1.2869672,1.3452322,1.6035054,1.625394,1.358654,1.5080485,1.3801036,1.0840116,1.2270714,1.0904088,0.9884292,0.99137694,1.2389252,1.3745217,1.4325359,1.356208,1.4033719,1.2928,1.0231749,0.98654765,0.9741295,1.0377256,1.0106314,0.34142944,0.3027324,0.55222493,0.124362186,0.37899756,0.16262022,0.07330967,0.19165869,0.07625742,0.09105889,-0.014244773,0.06471729,-0.087436765,-0.020704735,-0.09935321,0.025079463,0.13734482,-0.034126405,0.11131683,0.08986725,0.15716375,0.15101738,0.16550525,-0.058900047,-0.13152759,-0.1645173,-0.28951445,-0.12193172,-0.18088672,-0.050495822,0.05079388,0.08547698,0.1233587,0.17836246,0.11344924,0.1226688,0.107052,0.10786733,0.06772776,0.03787395,-0.07652382,0.21373546,0.23562406,0.2691782,0.2190665,0.17133802,-0.09427304,-0.1038689,-0.39864388,-0.48895794,-0.48093003,-0.04271878,-0.05294183,0.08183933,-0.11735329,-0.2550195,-0.19669168,-0.22761169,-0.13416174,0.017678728,0.13339359,0.17804886,-0.0020147476,0.0761947,0.35190338,0.45802236,0.40841237,0.5537302,0.5655212,0.45281675,0.59537494,0.60390466,0.66010004,0.560441,0.45896313,0.3953043,0.5006707,0.5556117,0.32756877,0.19322664,0.18595134,0.2371293,0.22834878,0.29853028,0.17045997,0.02777634,-0.07338792,0.11401371,0.10178368,0.21317099,0.07280792,-0.13152759,-0.29340294,-0.32902685,-0.10719297,-0.044035863,-0.15398066,-0.10644034,-0.17154172,-0.20133281,0.039065596,0.40784788,0.3398615,0.7033755,0.7627068,0.5663992,0.61807895,0.63538915,0.557995,0.44491428,0.32694158,0.38890702,0.4918274,0.36488602,0.5007961,0.65301293,0.42628703,0.2190665,0.18971442,0.33277434,0.33064193,0.25713634,0.25425133,0.024138693,-0.008411992,-0.14758341,-0.42724335,-0.6976209,-0.5728747,-0.22378588,-0.2671241,-0.46926445,-0.6828195,-0.29553536,-0.07558305,0.0023755182,0.27043256,0.42434275,0.12222977,0.110940516,0.020877352,0.1403553,0.34826574,0.4536948,0.37034246,0.97814345,1.4694768,1.4791354,1.4302152,1.1383253,1.1080952,1.037161,1.0352796,0.8643101,0.8798015,1.1188828,1.3469884,1.4722992,1.6416379,1.667227,2.6613085,2.8366058,2.7177548,2.897881,2.7811,2.765358,2.856048,2.8261318,3.0550528,3.2867959,3.3118205,3.2652838,3.436253,3.5095706,3.4679885,3.3739114,3.5167832,3.4361277,3.4022598,3.5412433,3.5182886,3.7709796,3.669188,3.6306794,3.6792858,3.624721,3.5296404,2018-04-17
HP_APA,-0.14317866,-0.08960351,0.012879921,-0.02874814,0.027440412,-0.10005721,-0.032294925,0.090535864,0.016613381,0.18797912,0.1274971,0.15680474,0.29456937,0.10584303,-0.021467898,0.0399475,-0.087363444,0.12003018,0.3046497,0.24099424,0.006906389,0.16931184,0.20664641,0.18835247,0.15101789,0.31641012,0.3268638,0.22624709,0.3186502,0.35187796,0.26563507,0.54228437,0.43345407,0.40246633,0.30819649,0.35859817,0.50289637,0.3966795,0.37073192,0.34179762,0.27160862,0.028187102,0.09109588,0.048907794,0.01978682,0.05618804,-0.112377614,-0.2090742,-0.38380003,-0.38641343,-0.43438837,-0.3572925,-0.3337717,-0.27310303,-0.22867486,-0.56151265,-0.5882069,-0.58764684,-0.52473813,-0.49188367,-0.53127164,-0.4315883,-0.70133066,-0.68714356,-0.58914024,-0.3567325,-0.46705619,-0.5381785,-0.48273668,-0.39462706,-0.44577545,-0.100243874,-0.3406786,-0.13869849,-0.18910019,-0.16576608,-0.2889702,-0.48927024,-0.5954871,-0.53668517,-0.51913786,-0.50364405,-0.6061275,-0.799894,-0.7162645,-0.6964772,-0.5228714,-0.37745318,-0.23427504,-0.4455888,-0.62367475,-0.6124743,-0.8648562,-0.8422688,-0.96360624,-0.8402154,-1.0354753,-1.0834502,-0.987127,-0.83685523,-0.7765599,-0.99720734,-1.1241449,-1.1422522,-1.0604895,-1.0815835,-1.1478524,-1.044809,-0.9537126,-1.2141213,-1.3151113,-1.2615361,-1.0558226,-0.6832234,-0.55553913,-0.33097163,-0.1821933,-0.273663,-0.38249332,-0.45734918,-0.42729482,-0.7110377,-0.65876925,-0.62964827,-0.701704,-0.6216213,-0.6382352,-0.80885434,-0.73922527,-0.7259715,-0.8648562,-0.7838401,-0.5863402,-0.41553444,-0.4674295,-0.62684816,-0.48423007,-1.1107044,-0.95875275,-1.0134479,-1.2275617,-1.1359053,-1.1517725,-1.164653,-0.96360624,-1.1164913,-1.07617,-0.93784535,-0.74575883,-0.6970372,-0.75975937,-0.62236804,-0.5839134,-0.86672294,-0.6580226,-0.95427257,-1.1534525,-1.2943907,-1.0963306,-1.0911038,-0.95912606,-0.9324318,-0.72559816,-0.7356785,-0.9062976,-1.1345986,-1.1032375,-0.7433321,-0.610981,-0.6061275,-0.87568325,-0.8262149,-0.9475524,-0.8138945,-0.72690487,-0.7274649,-0.6804233,-0.7582659,-0.8609361,-0.9880604,-0.9828335,-1.1429989,-1.0500357,-1.0903571,-1.2770301,-1.3503926,-1.2706832,-1.2361487,-1.4655696,-1.2682564,-1.2930839,-1.0246482,-1.027635,-0.9845136,-1.2130013,-1.0985707,-0.7963472,-0.77879995,-0.72858495,-0.75975937,-0.8788567,-0.8611227,-0.8351752,-0.7565859,-0.422628,-0.44428208,-0.3511323,-0.25163564,-0.4689229,-0.50233734,-0.4047074,-0.33899856,-0.253129,-0.04517536,-0.007280754,-0.07261628,0.055441346,-0.083443314,0.057868097,0.25611475,0.2185935,0.16128491,-0.06813613,0.008026427,0.008586445,-0.008587465,-0.24024856,-0.24248865,-0.42785487,-0.47676313,-0.5329517,-0.451749,-0.5053241,-0.48647013,-0.4459621,-0.6061275,-0.52175134,-0.5700996,-0.7397853,-0.8215481,-0.8138945,-0.6593293,-0.6707163,-0.5897003,-0.6959171,-0.8157612,-0.7149578,-0.432895,-0.35747916,-0.3481455,-0.4295349,-0.4147877,-0.5359385,-0.43494838,-0.24734215,0.008026427,-0.38622677,-0.37614647,-0.46836287,-0.83461523,-0.6656762,-0.83069503,-0.72709155,-0.74837226,-0.88800365,-0.8478689,-0.84114873,-0.787947,-1.2023609,-1.294204,-1.1235849,-1.2426822,-1.2652696,-0.98507357,-0.9626728,-0.9903004,-0.81016105,-0.90256417,-0.9996341,-0.89323044,-0.1855534,-0.07205626,0.040320843,0.1308572,0.010266501,-0.09259028,-0.095950395,-0.004293987,0.025947027,0.1722986,-0.039201822,0.022026895,0.035094,0.1784588,0.064775,-0.13608508,-0.15531239,-0.005227352,0.1302972,0.23184726,-0.031548236,-0.11928451,-0.062722616,0.08530901,0.053201273,0.31547675,0.26563507,0.18797912,0.21299331,0.2143,0.109203145,0.017173398,-0.09259028,-0.0108275395,-0.120217875,-0.01400098,-0.0931503,-0.34665215,-0.29755715,-0.22027455,-0.093897,-0.08250995,-0.029681504,0.13552403,0.24230094,0.1592315,0.19544606,0.13048387,0.103789635,0.12413699,0.070561856,-0.06757611,0.064214975,0.016800053,-0.17995322,-0.108457476,-0.06160258,-0.11741778,-0.12731144,-0.15195228,-0.28019658,-0.15139225,-0.18013988,-0.33358502,-0.028934814,-0.32817152,-0.6809833,-1.130305,-1.1850003,-1.3160447,-1.2339087,-1.3451656,-1.3552461,-1.3294852,-1.4129279,-1.3767134,-1.3048443,-1.4913305,-1.493384,-1.3606595,-1.1224649,-0.7875736,-0.521938,-0.5047641,-0.5501256,-0.40452075,-0.28953022,-0.29681048,-0.21840782,-0.16315265,-0.173793,-0.06253594,-0.1422453,-0.40508077,-0.442602,-0.45809585,-0.5523657,-0.5017773,-0.453429,-0.4846034,-0.6737031,-0.77189314,-0.7808534,-0.7112243,-0.6369285,-0.8081076,-0.4297216,-0.49580377,-0.6128477,-0.4646294,-0.41721445,-0.42636144,-0.57980657,-0.4702296,-0.4881502,-0.49860388,-0.22979487,-0.14429869,-0.13515171,-0.012320924,-0.017174419,-0.027814776,-0.05282895,-0.114804365,0.5185769,0.89826953,1.1217171,1.2566816,1.0724354,1.197133,1.257615,1.3048432,1.4791957,1.4666886,1.3130568,1.1090233,0.89845634,0.8359209,0.88594913,0.9876859,0.86074835,0.84880126,1.078969,1.0216604,1.0578749,0.98861927,1.1493447,1.1370243,1.2034799,1.5294107,1.3550582,1.2441745,1.2688154,1.2520148,1.1795857,1.3550582,1.1687587,1.1263839,1.2017999,1.1336641,1.5454646,1.6682955,0.7351175,0.44241434,0.3345174,0.44297436,0.6253538,0.3617716,0.3839857,0.32966387,0.3100632,0.4780689,0.44166765,0.501963,0.51204336,0.87344205,0.59623283,0.5947395,0.5454578,0.6113534,0.47638884,0.8445078,0.6324474,0.82248044,0.82453376,1.0052332,0.90144306,0.9923527,1.0539548,0.9453112,0.85552156,0.81034666,0.8941628,1.0645952,0.96883196,1.1198504,0.9453112,0.8975229,0.91301674,0.8383476,0.7289573,0.71421015,0.57756555,0.501963,0.45137465,0.45622814,0.6152735,0.6849025,0.7347442,0.6944228,0.73362416,0.7409044,0.67388874,0.75247806,0.80474645,0.75957155,0.70226306,0.6798623,0.76517177,0.6331941,0.6393543,0.67482215,0.7110367,0.60332644,0.59977967,0.24715444,0.09128255,-0.18088658,-0.16016588,-0.13701844,-0.20086057,-0.10957752,-0.1806999,-0.41964123,-0.33675846,-0.4495089,-0.61900795,-0.4177745,-0.46070927,-0.50495076,-0.43177497,-0.12544473,-0.0414419,-0.37726647,-0.57401973,-0.68453014,-0.74669224,-0.8092277,-0.7573326,-0.6537291,-0.7155178,-0.60855424,-0.7844002,-1.1233982,-1.0963306,-0.81800133,-0.5966072,-0.5364985,-0.6798633,-0.7142111,-0.6860235,-0.84245545,-0.73026496,-0.75845265,-0.7265315,-0.6821034,-0.63468844,-0.6832234,-0.67108965,-0.5784999,-0.62852824,-0.56169933,-0.6027674,-0.5486322,-0.57177967,-0.6996506,-0.620128,-0.7142111,-0.6369285,-0.54359204,-0.5605793,-0.46630946,-0.29905054,-0.37297302,-0.72765154,-0.64980894,-0.48142996,-0.6363685,-1.048169,-1.2021742,-1.3223916,-1.4446623,-1.3950074,-0.96565956,-1.1039842,-1.295324,-1.4151679,-1.3533792,-1.2718033,-1.2839369,-1.2195348,-1.2893505,-1.3632729,-1.3819402,-1.3427389,-1.3337786,-1.2830036,-1.2178547,-1.246789,-1.1640929,-1.2828169,-1.2897238,-1.3123113,-1.4004208,-1.3623395,-1.2497758,-0.9473656,-1.0477957,-0.9938472,-0.809601,-0.7388519,-0.73194504,-0.651489,-0.61956793,-0.60258067,-0.709731,-0.61882126,-0.6654895,-0.60108733,-0.46425605,-0.5495656,-0.5392986,-0.60986096,-0.65279573,-0.7668529,-0.917498,-0.72895825,-0.64551544,-0.6761298,-0.68303674,-0.24659544,-0.26936954,-0.39686713,-0.24640879,-0.30502406,-0.34739882,-0.4881502,-0.47918987,-0.2910236,-0.1696862,-0.096323736,-0.19992721,-0.119471185,-0.12880483,0.036587384,0.05488133,0.014559979,0.10714975,0.01082652,0.2143,0.29008922,0.4455878,0.43812084,0.44446775,0.24678111,0.10901648,0.096322715,0.2383808,0.36363834,0.35542476,0.36139828,0.4640684,0.4164668,0.47078866,0.5631917,0.6029531,0.7227971,0.63972765,0.572152,0.5854058,0.5353775,0.63748753,0.7470645,0.8560815,0.9546448,0.8185603,0.68863595,0.82901394,0.81650686,1.0188603,1.1517714,1.3152969,1.4532481,1.5975463,1.548638,1.5301573,1.5648787,1.4713554,1.4172204,1.384926,1.4702355,1.7853394,1.862062,1.9240373,1.9908662,1.9132103,1.9203038,2.0272675,1.9229172,2.121724,1.9669721,2.0220406,1.9609987,2.3599186,2.3589852,2.5279243,2.4917097,2.3638387,2.513924,2.279836,2.1943398,2.233541,2.2068467,2.0020666,1.9693989,2.0351079,1.9399046,2.2434347,2.194713,2.1545784,1.9970264,2.093723,2.4519484,2.5477116,2.6462748,2.6251807,2.3978133,2.477896,2.664569,2.59718,2.5762725,2.4323478,2.3864262,2.6277943,2.4609087,2.2850628,2.2628486,2.00524,2.2089002,2.2811427,2.3065302,2.6557953,2.364772,2.4043467,2.5645123,2.363652,2.0980165,2.2800226,2.0481749,2.30485,2.2686355,2.3839993,2.1310577,2.1878061,2.6526217,2.8967898,3.067036,3.0297012,2.8861496,2.8615088,2018-04-17
OXY_APA,0.36892855,0.42126203,0.41941187,0.42443374,0.5026697,0.40408185,0.14743625,0.33694693,0.076072365,0.112282924,-0.019872388,-0.043924652,-0.10286592,-0.07537761,-0.0018992652,0.06338546,-0.14674148,0.03854026,0.07792254,0.07448651,0.06893598,0.11783345,0.34884095,0.44134963,0.62768865,0.7064532,0.5206428,0.33403954,0.6469833,0.47359556,0.5068987,0.7659231,0.81455624,0.58566326,0.52989376,0.6956165,0.81878525,0.90283597,0.7030172,0.82539296,0.8872417,0.8777265,0.75957966,0.8647753,0.549717,0.61156565,0.30972296,0.231487,-0.08092814,-0.029123258,-0.26488832,-0.16339305,-0.081985384,-0.06797692,0.04805544,-0.152292,-0.23581417,-0.2593378,-0.5159834,-0.47237214,-0.6158928,-0.5725459,-0.7242602,-0.8344777,-0.5440004,-0.30559218,-0.17978032,-0.3962507,-0.5321064,-0.6124568,-0.6462885,-0.5923692,-0.6991507,-0.29977733,-0.22101277,0.16673091,0.06470701,0.20532027,0.23386581,0.23413011,0.007615917,-0.2794254,-0.46497145,-1.059406,-0.97879136,-0.72320294,-0.17687291,-0.013528932,0.20902061,-0.30691373,-0.091764875,-0.13669768,-0.35105357,-0.26198092,-0.55563,-0.5128117,-0.6573896,-0.8043463,-0.6999436,-0.48215166,-0.443298,-0.6444384,-0.6378306,-0.81809044,-0.94918853,-0.92249316,-0.72346723,-1.1418711,-1.013416,-0.76390684,-0.82760566,-0.38012776,-0.05899036,0.035104223,0.105146535,0.4997623,0.43394893,0.38928047,0.3406473,0.53412265,0.65332675,0.5637254,0.30522966,0.2365089,0.15985884,0.5986145,0.4445214,0.0718434,-0.17026512,0.48628247,0.52751493,0.58592755,0.76433724,0.88380563,0.7323556,0.7270694,0.6763218,0.40196738,0.64856917,0.7027528,0.2111351,0.28408483,0.51562095,0.40249598,0.69799525,0.6295388,0.39958856,0.41412565,0.6884801,0.60680807,0.61183,0.70513165,0.93666774,0.73526305,0.21509975,0.06549995,-0.3566041,-0.6544822,-0.52074105,-0.48215166,-0.82601976,-0.72346723,-0.4329899,-0.32092217,-0.74566936,-0.8310417,-0.78637314,-0.62117904,-0.29290527,-0.29977733,-0.51175445,-0.49457428,-0.70998746,-0.5693742,-0.61007804,-0.33202323,-0.7417047,-0.8957978,-1.1278626,-1.4622155,-1.529086,-1.6593912,-0.9713906,-1.1442498,-1.3842438,-1.7854674,-1.6548979,-1.1389636,-1.4659158,-1.1934116,-1.0292747,-0.7641711,-0.23845728,-0.62910837,-0.74778384,-0.32197943,-0.53818554,-0.7744792,-0.5532512,-0.66108996,-0.55668724,-0.39730796,-0.32092217,-0.16497892,0.25818238,0.24708134,0.31236607,0.49896938,0.02162438,0.08505893,0.18708283,0.13844967,-0.010621515,0.3139519,0.39641684,0.014487993,-0.29105508,-0.30162752,-0.74593365,-0.31775045,-0.3188077,-0.12665388,-0.28206852,-0.420303,-0.25378728,-0.050268106,0.12734863,-0.019343765,-0.26303816,-0.42770368,-0.42717507,-0.50911134,-0.53792125,-0.3988938,-0.44144782,-0.42876092,-0.3988938,-0.5844399,-0.13035423,-0.25854486,-0.070091404,0.003651258,0.19501214,0.18972594,0.60680807,0.19078317,0.36734268,0.62213814,0.67156416,0.57139045,0.7646015,0.6924447,0.9126155,1.054286,0.8808982,1.0207186,0.9596628,0.89992857,0.62610275,0.89226353,0.9231879,0.895171,1.0334054,0.9678564,0.98847264,0.80927,0.97472847,0.9197519,0.52302164,0.5132421,0.53306544,0.48866123,0.7238977,0.751386,0.7323556,0.7275981,0.63244617,0.6789649,0.6472476,0.62610275,0.70037407,0.8848629,0.79737604,0.8882989,0.9652133,0.9073293,0.8367583,0.7894467,0.7762312,0.84257317,1.0183398,1.1827408,1.1793048,1.354807,0.863718,0.5415234,0.6187021,0.77834564,0.8853915,0.8613392,0.8623965,0.8795767,0.89834267,1.033934,1.0497926,1.1837982,1.1158704,1.1814193,1.1938419,1.1129628,1.0867962,1.0941968,1.0201899,0.93402463,0.8272432,0.8296219,0.76354426,0.7069818,0.8494452,0.7331486,0.6295388,0.8129704,0.85869616,0.76328,0.85869616,0.7344701,0.7172899,0.8869773,0.96019137,1.0445064,1.1980709,1.2934871,1.3857315,1.1901416,1.1668823,1.2691704,1.4777116,1.4118981,1.3799167,1.5234373,1.5186796,1.4396508,1.4327787,1.502821,1.5900434,1.398947,1.3442347,0.9728783,0.8906777,0.5016125,0.16778815,0.17439593,-0.08595004,-0.096786775,-0.14753443,-0.032030676,-0.12189628,-0.4657644,-0.5228555,-0.65131044,-0.1470058,-0.09572953,0.06682149,0.039333194,0.012373508,-0.052646905,0.18866868,0.22514355,0.4519221,0.28170604,0.35597733,0.36575678,0.23175132,0.06682149,0.040654745,0.37632924,0.32716748,0.50108385,0.6202879,0.5402018,0.4778245,0.34778368,0.3607349,0.26505446,-0.582854,-0.84134984,-0.7242602,-0.93914473,-0.85985154,-0.91429955,-0.96425426,-1.2351726,-1.3723499,-1.2518243,-0.8817893,-0.7409117,-0.9330656,-0.8757102,-0.7144807,-0.6621472,-0.60082716,-0.5823254,-0.80355334,-0.951303,-0.38488534,-0.3637405,-0.45466337,-0.48902375,-0.61007804,-0.83157027,-0.6891069,-0.41686696,-0.25114417,-0.06691968,-0.29264095,-0.26700282,0.21774286,-0.011678758,-0.032294985,-0.07432037,-0.037052575,-0.07352744,-0.01749359,-0.03863844,-0.061897773,-0.12427508,0.088230655,-0.07432037,-0.24823676,-0.13854785,-0.23396398,-0.50726116,-0.551401,-0.58364695,-0.56118053,-0.4340471,-0.5268202,-0.6225006,-0.63148713,-0.71315914,-0.74884105,-0.71342343,-0.67853445,-0.5685812,-0.69677186,-0.714745,-0.6518391,-0.5202124,-0.3988938,-0.529199,-0.7871661,-0.79298097,-0.4832089,-0.44197646,-0.6706051,-0.6388879,-0.6325444,-0.78240854,-0.8283986,-0.6975648,-0.88231796,-0.9330656,-1.0311248,-0.88337517,-0.8482219,-0.7152737,-0.82601976,-0.97429806,-1.0083941,-0.9695404,-1.2959641,-1.2573748,-1.2140278,-1.1500646,-1.1238979,-0.7107803,-0.986192,-0.93465143,-1.0157948,-1.0514767,-1.0284817,-1.1122683,-1.1643375,-1.131563,-1.0853086,-1.0987884,-0.93729454,-1.1046032,-1.0025792,-0.9835489,-1.1032816,-1.1968476,-1.2473309,-1.0564986,-0.8656664,-0.8445215,-0.9912139,-1.0102443,-1.2037197,-1.3181663,-1.3152587,-1.3311174,-1.2721763,-1.2512957,-1.2552603,-1.3736714,-1.3837153,-1.5497023,-1.7085531,-1.6956018,-2.1274853,-1.669435,-1.6715494,-1.8399154,-1.5571029,-1.6060005,-1.669435,-1.5483807,-1.7228258,-1.7397416,-1.7241473,-1.7056456,-1.6628273,-1.4450353,-1.5285574,-1.5230069,-1.4807173,-1.6453828,-1.8705754,-1.545209,-1.4883822,-1.6178944,-1.3305888,-1.4384276,-1.7896963,-1.3186948,-1.3575486,-1.3646849,-1.4865321,-1.6522548,-1.192883,-1.16143,-1.3411613,-1.4384276,-1.3660065,-1.4061817,-1.4365773,-1.5237999,-1.5824769,-1.5449446,-1.5523455,-1.3120872,-1.5652966,-1.6712852,-1.681329,-1.7606221,-1.7254689,-1.6940159,-1.6522548,-1.5964853,-1.5523455,-1.4606297,-1.4326128,-1.4894396,-1.5544599,-1.6696993,-1.3567555,-1.2272434,-1.1704166,-1.027953,-1.1815176,-1.2306794,-1.2280363,-0.99887896,-0.93438715,-0.95183164,-1.0467192,-0.951303,-0.97482663,-1.0120945,-0.9449596,-1.0834584,-1.2452165,-1.3831866,-1.3509407,-1.3831866,-1.3276813,-1.2468023,-1.3422185,-1.3226595,-1.3089154,-1.2956998,-1.2528814,-1.1566724,-1.1754385,-0.95553195,-0.7898092,-0.76628554,-0.8886614,-0.8717455,-0.8246982,-0.7398545,-0.72848916,-0.7935096,-0.6822348,-0.6417953,-0.5630307,-0.51809794,-0.48611632,-0.18665238,-0.26250952,-0.108416446,-0.13590474,-0.30770665,-0.32779425,-0.34259567,-0.23554985,-0.27704662,-0.3455031,-0.35739705,-0.077227786,-0.07907797,-0.08885746,0.018188342,-0.029387569,-0.0600476,-0.057404492,0.014752304,0.17598179,0.14162141,0.32426003,0.24946013,0.07897978,0.11994793,0.095367044,-0.019343765,0.13844967,0.72072595,0.7500645,0.7286553,0.74002063,0.6414328,0.7238977,0.66046315,0.6364109,0.5787912,0.4730669,0.6134159,0.85922474,0.7299769,0.7273338,0.80186933,0.8642466,0.8505025,1.0312909,1.21948,1.3030021,1.1267071,1.1341077,1.1732258,1.0854745,1.1137558,1.1634462,1.3336623,1.4787687,1.4615886,1.6127744,1.6259898,1.6830809,1.6508349,1.8255444,1.8852785,1.9999893,2.102013,2.0750535,2.1633334,2.1873856,2.1583114,2.3398926,2.2571635,2.1842139,2.355487,2.3546944,2.234433,2.4945145,2.6007674,2.3565445,2.47892,2.3618305,2.4189217,2.8143303,2.7614682,2.7757409,2.6211193,2.690633,2.5476408,2.3105543,2.3454432,2.6137185,2.1276515,1.6090739,1.6706583,1.4393865,1.2102292,1.166618,1.511279,1.4975348,1.5014995,1.4113696,1.1200992,1.0712018,0.9461829,1.2268808,1.2556906,1.0201899,0.9599271,0.7281267,0.7302412,0.7072462,0.7490072,0.68372244,0.6107728,0.2560679,0.40249598,0.44848603,0.52037853,0.47359556,0.4574726,0.5441665,0.38478717,0.4109539,0.8140276,0.6570271,0.74134225,1.1248568,0.7947329,0.17994644,0.5439022,0.507163,0.95622677,0.9443327,1.1835339,1.1481161,1.467932,1.7940913,2.045715,2.0824542,2.4514318,2.7387376,2.782613,2018-04-17
SNP_BKR,0.7585259,0.6712931,0.88912576,0.7046908,0.72047573,0.80205923,0.7075154,0.47771937,0.43900463,0.48984888,0.38832653,0.2942813,0.23645842,0.32502046,0.42405045,0.22682127,0.31804186,0.28514263,0.16168745,0.48635957,0.5883804,0.54684097,0.28746882,0.19093122,0.14291163,0.13377295,0.15470882,0.08276255,-0.13939029,-0.0059656603,-0.06146233,-0.18907143,-0.09618929,-0.072927214,-0.17677577,-0.24805741,-0.12942083,0.1497241,0.088744216,0.18644495,0.52175117,0.49034736,0.42986593,0.26071745,0.09572284,0.2966075,0.21219939,0.21319634,0.1163264,-0.14902744,-0.3718449,-0.37400496,-0.20153327,-0.28128895,-0.40358102,-0.29009533,-0.17810503,-0.21781671,-0.3608785,-0.39494085,-0.37417114,-0.4153782,-0.51274663,-0.78690684,-0.638528,-0.51822984,-0.58735144,-0.6370326,-0.6343741,-0.5926685,-0.60645956,-0.6597962,-0.6114443,-0.5780466,-0.7325733,-0.71064043,-0.6471682,-0.65846694,-0.6823936,-0.7782666,-0.8335972,-0.9874591,-1.1330132,-1.2381911,-1.3648032,-1.3515106,-1.2649425,-1.301331,-1.3653017,-1.6856538,-1.65209,-1.5804759,-1.9237578,-1.4889232,-1.2782351,-1.2862108,-1.2838845,-1.2852137,-1.1599308,-1.0256754,-1.0806737,-1.1041019,-1.103105,-1.1773773,-1.4091674,-1.4528669,-1.501385,-1.5469122,-1.681666,-1.5176684,-1.4204661,-1.312962,-1.1383303,-1.1097512,-0.7977071,-0.7144621,-0.79671013,-0.64268196,-0.6428481,-0.5306917,-0.3769958,-0.25653145,-0.23044468,-0.22097372,-0.43515098,-0.35456452,-0.09834934,-0.24872203,-0.2347648,-0.25769454,-0.37799275,-0.4000917,-0.39759934,-0.31452048,-0.2445681,-0.19289306,-0.5155713,-0.65963006,-0.6556423,-0.7809251,-0.70366186,-0.98247445,-0.92531615,-1.1145698,-1.1589339,-1.079012,-1.0618978,-1.1670756,-1.1915008,-1.2687641,-1.5430905,-1.5734974,-1.5145113,-1.5396011,-1.5381057,-1.5264747,-1.7276917,-1.7506214,-1.9041512,-1.9850699,-1.9628048,-1.896674,-1.6756843,-1.2526468,-1.3264208,-1.3506799,-1.367628,-1.3511783,-1.0976217,-1.0981202,-1.283386,-1.2968447,-1.4011917,-1.4257832,-1.6486006,-1.582636,-1.7301841,-1.9410381,-1.8149245,-1.8101059,-1.7590954,-1.7850161,-1.759594,-2.1587048,-2.0010211,-2.198915,-2.0226216,-1.802795,-1.8233985,-1.7381597,-1.8461621,-1.9169452,-1.7040973,-1.8466606,-1.9558262,-1.7994717,-1.7966471,-1.8863722,-1.9734389,-1.9922147,-1.9131236,-1.9737712,-1.6801707,-1.6698688,-1.5474105,-1.6260033,-1.6597332,-1.532124,-1.6770136,-1.6942939,-1.7753791,-1.659567,-1.620686,-1.3425381,-1.1057634,-1.2197477,-1.0122167,-1.0128813,-1.1595986,-1.0665503,-1.0811721,-0.9435935,-1.0471097,-1.0810059,-1.0587409,-1.0770181,-1.1125759,-1.1735559,-1.2109413,-1.1802021,-1.2184184,-1.1252038,-0.9638648,-0.7809251,-0.7654725,-0.7023326,-0.7604878,-0.79554707,-0.7151267,-0.89141995,-0.74437046,-0.5438181,-0.36902022,-0.12460226,-0.22064139,-0.47569346,-0.444622,-0.39327928,-0.44910824,-0.36868793,-0.37682962,-0.36918637,-0.12028215,-0.18192665,-0.15102133,-0.36220777,-0.34924746,-0.48317057,-0.5850252,-0.63753104,-0.638528,-0.6970155,-0.5439843,-0.61991835,-0.72941625,-0.8339295,-0.65182066,-0.76214933,-0.7993686,-0.78890073,-0.7015018,-0.78740525,-0.66378397,-0.5139097,-0.48981687,-0.5478059,-0.5534553,-0.42651078,-0.3470874,-0.39593777,-0.43996957,-0.31535128,-0.10134018,-0.17212334,-0.3321332,-0.39643624,-0.50327563,-0.4291693,-0.56043386,-0.5780466,-0.38546982,-0.25619915,-0.21133655,-0.05282213,-0.53185475,-0.3713464,-0.19056684,-0.061130017,0.019622624,0.0472048,-0.13390708,-0.109315746,-0.1535137,-0.04102493,0.09323048,0.2416093,0.18777421,0.30674312,0.2735116,0.29195508,0.14756405,0.20555308,0.11167398,0.17913401,0.13593301,0.25290802,0.2196765,-0.0061318185,-0.12642999,-0.15401216,-0.16963099,-0.10100786,-0.10815265,-0.06594859,-0.15716916,-0.09519234,-0.17361876,-0.13207935,-0.12709461,-0.14786433,-0.113968164,-0.08040431,-0.18458517,-0.29075995,-0.35240448,-0.31219426,-0.30322176,-0.33362862,-0.23626022,-0.22429687,-0.13639945,-0.24274036,-0.27813196,-0.053154446,-0.051825188,-0.045345034,-0.018095171,-0.26434085,-0.22047524,-0.41205508,-0.44744667,-0.38796222,-0.34874898,-0.3384472,-0.38829452,-0.24307269,-0.1800989,-0.26567012,-0.39560547,-0.20668414,-0.11130964,-0.046175823,0.10253531,0.124468125,0.061162043,0.32070035,0.38932347,0.268693,0.37486777,0.14905946,0.17547855,0.006994639,0.07711318,0.07179614,0.1788017,0.12496659,0.21635334,0.18843883,0.30242303,0.10951393,-0.010784233,-0.097020075,-0.44279423,-0.28394747,-0.12210989,-0.20269637,-0.30139405,-0.5325194,-0.2449004,-0.32598537,-0.5207222,-0.70083714,-0.7977071,-0.8804536,-0.84323424,-1.0329864,-1.0444512,-1.0022472,-0.952566,-0.8091719,-0.8620101,-0.89806634,-0.83658797,-0.8314371,-0.7307455,-0.78657454,-0.91983294,-0.9352857,-0.96519405,-0.80618113,-0.752346,-0.87131494,-0.88859534,-0.57738197,-0.5933331,-0.66461474,-0.7397181,-0.737558,-0.71346515,-0.70831424,-0.80019945,-0.90936506,-0.885106,-0.8957401,-0.8849399,-0.8934139,-0.77942973,-0.78192204,-0.49895555,-0.43930495,-0.38912532,-0.23858643,-0.23991568,-0.15716916,0.09372895,0.17282002,0.14839484,0.02859514,0.06265747,0.13992079,0.2200088,0.35808584,0.32003573,0.22366427,0.22665511,0.20455614,0.20804545,0.2695238,0.24210778,0.16700451,0.09040581,0.21286403,0.16600755,0.28929657,0.30059528,0.21037167,0.13393912,-0.0023101915,0.081267126,0.3323314,0.26420677,0.27749938,0.13742843,0.077279344,0.05069411,0.046872485,-0.094195396,-0.0126119675,-0.053154446,0.06814067,0.06664525,-0.013110441,-0.05780686,0.00981932,-0.07641652,0.010151636,0.09721826,0.010317793,0.04786943,-0.0082918685,0.110510886,0.23363374,0.29129046,0.5254066,0.5574751,0.59087276,0.6387262,0.51228017,0.54169005,0.57375854,0.61845493,0.73310375,0.7806248,0.6870781,0.60499614,0.5976852,0.55099493,0.6129717,0.4637621,0.28115484,0.41408098,0.5368715,0.5536534,0.69339204,0.6224427,0.5200896,0.51842797,0.52607125,0.410924,0.42521355,0.3155495,0.20306073,0.19275895,0.4202288,0.41125628,0.39248046,0.51244634,0.74672866,0.6540127,0.49583057,0.5265697,0.57209694,0.57558626,0.5845587,0.5725954,0.6762778,0.81751186,0.80488384,0.7867727,0.8602144,0.87251,0.86619604,0.8786579,0.9047447,0.91903424,0.80205923,0.7297806,0.74905485,0.72712207,0.65883124,0.5769155,0.7226358,0.6189534,0.49516594,0.5232466,0.56661373,0.6131379,0.49583057,0.5245758,0.42238888,0.42604432,0.28813344,0.4371769,0.38384026,0.30857086,0.36074436,0.41607484,0.51078475,0.61413485,0.63207984,0.50613236,0.6304183,0.7558673,0.7959114,0.75835973,0.7269559,0.5927005,0.6955521,0.5697707,0.52374506,0.50131375,0.6327445,0.62792593,0.563789,0.57924175,0.60233766,0.592202,0.54169005,0.34595633,0.5229143,0.5077939,0.31372175,0.3175434,0.28580725,0.36871994,0.45246342,0.5038061,0.5102863,0.61646104,0.59502673,0.59918064,0.5789094,0.68325645,0.7414116,0.8294752,0.7633444,0.78976345,0.867193,0.9047447,1.0311906,0.9260128,0.8701838,0.75835973,0.75138104,0.7399162,0.61047935,0.6076547,0.67777324,0.6191196,0.4473125,0.5907066,0.5330499,0.42704126,0.6305845,0.62742746,0.5825649,0.52956057,0.64487404,0.47406387,0.5283975,0.6287567,0.67544705,0.64437556,0.67345315,0.7779663,0.6860812,0.6804317,0.5596351,0.5800725,0.5960236,0.7131648,0.71150327,0.6885735,0.65683734,0.7581936,0.72795284,0.71964496,0.846091,0.72595894,0.77231693,0.93880695,0.76201516,0.77231693,0.71416175,0.67245615,0.54700714,0.45944205,0.4948336,0.39912677,0.35409805,0.4355153,0.5686076,0.6339076,0.630086,0.6475325,0.5614628,0.64936024,0.44482017,0.43568146,0.48187333,0.327679,0.36539674,0.47622395,0.47339925,0.4175703,0.55465037,0.4634298,0.40643772,0.43867233,0.40627155,0.38516954,0.614301,0.63723075,0.7229681,0.70369387,0.67793936,0.67046225,0.95791507,0.92933595,1.1192542,1.2139641,1.2889012,1.2952152,1.3485519,1.3952422,1.5560827,1.4999216,1.5007522,1.5989515,1.7102772,1.6687378,1.6640854,2.308611,2.4711132,2.5169728,2.5023508,2.0813072,2.2237046,2.1826634,2.246468,1.9877605,2.1997778,1.719582,1.4366153,1.4690161,1.6099179,1.4891212,1.7636138,1.8993646,1.8794256,1.6946584,1.9817789,1.8084763,2.0901136,2.2479634,1.9088355,1.6903383,1.697483,1.6939936,1.6597652,1.6253705,1.4326276,1.6901721,1.7970114,1.6581036,1.6080903,1.774414,1.772254,1.8156211,1.7509857,2.0728333,2.3142605,1.9927452,2.0386047,2.5683155,2.3343654,2.356132,2.7022388,2.4829104,2.9612787,2.8675656,2.9395118,2.8800275,3.0920446,3.3225055,3.3603895,3.2005455,3.1259408,2.9692543,3.12943,2018-04-17
KOS_COP,1.7541807,1.6346049,1.8553599,1.9525973,1.8855823,1.5360538,1.5242275,1.7436686,1.564962,1.555764,1.4322463,1.7436686,1.7844031,1.5964986,1.6556293,1.6043825,1.2837622,1.2417136,1.42042,1.3941398,1.3061005,1.2298875,1.1195099,1.3152988,1.2982163,1.2745641,1.0892875,1.1063697,1.3639174,1.4007099,1.4519566,1.4007099,1.411222,1.2863902,1.3573472,1.4401304,1.4230481,1.2745641,1.2101772,1.2561678,1.1891528,1.130022,1.2535398,1.1155678,1.0919155,1.049867,0.61098504,0.7266186,0.73056066,0.97759604,0.7226766,0.75815505,0.65566164,0.6569756,0.7699812,0.7134784,0.608357,0.38365993,0.03675923,0.2706544,0.20495352,0.39023,0.5190038,0.5098057,0.6017869,0.7200485,0.8488223,0.9329194,0.680628,0.64514947,0.5649944,0.7187345,0.7358167,1.0722053,1.1352782,1.1996651,1.0196446,0.84225214,0.79363346,0.94474554,0.76603913,0.7042803,0.75815505,0.72136253,0.7069083,0.681942,0.81071573,1.0051904,0.8514503,0.6530336,0.6569756,0.60441494,0.58470464,0.5518542,0.42702252,0.46512905,0.40468422,0.4480468,0.49403742,0.754213,0.77917933,0.6727439,0.45987296,0.1747311,-0.21684623,-0.4126349,-0.73982537,-0.6990908,-0.76084965,-0.7582216,-0.67938054,-0.72274315,-0.72274315,-0.14588925,0.4151964,0.56368035,0.32584316,0.07355173,0.014420926,0.112972274,0.23780397,0.5268879,0.27196842,0.27985254,0.15107879,-0.11698086,-0.06967622,-0.05785006,-0.33904988,-0.33510783,-0.19056585,-0.06179211,0.65960366,0.7082223,0.59390277,0.7200485,0.64777756,0.75552696,0.83174,0.5439701,0.5295159,0.7844354,0.5952168,0.36000758,0.5137477,0.2772245,0.20889556,0.3954861,0.43490663,0.31795907,0.15633486,-0.29174525,0.07486574,0.28905067,0.4099403,0.31138897,-0.48096383,-0.27860504,-0.3022574,-0.29174525,-0.5295825,-1.0433636,-1.3350754,-1.2680604,-1.3153652,-1.2825147,-1.5058978,-1.227326,-1.2102437,-1.304853,-1.1327167,-1.307481,-1.2733166,-1.153741,-0.99737287,-1.3981483,-1.5821108,-1.7673873,-1.6977444,-1.4677912,-1.5295501,-1.3258772,-1.5781686,-1.8764507,-1.7450489,-1.5913088,-1.6596378,-1.7279668,-1.3285053,-1.2562343,-1.3508435,-1.2404661,-0.86465704,-0.9145897,-0.98423266,-1.0617597,-0.48884794,-0.22473033,-0.7963281,-0.8318066,-0.565061,-0.5755731,-0.74639547,-0.79238605,-0.56243294,-0.79501414,-0.8738552,-0.32459566,-0.2378705,-0.1642855,-0.19187987,-0.21027613,0.23780397,0.19969745,0.11954236,0.2325479,-0.10778274,0.076179765,0.26277032,0.33372727,0.2167797,0.30613288,0.27459648,0.37840384,0.53345793,0.38497397,0.38365993,0.53871405,0.55316824,0.2851086,0.38891602,0.30876094,0.26408434,0.29036468,0.4992935,0.30613288,0.42965055,0.43884867,0.36526367,0.37577584,0.46775708,0.3941721,0.5544822,0.48746735,0.461187,0.08931995,0.007850837,-0.07493229,-0.05127997,0.122170396,0.31795907,0.3797179,0.25225818,0.4322786,0.16553299,0.2535722,0.19049932,-0.12223693,-0.31671157,-0.37978446,-0.4862199,-1.1813353,-1.1182625,-0.78844404,-1.2036737,-0.9172178,-1.0170832,-0.89487946,-0.9211598,-0.90933365,-0.7976421,-0.8515169,-0.7411394,-0.7766179,-0.62024975,-0.74639547,-0.14457524,-0.35219008,-0.3994947,-0.34299195,-0.29962933,-0.5256404,-0.62156373,-0.43891525,-0.35219008,-0.28780317,-0.5216984,-0.5269545,-0.7503375,-0.5243264,-0.29831532,-0.2365565,-0.31671157,-0.31671157,-0.47439376,-0.5125002,-0.274663,-0.5821432,-0.48490587,-0.1564014,-0.042081848,0.010478873,0.052527443,-0.021057557,0.009164855,0.35475156,0.25094414,0.14976478,0.14845075,0.08931995,-0.07099024,-0.022371575,-0.060478095,-0.01974354,-0.06310613,-0.049965948,-0.010545414,0.0012807476,0.010478873,-0.089386486,-0.1564014,-0.060478095,0.12874047,0.122170396,-0.10909674,-0.23392846,-0.25889477,-0.0315697,0.08931995,0.23517594,0.11034423,-0.07099024,0.4257085,0.55579627,0.315331,0.3744618,0.28116655,0.31927308,0.29693475,0.35475156,0.24174602,0.8067737,0.70033824,0.7463289,0.8527643,0.92766327,0.8396241,0.5400281,0.4533029,0.4835253,0.4322786,0.46644303,0.74107283,0.6543476,0.5873327,0.75158495,0.6385794,0.38891602,0.4822113,0.3573796,0.53740007,0.65171957,0.7055943,0.83042604,0.5163757,0.5242598,0.6188691,0.5452841,0.7161065,0.6333233,0.50849164,0.6911402,0.66880184,0.6582897,0.6464635,0.7266186,0.72136253,0.63463736,0.45461687,0.13662459,0.04464334,-0.39292464,-0.7582216,-0.8383767,-0.8383767,-1.0551896,-1.1103784,-1.2378381,-1.5374341,-1.7016863,-1.6701499,-1.7030004,-1.6333575,-1.4756753,-1.4073464,-1.4467669,-1.4270566,-1.4099743,-1.4848734,-1.4441389,-1.3705539,-1.5269219,-1.3206211,-1.675406,-1.457279,-1.5584584,-1.6491257,-1.7463629,-1.5794827,-1.5269219,-1.2207559,-1.2063017,-1.2023597,-1.3469015,-1.4691052,-1.2812008,-1.4152305,-0.68463665,-0.33510783,-0.21947424,-0.09595657,0.17867318,0.28905067,0.3310992,0.39023,0.44936085,0.681942,0.5610523,0.4257085,0.4533029,0.43884867,0.49140942,0.3573796,-0.02499961,-0.2076481,-0.11698086,0.07486574,0.120856375,-0.25495273,-0.2970013,-0.3981807,-0.49804607,-0.41000688,-0.21027613,0.112972274,0.057783514,0.08274986,0.1077162,-0.19713596,-0.16034345,-0.28780317,-0.41789097,-0.4349732,-0.48359185,-0.5256404,-0.56243294,-0.5019881,-0.56243294,-0.58608526,-0.45205545,-0.3679583,-0.42314705,-0.4126349,-0.43234515,-0.30488542,-0.31145552,-0.43760124,-0.5269545,-0.5190704,-0.6951487,-0.74639547,-0.4349732,-0.3692723,-0.19713596,-0.27597702,-0.34167793,-0.40737882,-0.38504055,-0.24049854,-0.41526297,-0.4704517,-0.45731148,-0.11435282,-0.009231396,0.05515548,0.24700208,-0.30488542,0.015734944,0.16947503,0.37840384,0.35080948,0.39285806,-0.053908005,-0.13012104,-0.30094337,-0.38109845,-0.6031675,-0.5584909,-0.82392246,-0.8541449,-0.8869954,-0.89619344,-0.91984576,-0.8383767,-0.45731148,-0.4796498,-0.5125002,-0.47570774,-0.40212274,-0.48359185,-0.59002733,-0.42577508,0.6267532,0.17341709,0.39811414,0.55842435,0.5860187,1.1326501,1.1523603,0.9959923,0.8632765,1.4953191,1.8776984,1.0761473,0.8527643,0.6701158,0.5991589,0.32715717,-0.09201452,0.028875124,0.049899407,0.07223771,0.27985254,0.15370682,0.21283764,0.07355173,0.07355173,0.2167797,0.010478873,-0.24706861,-0.124864966,-0.44285733,-0.34956205,-0.37978446,-0.22735836,-0.034197737,0.13399656,0.10508816,0.16027692,0.3797179,0.52820194,0.4099403,0.5781346,0.34686744,0.41913843,0.462501,0.52557385,0.52820194,0.5268879,0.6162411,0.66880184,0.50192153,0.61098504,0.5965308,0.45987296,0.50454956,0.5610523,0.72530454,0.5952168,0.53214395,0.5163757,0.46512905,0.4020562,0.07223771,0.42176646,0.86196244,1.0827174,1.1457902,0.7607831,0.8908708,0.83699614,0.80283165,0.76472515,1.049867,1.2456557,0.90269697,0.9973063,1.2640519,1.2430276,1.1891528,1.1878389,1.1510464,1.1746987,1.3218688,1.40728,1.5032033,1.4046519,1.5399958,1.2548537,1.2390856,1.3704875,1.42042,1.342893,1.2811341,1.4716668,1.4690388,1.5636481,1.6030686,1.5452518,1.555764,1.7476106,1.7173882,1.5794163,1.5334257,1.4020239,1.3244969,1.0643212,1.2561678,1.2745641,1.2022932,1.0958576,1.1917809,1.2272594,1.1694427,1.0038763,1.1089978,0.96445584,1.0038763,0.89744097,0.80414563,0.86721855,1.0735192,0.9289774,1.0853455,1.1365921,0.97496796,1.2679939,1.0932297,1.2312014,1.5991266,1.6937358,1.3849417,1.408594,1.5675901,1.4992613,1.1996651,1.269308,1.2443417,1.416478,1.4230481,1.40728,1.5334257,1.6148947,1.5071453,1.416478,1.2220033,1.3954538,1.2811341,1.0340987,0.9894222,0.86590445,0.907953,0.95131564,1.0919155,-0.31539756,-0.44285733,-0.45862553,-0.34562,-0.24049854,-0.3022574,-0.4047508,-0.6057955,-0.6557282,-0.68595064,-0.70960295,-0.55586284,-0.6189357,-0.5256404,-0.67675245,-0.7595356,-0.80946827,-1.0788419,-1.3337613,-1.0551896,-1.2430942,-1.22864,-1.1918476,-1.1997316,-1.4218006,-1.2759447,-1.307481,-1.1734513,-0.46519563,-0.5519208,-0.6609843,-0.91984576,-1.0302233,-1.1222045,-1.1497989,-1.2759447,-2.1681626,-2.0236206,-2.4506767,-2.2259796,-1.9145572,-2.333729,-2.3718355,-2.186559,-1.8054937,-2.032819,-2.0880077,-2.0564713,-2.190501,-2.404686,-1.8764507,-2.1300561,-2.402058,-2.1405683,-2.115602,-2.0919497,-2.0893216,-2.1563365,-1.9631759,-1.8843349,-1.8633106,-1.4953855,-1.4953855,-1.5203518,-1.3508435,-1.4507089,-1.4743612,-1.6399275,-1.8094358,-1.8383443,-1.9066731,-2.2036412,-2.194443,-2.0170505,-2.270656,-2.467759,-2.3718355,-2.2443757,-2.182617,-2.3731494,-2.5387158,-2.3692074,-2.3836617,-2.3810337,-2.5584261,-2.6214988,2018-04-17
OXY_CPG,-0.33274087,-0.26542896,-0.22918412,-0.17386301,-0.048232324,-0.15778445,-0.41940153,-0.2531657,-0.52840865,-0.5777343,-0.7306168,-0.69518954,-0.8453468,-0.7924783,-0.6624874,-0.5324964,-0.7714945,-0.62651503,-0.70990545,-0.62978524,-0.6415035,-0.4850783,-0.29295328,-0.20602009,-0.023433207,0.029980276,-0.14661123,-0.29922122,0.06704269,-0.10219084,-0.119904496,0.11963862,0.15016061,-0.04577966,-0.119631976,0.045786306,0.12835918,0.18095511,0.002183464,0.19648865,0.27197605,0.26570815,0.12072869,0.30195302,-0.0027218559,0.094566986,-0.21038039,-0.32620046,-0.68919414,-0.6619423,-0.9369128,-0.79711115,-0.66275984,-0.5207781,-0.39896268,-0.5970831,-0.68565136,-0.77285707,-1.0636336,-1.0859799,-1.1573796,-1.0614533,-1.2704744,-1.3214352,-0.971795,-0.7567785,-0.7006399,-0.9156563,-1.026571,-1.0772594,-1.1053287,-0.99822927,-1.0581831,-0.6199746,-0.48153555,-0.011714943,-0.14361353,0.04769393,0.14280264,0.2003039,-0.043872036,-0.34418663,-0.5292262,-1.2050701,-1.2053427,-0.9862385,-0.37879637,-0.16568747,-0.053682677,-0.61779445,-0.39160472,-0.4692723,-0.733887,-0.60444105,-0.9867835,-0.9916888,-1.1590146,-1.2846454,-1.1688253,-0.90802586,-0.9246494,-1.2178785,-1.2699294,-1.4369828,-1.5337266,-1.4579667,-1.2287792,-1.7021425,-1.5320915,-1.2034351,-1.272927,-0.77258456,-0.48235312,-0.40414053,-0.4248519,-0.01553019,-0.098103076,-0.17113782,-0.20683765,-0.0029943737,0.171417,0.08639146,-0.10328091,-0.15451424,-0.22482382,0.2343686,0.12917675,-0.281235,-0.542307,0.15670104,0.23028085,0.30903843,0.49135283,0.5889142,0.47145906,0.49898332,0.40196702,0.45347288,0.66004133,0.5818287,0.11854855,0.1746872,0.40877995,0.27906153,0.5848264,0.53768086,0.3300223,0.2973202,0.61616594,0.50879395,0.51615196,0.5821012,0.7725912,0.5052512,-0.12072205,-0.20683765,-0.57746184,-0.83417356,-0.718081,-0.6128892,-1.0881602,-0.91075104,-0.5946304,-0.49488893,-0.96280193,-1.1061462,-1.0410146,-0.8499796,-0.541762,-0.5147828,-0.7750372,-0.7284367,-0.91102356,-0.80283403,-0.8011989,-0.53440404,-1.135578,-1.2399524,-1.5296388,-1.8912699,-1.9258796,-2.0357044,-1.3484145,-1.5378144,-1.8195977,-2.1354458,-1.9403231,-1.4075508,-1.731847,-1.4778605,-1.3099896,-1.0527328,-0.48453328,-0.902848,-1.0579107,-0.5905427,-0.8270881,-1.1840862,-0.9903263,-1.1306728,-1.008585,-0.91974413,-0.7823952,-0.6164319,-0.18830644,-0.23081921,-0.20792773,0.01362921,-0.5115125,-0.4420205,-0.38233912,-0.3665331,-0.59899074,-0.31121197,-0.084477186,-0.37389106,-0.5769168,-0.5071522,-1.1001508,-0.6387783,-0.641776,-0.39978024,-0.5548428,-0.696007,-0.52132314,-0.35208964,-0.17795077,-0.2899556,-0.5384918,-0.7240764,-0.6622149,-0.77967,-0.83144844,-0.70391005,-0.733887,-0.7047276,-0.7033651,-0.85243225,-0.3147547,-0.46436694,-0.28941056,-0.27387702,-0.07303144,-0.11663428,0.3668122,-0.03651406,0.18449785,0.3281147,0.34746346,0.24935709,0.46955144,0.3741702,0.6216163,0.80801845,0.5671128,0.6894733,0.6652192,0.6194362,0.32620707,0.7150899,0.71999526,0.6622215,0.77231866,0.7333486,0.6753023,0.4586507,0.6537734,0.55621207,0.2959576,0.32130176,0.3327475,0.32947728,0.62870175,0.53768086,0.5196947,0.53931594,0.40087694,0.44502482,0.39297393,0.2774264,0.28641948,0.57120055,0.4155929,0.509339,0.6055378,0.5720181,0.57719594,0.5455839,0.53659075,0.65241086,0.8221894,1.0595524,1.0729058,1.3059084,0.7347112,0.34555584,0.4583782,0.6341521,0.73225856,0.75378746,0.6783,0.72599065,0.7728637,0.9153905,0.9644437,1.1241392,1.0312105,1.1116034,1.1573864,1.0402036,0.97588944,0.95327044,0.8284573,0.74779207,0.677755,0.6886557,0.6028126,0.53413814,0.69138086,0.5169695,0.37253508,0.5921844,0.51833206,0.38888618,0.47636437,0.31503385,0.19539857,0.4262211,0.4215883,0.5041612,0.69138086,0.8434458,0.98433745,0.82545966,0.8497137,0.9344667,1.1821854,1.1088781,1.0734508,1.2522224,1.260398,1.0990676,1.0906194,1.2080747,1.3113588,1.3010032,1.3933867,1.2533126,1.1791878,0.777769,0.41477534,0.5027986,0.28260422,0.24063651,0.18122765,0.35809165,0.29786524,-0.06158569,-0.11009386,-0.227549,0.39106628,0.44420728,0.6243415,0.5799211,0.5417686,0.4859025,0.69546866,0.7464295,0.99333054,0.75351495,0.88268834,0.8352703,0.6995564,0.5518518,0.54967165,0.93337667,0.86197704,1.0118618,1.1227765,1.0047764,1.0249426,0.8873212,0.88296086,0.7788591,-0.10437098,-0.33737367,-0.39541996,-0.53658414,-0.43902278,-0.51914304,-0.5305888,-0.6987322,-0.88731456,-0.7431526,-0.2090178,-0.08120698,-0.29922122,-0.20792773,-0.075484104,-0.071668856,0.050964147,0.08857159,-0.20111477,-0.33682862,0.32647958,0.26925087,0.18667799,0.19539857,0.055869464,-0.18176602,-0.060223103,0.18776807,0.32784218,0.5458564,0.27361113,0.37389767,0.83799547,0.5717456,0.569838,0.5390435,0.59817976,0.5848264,0.625159,0.5077039,0.4433897,0.3619069,0.5949096,0.41341275,0.22292286,0.34473827,0.27660882,0.035975665,0.027527617,-0.01934544,-0.00708214,0.15424839,0.12399891,0.004636124,-0.01689278,-0.11908694,-0.22863907,-0.16432488,-0.074394025,0.05505191,-0.14361353,-0.17795077,-0.20056975,0.012266622,0.1790475,0.03352301,-0.30112883,-0.3177524,-0.0046294807,-0.0029943737,-0.24390006,-0.3027639,-0.29349834,-0.45946163,-0.6096189,-0.45155862,-0.62188226,-0.78730047,-0.8011989,-0.6717529,-0.5987182,-0.4943439,-0.6224272,-0.78512037,-0.8221828,-0.8292682,-1.180271,-1.0598183,-1.0451024,-1.0050422,-0.94127303,-0.55021006,-0.8110096,-0.72271377,-0.8150973,-0.8690558,-0.8322659,-0.9655271,-1.0159429,-0.9979567,-0.91919905,-0.8701459,-0.70172995,-0.90175796,-0.7976562,-0.74342513,-0.8668757,-0.9265571,-0.9677073,-0.7758547,-0.57500917,-0.5360391,-0.7199886,-0.7363396,-1.0104926,-1.141301,-1.1366682,-1.1502942,-1.0799845,-0.97315764,-0.96280193,-1.179726,-1.2039802,-1.3279757,-1.4863085,-1.4634169,-1.9073485,-1.4274447,-1.3980128,-1.5361793,-1.2473105,-1.2819202,-1.3268856,-1.2445853,-1.4045532,-1.4263546,-1.4361652,-1.4056432,-1.3993754,-1.1772734,-1.2642065,-1.2898232,-1.2274166,-1.4007379,-1.647639,-1.3178926,-1.2445853,-1.402918,-1.0775319,-1.1780909,-1.5184656,-1.00913,-1.0573657,-1.0472825,-1.1750932,-1.3217077,-0.7886631,-0.709633,-0.96716225,-1.1418461,-1.0527328,-1.0775319,-1.0862525,-1.1889915,-1.223874,-1.156562,-1.1361232,-0.84970707,-1.110779,-1.3151674,-1.3462344,-1.3312459,-1.2819202,-1.2415876,-1.172368,-1.102876,-1.0453749,-0.99059874,-0.9216518,-0.96361953,-1.0622709,-1.1941694,-0.88867706,-0.7720395,-0.6935544,-0.5205056,-0.6902842,-0.7488755,-0.79002565,-0.7052727,-0.60662127,-0.64531875,-0.76004875,-0.6693003,-0.7273466,-0.76631665,-0.7137207,-0.85815513,-1.0764419,-1.2563035,-1.2017999,-1.2484004,-1.1720955,-1.0840724,-1.1843588,-1.1726406,-1.1731856,-1.1898092,-1.1620123,-1.0835273,-1.0769869,-0.8606078,-0.67747587,-0.6131617,-0.77231205,-0.74696785,-0.67965597,-0.5267735,-0.55947566,-0.5859099,-0.47663024,-0.4741776,-0.36816818,-0.33383095,-0.28450525,0.05859464,0.015809352,0.19185583,0.15261328,-0.008717247,-0.01198746,-0.05477275,0.04769393,0.025347475,-0.04005679,-0.01689278,0.09184181,0.07603578,0.060502265,0.17768492,0.18150017,0.15997127,0.16160636,0.23055336,0.39188385,0.29514003,0.4736392,0.35591152,0.21965265,0.2695234,0.18122765,0.048784003,0.26298296,0.83935803,0.9140279,0.9641712,0.9589933,0.81864667,0.94536746,0.8453534,0.81810164,0.7526974,0.62706673,0.7641431,1.0374784,0.93800944,0.96008337,1.0107718,1.0344807,1.007774,1.2249707,1.437262,1.5549897,1.4650588,1.4399872,1.4307216,1.3029108,1.3342503,1.383031,1.5173823,1.6609991,1.6800754,1.8345929,1.8792858,1.9427825,1.9207085,2.1071107,2.233559,2.3401134,2.4128757,2.3839889,2.465199,2.4401276,2.466834,2.6712224,2.6502388,2.5791113,2.738807,2.6311624,2.4346771,2.758428,2.9371998,2.6600492,2.7933104,2.7099202,2.779412,3.2416022,3.1470387,3.1685674,3.0132322,3.1154265,2.9385624,2.6436982,2.7126453,2.962544,2.430862,1.8255998,1.8694752,1.5833316,1.2931001,1.2323287,1.604588,1.604588,1.5975025,1.5081166,1.2167952,1.1546612,0.9707116,1.1325872,1.189816,0.90776,0.8134688,0.57937604,0.66957945,0.670942,0.6881107,0.62951934,0.5532144,0.194581,0.35645655,0.42812872,0.5085215,0.4662812,0.43221647,0.5259626,0.35945424,0.3924289,0.84262824,0.6736672,0.76278055,1.1503009,0.8418107,0.25807765,0.6644016,0.6188911,1.0805362,1.0666379,1.2764766,1.2320561,1.5631653,1.9008148,2.1319098,2.1479883,2.5878322,2.9200313,2.9824378,2018-04-17
E_CRK,-0.037588164,0.056183003,0.04172489,0.060726974,0.17267404,0.16275991,0.078076705,0.13136517,-0.038414344,0.28916508,0.1078191,0.16647771,0.16854316,0.47092417,0.44572574,0.29081744,0.28709963,0.31725514,0.381697,0.20241645,-0.08468029,0.044203423,0.022722803,-0.0289133,-0.13879493,0.080142155,0.087990835,-0.036761988,-0.19869281,-0.24124096,-0.17886454,0.24042061,0.18837142,0.037594,-0.14829597,-0.13301168,-0.19001794,-0.0326311,0.010330138,0.5316482,0.45233518,0.3994598,0.4184619,0.35443312,-0.019825347,-0.09789914,-0.09748605,-0.03428345,-0.4952906,-0.72909886,-0.71588004,-0.35236186,-0.00454106,-0.1582101,-0.11896666,-0.16151482,-0.16027555,-0.15862319,-0.087985,-0.047089208,-0.12722844,-0.05080701,-0.199519,-0.24371949,-0.056590248,-0.08137558,-0.08633265,0.036354735,-0.10450855,-0.09418134,0.079315975,-0.014868279,0.010743227,0.11442853,0.06485786,-0.17060277,-0.16316718,-0.35401422,-0.29287708,-0.4481985,-0.6555691,-0.8212177,-0.88524634,-1.2380242,-1.2338934,-1.125251,-0.9653856,-0.9724082,-0.6861376,-0.86748356,-0.8360888,-0.96869034,-1.1351651,-0.85219926,-0.7873444,-0.73405594,-0.6658963,-0.67044026,-0.61136854,-0.42134768,-0.34533936,-0.7402523,-0.60351986,-0.938948,-0.91540194,-1.0405679,-0.8819417,-1.1066619,-0.9744736,-0.8166737,-0.7956062,-0.44737226,-0.27098337,-0.15160069,0.004133805,0.098731145,0.1520196,0.088403925,0.07477199,0.15697667,0.21976617,0.3618687,0.1487149,0.07353273,0.050812844,0.11525471,-0.07393999,-0.23752317,-0.41762993,-0.29452944,-0.4031718,-0.525033,-0.44778538,-0.4242393,-0.65309054,-0.74810094,-0.67333186,-0.7794957,-0.7105099,-0.7964323,-0.96497256,-1.0661794,-0.9414265,-0.94555736,-0.80097634,-0.75512344,-0.91829354,-0.7923015,-0.7328167,-0.62458736,-0.59608424,-0.64606804,-0.6250005,-0.6311968,-0.64895964,-0.6939863,-0.924903,-1.2297624,-1.055439,-1.1120322,-1.2764415,-1.3660817,-1.2190222,-1.116163,-1.3082494,-1.390041,-1.3916932,-1.3173373,-1.0203265,-1.0438725,-1.0637008,-1.0066946,-1.1706908,-1.2528955,-1.3487321,-1.4020206,-1.5730393,-1.6288064,-1.8105654,-1.7671909,-1.7225775,-1.7882586,-1.4536567,-1.8089131,-1.8217187,-2.0158706,-1.8696371,-1.608565,-1.7428187,-1.5804749,-1.6217839,-1.4528304,-1.4751372,-1.5090106,-1.9266434,-1.6527654,-1.4908346,-1.7167943,-1.883682,-2.148059,-2.2166317,-2.4909227,-2.1633432,-2.0840302,-1.8403077,-2.060897,-2.0183492,-1.832459,-2.031568,-2.0836172,-1.9840627,-1.6911826,-1.6341765,-1.2706583,-1.2161305,-1.0265228,-1.0992265,-1.0884861,-1.2636358,-1.2252185,-1.3322085,-1.1153369,-1.1368176,-1.1789526,-1.0525475,-0.8497207,-0.7315774,-0.7951931,-0.7869313,-1.041807,-1.1244248,-1.1616029,-1.1083144,-0.8468291,-0.97571284,-1.2607442,-1.343362,-1.5085974,-1.353276,-1.5598204,-1.2450467,-1.1967154,-1.0562651,-0.8889642,-0.7951931,-0.87120134,-0.83774126,-0.69770414,-0.58906174,-0.5795607,-0.57708216,-0.53370786,-0.43208802,-0.34823096,-0.32922888,-0.2668525,-0.42093462,-0.70183504,-0.8117167,-0.75842816,-0.8146083,-0.8914427,-0.72620726,-0.86830974,-0.77040774,-0.91209716,-0.734469,-0.86665744,-0.94225264,-1.0083469,-0.9959542,-1.027349,-0.7972585,-0.51553196,-0.47257075,-0.49611676,-0.6336754,-0.64895964,-0.6617654,-0.6109555,-0.4172168,-0.21686871,-0.14292581,-0.2771797,-0.47504923,-0.7381868,-0.8497207,-0.7918884,-0.7146408,-0.45356864,-0.25115508,-0.0842672,-0.25776452,0.16647771,-0.8728537,-0.9447312,-0.5882356,-0.26024306,-0.110291794,0.14582327,-0.22719595,-0.28626767,-0.4362189,-0.15697083,-0.110291794,0.03718091,-0.015281369,0.06857566,-0.037588164,-0.1433389,-0.19290957,-0.28668073,-0.39201838,-0.3990409,-0.52544606,-0.5200759,-0.52255446,-0.6175649,-0.5989759,-0.84063286,-0.8790501,-0.874093,-0.91498876,-0.84930766,-0.7687554,-0.7935407,-0.7679292,-0.62376124,-0.6609392,-0.5882356,-0.5370126,-0.5758429,-0.45315555,-0.70266116,-0.69068164,-0.64069784,-0.72496796,-0.8286533,-0.7501664,-0.8075858,-0.74231774,-0.82658774,-0.8195653,-0.7043136,-0.54073036,-0.56386334,-0.43828434,-0.7022481,-0.7084444,-1.0649401,-1.0752672,-1.0153694,-1.1967154,-0.82245696,-0.9848008,-0.85096,-0.77288634,-0.89061654,-0.97075576,-1.0335454,-0.7865182,-0.65515596,-0.6667224,-0.6250005,-0.6357408,-0.39780164,-0.42506552,-0.4246524,-0.27387497,-0.5308162,-0.56675494,-0.617978,-0.5118141,-0.5399042,-0.41969535,-0.4432414,-0.4019325,-0.40441105,-0.4188692,-0.48248485,-0.5399042,-0.39201838,-0.5956712,-0.6613523,-0.75553656,-0.93688244,-0.91788036,-1.0013244,-0.9042484,-0.9054877,-0.9562977,-1.0467641,-1.2124127,-1.4528304,-1.3338609,-1.4396116,-1.390041,-1.5007488,-1.3735174,-1.2718976,-1.3631902,-1.2776808,-1.432589,-1.3144456,-1.0120647,-0.8096512,-0.7794957,-0.64895964,-0.4316749,-0.35607967,-0.33046815,-0.40482414,-0.06733056,0.1264081,-0.051633187,-0.024369324,0.057009175,-0.042132143,0.010330138,0.09542644,0.086751565,0.19456775,0.24785621,0.1408662,0.27305463,0.3110588,0.4510959,0.4762943,0.59485084,0.5609775,0.33625722,0.47464198,0.4994273,0.53123516,0.5841105,0.5556074,0.5254519,0.5275173,0.6221147,0.47959903,0.5791534,0.41350484,0.13425678,0.004133805,-0.18299542,-0.17225511,-0.292464,-0.27883205,-0.06526512,-0.24619804,-0.31146607,-0.38582206,-0.21769491,-0.23421845,-0.1767991,-0.13838184,-0.27098337,-0.22719595,-0.3655807,-0.14623053,-0.31353152,-0.22884831,-0.29783416,-0.23339228,-0.07600543,0.12310339,0.10244895,0.3106457,0.23670281,0.17763111,-0.091702804,0.026027514,0.059487704,0.067336395,-0.10244311,0.11401543,0.34204045,0.30197084,0.22513632,0.30155775,0.3180813,0.38954568,0.38376242,0.40524304,0.42631054,0.45150903,0.45935768,0.48166448,0.4155703,0.46018383,0.2961876,0.3705436,0.3515415,0.3329525,0.38995877,0.35732475,0.181762,0.21811381,0.101209685,0.04544269,0.14293164,0.10575366,0.44448647,0.48620847,0.3738483,0.29742688,0.21852688,0.23835516,0.27635935,0.24579076,0.34286663,0.6551618,0.5655215,0.5378446,0.65268326,0.6737508,0.7266261,0.8080046,0.99678636,0.7774361,0.8802953,1.1074941,1.162848,1.0789909,0.98563284,0.78528476,0.6320288,0.6390513,0.55767286,0.62748486,0.5423885,0.48827392,0.5981555,0.3589771,0.33625722,0.36765194,0.38541478,0.41185245,0.3180813,0.20200334,0.3300609,0.30114466,0.10286204,0.09583952,0.05287829,0.11484161,0.08385995,0.13466987,0.23628972,0.08179451,-0.026847854,0.04585578,-0.09955149,-0.13094623,-0.15118758,-0.18506089,-0.08550647,0.021070447,-0.017759902,0.08055524,0.054117553,0.07683744,0.07725053,0.18424053,0.10575366,0.10864528,0.18465362,0.28751272,0.3176682,0.32014674,0.45605296,0.56428224,0.63822514,0.5700655,0.6440084,0.62913716,0.5291697,0.58865446,0.4742289,0.44613886,0.3622818,0.35649854,0.4023514,0.27842477,0.39780745,0.3403881,0.2771855,0.3626949,0.33130014,0.37839228,0.43415925,0.5010797,0.40565613,0.44200796,0.52421266,0.58369744,0.6977099,0.83898634,0.6985361,0.7662827,0.76669574,0.73943186,0.76586956,0.9261481,1.0108314,1.0946884,1.1430197,1.2215066,1.2343123,1.2673595,1.2570323,1.2239852,1.1892856,1.265294,1.2128317,1.3028852,1.1975474,1.2710773,1.1405412,1.0806433,1.2074616,1.3189956,1.2669463,1.2475312,1.3053637,1.2115926,1.1979606,1.1566516,1.1983737,1.1186475,1.233073,1.1818501,1.1607826,0.92036486,1.0290072,1.1636741,1.2677726,1.3916992,1.385916,1.5288447,1.6027876,1.5726321,1.5325625,1.4693599,1.3739364,1.3318013,1.1607826,1.0500748,1.0913836,1.0207454,1.1091465,1.242161,1.2310077,1.1000586,1.1975474,1.1549993,1.2318339,1.2471181,1.176893,1.1777192,1.1062548,1.1141036,1.1339318,1.1896988,1.2285291,1.185981,1.158304,1.0996454,1.1946558,1.1925905,1.2107663,1.330975,1.2760344,1.3227134,1.3152778,1.3185824,1.2347255,1.3553474,1.3912861,1.6469882,1.8014834,1.791156,1.7048205,1.7283666,1.8762523,2.1410425,2.2389445,2.315779,2.3289979,2.283145,2.4062452,2.4235952,2.446315,2.5706546,2.4942334,2.2868626,2.1480649,2.185243,2.413681,1.9910911,1.6019614,1.7097776,1.5263661,1.2735558,1.223572,1.3028852,1.2735558,1.492906,1.5267793,1.5098426,1.4718385,1.348738,1.4206154,1.6098101,1.6271598,1.3995479,1.2768606,1.2479442,1.2731427,1.2566192,1.2107663,1.3735234,1.3450202,1.3892206,1.4949714,1.5635442,1.5313232,1.5478468,1.7498473,1.6949065,1.7428247,1.9435859,1.7816552,1.8122237,1.9526739,1.9010378,1.808919,1.9654795,1.8237901,2.1360853,2.236466,2.38146,2.3893087,2.54463,2.724737,2.7990928,2.813551,2.9383037,3.0072896,3.1039524,2018-04-17
TTE_CRK,0.5049509,0.8079265,0.7004106,0.6722268,0.75416857,0.61246675,0.47206983,0.6719659,0.37577528,0.650828,0.43788394,0.43892783,0.52321815,0.6142935,0.63778,0.44545183,0.34863532,0.45406353,0.58898026,0.4016104,-0.033672392,0.17092094,0.078540795,-0.079862475,-0.100217424,0.143781,0.06705851,-0.14797327,-0.19729488,-0.26357895,-0.336648,-0.021668192,0.05766392,-0.20538467,-0.26801527,-0.33821377,-0.17511322,-0.17798378,-0.26723242,0.12916721,0.20510682,0.2465996,0.2353783,0.3115789,-0.2526186,-0.39353746,-0.5738615,-0.46190923,-0.77845484,-0.724175,-0.89667016,-0.6957302,-0.13753484,-0.3512618,-0.11169971,-0.28106332,-0.19390239,-0.22182521,-0.2912408,-0.20486276,-0.3439549,-0.36561465,-0.5678594,-0.6933816,-0.5020972,-0.28549966,-0.21869369,-0.18842222,-0.34865218,-0.3246438,-0.24766034,-0.1330985,-0.09264956,0.038874738,0.15369752,-0.019580506,-0.33899665,-0.37266058,-0.38701347,-0.61848575,-0.67563623,-0.8528287,-1.084562,-1.6398867,-1.8982381,-1.918071,-1.3747505,-1.1482364,-1.0689044,-1.2975061,-1.2813264,-1.3632683,-1.6993859,-1.3739675,-1.5067967,-1.3838841,-1.3533517,-1.3703141,-0.9934866,-0.7729746,-0.6743315,-1.0649898,-1.2166083,-1.4786129,-1.6033523,-1.565252,-1.4874855,-1.8209937,-1.5835192,-1.3971932,-1.2823703,-0.79489535,-0.56864226,-0.19390239,0.17431343,0.2385098,0.20849933,0.21163084,0.09837382,0.26043054,0.3162762,0.3562032,0.08558674,-0.031584706,-0.049069084,0.05166182,-0.026887411,-0.37709695,-0.54332906,-0.46217018,-0.496878,-0.5430681,-0.19833873,0.052705664,-0.07855767,-0.112482585,-0.1284012,-0.2552282,-0.2406144,-0.33482125,-0.5777759,-0.60726446,-0.363266,-0.38962308,-0.16493574,-0.17824475,-0.30533266,-0.4822642,-0.35491526,-0.40084437,-0.30298403,-0.25575012,-0.2012093,-0.4561681,-0.53810984,-0.6127447,-0.9024112,-1.0696872,-0.92120045,-0.904499,-1.1892073,-1.2588838,-1.0456787,-1.1276206,-1.4624333,-1.4861808,-1.437381,-1.4530387,-1.0313259,-1.1049169,-1.2226102,-1.1101362,-1.2669736,-1.3337797,-1.4731327,-1.705388,-1.8823195,-2.1244912,-2.3802328,-2.3220384,-2.292028,-2.4042413,-1.818384,-2.2333117,-2.0780401,-2.4838343,-2.3016834,-1.8645741,-2.171986,-1.7823714,-1.7351376,-1.5472456,-1.4801787,-1.637799,-2.153197,-1.7633213,-1.5469847,-1.658415,-1.8040313,-2.1615477,-2.2831552,-2.3572683,-1.7638432,-1.8423924,-1.5618595,-1.4934877,-1.3491763,-1.1430173,-1.5433313,-1.5034043,-1.391191,-1.3076836,-1.3035082,-1.0869106,-0.9749584,-0.8627452,-0.6464086,-0.7059077,-0.9131107,-0.863789,-1.0725578,-0.59839183,-0.7090392,-0.90580374,-0.8674425,-0.60387194,-0.5094041,-0.7920248,-0.90945715,-1.0887374,-1.151368,-1.1983409,-1.0832572,-0.91024005,-1.1200526,-1.4253769,-1.3705751,-1.5193229,-1.298289,-1.4470366,-1.1145724,-1.08404,-0.75288063,-0.48852724,-0.3379528,-0.48774433,-0.51645005,-0.18998797,-0.118745655,-0.18033242,-0.11352643,-0.17537417,-0.011751681,0.27895877,0.17118192,0.2178939,0.24581672,-0.15893364,-0.3379528,-0.3405624,-0.243224,-0.4694771,-0.21634503,-0.2719297,-0.20251411,-0.43033296,-0.19807777,-0.24505073,-0.42850623,-0.5174939,-0.43894467,-0.56342304,-0.42093837,-0.16154325,-0.13466427,-0.20695044,-0.33038494,-0.59291166,-0.69207674,-0.58951914,-0.4561681,-0.11483123,-0.12005045,-0.30715942,-0.6832041,-0.8674425,-1.1338835,-1.117965,-0.9389458,-0.7265236,-0.4942684,-0.33690897,-0.40475878,0.0015573264,-1.078038,-1.2800218,-0.90841335,-0.55794287,-0.4527756,-0.29332846,-0.6753753,-0.75183684,-0.9068476,-0.68842334,-0.55715996,-0.32568765,-0.35073987,-0.18555166,-0.29672095,-0.40032247,-0.49974856,-0.5117527,-0.55533326,-0.6093522,-0.8877974,-0.7826302,-0.73983264,-0.62761945,-0.4509489,-0.80063653,-0.7805425,-0.78210825,-0.7445299,-0.5829951,-0.59212875,-0.48774433,-0.53967565,-0.39901766,-0.39353746,-0.33168975,-0.21425734,-0.16336997,-0.10595856,-0.25366244,-0.47391343,-0.44703448,-0.46921614,-0.49035394,-0.37553117,-0.44181523,-0.39301556,-0.5842999,-0.5824732,-0.28497773,-0.116397,-0.054027345,-0.019319545,-0.35569814,-0.29437232,-0.68659663,-0.89197284,-0.82777643,-1.0916079,-0.9285074,-0.97626317,-0.7453128,-0.6310119,-0.8935386,-1.0088832,-1.0563781,-0.74087644,-0.6265756,-0.610396,-0.64145035,-0.58064646,-0.47182572,-0.4861786,-0.5644669,-0.33821377,-0.5417633,-0.4553852,-0.51384044,-0.40762937,-0.5219303,-0.41676298,-0.47574013,-0.44312003,-0.509926,-0.42511374,-0.50705546,-0.5829951,-0.47913262,-0.5109699,-0.6362311,-0.6203126,-0.9073695,-0.8149893,-0.89640915,-0.6996446,-0.67902875,-0.66441494,-0.7320038,-1.0172341,-1.1531947,-0.8397806,-1.0294992,-1.024802,-1.1075265,-0.85439444,-0.7901981,-0.9499062,-0.89901876,-0.9525158,-0.83299565,-0.6518888,-0.6430161,-0.6398846,-0.5537675,-0.48461282,-0.30637655,-0.34212816,-0.30063537,-0.116397,0.050357018,-0.20903812,-0.15006097,-0.12500872,-0.35961255,-0.33429936,-0.1845078,-0.053766385,-0.016970897,0.040440504,-0.0013132435,0.08454289,0.17379151,0.1552633,0.20328009,0.3590738,0.20980412,0.07567022,0.081672326,0.22807139,0.38125545,0.32593173,0.30505487,0.2259837,0.09419845,0.22180833,0.1578729,0.23407349,0.2914849,0.08088944,-0.024538763,-0.16154325,0.027653417,-0.024799723,-0.039674494,0.09028403,-0.006532462,-0.19155376,-0.10517568,0.022173239,0.11872877,0.12629664,0.079584636,0.14143236,0.13777891,0.065231785,0.40004462,0.18944918,0.21711102,0.010169036,-0.02949702,-0.06838019,0.016171137,-0.00026939998,0.18057649,0.19153686,-0.02349492,-0.24400689,-0.1090901,0.0138224885,-0.04384987,-0.25287956,-0.1445808,-0.09447628,-0.052722543,-0.16363092,-0.104914725,-0.0816892,-0.109351054,-0.12031141,-0.055071186,-0.012795523,-0.033150475,-0.038630653,0.04618164,0.069407165,0.21528429,0.15604617,0.41178787,0.41544133,0.3413284,0.39639118,0.35698608,0.07358254,0.15369752,0.035221286,-0.10674145,0.014605371,-0.06394386,0.40578577,0.5057338,0.3092302,0.35228878,0.24503385,0.23381253,0.19205877,0.18083747,0.3408065,0.6764022,0.5657548,0.41987765,0.510953,0.42274824,0.510953,0.65630823,0.9553694,0.8087094,0.844722,1.0433131,1.0469667,0.93397063,0.8825613,0.69545233,0.7364232,0.71371955,0.5665377,0.5164332,0.5438341,0.42875034,0.46476293,0.27713206,0.25286266,0.31444946,0.25547227,0.32149538,0.07671407,-0.13283755,0.052705664,0.050096054,-0.08560362,-0.15528019,-0.1879003,-0.22417387,-0.22834924,-0.005749579,0.07671407,-0.054810226,-0.1257916,0.0012963654,-0.28915313,-0.29619905,-0.40815127,-0.35648105,-0.26488373,-0.25496724,-0.21399638,-0.104914725,-0.14797327,-0.09708589,0.013039606,0.069929086,-0.11274355,-0.11848468,-0.06785827,0.07540926,0.08924019,0.124991834,0.14534678,0.28913626,0.3828212,0.35254973,0.46502388,0.42379206,0.28235126,0.3149714,0.2058897,0.08402097,0.030784948,0.055837195,0.092371725,-0.03810873,0.11820685,0.08402097,0.26121345,0.4036981,0.33715308,0.4036981,0.43866685,0.44962722,0.35802993,0.50103647,0.50103647,0.5409635,0.68605775,0.8588138,0.70458597,0.7813085,0.84968024,0.8194088,0.8491583,0.96580786,0.95406455,1.0096493,1.1628333,0.9801607,1.0091274,1.050881,0.8201916,0.81471145,0.8556824,0.8802126,0.8569871,0.97624624,0.8465487,0.8932607,0.8809955,0.8614235,1.003908,1.1889294,1.0939397,1.0161732,1.1463928,1.0169562,1.0341796,1.0808916,1.0709751,1.0514029,1.1865808,1.1127288,1.0994197,1.2267687,1.4078755,1.4592849,1.5798488,1.6685755,1.5952455,1.7533878,1.7218115,1.6847551,1.6437842,1.5490555,1.392218,1.3105371,1.1792738,1.1406516,1.1957144,1.1693573,1.2353805,1.5333978,1.6150786,1.6025524,1.6591809,1.692323,1.6443062,1.6516131,1.5915921,1.5459238,1.4561534,1.4222285,1.4112681,1.4023955,1.4895564,1.4942536,1.4504123,1.0741067,1.1894513,1.1223844,1.2646081,1.3666438,1.2640861,1.3280216,1.2867898,1.3567272,1.2831362,1.4224895,1.5605377,1.80558,1.9003088,1.8966554,1.8836073,1.8436803,1.9266659,2.292272,2.1111653,2.1283886,1.9906012,1.9509352,2.1777103,2.0764573,2.2275538,2.224944,2.1985872,2.0148706,1.8593379,1.9608518,2.2685246,1.7870518,1.003908,1.3953495,1.15109,1.1369982,1.2356415,1.4188359,1.5018215,1.7760915,1.7011957,1.778962,1.7499954,1.6560495,1.8692545,2.0827205,2.1015098,1.8556845,1.665705,1.6218636,1.6171663,1.6902354,1.7314671,1.7768743,1.7873127,1.7969683,1.8509872,1.9021356,2.0310502,1.7880957,1.926144,1.7421665,1.6865819,1.8113211,1.6252561,1.5456629,1.8796929,1.6223855,1.5401827,1.9107473,1.7103293,2.0305283,2.1951945,2.43841,2.3749967,2.3736918,2.6518762,2.6236925,2.5960305,2.5310514,2.5715003,2.6876278,2018-04-17
OXY_CVE,0.12943919,0.1826077,0.33044875,0.32773602,0.38632992,0.30494952,0.08657885,0.42647758,0.07654194,0.09091914,-0.13775976,-0.12853663,-0.19988011,-0.19743869,-0.101681106,0.024458492,-0.22673564,-0.08947405,-0.054480482,-0.0788946,-0.025997348,0.03124019,0.20837815,0.30603462,0.45875844,0.50460273,0.34211326,0.16606034,0.5021613,0.35621917,0.36055946,0.5507183,0.5762175,0.40287727,0.32583717,0.47394946,0.48642778,0.43868464,0.27999288,0.4736782,0.57567495,0.57377607,0.40124965,0.5802865,0.338858,0.41752574,0.09580196,0.04073457,-0.20015137,-0.1830615,-0.45866972,-0.3219507,-0.25033593,-0.21317224,-0.08866024,-0.28749964,-0.41960716,-0.4833551,-0.7660163,-0.81050426,-0.9116872,-0.87804997,-1.12409,-1.2323259,-0.98628587,-0.76764387,-0.6935877,-0.9404416,-1.045151,-1.1292441,-1.2296132,-1.0587145,-1.1335844,-0.72451234,-0.6173615,-0.17085443,-0.26281425,-0.10059603,-0.011891414,-0.001040697,-0.2972653,-0.5891496,-0.8422426,-1.4620898,-1.5166147,-1.2998716,-0.72098583,-0.5232315,-0.33090255,-0.80128115,-0.57965523,-0.64774346,-0.91548496,-0.7806648,-1.1476903,-1.1623387,-1.2977015,-1.40865,-1.3101798,-1.1384672,-1.2765425,-1.6639131,-1.6883273,-1.8608538,-1.9943177,-1.9555262,-1.762926,-2.2365596,-2.12751,-1.7593995,-1.7463787,-1.2306983,-0.9325748,-0.780936,-0.79124427,-0.391124,-0.46789286,-0.530827,-0.55496985,-0.33171633,-0.18170516,-0.27583513,-0.51319456,-0.55931014,-0.5096681,-0.037933137,-0.13992989,-0.49854612,-0.749469,-0.03088017,-0.03576299,0.06541995,0.1663316,0.23794635,0.12781158,0.11696086,0.019575667,0.07491433,0.3391293,0.2596478,-0.1711257,-0.11063294,0.08495124,-0.06044838,0.22790943,0.19915505,0.014150308,-0.028438758,0.29952416,0.2409303,0.23116465,0.30603462,0.49131063,0.25910524,-0.37294906,-0.4394097,-0.82596654,-1.1162232,-0.9860146,-0.836546,-1.2401927,-1.0855699,-0.76221853,-0.6390629,-1.1289729,-1.2382938,-1.1569134,-0.99876416,-0.6094947,-0.61220735,-0.8088767,-0.7999248,-1.0014769,-0.89025706,-0.90273535,-0.6558815,-1.3096373,-1.4791797,-1.6853433,-2.0729854,-2.1500254,-2.2384586,-1.5678844,-1.7884252,-2.0813944,-2.4055595,-2.2208261,-1.7040609,-2.0607781,-1.7626548,-1.5299067,-1.2027577,-0.57531494,-1.0028332,-1.1287014,-0.68273705,-0.927692,-1.2114383,-0.9624143,-1.0730916,-0.8292217,-0.7597772,-0.6534401,-0.44727647,0.03259653,-0.02436974,0.022830883,0.2631743,-0.24301171,-0.15701978,-0.07916586,-0.12853663,-0.40550122,-0.11388816,0.09227548,-0.17383838,-0.40007585,-0.30079177,-0.94451064,-0.5476456,-0.50397146,-0.28939855,-0.4800999,-0.6366215,-0.4570421,-0.22646436,-0.078352064,-0.21290098,-0.398177,-0.58019775,-0.54222023,-0.67351395,-0.6862635,-0.5886071,-0.598644,-0.61193615,-0.6037981,-0.70742244,-0.16515782,-0.30703095,-0.14101496,-0.09300053,0.07491433,0.07627066,0.53471345,0.13703468,0.37032512,0.59846145,0.56292534,0.47069424,0.65190125,0.5366124,0.8238851,1.0154003,0.66790605,0.7148354,0.7186331,0.63128483,0.32339576,0.7997423,0.7652913,0.7278563,0.8868193,0.8179172,0.8458578,0.61528003,0.7639349,0.74331856,0.4804599,0.515996,0.5539735,0.48669907,0.78970534,0.7134791,0.6852672,0.6681773,0.5789302,0.5515321,0.5065016,0.41318545,0.5024326,0.6836396,0.6361677,0.7604084,0.7997423,0.7381644,0.7438611,0.738707,0.73626554,0.798386,0.96521574,1.1841289,1.2486907,1.4309828,0.91991395,0.56428164,0.70588356,0.8773249,0.969556,0.9557213,0.91096216,0.96874225,1.0341178,1.0897278,1.1323167,1.2774452,1.2180374,1.2603552,1.297519,1.1537468,1.0650424,1.0650424,0.95490754,0.8751548,0.7807535,0.80136985,0.7574245,0.55614364,0.70778245,0.59086597,0.45523196,0.63915163,0.52766055,0.448179,0.5501758,0.40830263,0.37683555,0.52576166,0.5718772,0.6185353,0.8100505,0.9638594,1.091084,0.9158449,0.93130726,1.0571755,1.2478769,1.1749058,1.1523906,1.324917,1.2950776,1.1488642,1.1190246,1.225633,1.3466185,1.3550277,1.373474,1.1190246,1.0937967,0.68282574,0.35215014,0.42810518,0.16850176,0.14056116,0.097429566,0.319598,0.19806997,-0.14698286,-0.18930066,-0.28587204,0.29219994,0.28813094,0.45089167,0.42647758,0.40043584,0.3087473,0.459301,0.49754977,0.6969317,0.44736522,0.53145826,0.47720468,0.30711967,0.17067191,0.18884686,0.59656256,0.52413404,0.60551447,0.735723,0.6264021,0.65298635,0.45821592,0.5100281,0.43542942,-0.43072915,-0.6339088,-0.65533894,-0.85417837,-0.7548943,-0.83274823,-0.88998574,-1.1040162,-1.2586389,-1.0815009,-0.58453804,-0.48145622,-0.7019971,-0.6189891,-0.5281143,-0.4673503,-0.34338087,-0.32710478,-0.57531494,-0.6935877,-0.0797084,-0.12799409,-0.21914014,-0.18577418,-0.33497155,-0.5256729,-0.37376288,-0.11877098,0.01387904,0.22709563,0.011437628,0.042090908,0.48398638,0.2696847,0.28541827,0.24744073,0.3163428,0.3128163,0.36896878,0.2585627,0.18993193,0.114790715,0.32990617,0.15195441,-0.05258161,0.053212892,-0.027896224,-0.25006467,-0.27746275,-0.31164253,-0.30431825,-0.19960885,-0.21561365,-0.3395831,-0.38922513,-0.43778208,-0.48471144,-0.4505317,-0.33117378,-0.17980628,-0.38407105,-0.41011277,-0.44266492,-0.24192664,-0.11361689,-0.25250608,-0.54276276,-0.5899634,-0.27610642,-0.24002776,-0.46599397,-0.56500673,-0.55415606,-0.74865514,-0.7519104,-0.66184944,-0.8007386,-0.95156354,-0.93935657,-0.8465829,-0.7456712,-0.605697,-0.7402459,-0.9184689,-0.96295685,-0.9464095,-1.2952601,-1.1419936,-1.1430788,-1.0679375,-1.0163966,-0.6642908,-0.93555874,-0.8596037,-0.984387,-1.0267048,-1.0587145,-1.1346694,-1.1862104,-1.1962472,-1.1175796,-1.0516615,-0.6387916,-0.84685415,-0.73834693,-0.65940803,-0.821355,-0.8596037,-0.87289584,-0.6604931,-0.43235675,-0.38976768,-0.57965523,-0.62577075,-0.89975137,-1.0025619,-0.99713665,-1.0494913,-0.9979504,-0.90761817,-0.8875444,-1.0375556,-1.0356567,-1.1783435,-1.3392054,-1.3004142,-1.7067735,-1.2087256,-1.1900082,-1.3326951,-1.0682088,-1.0668525,-1.1238188,-1.0597996,-1.19896,-1.2068267,-1.2022152,-1.1881093,-1.200045,-0.9683822,-1.053289,-1.0964206,-1.0576293,-1.2331398,-1.4515103,-1.1162232,-0.98926985,-1.1194783,-0.7858189,-0.8596037,-1.1821413,-0.6933165,-0.7757819,-0.7668301,-0.90219283,-1.009615,-0.45243055,-0.38461357,-0.56229407,-0.72396976,-0.63797784,-0.6751416,-0.70118326,-0.8471254,-0.8769649,-0.8118606,-0.810233,-0.52187514,-0.7828349,-0.9917112,-1.0223645,-1.0123277,-0.98628587,-0.94939345,-0.8897145,-0.8164722,-0.7795797,-0.7459425,-0.6295686,-0.7028109,-0.7893454,-0.93420243,-0.64611584,-0.51861995,-0.5129233,-0.34826368,-0.5145509,-0.5522572,-0.6037981,-0.5430341,-0.46192494,-0.5069554,-0.6328237,-0.54222023,-0.5774851,-0.63173866,-0.55741125,-0.68653476,-0.87804997,-1.0443372,-0.99740785,-1.0470499,-0.97109485,-0.89242715,-0.99008363,-0.97217995,-0.98275936,-1.0136839,-0.98926985,-0.9271495,-0.9480371,-0.7711704,-0.58670825,-0.52892816,-0.6797531,-0.68083817,-0.64475954,-0.5240453,-0.5441191,-0.5829104,-0.49610472,-0.5207901,-0.4996312,-0.43723956,-0.42476124,-0.04959766,-0.0729267,0.10611014,0.07084531,-0.08350615,-0.08079348,-0.11253182,-0.01379029,-0.027353687,-0.08513376,-0.05068273,0.053212892,-0.0029395726,-0.0045671803,0.08929153,0.09580196,0.04398978,0.05212782,0.064606145,0.22763817,0.1663316,0.38334596,0.2875884,0.11858847,0.17175698,0.15005553,0.051314015,0.19400094,0.7091388,0.75145656,0.7834662,0.7707166,0.6079558,0.72622865,0.6280297,0.62558824,0.5754037,0.46337,0.5962913,0.86755925,0.79811466,0.8398899,0.90499425,0.93754643,0.9424292,1.1504917,1.3783567,1.4667902,1.3034868,1.3181354,1.3227469,1.2191225,1.2172236,1.2785301,1.4041272,1.561734,1.5644467,1.7711527,1.854432,1.9233341,1.9051591,2.115663,2.25401,2.355193,2.4590883,2.4002233,2.4479666,2.452578,2.4249086,2.5673242,2.5502346,2.4924543,2.6533163,2.5320594,2.3638732,2.6508749,2.8244863,2.5960786,2.710825,2.6251044,2.7083838,3.1711667,3.0971105,3.0968394,2.9552374,3.0637445,2.8985426,2.617509,2.6910226,2.9731412,2.4718382,1.9132972,1.9811141,1.7000806,1.4608223,1.448344,1.803705,1.8009923,1.7635573,1.7350742,1.4347805,1.4106376,1.2386538,1.4068398,1.4583808,1.1941658,1.0775206,0.86620295,0.8708145,0.8371772,0.84233135,0.7335529,0.6695336,0.3095611,0.44329616,0.4948371,0.5870682,0.5455642,0.5075867,0.5778451,0.40694627,0.45116296,0.8710857,0.75688195,0.8773249,1.2552011,0.9467695,0.3111887,0.68065566,0.6402367,1.0267936,0.98040676,1.1871129,1.1521194,1.4912043,1.7792908,2.0378091,2.073074,2.4805186,2.8152633,2.9140046,2018-04-17
DINO_DHT,-0.0845954,-0.19088593,-0.20740166,-0.31711328,-0.27747554,-0.35545337,-0.21518765,-0.08506728,0.161489,0.24394971,0.14367561,0.16514605,0.13695134,0.21587294,0.1340021,0.20678928,0.13270444,0.10097064,0.108166784,0.08480882,-0.024077041,-0.06973124,0.023110762,0.009780208,-0.02679034,-0.12541285,-0.19029608,-0.17755538,-0.13083945,-0.16634826,-0.20504227,-0.1495966,-0.113026045,-0.19088593,-0.16882563,-0.110076815,-0.08872432,-0.022543438,-0.00744334,-0.06984921,-0.12741834,-0.118452646,-0.028913792,-0.037879474,-0.038469322,0.17328595,0.28925,0.32534865,0.38999596,0.41241017,0.420786,0.35625666,0.3947147,0.3929452,0.44367206,0.35024023,0.42526883,0.38681078,0.31272593,0.26270685,0.31650096,0.42220163,0.41370782,0.25397712,0.27886868,0.29868755,0.6597922,0.7662007,0.65625316,0.672297,1.0443728,1.1510173,1.1153904,1.3656038,1.5189642,1.6217155,1.4786186,1.4162127,1.4705967,1.519436,1.4917133,1.4239987,0.9840904,0.93300956,0.73670834,0.7987603,0.78023905,0.79132825,0.82872456,0.6656907,0.8157479,0.74248886,0.6776056,0.8288425,0.75074667,0.8583349,0.8815749,0.60092545,0.6428046,0.42751026,0.50489825,0.5611697,0.47918087,0.52035224,0.65625316,0.8059564,1.0890833,0.8419371,0.7713914,0.9630918,0.981495,1.0013139,0.93088615,0.838516,0.877446,0.90752816,0.8223542,0.79769856,0.75912255,0.7683242,0.82801676,0.85408795,0.6358444,0.47080505,0.3816201,0.47080505,0.50419044,0.6162615,0.648939,0.79793453,0.9051688,0.8266011,0.89820856,0.9831466,1.120699,1.1575056,1.0876677,0.9436269,1.1389843,1.0887294,0.90115786,0.86387944,0.8459481,1.0145266,1.1208171,1.2122434,1.1772065,1.1625782,1.124946,0.99211234,0.88122094,0.78000313,0.9659231,0.753578,0.6300639,0.5660064,0.35720044,0.30883294,0.21162604,0.27238035,0.13341226,-0.07409611,-0.21636735,-0.115739346,0.06416416,-0.02136374,0.0024660986,-0.24774721,-0.15809041,-0.18994218,-0.2880928,-0.28231227,-0.4350828,-0.3963888,-0.2616676,-0.036463838,-0.27157706,-0.20976105,-0.3174672,-0.0973361,0.04800233,-0.1263566,-0.0036683157,-0.17106706,-0.2436183,-0.19053203,-0.35781276,-0.025964553,-0.20516025,-0.19489689,-0.36382923,-0.26379108,-0.14770909,-0.10358849,-0.30838355,-0.5706298,-0.4556095,-0.63232785,-0.5147122,-0.42446557,-0.46374938,-0.53677255,-0.66771865,-0.689779,-0.677864,-0.8005523,-0.8370049,-0.716912,-0.79312027,-0.3709074,-0.36618862,-0.46894005,-0.39426535,-0.32454535,-0.41491002,-0.18085852,-0.3089734,-0.33233136,-0.30755776,-0.15856229,-0.32006255,-0.32950008,-0.4087756,-0.3797551,-0.36300343,-0.3464877,-0.22922602,-0.13485041,0.18803214,-0.12423316,-0.17531395,-0.07787114,-0.10618381,-0.32702273,-0.18817264,-0.29104203,-0.20303679,-0.29021624,-0.2830201,-0.22320957,-0.10170098,-0.2531738,-0.2115306,-0.17460614,-0.22073223,-0.30991715,-0.34176892,-0.30437258,-0.2617856,-0.1604498,-0.15207396,-0.05805226,-0.034222417,-0.015229327,-0.10984087,-0.1492427,-0.1797968,-0.24173078,-0.59127444,-0.7760147,-0.8123493,-1.1158848,-0.960519,-0.95674396,-1.0867463,-1.060911,-1.1174184,-1.0716462,-0.9506095,-1.0382608,-1.0062912,-1.0162007,-0.96311426,-1.0665736,-1.1105762,-1.1276819,-1.1746336,-0.9989771,-1.022571,-1.2022386,-1.2034183,-1.153871,-1.312422,-1.2410506,-1.1778189,-1.4079773,-1.3452176,-1.2490724,-1.2412865,-1.3366058,-1.3866248,-1.3362519,-1.3527676,-1.324101,-1.3587841,-1.4407729,-1.3427402,-1.347341,-1.3638568,-1.3329487,-1.3845015,-1.4372337,-1.3551271,-1.3768333,-1.3459255,-1.381906,-1.2416403,-1.1627188,-1.2526115,-1.2756156,-1.2475388,-1.3262244,-1.3495824,-1.2934289,-1.2711327,-1.0934707,-1.1433718,-1.1234349,-1.0232787,-1.0789604,-0.95768774,-0.9061351,-1.041682,-0.9893035,-0.86909264,-0.96252453,-1.0933527,-1.0364914,-1.0084146,-1.0629165,-1.104088,-1.0370812,-1.0887519,-1.122845,-1.1906775,-1.1315747,-1.0233967,-1.0100663,-0.9797481,-0.9703105,-0.97597295,-0.9047194,-0.9563901,-0.9937864,-0.98776996,-1.0399125,-0.9935505,-0.91911167,-0.86472774,-0.89221466,-1.0189139,-0.8646098,-0.9171062,-0.87098014,-0.95155334,-0.99626374,-1.014785,-0.98080975,-1.0507656,-1.0788425,-1.0622087,-1.0673994,-1.0208014,-0.9670073,-0.8913889,-0.797957,-0.92560005,-1.0625626,-1.0176163,-1.053243,-1.0809659,-1.115295,-1.1364115,-1.1293334,-1.1793524,-1.2805703,-1.2324387,-1.103852,-1.0873362,-1.0590236,-0.97443944,-1.0597314,-1.0695229,-0.9209992,-0.82119703,-0.6797516,-0.8591832,-0.9084945,-0.90766865,-0.95296896,-0.5668547,-0.6324458,-0.6407037,-0.54267097,-0.52261615,-0.53582877,-0.46669865,-0.52698106,-0.45490167,-0.3821145,-0.4439305,-0.46304157,-0.51600987,-0.51034737,-0.26603252,-0.22710256,-0.21754704,-0.0040222243,0.012375537,0.21787842,0.20513771,0.048592176,0.083983034,0.070298575,-0.012751969,-0.05345145,-0.05109206,-0.08565712,-0.11220026,-0.0988697,-0.055928808,0.0030559464,0.060743038,0.016032593,0.00081452564,-0.034694295,-0.055928808,0.06522588,0.064518064,-0.11149244,-0.20150319,-0.19477893,-0.18392573,-0.24291047,-0.29835615,-0.33693215,-0.3705535,-0.43638045,-0.46776035,-0.53630066,-0.40169743,-0.36394718,-0.5007918,-0.52025676,-0.6250137,-0.7095978,-0.8799458,-0.8390104,-0.8337018,-0.80692273,-0.8666153,-0.7229284,-0.6486076,-0.69296414,-0.7448707,-0.70251966,-0.6404677,-0.6464842,-0.6676007,-0.68848133,-0.82284856,-0.72894484,-0.76563334,-0.7872218,-0.67880785,-0.79547966,-0.96629953,-0.9767988,-0.9685409,-1.03366,-1.0618548,-1.0925268,-1.0581977,-0.9782144,-1.0241046,-0.98588246,-0.9751472,-0.8201353,-0.8712161,-0.9390485,-0.9786863,-0.8846646,-0.92489225,-0.8886756,-0.93055475,-0.73354566,-0.747938,-0.71962523,-0.817304,-0.8161243,-0.8498636,-0.9684229,-0.94246966,-0.9206453,-0.8358252,-0.7868679,-0.8539925,-0.9089663,-0.93149847,-0.99756145,-0.97137225,-0.8322861,-0.73307383,-0.7577294,-0.8751091,-0.9182859,-0.8775864,-0.8635481,-0.84809405,-0.9674792,-1.037671,-0.93149847,-0.83146036,-0.8429034,-0.77353734,-0.8254439,-0.83146036,-0.85623395,-0.7876937,-0.8994108,-0.9240664,-0.98470277,-0.9657096,-0.9684229,-0.9195836,-1.0067631,-1.0940605,-1.1026722,-1.173336,-1.1725103,-1.1684992,-1.0970097,-1.0762471,-1.0493501,-1.0196217,-0.8839568,-0.85104334,-0.79429996,-0.9230047,-0.8515152,-0.76067865,-0.6981548,-0.76233023,-0.80668676,-0.75784737,-0.7257597,-0.67644846,-0.64919746,-0.6535623,-0.65462404,-0.7230464,-0.7620943,-0.8685028,-0.96158075,-0.86130667,-0.79913676,-0.81211334,-0.85304874,-0.8965795,-0.8707442,-0.83429164,-0.78285694,-0.7086541,-0.7077103,-0.70570487,-0.6878914,-0.5780619,-0.5816009,-0.5521085,-0.63681066,-0.56720865,-0.45100868,-0.3317415,-0.2767677,-0.34448224,-0.32584304,-0.39225987,-0.36017215,-0.5338233,-0.4951293,-0.4540759,-0.41290453,-0.5123528,-0.56543916,-0.57216334,-0.5699219,-0.569686,-0.53771627,-0.44923916,-0.37715977,-0.14605752,-0.052861605,0.004117672,-0.11231823,0.022167007,-0.20421648,-0.19418909,-0.1081893,-0.030447394,0.023582641,0.03797492,0.020161526,-0.08329773,-0.03162709,0.015678683,0.002584068,0.08339319,0.12078952,0.09896516,0.24725284,0.19522826,0.1742297,0.33466825,0.34398782,0.3476449,0.35625666,0.42314538,0.31225404,0.2965641,0.36286294,0.34658316,0.3738341,0.3676997,0.36309892,0.31142828,0.33856124,0.28217182,0.2868906,0.39624834,0.40273666,0.3947147,0.40037727,0.3943608,0.36180124,0.41394377,0.47705746,0.7313997,0.80796194,0.8183432,1.0402439,1.0709159,1.0638378,1.0613604,1.0612425,1.0843645,1.2419717,1.2537687,1.3144051,1.3630085,1.3324543,1.3961579,1.3723282,1.3438975,1.4100783,1.4516037,1.3593514,1.3829453,1.3908492,1.4387449,1.643894,1.5786567,1.5871506,1.6191204,1.7159731,1.7564368,1.887029,1.8854954,1.9042526,1.9785733,1.8782992,2.1105814,2.1686223,2.20071,2.3042872,2.3432171,2.2928443,2.3006303,2.2458923,2.2202928,2.154348,2.1932778,2.2720816,2.2178154,2.208496,2.2344491,2.3652773,2.317028,2.305585,2.1355908,2.127451,2.2510831,2.266183,1.975978,1.8688617,1.9171112,1.6998115,1.7380335,1.9686639,1.8584803,1.7495946,1.6533315,1.8220278,1.6659541,1.5263963,1.496196,1.4649341,1.5041,1.6483767,1.6402369,1.6094468,1.6066155,1.4214034,1.4011126,1.4793264,1.4980836,1.4552606,1.229113,1.3431896,1.4175104,1.469299,1.5355979,1.5201439,1.5952904,1.7344944,1.6428322,1.6722065,1.6758636,1.6190023,1.6224234,1.639647,1.8752321,1.9547435,1.8952869,1.8282802,2.0287104,2.0072398,1.9331551,2.092296,2.06127,2.219467,2.2687783,2.4213128,2.4700344,2.552613,2.618086,2.6550107,2.5868242,2.7602394,2.920796,2.9787188,2018-04-17
EC_DRQ,1.8342621,1.7814708,1.8398191,1.8291682,1.7411827,1.7907325,1.8745502,1.9315094,1.7513705,1.6443987,1.4517568,1.4767631,1.5767888,1.634674,1.577715,1.4499044,1.2081759,1.2540209,1.367939,1.3596036,1.1678879,0.9858968,1.0335943,1.0460974,0.92893785,0.9886753,0.9432933,0.856234,0.867811,0.93032706,1.015534,1.0928686,1.0400773,0.9738567,1.0354465,0.8817035,0.9280116,0.9465349,0.8539186,0.9678366,1.0687884,1.0627683,1.0076617,1.0062724,0.9368102,0.9928431,0.7566715,0.8117782,0.64784735,0.6747061,0.5769959,0.6839677,0.6219148,0.6390488,0.68026304,0.55847263,0.5343924,0.46817175,0.3875956,0.4394607,0.34267667,0.36536765,0.24589266,0.14818245,0.23061095,0.38018626,0.32878423,0.26719442,0.067143194,0.097243495,-0.020842286,0.08010948,-0.06715043,0.09076035,-0.030566996,0.036579818,-0.03195624,-0.06251962,-0.09632456,-0.112532414,-0.24728912,-0.26488623,-0.32925457,-0.50522554,-0.5205072,-0.47697756,-0.20931645,-0.045385603,0.08844495,-0.15235741,-0.17458534,-0.13892807,-0.18894085,-0.24173215,-0.32879147,-0.25932926,-0.32369757,-0.32601297,-0.33620077,-0.18894085,-0.19125625,-0.2926711,-0.27136937,-0.37463653,-0.50429934,-0.48531303,-0.48068222,-0.66267323,-0.60664034,-0.5723723,-0.58533865,-0.43668947,-0.2829464,-0.120867886,0.007868767,0.1194714,0.100485064,-0.012506818,-0.017600713,-0.030103914,-0.012506818,-0.051405665,-0.25979233,-0.22506121,-0.33897924,-0.24543679,-0.27692634,-0.3209191,-0.39547518,-0.3037851,-0.34824088,-0.32277143,-0.19588709,-0.068076596,-0.11623706,-0.15189435,-0.18986702,-0.24219523,-0.26951703,-0.36120716,-0.47466215,-0.5218965,-0.36769032,-0.55199677,-0.50059474,-0.5617215,-0.5830232,-0.52235955,-0.47929296,-0.50661474,-0.58765405,-0.6038619,-0.6353514,-0.74278635,-0.7432494,-0.9020863,-1.0507356,-1.1132516,-1.0317491,-1.0576817,-1.1748413,-1.2248541,-1.0530509,-1.0734266,-1.1155668,-1.1229762,-1.1067684,-1.0516616,-0.8997709,-0.92292506,-0.98451483,-1.0173937,-1.110473,-1.0562924,-1.0725003,-1.1215869,-1.2276326,-1.3216382,-1.3526646,-1.445744,-1.4675088,-1.4642673,-1.3985097,-1.4443548,-1.5499372,-1.6018026,-1.5031662,-1.349423,-1.5448434,-1.4591734,-1.4415762,-1.3359936,-1.241062,-1.3568324,-1.4522271,-1.3471076,-1.2864441,-1.3137658,-1.326732,-1.4202745,-1.4216638,-1.4438918,-1.349423,-1.4295361,-1.1345533,-1.1053792,-1.1720629,-1.0854666,-1.1410364,-1.166969,-1.1234393,-1.1183454,-1.0993592,-0.99887043,-0.8293826,-0.6802703,-0.5357889,-0.36676416,-0.66082096,-0.63627756,-0.6598947,-0.5668154,-0.6191436,-0.70620286,-0.58441246,-0.45660195,-0.5126348,-0.46123275,-0.52699035,-0.6288683,-0.6909212,-0.5858017,-0.6529485,-0.5640369,-0.5515337,-0.57190925,-0.6487808,-0.71037066,-0.6858273,-0.7937253,-0.6821227,-0.60200953,-0.3973275,-0.33110687,-0.36676416,-0.44132027,-0.39454904,-0.24589989,-0.17319609,-0.19403476,-0.17134376,-0.25423536,-0.17319609,-0.0953984,-0.10141846,-0.11068009,-0.20190714,-0.32601297,-0.2926711,-0.27600017,-0.28433564,-0.41121998,-0.30656356,-0.2727586,-0.25145686,-0.3329592,-0.26859087,-0.21857807,-0.33897924,-0.36954263,-0.37185803,-0.42094466,-0.41955546,-0.34222084,-0.36954263,-0.3880659,-0.50244707,-0.5070779,-0.44409874,-0.38991824,-0.25747693,-0.19357169,-0.10975393,-0.09447224,-0.2556246,-0.31443596,-0.3426839,-0.32508683,-0.3477778,-0.2681278,-0.25516152,-0.2509938,-0.2380275,-0.17504841,-0.320456,-0.46447438,-0.35657635,-0.26349697,-0.26998013,-0.24219523,-0.3982537,-0.40103218,-0.4376156,-0.3801935,-0.365838,-0.27090627,-0.2954496,-0.23247051,-0.25979233,-0.23293361,-0.29961735,-0.4135354,-0.36722723,-0.3681534,-0.5093933,-0.5265273,-0.576077,-0.65202236,-0.6117343,-0.76825583,-0.84188575,-0.7858529,-0.75992036,-0.7288939,-0.64276075,-0.672398,-0.695552,-0.6112712,-0.6635994,-0.6168282,-0.5385674,-0.43159553,-0.365838,-0.36491182,-0.4709575,-0.4260386,-0.45058188,-0.40381065,-0.44502494,-0.45104498,-0.4635482,-0.5070779,-0.5825601,-0.48438686,-0.3852874,-0.31489903,-0.21209493,-0.382972,-0.4556758,-0.57746625,-0.60710347,-0.6121974,-0.70481366,-0.70573986,-0.7423233,-0.6399822,-0.6057142,-0.72982,-0.73722935,-0.78538984,-0.6284052,-0.5770032,-0.5381043,-0.5607953,-0.5848756,-0.4709575,-0.42187086,-0.46123275,-0.3635226,-0.42974323,-0.4552127,-0.43576327,-0.4552127,-0.5237488,-0.40658915,-0.35935485,-0.42140776,-0.41862926,-0.43252173,-0.4547496,-0.48577613,-0.48485,-0.55986917,-0.6172912,-0.6080296,-0.6617471,-0.68304884,-0.68119645,-0.60015726,-0.5802447,-0.58672786,-0.7603834,-0.84281194,-0.80483925,-0.6858273,-0.74278635,-0.7400079,-0.76918197,-0.6561901,-0.6756395,-0.7020352,-0.7381555,-0.7358401,-0.83540267,-0.5927479,-0.5783924,-0.5802447,-0.55940604,-0.5205072,-0.5112456,-0.54041976,-0.4936485,-0.41677693,-0.37417346,-0.42464933,-0.40983072,-0.39084437,-0.36444873,-0.34824088,-0.36259642,-0.41862926,-0.4579912,-0.38343507,-0.39917985,-0.40751532,-0.41631386,-0.33851618,-0.29128188,-0.2403429,-0.26396006,-0.3223083,-0.30424815,-0.25516152,-0.23756441,-0.27368477,-0.23849057,-0.28433564,-0.29730195,-0.25608766,-0.25145686,-0.25747693,-0.26720163,-0.2625708,-0.2727586,-0.32832837,-0.29498652,-0.24080597,-0.2306182,-0.20653796,-0.2533092,-0.2778525,-0.28942955,-0.28711414,-0.2227458,-0.23247051,-0.23385976,-0.24914144,-0.28804028,-0.3255499,-0.32184523,-0.4107569,-0.31350976,-0.37371036,-0.33156997,-0.41677693,-0.46493742,-0.5195811,-0.4936485,-0.5232857,-0.49225923,-0.59460026,-0.57190925,-0.5218965,-0.53949356,-0.60664034,-0.48485,-0.48855457,-0.49920544,-0.46817905,-0.47836682,-0.50383633,-0.49689004,-0.4741991,-0.51078254,-0.45336038,-0.37648886,-0.39362288,-0.3704688,-0.35935485,-0.32277143,-0.34824088,-0.32971764,-0.30656356,-0.24867837,-0.2505307,-0.28155714,-0.39315978,-0.2773894,-0.28804028,-0.33712694,-0.30008042,-0.36259642,-0.31814057,-0.3051743,-0.3329592,-0.41399845,-0.400106,-0.42974323,-0.439931,-0.38204584,-0.46076968,-0.35472402,-0.3348115,-0.36213332,-0.3176775,-0.3426839,-0.15837748,-0.047701012,-0.08521061,-0.19959173,-0.23849057,-0.13151877,-0.17088068,-0.19171935,-0.21672575,-0.29452342,-0.2653493,-0.34314698,-0.41307232,-0.3848243,-0.4024214,-0.28572488,-0.23339668,-0.3186037,-0.38204584,-0.32971764,-0.3556502,-0.3223083,-0.41677693,-0.40890458,-0.40519992,-0.43483713,-0.53717816,-0.55570143,-0.5112456,-0.50754094,-0.50383633,-0.5093933,-0.50522554,-0.48623917,-0.43252173,-0.34361008,-0.5126348,-0.50198394,-0.5376412,-0.50846714,-0.47188368,-0.41538772,-0.40705225,-0.36398566,-0.40983072,-0.38852897,-0.34083158,-0.32740223,-0.43483713,-0.439931,-0.3704688,-0.38852897,-0.35472402,-0.37232113,-0.3825089,-0.4329848,-0.40890458,-0.39130747,-0.41909233,-0.45660195,-0.47882992,-0.42233393,-0.47651452,-0.47744066,-0.4741991,-0.4802191,-0.5093933,-0.51078254,-0.47697756,-0.5330104,-0.48994383,-0.48438686,-0.48577613,-0.46678978,-0.51309794,-0.48994383,-0.51078254,-0.47188368,-0.44687724,-0.42326006,-0.38389817,-0.3778781,-0.43020633,-0.44409874,-0.43205866,-0.38436124,-0.3727842,-0.3584287,-0.365838,-0.360281,-0.33897924,-0.35194555,-0.32832837,-0.32508683,-0.3051743,-0.32184523,-0.32740223,-0.33897924,-0.3352746,-0.3232345,-0.32277143,-0.3061005,-0.33666384,-0.360281,-0.33759,-0.33110687,-0.32971764,-0.27692634,-0.23941675,-0.19866556,-0.18338388,-0.19866556,-0.22181964,-0.25423536,-0.22598737,-0.21394727,-0.0778013,0.05510308,0.11993449,0.15188712,0.25515428,0.22366475,0.20745689,0.4301991,0.46585634,0.3440659,0.48067492,0.48113802,0.42232668,0.3644415,0.32924733,0.3394351,0.35054907,0.2996101,0.32322726,0.42927292,0.38389093,0.42510518,0.32924733,0.39361566,0.35379064,0.42047435,0.45613164,0.42417902,0.37324005,0.4246421,0.509386,0.5992238,0.6617398,0.73027587,0.7520407,0.7464837,0.81779826,0.8543817,0.9451456,0.98728603,1.0576744,1.1799281,1.1766863,1.2415178,1.310517,1.5633594,1.8083295,2.0690446,2.1426744,2.0630245,2.2403846,2.3038268,2.1797209,2.077843,2.0704339,2.2292707,2.246868,2.2121367,2.4964685,2.7289357,3.0725422,2.9382484,2.9600134,2.8993497,2.7210631,2.6803122,2.970201,2.5858436,2.1755533,2.3010483,2.0407965,1.8069403,1.9727237,1.9903206,1.8861274,2.1727748,2.2283444,2.220009,2.1630502,2.08942,2.3515244,2.5085087,2.6117759,2.4760933,2.2047274,2.112574,2.185278,2.2325122,2.2408478,2.0880308,2.117205,2.23066,2.1866672,2.2176936,2.2630756,2.3242025,2.4094095,2.3760676,2.5423136,2.8210888,2.4830394,2.6988354,2.9451947,2.6923523,2.5603738,2.7770963,2.7571836,2.9100006,2.9127789,2.8924034,2.7812638,2.9127789,3.060965,3.6319444,3.593972,3.509228,3.2975996,3.5453484,2018-04-17
HES_DRQ,2.025377,2.4214828,2.4207053,1.5631671,1.2984915,0.97885895,1.0047821,1.0978463,1.0701084,1.2881222,0.95760196,0.7644744,0.41088253,0.27219358,0.36966467,0.14283702,0.0038888738,0.44224954,0.3559254,0.22682807,0.09695303,-0.11095073,-0.020738129,0.07336295,-0.07336214,-0.26026812,-0.29707903,-0.23927037,-0.4176217,-0.61515623,-0.5280544,-0.9088657,-0.1360962,-0.10343301,0.22579114,0.5003174,0.64367247,0.80802536,0.762919,0.5511268,0.7626597,0.43758336,0.16461247,0.07932527,0.066882156,0.03499667,0.1262462,0.10317458,-0.042772815,0.011406591,0.086583756,0.14180009,0.21619956,0.05547597,0.20920031,0.42721412,0.47906044,0.4344726,0.16461247,0.1638348,0.32689148,0.39558786,0.29811674,0.2377158,0.49072585,0.33700147,0.6301924,0.8964233,0.73051506,0.74762434,0.20764492,0.21905112,0.10472998,0.12598696,0.019702002,0.3214476,0.48087505,0.5005767,0.35618463,0.5086128,0.16331632,0.13920778,0.17342636,-0.42332482,-0.8474278,-1.2539029,-1.0529984,-0.91793877,-0.67270565,-0.996486,-1.1333603,-1.0148914,-1.0610346,-0.9749697,-1.0428884,-1.2373121,-1.5056169,-1.5709432,-1.5787202,-1.4483266,-1.2456075,-1.3254509,-1.3137854,-1.4338098,-1.5828679,-1.4817675,-1.5377616,-1.6497496,-1.5429462,-1.0747739,-0.8292815,-0.805173,-0.64704174,0.015295065,-0.0023326846,0.47335732,0.1106923,0.18068485,0.22319882,0.28593287,0.4769866,0.42773256,0.15813169,0.113543846,0.106026135,0.44458264,0.4689504,0.13298622,-0.15372394,-0.64678246,-0.14491007,-0.18638712,-0.11198766,0.2903398,0.2893029,0.991302,1.1455449,1.0016713,1.2803453,0.9868951,0.9262349,0.9625274,1.077367,0.770696,0.7927307,0.77225137,0.5767907,0.3058937,0.7670667,0.6475609,0.29267287,0.2130888,0.31315216,-0.09150835,-0.251195,-0.25560197,-0.47335652,-0.7613629,-0.7227374,-0.85987085,-0.971859,-1.064923,-0.9762659,-1.009966,-1.1854658,-1.2780114,-1.583127,-1.6528604,-1.3093785,-1.3664094,-1.5859786,-1.4892852,-1.6492312,-1.5434647,-1.8846135,-1.5235038,-1.8978343,-2.203209,-1.922202,-2.2446861,-2.7626307,-2.8494732,-2.877989,-2.9580915,-3.3868604,-3.5626197,-3.1390352,-3.2168047,-3.781411,-4.060344,-3.6764224,-2.9547215,-2.836771,-2.7857025,-3.0591917,-1.9740483,-1.9800107,-3.0356016,-2.7245238,-2.552394,-2.2752755,-2.2773492,-2.149548,-2.0624464,-1.7451469,-2.1010716,-1.8879834,-1.337894,-1.843914,-1.8296564,-1.6774875,-1.779884,-1.8838358,-1.9092404,-1.2609022,-1.2489775,-1.2865661,-1.4550667,-1.7682185,-1.7231121,-1.4436604,-0.9773028,-1.190132,-1.0496284,-0.9106803,-0.6548187,-0.26519355,-0.4018086,-0.19286792,-0.5796415,-0.739069,-1.0034852,-1.1642089,-0.93893653,-0.7253297,-0.9402327,-1.0011522,-0.7001842,-0.20064487,-0.2066072,0.042514388,0.17835176,0.54905295,0.23123501,0.67944646,0.67296565,1.0667384,1.0343345,1.0765892,0.99856055,1.5390584,1.2912331,1.8742449,1.0037452,0.66492945,0.22190267,0.039403606,-0.28982055,-0.41710326,-0.24471425,-0.10317378,-0.12494923,0.5627922,0.7862499,0.7828798,0.9736743,0.81735766,0.6664849,0.8412069,0.639784,0.46195114,0.84354,0.72273815,1.1043271,1.0498885,0.8927941,0.89564556,0.7756214,0.992339,0.72351575,0.5651253,0.65974486,0.6112685,0.45702574,0.13194929,0.26286128,0.41347483,0.3839224,0.35125923,0.30330136,0.65378255,0.7468467,0.6125646,0.85235393,0.18172176,-0.013998108,0.5474975,1.0428891,1.4091834,1.3132677,0.9726374,0.9086072,0.80569226,0.8422439,0.76214135,1.3345246,0.98041433,0.8002483,0.5376467,0.7201458,0.51716745,0.6423763,0.3074491,0.1425778,0.10135996,0.27193436,-0.24549194,0.038366683,0.53220284,0.27011976,0.2649351,0.42021486,0.4730981,0.4689504,0.58949304,0.526759,0.46169192,0.65378255,0.84302163,0.8129507,0.8259123,0.70848036,0.79506373,0.79013836,0.65352327,0.622934,0.6428948,0.7390697,0.80854374,0.7735475,0.7709552,0.5042059,0.30848604,0.23356809,-0.1360962,-0.25041735,0.028256645,-0.27530357,-0.42695406,-0.67037255,-0.7219597,-0.7165158,-0.5334983,-0.6405609,-0.6110086,-0.524166,-0.48761427,-0.49746507,-0.37329313,-0.5239067,-0.23123421,0.19157258,0.38651475,0.43887952,0.06740062,0.29889446,0.2690828,0.19053563,0.280489,0.08865762,0.00959197,-0.117949985,0.050291337,-0.06714059,0.15139166,0.35125923,0.4583219,0.4207333,0.40466094,0.28411824,0.21282955,0.55060834,0.76006746,0.36370236,0.33518687,0.108618446,0.06895601,-0.02566353,0.15994631,0.3092637,0.43032488,0.42202947,-0.19494176,-0.31885448,-0.018664276,0.0754368,-0.07102906,0.06947447,0.24886274,0.22838345,0.33414996,0.4129564,0.061438296,-0.34970304,0.8077661,0.717035,1.0789224,0.9601943,1.1043271,1.2603844,1.2544222,1.3920741,1.2435344,1.7537022,1.6017925,1.3145639,1.4688066,1.8190286,1.8770965,1.9266098,1.9680868,2.0497448,2.0785196,2.0113785,1.9613467,1.800364,1.7264829,1.2865669,1.3200078,1.2891592,0.94360346,1.2544222,1.1706903,0.3862555,0.5843084,0.61930466,0.6029731,0.3172999,0.28178516,0.41269714,0.31574452,-0.13920698,-0.3123737,-0.49150273,-0.38651395,-0.4565065,-0.58301157,-0.38936546,-0.552163,-0.7053688,-1.054813,-0.9913013,-0.8629817,-0.92182726,-1.2679014,-1.5354284,-1.7267413,-1.4133304,-1.180022,-1.1268795,-1.1870211,-1.1810589,-1.2917507,-1.5862379,-0.9697851,-0.6561148,-0.43991566,-0.46298727,-0.3123737,-0.5272767,-0.6861857,-0.5485337,-0.7608444,-0.6366725,-0.61800784,-0.29163516,-0.33648223,-0.38262546,-0.22941957,-0.3559246,-0.49746507,-0.52261055,-0.618267,-0.69888806,-0.45546955,-0.082953714,-0.2986344,-0.59364,-0.70433193,-0.64937484,-0.5918254,-0.45106262,-0.38418084,-0.09461914,0.21464418,-0.04717975,-0.08658296,-0.20557027,-0.35851693,-0.5392014,-0.48709577,-0.33855608,-0.31885448,-0.17290708,0.03188589,0.036033597,0.029812036,0.08684299,-0.2206057,-0.3074483,-0.45054415,-0.3839216,-0.17446247,-0.22190186,0.038625915,0.083991446,0.14361472,0.12080233,-0.19468254,-0.3123737,-0.42513943,-0.26415664,-0.14128083,-0.00803578,0.034478206,0.02410894,0.072585255,-0.18223943,-0.35825768,-0.2983752,-0.53479445,-0.58404845,-0.41062248,-0.76810294,-1.1188433,-0.77924985,-0.9557866,-0.8002476,-0.6817788,-0.96926665,-1.0332968,-1.2523475,-1.4625845,-1.5517601,-1.3381532,-1.2212398,-1.2642722,-1.2922692,-1.007633,-0.90342176,-0.6563741,-0.62682164,-0.74399436,-0.68074185,-0.96926665,-1.0542946,-1.0068552,-0.9041995,-0.94723195,-0.9345296,-1.0384815,-1.0454807,-0.91534644,-1.008929,-0.8080246,-0.64185715,-0.5498299,-1.0195576,-1.0402961,0.1057669,0.17031558,-0.055734396,0.23097576,0.1713525,0.44354567,0.10161919,0.13194929,0.15683553,0.0803622,0.11147,-0.046142828,0.032404352,-0.058845174,-0.13635543,-0.15787166,-0.12443077,-0.026441224,0.099545345,0.027738182,-0.04977207,-0.09902608,-0.13791081,-0.1311708,-0.05677132,0.025145868,-0.049253605,0.01762815,0.06377138,-0.1664263,-0.1156169,-0.16927785,-0.24652886,-0.16253781,-0.13687389,-0.10135916,0.037588984,0.15839092,0.27660054,0.47854194,0.7828798,0.70251805,0.80284065,0.73051506,0.8692039,0.74243975,0.6447094,0.52520365,0.5213151,0.37251624,0.42928797,0.32092914,0.38962552,0.43758336,0.5874192,0.82539386,0.93167883,1.1012163,1.0390006,1.033816,1.0778854,0.6895565,0.396884,0.3403715,0.48580045,0.5143159,0.53842443,0.42928797,0.323003,0.52701825,0.7463282,0.8243569,0.6460056,0.6994073,0.59053004,0.5373875,0.2994129,0.0648083,0.14205933,0.20608954,-0.03240355,-0.15968627,-0.1615009,0.04277362,-0.26286048,-0.3302607,-0.080620624,0.025405098,0.15709476,0.06428984,0.42514023,0.3535923,0.22423574,0.39973557,0.42514023,0.283859,-0.005961927,-0.31885448,0.04640286,-0.16875939,-0.32092834,-0.33440837,0.21749572,0.46532112,0.6646702,0.6662256,0.71262807,0.51353824,0.32663223,0.49616972,0.53038824,0.8134692,0.695778,0.76732594,0.8176169,1.0050414,0.8497616,0.78313905,0.8655747,1.0620723,0.70044416,0.7572159,0.77769524,0.9270126,0.9601943,1.0177437,0.91327333,0.5358321,0.6206009,0.57782763,0.22630961,-0.18353558,0.04484747,-0.15527932,-0.15527932,-0.34399995,0.050809797,-0.21775414,0.19572027,0.234605,0.136097,0.21464418,0.16979711,0.7611044,0.75203127,0.69966644,0.5182044,0.4386203,0.5933815,0.8767217,1.0561099,0.98715436,0.50498354,0.51716745,0.8868317,0.98896897,1.0719231,1.0262984,1.1833926,1.0177437,0.76577055,1.010226,1.2186482,1.297973,1.3962219,1.5183198,1.6559719,1.5372438,1.7977716,1.5356884,1.7879207,1.9704198,2.1692507,2.0308208,2.2265408,2.406966,2.464256,2.392708,2.8489559,3.0107164,3.200474,2018-04-17
SNP_DVN,0.43669233,0.31295493,0.48957872,0.3189991,0.34485465,0.41553774,0.34754094,0.06279385,0.012090058,0.079751074,-0.0243428,-0.1376708,-0.15362068,-0.09888744,0.009403765,-0.19710506,-0.11853096,-0.20180607,-0.3198351,-0.0060424237,0.10140932,0.08243737,-0.16957054,-0.26375872,-0.28105173,-0.26325503,-0.23034793,-0.31798828,-0.52298605,-0.36701316,-0.40730757,-0.5553895,-0.46808496,-0.41351962,-0.5248329,-0.6386646,-0.4766475,-0.25536406,-0.31563777,-0.20986494,0.14808369,0.11803077,0.058932304,-0.12256041,-0.26023296,-0.05691411,-0.14925545,-0.1380066,-0.23672788,-0.4672455,-0.6651917,-0.6640165,-0.5055252,-0.5416222,-0.6564613,-0.56428784,-0.461705,-0.49796999,-0.51828504,-0.50821143,-0.55774,-0.5553895,-0.61129797,-0.907126,-0.7671029,-0.64202243,-0.73302066,-0.7612267,-0.834764,-0.8196536,-0.715056,-0.8120984,-0.72697645,-0.65444654,-0.8008495,-0.75350356,-0.69239044,-0.6860105,-0.7504815,-0.84534127,-0.9556472,-1.1624918,-1.3251805,-1.4840075,-1.4630209,-1.4549621,-1.2526505,-1.3006681,-1.3176253,-1.6223518,-1.5875978,-1.5165789,-1.9069309,-1.4480784,-1.2496284,-1.2377081,-1.2266271,-1.2257876,-1.0986924,-0.9358358,-0.99846,-1.06461,-1.0275055,-1.0899619,-1.2828714,-1.3815926,-1.4583199,-1.5269883,-1.6520689,-1.4398516,-1.407784,-1.3189684,-1.1720617,-1.144863,-0.7716361,-0.6897041,-0.8371145,-0.66586334,-0.6855068,-0.6102906,-0.4413899,-0.45868292,-0.40881857,-0.423929,-0.51123357,-0.40949014,-0.23454526,-0.36734894,-0.33410603,-0.31127253,-0.42157847,-0.47580805,-0.4939405,-0.43987885,-0.55303895,-0.6195248,-0.8188141,-0.9873791,-1.0996997,-1.178106,-1.1166569,-1.4205439,-1.3409624,-1.50533,-1.4950885,-1.407616,-1.3547298,-1.4289385,-1.4420342,-1.5221194,-1.7437385,-1.7611995,-1.6812823,-1.6294032,-1.5875978,-1.552676,-1.7197299,-1.7146931,-1.7062984,-1.8582418,-1.9447069,-1.8434671,-1.6471999,-1.2467743,-1.3221583,-1.3078874,-1.3396193,-1.2976459,-1.0642742,-1.0407691,-1.280353,-1.2790098,-1.368497,-1.4155071,-1.6032119,-1.618826,-1.7665721,-1.9447069,-1.878389,-1.8152612,-1.7341688,-1.8065307,-1.7392055,-2.14131,-1.94605,-2.111257,-1.95243,-1.7289641,-1.7662364,-1.7157004,-1.7820183,-1.8412846,-1.6527404,-1.7331613,-1.8473288,-1.6552588,-1.6592883,-1.6524047,-1.7862155,-1.8137501,-1.7031084,-1.8290284,-1.5444492,-1.4568088,-1.2360291,-1.3127563,-1.2973102,-1.1729012,-1.3095664,-1.3733659,-1.3995574,-1.2664179,-1.2585268,-0.89403033,-0.69457304,-0.7763371,-0.6361462,-0.6551181,-0.8100836,-0.7632414,-0.7954769,-0.65595764,-0.84953856,-0.8391292,-0.8256978,-0.85054594,-0.86280215,-0.9630345,-1.0280093,-0.973276,-1.0540327,-0.97126126,-0.8727079,-0.6618339,-0.675769,-0.6185174,-0.72294706,-0.86968577,-0.675769,-0.8972203,-0.741919,-0.61415213,-0.53893596,-0.28877482,-0.3149662,-0.54531586,-0.45079193,-0.42779055,-0.5078757,-0.40680388,-0.478998,-0.48504215,-0.22531115,-0.32906923,-0.22245696,-0.3537496,-0.3806125,-0.52852654,-0.6207,-0.6430298,-0.61415213,-0.69306195,-0.5547179,-0.69121516,-0.77835184,-0.9151849,-0.7252976,-0.82855195,-0.8849641,-0.89772403,-0.8194857,-0.9391936,-0.8547433,-0.7095155,-0.66216964,-0.69071144,-0.6881931,-0.5647915,-0.5315486,-0.52886236,-0.4884,-0.43987885,-0.22027434,-0.304221,-0.44575512,-0.5605942,-0.6539429,-0.5424617,-0.6651917,-0.6917188,-0.5950123,-0.4662381,-0.4360173,-0.2597293,-0.71304137,-0.6116337,-0.44491568,-0.27719018,-0.17678995,-0.16570899,-0.37759045,-0.37994093,-0.44844142,-0.35878637,-0.23185898,-0.074039236,-0.113326274,0.07471427,0.033412512,0.10258458,-0.08041918,-0.031898,-0.15731433,-0.103924245,-0.118195176,-0.006713997,0.002352244,-0.1554675,-0.2817233,-0.3092578,-0.29095745,-0.27735806,-0.30371734,-0.29851264,-0.37540781,-0.30791467,-0.378262,-0.36701316,-0.32336086,-0.3147983,-0.27551126,-0.29800895,-0.40126342,-0.46069762,-0.55522156,-0.5580758,-0.548338,-0.5550537,-0.49494788,-0.5171098,-0.43500996,-0.5374249,-0.5558932,-0.35408536,-0.34149334,-0.3376318,-0.28978217,-0.5602584,-0.48269168,-0.65797234,-0.650585,-0.58460295,-0.58477086,-0.56411994,-0.608108,-0.44340461,-0.36919573,-0.40277442,-0.54111856,-0.3503917,-0.30338156,-0.2793728,-0.1603364,-0.16218324,-0.19156457,0.0918394,0.23975344,0.17175664,0.23773873,-0.018634425,-0.024007015,-0.15345278,-0.08444862,-0.0545636,0.059603874,0.019645259,0.08562735,0.072699554,0.21826309,0.1704135,0.085459456,-0.022495974,-0.10610686,-0.066651925,0.10258458,-0.09603326,-0.19240405,-0.2766865,-0.024678586,-0.10677843,-0.3634874,-0.50837934,-0.5881287,-0.69457304,-0.6517603,-0.79446954,-0.7575331,-0.7711324,-0.71153027,-0.5699962,-0.62691206,-0.6354746,-0.5369212,-0.54867375,-0.5196282,-0.57217884,-0.6460519,-0.609619,-0.5953481,-0.4795017,-0.44844142,-0.55774,-0.57654405,-0.27316073,-0.31043306,-0.3752399,-0.39605868,-0.41049752,-0.3982413,-0.4014313,-0.47379333,-0.60139227,-0.5602584,-0.5859461,-0.56210524,-0.5471627,-0.48756057,-0.5197961,-0.3147983,-0.2592256,-0.15681066,-0.04885523,-0.032233786,0.04466137,0.22967985,0.35308143,0.32571486,0.22598618,0.25469595,0.33243057,0.432495,0.62053555,0.53020895,0.45398533,0.46086895,0.47866568,0.45851845,0.5161059,0.41553774,0.3940474,0.3482125,0.4659058,0.38548484,0.48756403,0.5003239,0.40210629,0.39505476,0.24898759,0.31026867,0.51677746,0.5014992,0.47849777,0.37792966,0.327058,0.28978565,0.3060713,0.15933253,0.2080216,0.14640474,0.25771803,0.293983,0.19626908,0.11954181,0.17561819,0.117023416,0.21775943,0.34686938,0.29851612,0.40596783,0.3712139,0.52416474,0.5951837,0.6571363,0.84719163,0.89537704,0.90880847,0.91434896,0.79917413,0.81008714,0.8446732,0.9403724,1.0271733,1.1045722,1.0095445,0.9091443,0.90393955,0.8648204,0.9207289,0.80773664,0.65075636,0.7681138,0.80572194,0.86381304,1.0033324,0.939533,0.8968881,0.8757335,0.9067938,0.80286777,0.8210002,0.69021136,0.62389344,0.61499506,0.8141166,0.8478632,0.81831396,0.89235497,1.1052437,0.9972883,0.8581047,0.8930265,0.92945933,0.93533564,0.9391971,0.9208968,0.9850321,1.1522539,1.1769342,1.1831462,1.2633992,1.2951311,1.2813638,1.3003358,1.3466743,1.3810924,1.2741444,1.224448,1.2523183,1.2390547,1.2090018,1.1609843,1.2916052,1.1420124,1.0288522,1.0483278,1.0471526,1.0711614,0.9519571,0.9791558,0.8248618,0.8686819,0.845009,0.8675067,0.8347675,0.8458485,0.845009,0.87556565,0.9613591,1.0145813,1.0479921,0.9526286,1.018107,1.0832497,1.0389259,0.944234,0.9381898,0.81176615,0.9690822,0.8302344,0.857601,0.816635,0.88228136,0.8366143,0.8157956,0.7689533,0.7990062,0.8246939,0.7936337,0.58678895,0.74393725,0.7493098,0.56227654,0.5448156,0.46204424,0.5352457,0.6066004,0.66620255,0.6727504,0.75904757,0.7659312,0.778859,0.7897721,0.8797629,0.9472561,1.033889,1.0115592,1.0006461,1.0911406,1.1445308,1.3302208,1.2412373,1.139326,1.0266696,1.0652851,1.0723367,0.9516213,0.9101516,0.89940643,0.8280518,0.6754367,0.777348,0.70179594,0.6252366,0.7981668,0.81613135,0.7603907,0.73772514,0.81781024,0.67191094,0.67577255,0.7132127,0.7185854,0.67392564,0.68013775,0.78473526,0.70246756,0.7185854,0.5634518,0.59300107,0.49881285,0.5562324,0.53272736,0.4776583,0.49830917,0.6091188,0.5365889,0.46708104,0.5661381,0.4321592,0.60005254,0.7165706,0.5407862,0.5214785,0.49444762,0.40982938,0.2488197,0.17964764,0.17410713,0.10762137,0.08277316,0.17410713,0.2936472,0.36433032,0.37826544,0.36433032,0.27333212,0.2865957,0.13297327,0.20147377,0.19694065,0.082605265,0.100066185,0.16688773,0.16890246,0.14052849,0.248316,0.17645766,0.10946821,0.17947973,0.17461082,0.168063,0.32470748,0.3164807,0.35022724,0.35912558,0.29331142,0.31681648,0.6133162,0.65310687,0.89940643,0.98671097,1.0612557,1.1324424,1.2314996,1.3122562,1.4818286,1.3948597,1.3889834,1.3923414,1.5194366,1.4516077,1.4771276,1.9892021,2.0783534,2.1559203,2.0718057,1.7523047,1.9228843,1.8658006,1.9379947,1.6188295,1.8330615,1.3862971,1.0852644,1.0610877,1.1814673,1.0471526,1.3169572,1.468229,1.5008005,1.2853932,1.7665757,1.685819,1.9272496,2.05233,1.6561018,1.4430451,1.5056694,1.490391,1.4687328,1.4981142,1.3441559,1.5718194,1.7294711,1.6230267,1.543949,1.7331648,1.7200692,1.824163,1.7684225,2.0276496,2.2914102,1.9112997,1.9205339,2.494729,2.2405386,2.2062883,2.5111825,2.3489976,2.8691313,2.8476408,2.863255,2.8291724,3.029637,3.2772799,3.332181,3.2703962,3.1933331,3.053478,3.2099545,2018-04-17
SNP_ENB,0.09728822,0.06918431,0.38455293,0.2941935,0.36142948,0.40091723,0.3041544,0.19102724,0.12717086,0.14317943,-0.029535132,-0.13092268,-0.18410665,-0.0638646,-0.060662888,-0.22537315,-0.10922219,-0.12149542,-0.30950704,0.10849422,0.3868653,0.3888219,0.074698366,0.05317575,-0.038250905,-0.08040678,-0.03078024,-0.022420218,-0.16365129,0.14193432,0.014933085,-0.11971668,-0.014060195,0.09124055,-0.036827922,-0.10513111,0.0015926198,0.21984264,-0.024910439,-0.014415939,0.29401565,0.18337871,0.12307979,-0.012281464,-0.06261949,0.18106636,0.07487624,0.012976483,0.030941645,-0.2657503,-0.49911952,-0.41125032,-0.2854942,-0.42014396,-0.4521611,-0.36393613,-0.3413463,-0.41836524,-0.38528085,-0.3260492,-0.20047095,-0.15333466,-0.30755043,-0.5772057,-0.47848627,-0.29901254,-0.46923688,-0.5871666,-0.6207846,-0.6874869,-0.594993,-0.63750464,-0.5508805,-0.4880914,-0.6259429,-0.5777393,-0.5161953,-0.5850321,-0.6364374,-0.69762564,-0.7348011,-0.87069595,-1.0896574,-1.1933573,-1.2020731,-1.1718347,-1.0862778,-1.132347,-1.2139906,-1.4704834,-1.3982669,-1.4509172,-1.8465066,-1.3845707,-1.163119,-1.1191844,-1.0112156,-0.89008415,-0.72537386,-0.63199055,-0.6686324,-0.755968,-0.8301409,-0.88421434,-1.0432326,-1.0736489,-1.1892662,-1.1777046,-1.1832186,-1.053905,-1.0220658,-0.99485123,-1.0587076,-1.0250896,-0.76895267,-0.66507494,-0.76824117,-0.60975647,-0.68357366,-0.60993433,-0.47848627,-0.46247768,-0.36980593,-0.45322832,-0.58627725,-0.459276,-0.20651864,-0.32391474,-0.25347707,-0.42494652,-0.5901905,-0.5263341,-0.47528455,-0.37496427,-0.2776678,-0.12238478,-0.20331693,-0.26201499,-0.3189343,-0.49129313,-0.3575327,-0.6225633,-0.5868108,-0.81057495,-0.80506086,-0.7075865,-0.56333166,-0.63679314,-0.627188,-0.6899771,-0.865004,-0.8461495,-0.8226703,-0.80470514,-0.73248875,-0.6366153,-0.64586467,-0.6672094,-0.7801587,-0.9445132,-0.8955981,-0.83636653,-0.7429832,-0.50178766,-0.58876747,-0.5736482,-0.57756144,-0.5928585,-0.3931073,-0.39328516,-0.62398624,-0.64639825,-0.72395086,-0.7783799,-0.9274374,-0.9201446,-1.0332718,-1.2289319,-1.2310665,-1.1572492,-1.1366159,-1.0720481,-1.1236312,-1.5028564,-1.3354778,-1.3582455,-1.4373991,-1.4172993,-1.336545,-1.339391,-1.3591348,-1.4354423,-1.38546,-1.4372212,-1.5087261,-1.461234,-1.457143,-1.4242364,-1.5462573,-1.4788435,-1.3224931,-1.4245921,-1.2388928,-1.2533005,-1.1391062,-1.1072669,-1.0391415,-0.9101838,-1.0010767,-1.1079783,-1.4100065,-1.3719417,-1.4656808,-1.065111,-0.7177253,-0.85735554,-0.827295,-0.93473023,-1.1474662,-1.170056,-1.212034,-1.0318488,-1.0997963,-1.0967723,-1.1037095,-1.1698781,-1.038608,-1.1106465,-1.20652,-1.143375,-1.2212834,-1.2043855,-1.0640438,-0.9747516,-0.96407926,-0.8159111,-0.9493157,-0.97973204,-0.82604986,-1.0362957,-0.9859576,-0.85735554,-0.8377895,-0.6200731,-0.62701017,-0.8612687,-0.846861,-0.87211895,-0.9094722,-0.81946856,-0.88243556,-0.8594899,-0.519397,-0.5773836,-0.49342757,-0.64888847,-0.6561813,-0.77339953,-0.82355964,-0.7913646,-0.7767791,-0.8205358,-0.79847956,-0.87709945,-1.0706251,-1.1874876,-0.99965376,-1.1238091,-1.1182951,-1.0807638,-1.0549723,-1.1138482,-1.0816531,-0.9229906,-0.86037934,-0.86785,-0.7831825,-0.68392944,-0.65778214,-0.7730438,-0.7767791,-0.77019775,-0.5659997,-0.64710975,-0.8333427,-0.97332865,-0.97759753,-0.84383714,-0.908405,-0.94967157,-0.90520334,-0.772688,-0.75507855,-0.61811644,-1.0311372,-0.9544741,-0.7203934,-0.603353,-0.5540822,-0.62274116,-0.7426275,-0.71274483,-0.6903329,-0.55283713,-0.44807002,-0.30274788,-0.3351207,-0.120783925,-0.15742573,-0.12398564,-0.32249174,-0.15191168,-0.2684184,-0.12540862,-0.117760085,0.07896732,0.10298016,-0.1097558,-0.41605288,-0.4036018,-0.42636952,-0.3491727,-0.44575766,-0.40520266,-0.5439435,-0.4454019,-0.5249111,-0.53255963,-0.45892024,-0.429927,-0.3658927,-0.32124665,-0.46994835,-0.46069896,-0.4856012,-0.5113928,-0.42476866,-0.34810546,-0.27464396,-0.22555104,-0.15938234,-0.3064832,-0.3194679,-0.26699543,-0.5293579,-0.6111795,-0.77873564,-0.9912938,-0.9886257,-1.0181526,-1.0955273,-1.0396751,-1.0702693,-1.0258012,-1.0354062,-0.87105167,-0.77873564,-0.8778109,-0.9574979,-0.79474425,-0.7522327,-0.61402535,-0.49253824,-0.46229982,-0.45571855,-0.09517023,0.07274177,-0.0323811,0.026672697,-0.21808037,-0.25685665,-0.47350582,-0.42281207,-0.45340618,-0.36695996,-0.4240572,-0.24102598,-0.2886959,-0.098905556,-0.18926497,-0.3203573,-0.4936055,-0.56564397,-0.5231324,-0.32195812,-0.28496057,-0.26948562,-0.38599238,-0.24138172,-0.35379738,-0.5073017,-0.6702332,-0.6305676,-0.60139644,-0.61438113,-0.8365444,-0.92708164,-0.9457583,-0.985424,-0.82533836,-0.8304967,-0.8541538,-0.81484383,-0.76895267,-0.45305043,-0.4422002,-0.57560486,-0.5492797,-0.53771794,-0.459276,-0.42210054,-0.50463355,-0.53184813,-0.31075215,-0.25169834,-0.3150211,-0.4856012,-0.46087688,-0.42281207,-0.42797035,-0.56048566,-0.68499666,-0.6584936,-0.6133139,-0.62345266,-0.6067326,-0.5371843,-0.5930364,-0.37656513,-0.3680272,-0.3294288,-0.1268316,-0.12060604,-0.07400335,0.09711035,0.15100583,0.21005964,0.16665864,0.16416842,0.24954742,0.2570181,0.38455293,0.30166417,0.37476996,0.3882883,0.41034448,0.43453524,0.3941581,0.23674057,0.24830231,0.25666234,0.3055774,0.23905292,0.33990684,0.2844105,0.20027664,0.18284509,0.09301928,0.19280598,0.42030537,0.35876137,0.40340742,0.29437137,0.21948689,0.15669776,0.28458837,0.11436402,0.19084936,0.12717086,0.13570876,0.1374875,0.060824286,-0.08787744,0.023470985,0.03787869,0.05424299,0.124147035,0.1355309,0.30255353,0.27480537,0.30522162,0.43560243,0.47758043,0.64246863,0.66719294,0.7185982,0.8142938,0.6300175,0.70792586,0.7346068,0.81785125,0.8781501,0.9210175,0.78974736,0.7337174,0.65829927,0.5962217,0.62165743,0.5455279,0.39148998,0.5071074,0.53859085,0.55886835,0.7271361,0.75435066,0.6812449,0.6670151,0.7394093,0.5526428,0.5513977,0.4882528,0.33812812,0.31375954,0.5585126,0.6092064,0.669861,0.7408323,0.9866526,0.9114124,0.86783355,0.8724583,0.8674778,0.83955175,0.83812875,0.76555663,0.8484454,1.0754112,1.086973,1.0899967,1.1271722,1.0958666,1.0894631,1.0649167,1.0919534,1.2178874,1.0990683,1.1152548,1.1300182,1.187649,1.0914198,0.9194167,1.0727432,1.0288085,0.8271007,0.7066807,0.6826679,0.68409085,0.4830945,0.47491238,0.42706457,0.49554563,0.4608604,0.48682985,0.3987828,0.3656984,0.37672654,0.4859405,0.50959754,0.5748769,0.5295193,0.44218376,0.4850511,0.5094197,0.39273506,0.30451015,0.29988545,0.22357798,0.38704318,0.34044045,0.36391968,0.27551687,0.3078897,0.2548836,0.1874698,0.23033714,0.20917028,0.31802848,0.31287014,0.17466293,0.3290566,0.26573384,0.13891049,0.116320625,0.0135101015,0.060824286,0.15260668,0.13321856,0.047661696,0.13037258,0.20561282,0.2772956,0.30860123,0.44093865,0.46335062,0.52347165,0.5325432,0.46352848,0.56989646,0.60298085,0.76715755,0.6757308,0.62770516,0.5015933,0.53378826,0.57790077,0.40483046,0.3987828,0.3888219,0.3868653,0.23940866,0.3585835,0.28725648,0.14086708,0.28565562,0.31322592,0.22055414,0.18996,0.3422192,0.18337871,0.21895328,0.23104864,0.19262809,0.15545265,0.17323995,0.27960795,0.2155737,0.3258549,0.16879313,0.33741662,0.2614649,0.3573384,0.4267088,0.4005615,0.40198448,0.501949,0.4816715,0.52204865,0.8361722,0.7173531,0.945564,1.1012027,0.8603629,0.88490933,0.86125225,0.77462816,0.6478048,0.62325835,0.63037324,0.49145454,0.31091356,0.28529987,0.40643132,0.4581923,0.54232615,0.5460615,0.5336104,0.3199851,0.09106268,0.15118371,0.12574789,-0.026867038,-0.040207505,0.085192874,0.07807796,0.06900644,0.13232918,0.050329786,-0.042697724,0.0007032556,0.056021716,0.14051133,0.336883,0.36018437,0.4174594,0.37921673,0.26448873,0.28672284,0.4930554,0.52098143,0.7525719,0.84364283,0.9308005,1.043572,1.2822773,1.3612529,1.5496202,1.4176385,1.4155042,1.4197731,1.5844833,1.5645615,1.5997804,2.140336,2.3311937,2.4699345,2.4432535,2.1314423,2.3303041,2.4153275,2.5569143,2.2040145,2.3263912,1.7650243,1.4802496,1.4884319,1.5659845,1.3285242,1.6842699,1.7746295,1.8215878,1.643537,1.9686887,1.965309,2.226071,2.3457792,2.067408,1.9549925,2.0154693,2.0823495,2.074523,2.047842,1.9174613,2.157056,2.3214107,2.1200585,2.0024846,2.1696851,2.3457792,2.4571276,2.480429,2.8802874,3.051223,2.6910305,2.8004224,3.413728,3.0412621,2.9939482,3.187118,3.0755918,3.7113094,3.6047637,3.5780826,3.5432196,3.7017045,3.9909256,4.0816407,3.969047,3.9059024,3.682316,3.7963328,2018-04-17
SNP_ENLC,-0.07821408,-0.17566592,0.03847641,-0.18537514,-0.15840507,-0.013306117,-0.18375693,-0.42576838,-0.46928006,-0.36409682,-0.50290275,-0.53904265,-0.6510583,-0.5627763,-0.4723367,-0.70697623,-0.6300217,-0.6769496,-0.75462335,-0.42217237,-0.30206564,-0.36823225,-0.61725587,-0.7152471,-0.7575001,-0.7788964,-0.7587587,-0.83265674,-1.0333141,-0.8466812,-0.89217067,-0.998253,-0.9040375,-0.81809294,-0.991061,-1.079343,-0.98656595,-0.791842,-0.80694526,-0.7528253,-0.41965517,-0.438714,-0.47683167,-0.64961994,-0.78986424,-0.50595933,-0.6327187,-0.65645236,-0.74545354,-0.95294327,-1.1850656,-1.1692431,-1.0236048,-1.1365196,-1.2499737,-1.1296871,-0.9723617,-0.9890831,-0.99879235,-1.0187502,-1.0212674,-1.0016692,-1.09103,-1.3930948,-1.2449391,-1.1133252,-1.2116761,-1.2668748,-1.2622,-1.1764352,-0.97793555,-1.0822197,-1.0516537,-0.98656595,-1.1384972,-1.1877626,-1.0773652,-1.0723308,-1.1897404,-1.2675941,-1.3835653,-1.5788287,-1.749639,-1.895637,-1.9134372,-1.8983339,-1.7264448,-1.8007025,-1.8107712,-2.1220057,-2.0166426,-1.9574884,-2.3992581,-1.900132,-1.6131705,-1.5583314,-1.4921647,-1.447035,-1.3075097,-1.103616,-1.2602222,-1.2544687,-1.2429614,-1.3217139,-1.4454166,-1.500076,-1.6040006,-1.6365446,-1.7046889,-1.5563536,-1.5549151,-1.4468551,-1.3456274,-1.3641468,-1.0624417,-0.9700243,-1.1030767,-0.8646612,-0.8673582,-0.756781,-0.5458751,-0.58686954,-0.5931626,-0.57949775,-0.68108505,-0.47593272,-0.22457163,-0.34323993,-0.27653396,-0.2943342,-0.46640328,-0.5000259,-0.5190848,-0.45291823,-0.43026337,-0.34036314,-0.5654733,-0.6821638,-0.7249563,-0.8159353,-0.6915134,-1.0288191,-0.9844083,-1.1618713,-1.1365196,-1.024324,-0.89217067,-1.0155138,-1.0645993,-1.2116761,-1.4087374,-1.3860825,-1.272089,-1.3084087,-1.3161402,-1.1510834,-1.22606,-1.3200958,-1.5275855,-1.72177,-1.7582695,-1.7248267,-1.5714568,-1.2803599,-1.3821269,-1.4119738,-1.4033433,-1.3429304,-1.0939068,-1.1001998,-1.3233322,-1.2604021,-1.3384354,-1.4089172,-1.6158676,-1.6243182,-1.7730131,-2.005495,-1.9493973,-1.7949487,-1.7348955,-1.8675882,-1.864172,-2.2874222,-1.9377104,-2.0322855,-1.8113106,-1.6636945,-1.8213794,-1.749639,-1.8431354,-1.8388201,-1.5987865,-1.7286024,-1.8348645,-1.6047199,-1.64967,-1.7023516,-1.5755922,-1.6057986,-1.5617476,-1.6237787,-1.2961823,-1.2503332,-0.8562106,-0.9757779,-1.0065238,-0.8650208,-0.9905215,-1.0392475,-1.0707126,-0.9835093,-1.0430233,-0.67659,-0.42522895,-0.62247,-0.41767734,-0.45705366,-0.62031245,-0.5349072,-0.6046698,-0.38351524,-0.5744633,-0.5843524,-0.61312044,-0.60772645,-0.58327353,-0.64979976,-0.769367,-0.7298109,-0.79346025,-0.7103925,-0.5955,-0.3912467,-0.3991579,-0.26700455,-0.37003025,-0.51009476,-0.3344297,-0.59765756,-0.46118906,-0.30997685,-0.21971703,0.03829661,0.06904249,-0.15373027,-0.0873839,-0.07335947,-0.17458712,-0.11453377,-0.21144621,-0.18141952,0.08432553,-0.055199623,0.06760408,-0.11579237,-0.1301764,-0.2921766,-0.46802145,-0.4827651,-0.46712247,-0.5573823,-0.38908908,-0.54695386,-0.59172416,-0.74635255,-0.5566631,-0.6560927,-0.72100073,-0.7841106,-0.7405989,-0.81809294,-0.72801286,-0.58615035,-0.5392225,-0.5638551,-0.5690693,-0.5113534,-0.4268472,-0.45291823,-0.40509132,-0.30889806,-0.06994326,-0.18501554,-0.29595244,-0.34413895,-0.49535117,-0.445906,-0.593702,-0.5803967,-0.3649958,-0.22043622,-0.2465073,-0.047648,-0.5714067,-0.49193496,-0.32202348,-0.14527965,-0.039377183,-0.039916586,-0.23500007,-0.17099111,-0.25981253,-0.17404771,-0.012047513,0.18429458,0.13952428,0.31195292,0.2673624,0.33191076,0.11974622,0.16307813,0.0329026,0.10050757,0.034161203,0.2279861,0.21306264,0.044050228,-0.037039775,-0.09673352,-0.09763252,-0.10356593,-0.123164184,-0.06832506,-0.16595669,-0.06113304,-0.12729959,-0.074797876,-0.03362357,-0.023914345,0.032722797,0.063288875,-0.02715075,-0.13952604,-0.22331303,-0.2121654,-0.21989684,-0.2483053,-0.18771255,-0.19580357,-0.10716195,-0.23374146,-0.2788714,-0.051783413,-0.04297319,-0.055199623,-0.0059342985,-0.32040527,-0.22313325,-0.40706912,-0.4491424,-0.3189669,-0.31339306,-0.27743298,-0.30745965,-0.104285136,-0.051603615,-0.17818312,-0.30026764,-0.14905545,0.019777166,0.113633014,0.19490281,0.25819257,0.19813922,0.5415581,0.6751498,0.58453035,0.68719643,0.38135585,0.38009727,0.19903822,0.2328407,0.18789059,0.3155489,0.3191449,0.43673438,0.3522282,0.5129698,0.43367776,0.3698486,0.2714978,0.13179284,0.17080955,0.37919825,0.2301437,0.13323125,0.094394356,0.3943015,0.3133913,0.015282156,-0.13718863,-0.23176366,-0.38675168,-0.35366836,-0.5217818,-0.61401945,-0.6345167,-0.6141992,-0.4077883,-0.43188158,-0.49463192,-0.39340428,-0.36805242,-0.22061603,-0.30386364,-0.3770424,-0.34288034,-0.3225629,-0.18771255,-0.15840507,-0.23104446,-0.29667163,0.040094618,0.031643994,-0.044771194,-0.115252964,-0.14581904,-0.15534846,-0.2475861,-0.34036314,-0.49912694,-0.44159082,-0.4834843,-0.46496487,-0.45543545,-0.34755513,-0.446805,-0.15498887,-0.14563924,-0.07425847,0.12945545,0.15408811,0.21342227,0.42127153,0.5144082,0.46244586,0.36157778,0.47071669,0.59388,0.7431144,0.94503033,0.87850416,0.8216872,0.7427548,0.8119779,0.69924307,0.6807236,0.49031493,0.5093738,0.4403304,0.5446147,0.48294312,0.6273229,0.61078125,0.5095536,0.4466234,0.28480303,0.37092742,0.61977124,0.5937002,0.5376024,0.37758002,0.3087165,0.28965762,0.32579756,0.08162852,0.12837665,0.07084049,0.1535487,0.09906917,0.038116813,-0.04243379,0.06490708,-0.0037766928,0.12298263,0.24938235,0.17027016,0.27347562,0.27671203,0.4640641,0.5287922,0.5886658,0.7697249,0.84829766,0.8179113,0.87760514,0.7404174,0.7655894,0.8409259,0.88839316,0.99968964,1.1036143,0.9889016,0.8813809,0.8294186,0.7756583,0.88875276,0.7526438,0.57554036,0.7409568,0.7941777,0.8053254,0.86789596,0.82923883,0.795796,0.80946076,0.8346329,0.69744503,0.77368045,0.65465254,0.5679887,0.5643927,0.78968275,0.7494075,0.73538303,0.78123206,1.0142535,0.8963044,0.76936525,0.8011899,0.86196256,0.8429037,0.8297782,0.80910116,0.8659181,1.0313345,1.0545287,1.0680138,1.1431704,1.1685222,1.1643869,1.202145,1.2397232,1.2517699,1.171399,1.0888708,1.1296854,1.1449684,1.1553968,1.0602823,1.2064601,1.075026,0.8916296,0.8625019,0.7832099,0.78950286,0.65752935,0.6774872,0.5539643,0.57823735,0.54533386,0.56834835,0.48689872,0.49049473,0.4917533,0.5600775,0.6208501,0.7005016,0.7125483,0.58560914,0.6675982,0.7761977,0.72387576,0.6471009,0.6309189,0.5242972,0.6933096,0.5854294,0.5895648,0.5559421,0.6235471,0.5633139,0.50919396,0.53184885,0.534366,0.57625955,0.5580997,0.3482726,0.4725147,0.47826833,0.32310054,0.33011276,0.20658985,0.2768918,0.38818827,0.41120273,0.39987528,0.48492092,0.49391094,0.52915186,0.51189095,0.62102985,0.6751498,0.79327875,0.7817715,0.75084585,0.80352736,0.8574675,1.033672,0.95455974,0.87850416,0.77781594,0.8659181,0.88749415,0.7350234,0.72855055,0.76343185,0.7118291,0.55000865,0.6823418,0.62624407,0.53616405,0.7267525,0.7609146,0.70985126,0.6796448,0.7875251,0.61977124,0.6287613,0.6104216,0.5697867,0.5192628,0.56906754,0.72998893,0.65627074,0.6945682,0.5224992,0.5471319,0.47143587,0.52178,0.5701463,0.52195984,0.5372428,0.6751498,0.6413473,0.59963363,0.7720623,0.62228847,0.8207882,0.9132056,0.68719643,0.69672585,0.68773586,0.64080787,0.42306954,0.3112337,0.32256114,0.25423697,0.14581728,0.23230131,0.3540262,0.4432072,0.42936257,0.43116057,0.33640578,0.29289404,0.13592826,0.21450105,0.23589732,0.07893152,0.06580608,0.16937114,0.13359085,0.10733999,0.20191503,0.08504473,0.05034324,0.12819684,0.21683846,0.18285617,0.3926833,0.3984369,0.46154684,0.4699975,0.3644546,0.3417998,0.5949588,0.6260643,0.9000802,1.0574056,1.1199762,1.1708597,1.2726268,1.3154192,1.5599477,1.4520676,1.459799,1.4585404,1.5473619,1.4982764,1.4493705,1.997762,2.0977309,2.190508,2.1407034,1.7636617,1.9003102,1.8907807,1.928359,1.6088536,1.7888339,1.2445779,0.9448505,0.93873733,1.0275588,0.8297782,1.1544979,1.3139808,1.3648643,1.1401138,1.6212598,1.5673196,1.8771157,2.0330029,1.6631533,1.4162873,1.4378633,1.4198833,1.3995658,1.4270753,1.2711884,1.5966271,1.7481989,1.5870976,1.5146381,1.7499969,1.7278814,1.7985431,1.7627628,2.0833468,2.3672519,1.9778041,2.0245523,2.656191,2.376242,2.3287745,2.6178937,2.3924239,2.9631102,2.989361,2.9972725,3.014713,3.2621186,3.5503387,3.6091335,3.5487204,3.4861498,3.247914,3.40488,2018-04-17
RES_EQNR,-0.8613119,-0.9683358,-0.74402,-1.1377575,-1.0066433,-1.0974754,-1.044161,-1.252285,-1.2214811,-1.2404374,-1.3474612,-1.4161777,-1.5417631,-1.6626093,-1.6381241,-1.4252609,-1.3905078,-1.339168,-1.1191962,-1.07457,-0.98650223,-0.84946424,-0.8277435,-0.82497907,-0.76455593,-0.8940904,-0.79772943,-0.7673204,-0.5212838,-0.57854754,-0.64094526,-0.6105362,-0.4608607,-0.6152753,-0.5122006,-0.55919635,-0.7238789,-0.71835005,-0.87908345,-0.8897463,-0.78904116,-0.8921159,-0.9474049,-1.0062485,-0.9292385,-0.82339936,-0.76850516,-0.8103669,-0.6891258,-0.7108465,-0.8478846,-0.8672358,-0.92844874,-0.7870665,-0.8190552,-0.8826377,-1.0094078,-1.130254,-1.0366575,-1.1373626,-1.1772498,-0.9947957,-0.97504956,-0.9150213,-0.9505644,-0.97702414,-1.1365727,-1.0516645,-0.9635968,-0.9537237,-1.0469254,-0.9059381,-1.1349931,-1.0074332,-0.97110033,-1.0816786,-1.0895771,-1.0315235,-0.9872921,-0.9833429,-1.0177011,-1.1673768,-1.2665023,-1.1215657,-1.064302,-1.1223556,-1.0544289,-0.96043736,-0.8782936,-0.83761656,-0.9837378,-0.94227093,-0.9541186,-1.0141469,-1.0382371,-1.1472356,-1.1831737,-1.1235403,-1.079309,-1.0607477,-1.0275742,-1.0666715,-1.1436813,-1.0489,-0.99519056,-0.92173505,-1.1472356,-1.1843584,-1.3221862,-1.5832299,-1.7976729,-1.7411989,-1.5587447,-1.5642736,-1.6227223,-1.5042454,-1.4615939,-1.4525106,-1.3786601,-1.5547955,-1.5299155,-1.7795064,-1.6677433,-1.5887588,-1.5958675,-1.5559803,-1.532285,-1.4619887,-1.5054302,-1.1772498,-1.3071792,-1.3348238,-1.1527646,-1.1492103,-1.104979,-1.094316,-0.82537395,-0.7771935,-0.693075,-0.7163754,-0.5986886,-0.64410466,-0.67016953,-0.738886,-0.60105807,-0.83959115,-0.80246854,-0.6129058,-0.5098311,-0.4344009,-0.45335716,-0.3084207,-0.4628353,-0.301707,-0.32540232,-0.31710896,-0.2945984,-0.27129796,-0.2697183,-0.09318802,-0.10464077,-0.1705928,-0.029210605,-0.12873103,-0.0106492555,-0.10187631,-0.24918231,-0.08963372,-0.07541651,-0.10780015,-0.18402015,-0.29380855,-0.26181984,-0.28630504,-0.2768269,-0.3230328,-0.15914005,-0.2081104,-0.20179164,-0.10148139,0.10506298,0.14416029,0.15363842,0.22985844,0.030817587,0.0363465,-0.0963474,-0.18007094,-0.13070564,-0.21719362,0.17535914,-0.13978885,0.035556655,0.035556655,0.18404743,0.069519974,0.092425466,0.0110714715,0.009886704,0.1639064,0.0023831807,0.032792196,0.1639064,0.099534065,0.19707988,0.2330178,-0.007489877,0.02765821,-0.041453194,-0.12320212,-0.2116647,0.036741424,0.016205462,-0.06119931,0.026473442,0.08255241,-0.05882978,-0.18638968,-0.12754627,-0.06870283,0.009491783,-0.05448563,-0.16861819,-0.107010305,-0.085289575,-0.40833604,-0.58170694,-0.36528948,-0.38029653,-0.1318904,-0.14887208,-0.15005684,-0.116488434,-0.035529364,-0.11885797,-0.043032885,-0.0027508095,0.05293324,0.076233655,-0.12636149,-0.07146729,-0.16308928,-0.13425994,-0.038688738,-0.067912996,-0.04066335,-0.03158014,-0.21561393,-0.39095944,-0.4067563,-0.367659,-0.46757436,-0.5256279,-0.5852612,-0.5339213,-0.5046971,-0.6231737,-0.703343,-0.815106,-0.69781405,-0.6697746,-0.6693797,-0.64607924,-0.6911004,-0.7471793,-0.77008486,-0.6591117,-0.682807,-0.64726406,-0.6397605,-0.5374756,-0.41268015,-0.4201837,-0.44585362,-0.37279302,-0.27840656,-0.05369579,-0.18007094,-0.32698202,-0.18638968,0.21840568,0.109802045,0.10427313,0.06912505,0.18720682,0.21840568,0.1958951,0.100718826,0.05174847,0.071889505,-0.13465486,-0.0963474,-0.09160832,-0.23851942,-0.103456005,-0.22825144,-0.25905538,-0.32342774,-0.33606523,-0.28985932,-0.3672641,-0.36805394,-0.377927,-0.2736675,-0.39451376,-0.42097354,-0.59118503,-0.64726406,-0.65595233,-0.6508183,-0.69781405,-0.7021582,-0.80602276,-0.6188296,-0.586446,-0.5272077,-0.266164,-0.2997324,-0.21008502,-0.18244047,-0.3036816,-0.2768269,-0.2543163,-0.11451383,0.035556655,0.0075171706,-0.01301879,-0.06198916,-0.07186221,1.3646712e-05,-0.084104806,0.07228443,0.11296143,0.22156507,0.17377946,0.13823645,0.073074274,0.108617276,0.14337045,-0.02368169,0.00040856906,0.12007002,0.04661448,-0.043427806,-0.16585372,-0.20653072,-0.011834023,0.14810951,0.044639867,0.024103908,-0.009464488,-0.006700033,0.053723086,0.14850442,0.15877241,0.2507893,0.25473854,0.20221388,0.3017343,0.34280622,0.38071877,0.22472446,0.23894165,0.287912,0.23222797,0.4079684,0.5177568,0.613328,0.56593734,0.68599373,0.7318047,0.8822701,0.8893787,0.8139486,1.0698582,1.0907891,1.0323406,1.0118046,0.9391389,0.8593646,0.7748512,0.77682585,0.6713816,0.62280613,0.5252603,0.46246767,0.43324342,0.3704508,0.26816592,0.23538736,0.53276384,0.4446962,0.43442822,0.5821291,0.7570797,0.7037652,0.80486536,0.7764309,0.63623345,0.61016864,0.73851836,0.7112687,0.7286453,0.69586676,1.1709583,1.2598158,1.518095,1.6318325,1.5556126,1.4379258,1.4509583,1.3328764,1.2578412,1.0509019,1.0761769,0.9521713,0.7057398,0.7397032,0.8858244,0.94229823,0.969153,0.85739,0.9099146,0.83961844,0.64926594,0.7523406,0.8664732,1.0433984,0.9920585,1.1701685,1.2313814,1.0410289,0.9316354,1.0505071,0.96125454,1.2677143,1.2582362,1.2171643,1.3380104,1.055641,1.0749922,1.3877707,1.1942587,1.2143998,1.2546818,1.2294068,1.208476,1.1788567,1.3269526,1.2179542,1.5192797,1.4474039,1.6306479,1.5966846,1.51849,1.6630313,1.5137508,1.4754435,1.401198,1.0872347,1.0670937,0.8945127,0.85975957,0.8866142,0.98139554,1.2171643,1.156741,0.9979823,0.9648089,0.8431728,0.68520385,0.68322927,0.5979261,0.52920955,0.6465015,0.659139,0.5493506,0.3917766,0.31279212,0.28870186,0.14060599,0.23104319,0.17338453,0.088871166,0.19984433,0.20932247,0.2784339,0.5074888,0.47155088,0.5580389,0.7669528,0.89925176,0.8502814,0.9936382,0.91623336,0.7930176,0.826981,0.70929414,0.73259455,0.6607187,0.61451274,0.5529049,0.43877232,0.5402674,0.9051756,0.78788364,0.74839145,0.81868756,0.78274965,0.74365234,0.38703752,0.26184714,0.23064828,0.22314475,0.33846208,0.1939205,0.17417438,0.3104226,0.287912,0.09716454,0.37203047,0.6630882,0.5884479,0.7547102,0.77169186,0.552115,0.5402674,0.5138076,0.51696694,0.6378132,0.5228908,0.63820815,0.88108534,0.6346538,0.78274965,1.0505071,1.1227777,1.3040471,1.2313814,1.2574463,1.4466141,1.4699144,1.3478836,1.0236523,0.9189978,0.8281657,1.0722277,1.1077708,1.304837,1.3463038,1.39093,1.5394208,1.2641599,1.0706481,0.9825803,1.1484478,1.2463884,1.2361206,1.4008031,1.4221289,1.4963742,1.3794773,1.573779,1.4556973,1.28983,1.0469527,1.223483,1.2558666,1.1022418,1.0832856,0.7096891,0.7665579,0.7673477,0.80683994,0.89372283,0.57344085,0.64176244,0.70100075,0.5536947,0.43087387,0.39138165,0.028842974,-0.06554346,0.13191769,0.00040856906,-0.16032481,-0.13662948,-0.15400605,-0.116488434,-0.0963474,0.02291914,0.037136342,0.021734374,0.12796848,0.06043676,0.40204456,0.5145974,0.55250996,0.4324536,0.70416015,0.8893787,0.97665656,0.9454577,1.0880246,1.0777566,1.0576156,1.1354153,1.2313814,1.2965436,1.2594209,1.4746536,1.5248088,1.5654857,1.6578974,1.6444701,1.4793926,1.441875,1.3826367,1.0994773,1.0635395,0.8408032,0.8617341,0.8566001,0.8135536,0.77445626,0.7641883,0.8147384,0.6982363,0.76537305,0.66743237,0.5303943,0.53078926,1.019703,1.1397594,1.1054012,1.3901402,1.5015084,1.6330174,1.7451754,1.8190258,1.6156408,1.6018186,1.436741,1.294964,1.1385746,0.98100066,0.9498018,0.93361,1.1156693,1.0062758,1.0287863,0.87871575,0.8862193,1.0090402,1.0994773,1.1346254,1.3435394,1.5883911,1.629463,1.4150202,1.319844,1.3802671,1.4308171,1.5907606,1.2997029,1.3186592,1.2242727,1.3976437,1.5524533,1.7467549,1.9635674,1.9706758,1.7747945,1.7601823,1.6377563,1.3459089,1.3727636,1.3285323,1.0433984,1.1109301,1.1488426,1.2440189,1.0433984,0.32424486,0.5615932,0.16864546,0.21643107,0.23104319,0.15166381,0.3372773,0.4292942,0.35623357,-0.9434557,-1.3289,-1.4967419,-1.5417631,-1.282694,-1.4418477,-1.2396475,-1.1890974,-1.0710156,-1.0192809,-1.2834839,-1.4307898,-1.6732723,-1.5180677,-1.704866,-1.5867844,-1.7680538,-1.6665585,-1.7009169,-1.5338646,-1.338773,-1.470677,-1.6021863,-1.4750211,-1.3810296,-1.3778703,-1.3296899,-1.3608887,-1.5753314,-1.5638787,-1.2289846,-1.1839634,-1.1286744,-1.2712413,-1.4742314,-1.6250917,-1.3920876,-1.4390832,-1.4671227,-1.5512412,-1.7333004,-2.2399857,-2.3778136,-2.467856,-2.6187162,-2.4007192,-2.5507896,-2.655839,-2.6941464,-2.634908,-2.9571648,-3.280211,-3.0859094,-3.2178133,-3.0333848,-3.0914383,-2.9848094,-2.9488714,2018-04-17
HES_EQT,1.8555171,1.994816,2.0276637,1.7837387,1.5793529,1.4102479,1.3275203,1.4767544,1.3477967,1.2370876,0.8583249,0.62311894,0.5898656,0.3566873,0.41609713,0.38689914,0.3086323,0.6500865,0.6693491,0.5180873,0.351821,0.27477077,0.4767235,0.5746584,0.45158076,0.532078,0.43880665,0.43617073,0.4146778,0.21982178,0.12817258,0.16791427,0.793035,0.71537644,0.6713767,0.9962043,0.9982319,1.182747,1.1348947,1.1525352,1.1941017,1.023983,0.903744,1.0797429,0.8865092,0.8646106,0.70969903,0.768095,0.7356528,0.8125003,0.8177722,0.8315601,0.87272114,0.7028051,0.712335,0.6598192,0.5580318,0.47469586,0.37655818,0.24070646,0.31897327,-0.011937188,0.03956481,-0.24633212,-0.08310727,-0.017817337,0.06612687,-0.115955,-0.16502383,-0.16928187,-0.43551072,-0.40793484,-0.42070895,-0.20253514,-0.24471001,-0.22139217,-0.30371428,-0.23984367,-0.31669116,-0.15853539,-0.3890778,-0.44950143,-0.5890029,-0.9864198,-1.1968886,-1.275561,-0.7106612,-0.4803215,-0.1344065,-0.33189842,-0.24531831,-0.23436905,-0.2386271,-0.366571,-0.47038606,-0.6255004,-0.87489974,-0.9091669,-0.8738859,-0.66929734,-0.65023756,-0.95499146,-0.9847977,-1.1013869,-1.222234,-1.1103084,-0.9831756,-1.0697558,-0.86313945,-0.513372,-0.3858336,-0.20659043,-0.08006582,0.34715745,0.46293554,0.75045455,0.6827315,0.3712863,0.4716544,0.36337855,0.4000788,0.33458608,0.24293685,0.27375695,0.19204317,1.1395583,0.98403853,0.8102699,0.79932064,0.82385516,0.41244736,0.4688157,0.70402163,1.239318,1.1683508,1.411059,1.5383946,1.4501923,1.5943574,1.5967906,1.4662107,1.4722936,1.7314256,1.665933,1.8863374,1.7985405,1.6632972,1.6103758,2.0313132,2.0730827,1.8261163,1.8283468,1.9167519,1.6896564,1.5467079,1.3406999,1.1472633,1.024794,1.0896784,1.1255677,0.96112615,1.112388,1.4289021,1.288387,1.022158,0.7820857,0.5270089,0.80013174,0.9976237,0.86440784,0.56918377,0.5440411,0.4799677,0.46678805,0.31248483,0.34573808,0.10079947,-0.38948333,-0.6459795,-0.80454075,-1.0399495,-1.2337916,-1.0691473,-1.3384176,-1.8112627,-2.2624123,-1.842894,-1.9473174,-2.4917378,-2.8972654,-2.4009,-1.7664521,-1.5482782,-1.5034674,-1.7662494,-1.3797815,-1.180262,-2.171574,-1.9951696,-1.7753736,-1.8447188,-1.749217,-1.7315767,-1.7139362,-1.4400024,-1.5499003,-1.3100308,-1.029203,-1.0531291,-1.2520404,-1.1784371,-0.9677655,-0.7690571,-0.8440797,-0.4803215,-0.35541904,0.039767575,-0.29357606,-0.41280118,-0.34852505,-0.33615646,0.08924194,-0.05370652,-0.1954384,-0.10155877,0.16061477,0.1762276,0.4000788,0.3349916,0.018071849,-0.038093712,-0.34082004,-0.5324318,-0.4142205,-0.19827709,-0.2603228,-0.47099435,-0.17718966,0.31978434,0.052744452,0.14155498,0.370678,0.49172798,0.429074,0.7445744,0.71152395,1.0821761,1.2036316,1.2443871,1.2093091,1.6403848,1.3664509,1.5331228,0.87008524,0.72105384,0.79648197,0.76748675,0.4742903,0.19812608,0.16690046,0.21921349,-0.103586406,0.34269664,0.54262173,0.4716544,0.45969132,0.59777343,0.2555082,0.47226268,0.4386039,0.498622,0.69449174,0.5203177,0.84311765,0.6500865,0.6077089,0.54383826,0.35932326,0.36459512,0.21373887,0.53349733,0.6502893,0.7196345,0.17359166,-0.08290451,-0.06425024,0.065113045,-0.06587235,-0.25829518,-0.31770498,-0.15671052,-0.16137409,-0.26295877,0.02780451,-0.49127078,-1.0148067,-0.86395055,-0.16421278,0.21759138,0.04159245,-0.34163108,-0.36697656,-0.3864419,-0.40854314,-0.47444135,0.12979469,-0.036471605,0.0020535118,-0.17982559,-0.05086783,-0.29864517,-0.23923537,-0.4791049,-0.64699334,-0.7702737,-0.6230672,-0.95641077,-0.89152634,-0.5204687,-0.7506056,-0.6277307,-0.43814665,-0.25342885,-0.054314815,0.18798788,0.19082658,0.12006203,0.44711995,0.39865944,0.47287098,0.3793969,0.41488054,0.3585122,0.28004265,0.06572133,0.05842184,0.06632963,0.18089116,0.14358263,0.008744717,-0.019236684,-0.27188033,-0.47626624,-0.5263489,-0.94606984,-1.0010188,-0.7986606,-1.1741791,-1.3203717,-1.4533849,-1.5395594,-1.6208676,-1.5610523,-1.7283325,-1.9302852,-1.8193733,-1.6938627,-1.7877423,-1.5602413,-1.3197634,-0.9205216,-0.424967,-0.45152906,-0.5003951,-0.68673503,-0.5018144,-0.46937227,-0.5271599,-0.4239532,-0.4932984,-0.5385147,-0.6214451,-0.3053364,-0.3162856,-0.25849792,-0.038093712,0.077278875,0.1934625,0.08295626,-0.20638765,-0.26863614,-0.44118813,-0.42293936,-0.848946,-0.7771677,-0.8304945,-0.7937943,-0.8769274,-0.9221437,-0.6962649,-0.63624686,-0.52249634,-0.8939595,-0.9706043,-0.6407077,-0.56872654,-0.47281924,-0.4115846,-0.38238662,-0.33960345,-0.3941469,-0.37812856,-0.7021451,-1.1364651,0.2214439,0.06551857,0.4755069,0.514032,0.7044272,0.8248689,0.85366136,1.0229691,1.5154823,1.8311856,1.6933061,1.7813056,1.9566962,2.0507786,2.0639584,1.9599406,2.0286775,2.0649722,2.1142437,2.0250278,1.978392,1.8869455,2.11323,1.84031,1.8064485,1.8214529,1.7922548,1.9317564,2.0653777,1.4899341,1.5734729,1.6541728,1.5264316,1.3252898,1.3368474,1.2271522,1.1375307,0.9337531,0.7664729,0.6340682,0.6829342,0.8508227,0.7125377,0.49537778,0.44407853,0.33255845,0.19792332,0.26301047,0.20603386,0.18170221,0.24293685,0.1969095,-0.06039773,0.1593982,0.2609828,0.42441043,0.37189463,0.5264006,0.6030453,0.5768888,0.4140695,0.34208834,0.39196822,0.39602348,0.31877053,0.1660894,-0.058978382,0.080523096,-0.055531394,-0.011734423,-0.08128239,0.20278963,0.16203412,0.075454,0.059638422,-0.028563816,-0.08493214,-0.16948465,-0.27634117,-0.47302198,-0.25322607,0.029021095,-0.06891381,-0.25342885,-0.46410042,-0.4859989,-0.54662526,-0.47951046,-0.4659253,-0.15529117,0.04280903,-0.032619093,-0.17171504,-0.17779794,-0.39901325,-0.645574,-0.7106612,-0.59103054,-0.5095195,-0.40063533,-0.28282958,0.20218135,0.14946277,-0.008692968,-0.27938262,-0.21895902,-0.22179769,-0.119401984,0.17419995,0.13628313,0.32404238,0.43637347,0.37615266,0.4519863,0.3311391,0.22691852,0.21090017,0.33174738,0.38142452,0.37392226,0.43069613,0.13405272,0.16000648,-0.047420844,-0.119604744,-0.06810275,-0.099936664,0.066532396,0.20035647,-0.15650776,-0.52878207,-0.31425798,-0.36413786,-0.25180674,-0.4057044,-0.7607438,-0.8396188,-0.44909588,-0.60157424,-0.6840991,-0.67031115,-1.002641,-1.1782343,-1.2112849,-1.1214606,-0.9791203,-0.7763566,-0.5987356,-0.98560876,-1.00771,-1.1764095,-1.1650547,-1.1640409,-1.1703265,-1.181884,-1.0768524,-1.1733681,-1.1182163,-0.95681626,-1.0679309,-1.2731278,-1.1624187,-1.0249449,-1.3706572,-1.5720016,-1.3315238,-1.1461977,-1.4258089,-1.1812758,-1.2406856,-1.060834,-1.2633951,-1.4166845,-1.4596704,-1.5146194,-1.6723697,-1.7135308,-1.607688,-1.8437052,-2.0436301,-1.9519808,-2.0115933,-2.021326,-1.9627274,-2.067759,-2.0192983,-2.0357223,-2.1012151,-2.1034453,-2.069584,-1.9939529,-1.8856772,-1.7271158,-1.5932918,-1.6518905,-1.5598357,-1.5880198,-1.5428036,-1.6918349,-1.657568,-1.5454396,-1.4803524,-1.3791733,-1.2842798,-1.1605939,-0.878955,-0.8860517,-0.8019048,-0.856651,-0.8083933,-0.93086255,-0.933904,-1.0150095,-1.0494794,-1.0817188,-1.0622535,-1.062659,-1.0807049,-1.1437645,-0.94789475,-0.7068086,-0.79663295,-0.7759511,-0.94120353,-0.97283465,-0.90166456,-1.2234507,-1.2607592,-1.3576803,-1.2489989,-1.0940874,-1.0598204,-0.98540604,-0.9612771,-0.83657736,-0.42050618,-0.41239563,-0.69444,-0.7548637,-0.76216316,-0.80231035,-0.7317486,-0.8580703,-0.75871617,-0.64577675,-0.8617201,-0.85563713,-0.7696654,-0.53973126,-0.7094446,-0.656726,-0.50688356,-0.4517318,-0.22078387,-0.32561272,-0.3175022,-0.44301295,-0.32257128,-0.21145675,-0.23254417,-0.18894996,-0.5135748,-0.7057948,-0.3941469,-0.4164509,-0.37265396,-0.2345718,0.09329721,0.28166476,0.48909205,0.44123983,0.2958582,0.16081753,0.0659241,0.3305308,0.54992115,0.9603151,0.9327392,0.9305089,1.1000193,1.3583404,1.3459718,1.190452,1.2760184,1.3431331,1.2186362,1.2701381,1.1734198,1.1924796,1.1636871,1.1598346,1.0807568,0.9576792,0.990527,1.1008304,0.7078742,0.34127727,0.58216065,0.4268436,0.3524293,0.23766501,0.42197728,0.20542556,0.57749707,0.13831076,0.23786776,0.38669637,0.42582977,0.6772568,0.70361614,0.6450174,0.5081519,0.41265014,0.47773728,0.64988375,0.8295325,0.84311765,0.51220715,0.5803358,0.78026086,0.8388596,0.74802136,0.80073994,1.1207012,1.1196874,0.911449,1.1959265,1.5325145,1.4964225,1.428294,1.5584682,1.580975,1.448773,1.7174351,1.4574919,1.7218958,1.8585587,1.9625764,1.8656554,1.9887329,2.1961603,2.420417,2.4694858,2.669411,2.6383882,2.6197338,2018-04-17
OXY_EQT,0.3949803,0.40297785,0.4192309,0.39833415,0.47701952,0.3936904,0.13467357,0.3082974,-0.03250065,-0.067844585,-0.27500644,-0.3438884,-0.37949032,-0.3838761,-0.27113667,-0.15401155,-0.38645592,-0.22805321,-0.18058398,-0.16304103,-0.1718125,-0.17465033,0.07095129,0.18265875,0.32377648,0.43032426,0.21877663,0.040767062,0.39420637,0.17311332,0.1545384,0.43470997,0.46412027,0.27192152,0.21232702,0.40813756,0.4587026,0.5962086,0.39394838,0.5469334,0.60317415,0.5941447,0.46566817,0.6359382,0.2928183,0.3709877,0.042056985,5.445871e-06,-0.2948713,-0.24894997,-0.53737706,-0.43392515,-0.36246333,-0.37020287,-0.23785663,-0.39935517,-0.53066945,-0.59748757,-0.8521186,-0.880497,-0.9924624,-1.0786295,-1.2651525,-1.4478059,-1.13874,-0.89313823,-0.7734332,-0.99426836,-1.0904968,-1.1578308,-1.223617,-1.1170691,-1.1929168,-0.77523917,-0.7143547,-0.35188594,-0.50100124,-0.401935,-0.34234053,-0.30415875,-0.555436,-0.85366654,-1.0974624,-1.6936655,-1.6967613,-1.5236534,-0.9264183,-0.69629574,-0.46539932,-0.9880767,-0.7716273,-0.8046494,-0.9839489,-0.91764677,-1.2305826,-1.2130396,-1.3701524,-1.4916632,-1.4181377,-1.1325482,-1.1462214,-1.4209753,-1.4305209,-1.6085304,-1.7741567,-1.6802502,-1.4416142,-1.8474244,-1.6100783,-1.2620567,-1.2968847,-0.84747493,-0.56291753,-0.40503085,-0.38026428,-0.0005105239,-0.07893793,-0.18858151,-0.22831118,-0.020633345,0.081786655,-0.014183723,-0.27836025,-0.3286673,-0.39187363,0.2760493,0.112486854,-0.22908515,-0.41638216,0.31294113,0.2941082,0.3918845,0.59646654,0.8299429,0.61865324,0.5825353,0.46670014,0.50771976,0.7187514,0.691405,0.23244984,0.30726546,0.56421846,0.50230205,0.81833357,0.7620928,0.54203176,0.5384199,0.8843777,0.8229773,0.8100781,0.896503,1.11708,0.9323629,0.37588945,0.20123366,-0.23269694,-0.46978503,-0.31473613,-0.23837261,-0.6557921,-0.45817575,-0.09931874,-0.009024026,-0.49377766,-0.62844574,-0.61374056,-0.41173843,-0.06139496,-0.06578071,-0.31654203,-0.30699658,-0.49429363,-0.39703333,-0.4726229,-0.2246994,-0.7543424,-1.0745016,-1.3822776,-1.718948,-1.71869,-1.8407168,-1.1317743,-1.394661,-1.6939234,-2.1407533,-1.8966995,-1.3727323,-1.7241076,-1.5953732,-1.3642187,-1.0125853,-0.46849513,-0.86888766,-1.0314181,-0.5830404,-0.77936685,-1.0894648,-0.9424134,-1.0476712,-1.018003,-0.8521186,-0.74376494,-0.5874261,-0.12279537,-0.14317618,-0.08074383,0.16330989,-0.2265053,-0.18600167,-0.091063224,-0.08048584,-0.2468861,0.016516479,0.21645477,-0.0350805,-0.08383965,-0.12485924,-0.66894937,-0.2466281,-0.31602606,-0.041788105,-0.21309008,-0.42257383,-0.26958877,-0.009024026,0.08591442,0.034575425,-0.19786897,-0.44863027,-0.45275804,-0.57865465,-0.6372172,-0.49351966,-0.5580159,-0.589232,-0.57168907,-0.67281914,-0.11608776,-0.2912595,-0.10654232,-0.005412237,0.21542282,0.1986538,0.6666385,0.24044736,0.4380638,0.71952534,0.77654,0.73423046,0.93726456,0.7829897,1.0378786,1.150876,0.9615152,1.0481981,1.0107903,0.89237523,0.55389905,0.95996726,0.9457781,0.8317488,0.9630631,0.9728665,0.99298936,0.77782995,1.0291072,0.9204956,0.6586409,0.69862854,0.7200413,0.70894796,0.9341688,0.9019207,0.8353605,0.84206814,0.69166297,0.69166297,0.62768275,0.55028725,0.6594149,0.9228174,0.7866014,0.72545904,0.7713803,0.74893564,0.7313927,0.67205614,0.58640516,0.61839527,0.827879,1.0244635,1.0193038,1.2618095,0.6968227,0.26934168,0.34131944,0.6485795,0.7308767,0.690889,0.66689646,0.70946395,0.7277809,0.84387404,0.8807659,1.0778663,1.0402006,1.134107,1.1622274,1.048714,0.9744144,0.97415644,0.8541935,0.7737022,0.6302626,0.66509056,0.57066804,0.5051398,0.7102379,0.54538554,0.4568967,0.6821176,0.68727726,0.58821106,0.7331985,0.623555,0.55802685,0.759771,0.80311245,0.929525,1.0972152,1.2311093,1.3371412,1.1387508,1.0910236,1.185704,1.3660355,1.3012812,1.2589717,1.3905439,1.3791927,1.1980873,1.1872519,1.3239839,1.3995736,1.3838364,1.4756789,1.1658392,1.0618713,0.65554506,0.31913275,0.38982064,0.16021407,0.092364036,-0.025793044,0.20149165,0.112744845,-0.24637012,-0.27294257,-0.28094012,0.3511229,0.42722845,0.49017674,0.43264613,0.4396117,0.40194592,0.6109137,0.6279407,0.86838263,0.7050782,0.7922771,0.7708643,0.72365314,0.6176213,0.6483215,1.0463922,0.98034805,1.1214658,1.2053108,1.0631611,1.0742545,0.879218,0.8593532,0.707916,-0.08538756,-0.31112432,-0.37071887,-0.53737706,-0.47829854,-0.49713147,-0.5531142,-0.8046494,-0.96537405,-0.84670097,-0.32015383,-0.21721785,-0.40141904,-0.3219597,-0.21386403,-0.17439234,-0.11402388,-0.09931874,-0.38748786,-0.5861362,0.24328521,0.16201997,0.09829769,0.07172524,-0.035596468,-0.28016615,-0.17103854,0.086430386,0.4192309,0.59259677,0.37253565,0.49017674,1.0187877,0.78634346,0.7721543,0.6790217,0.73474646,0.690889,0.71952534,0.64419377,0.6083339,0.5358401,0.8020805,0.5969825,0.3885307,0.5069458,0.4499311,0.20174964,0.22316238,0.1478308,0.18472263,0.32532442,0.22367835,0.09855568,0.058052048,-0.056235258,-0.13569462,-0.08229174,-0.033016622,0.08875225,-0.0624269,-0.043336015,-0.08461361,0.0033592496,0.108101115,-0.068618536,-0.30209488,-0.29229146,-0.059331078,-0.017537529,-0.18909748,-0.2608173,-0.27887622,-0.38207018,-0.41199642,-0.27371654,-0.43882686,-0.58897406,-0.6354113,-0.53557116,-0.49403563,-0.385682,-0.5327334,-0.6214801,-0.67643094,-0.6379912,-1.0185189,-0.9078434,-0.87017757,-0.8353496,-0.78607446,-0.37587854,-0.6227701,-0.5747849,-0.67591494,-0.7303498,-0.6632737,-0.7760131,-0.828642,-0.86888766,-0.7832367,-0.7530524,-0.63154155,-0.8415413,-0.7525365,-0.743249,-0.863212,-0.93647975,-0.98472285,-0.7502146,-0.5740109,-0.5476964,-0.73473555,-0.74763477,-1.032708,-1.1818234,-1.221037,-1.2228429,-1.1733098,-1.1054598,-1.1356441,-1.1813074,-1.1351281,-1.2894031,-1.4911474,-1.4336168,-1.8329773,-1.3853735,-1.3053981,-1.4349065,-1.1475114,-1.1903368,-1.2367742,-1.1366761,-1.2894031,-1.326553,-1.3182974,-1.2723762,-1.2883712,-1.1003002,-1.1671183,-1.2556071,-1.203752,-1.3719583,-1.6054347,-1.292499,-1.2053,-1.3102999,-0.9741455,-1.1255827,-1.5024986,-1.0324501,-1.0760496,-1.0824993,-1.2599927,-1.4238132,-0.9277082,-0.708163,-0.94834703,-1.0886908,-1.0587646,-1.2158774,-1.3110738,-1.393629,-1.4222653,-1.3796978,-1.3502876,-1.0868849,-1.4158157,-1.582732,-1.6152381,-1.6363927,-1.635361,-1.5927932,-1.5362946,-1.4723144,-1.4328427,-1.3554473,-1.258961,-1.3201033,-1.4612211,-1.599759,-1.2845014,-1.154735,-1.1353861,-0.9759514,-1.0711479,-1.1666023,-1.1696981,-1.1013321,-0.9940103,-1.0241946,-1.1673763,-1.0982363,-1.1472534,-1.222069,-1.1596366,-1.2703122,-1.4622531,-1.6418104,-1.5638989,-1.6309751,-1.5945992,-1.4916632,-1.6031128,-1.5747344,-1.5878917,-1.6100783,-1.6116263,-1.5146239,-1.5104961,-1.3015285,-1.1137154,-1.034772,-1.1751157,-1.1467375,-1.1057178,-0.965116,-1.0187769,-1.0670202,-0.9506689,-0.931578,-0.8049074,-0.72338414,-0.69603777,-0.33847076,-0.3867139,-0.23218095,-0.2742325,-0.44759837,-0.47468677,-0.46514133,-0.3748466,-0.41044852,-0.4604976,-0.41638216,-0.30415875,-0.3376968,-0.3869719,-0.25694752,-0.23476082,-0.2884217,-0.27836025,-0.23579274,-0.10602635,-0.18625966,-0.051849518,-0.04901168,-0.18496972,-0.19761097,-0.17258646,-0.27810225,-0.06552272,0.47676155,0.5322283,0.6207171,0.62536085,0.45612276,0.5221669,0.43084022,0.39601225,0.39472234,0.28662664,0.40452576,0.6870193,0.54538554,0.59491867,0.6766998,0.7355204,0.68676126,0.8828298,1.0481981,1.1323011,1.0768343,1.032977,1.0409744,0.9398444,1.016724,1.048714,1.1660972,1.322694,1.2827064,1.4380132,1.4965758,1.5535904,1.5685536,1.7940323,1.9116734,2.025961,2.124511,2.0798798,2.1007764,2.104388,2.1198673,2.3365746,2.3270292,2.2733684,2.3868816,2.3210955,2.1998427,2.5274835,2.6949158,2.4250634,2.5553458,2.483626,2.5571516,2.9836006,2.894338,2.9149766,2.7408369,2.8306158,2.6840804,2.4253213,2.4862058,2.771279,2.2529874,1.7429514,1.7999661,1.5644258,1.2989594,1.2494262,1.560556,1.5396593,1.5295979,1.2757407,1.0182719,1.0182719,0.895729,1.0216256,1.0703847,0.81833357,0.74016416,0.51752317,0.53171235,0.5278426,0.537388,0.4824372,0.39265844,0.07172524,0.18627053,0.24276923,0.30004188,0.27088958,0.33074206,0.43058226,0.30752346,0.3712457,0.81962353,0.6519333,0.7399062,1.1046968,0.8400043,0.26263407,0.6421299,0.62665075,1.0337509,1.0420064,1.2380749,1.2452985,1.5713915,1.8654941,2.124253,2.160113,2.5630856,2.8468688,2.9038832,2018-04-17
TTE_FTI,0.2897465,0.6079279,0.44644287,0.36184278,0.45415798,0.33470693,0.15486522,0.35066918,0.083833076,0.34002766,0.14608596,0.146352,0.24212568,0.31315786,0.3458805,0.13544443,0.04578964,0.11549159,0.21498981,0.008810355,-0.37854096,-0.18459928,-0.28622577,-0.45276555,-0.47591087,-0.273722,-0.33570883,-0.5480072,-0.61345255,-0.6597432,-0.75019604,-0.45622405,-0.3591202,-0.6389922,-0.6743753,-0.736096,-0.5666299,-0.5519978,-0.60360914,-0.21200119,-0.15161057,-0.12660299,-0.12500675,-0.05291046,-0.59669214,-0.77626777,-0.9297717,-0.840915,-1.1367493,-1.0665152,-1.1841041,-0.9909604,-0.43573913,-0.62542427,-0.38998058,-0.5352374,-0.46393916,-0.47644293,-0.5711525,-0.47697502,-0.441858,-0.42695987,-0.6874111,-0.8241547,-0.665862,-0.45542595,-0.3660372,-0.32746166,-0.49745995,-0.48202974,-0.41552025,-0.26919934,-0.17661813,-0.09760485,0.054568894,-0.028434964,-0.35858813,-0.3886504,-0.41472214,-0.6459092,-0.68448466,-0.8276132,-1.030068,-1.5637403,-1.8146142,-1.932735,-1.3479835,-1.2221475,-1.1665456,-1.3533041,-1.3336174,-1.3477174,-1.6784027,-1.4174194,-1.5320817,-1.4211439,-1.3857609,-1.4440231,-1.092853,-0.9098189,-0.8097886,-1.1479229,-1.3078117,-1.5735837,-1.7161801,-1.6259931,-1.5892799,-1.8800595,-1.6395612,-1.4184835,-1.2479532,-0.76748854,-0.5942978,-0.21386346,0.10431799,0.16896522,0.13438028,0.15912181,0.0433953,0.20301808,0.23015396,0.29799366,0.024506597,-0.09175201,-0.056102913,0.052440587,-0.06967085,-0.40301645,-0.5578506,-0.5402921,-0.5464109,-0.6498998,-0.322939,-0.08297275,-0.20987287,-0.22317478,-0.25376916,-0.35539564,-0.3346447,-0.4075391,-0.61159027,-0.6232959,-0.41578627,-0.43334478,-0.25589746,-0.23355027,-0.35991833,-0.5591808,-0.45782027,-0.48123163,-0.3732202,-0.34502017,-0.29979372,-0.5546582,-0.61691105,-0.69911677,-0.91753393,-1.0428379,-0.938817,-0.8927924,-1.1034945,-1.1902229,-1.0332605,-1.1191907,-1.3908156,-1.3897514,-1.3530382,-1.3780457,-0.95823777,-1.0313983,-1.1500511,-1.0393794,-1.2128361,-1.2617872,-1.4203459,-1.6432856,-1.7611405,-2.0080237,-2.2293673,-2.1519501,-2.1237502,-2.2197897,-1.6339743,-2.0048313,-1.8425481,-2.2163315,-2.0213256,-1.5919404,-1.9167727,-1.4993591,-1.4482797,-1.267906,-1.2354494,-1.3910817,-1.8787292,-1.5004232,-1.3032892,-1.3894854,-1.5453837,-1.8813896,-2.015473,-2.0713408,-1.4812684,-1.5890139,-1.3631476,-1.2947758,-1.1652154,-0.9619623,-1.3256363,-1.3048854,-1.1633531,-1.1074852,-1.1074852,-0.93136793,-0.84570366,-0.76110363,-0.48415807,-0.5626393,-0.70736396,-0.672513,-0.8946547,-0.51022977,-0.61212236,-0.8007433,-0.77201116,-0.53709966,-0.45436177,-0.749664,-0.8512905,-1.0098492,-1.0792851,-1.1175946,-0.9930888,-0.8260169,-1.0598643,-1.3684684,-1.3022249,-1.4490778,-1.2498155,-1.3628817,-1.0564058,-1.0085189,-0.7140149,-0.483892,-0.30937108,-0.43547308,-0.51847696,-0.21652384,-0.1308596,-0.17342567,-0.13218978,-0.16890304,0.01599338,0.22749358,0.12746331,0.15672748,0.20621054,-0.18380116,-0.3205447,-0.322673,-0.23088987,-0.4131259,-0.17315964,-0.23727481,-0.16251813,-0.3732202,-0.19816722,-0.2681352,-0.4250976,-0.455958,-0.36444095,-0.4921392,-0.34635037,-0.08802748,-0.038012333,-0.12474072,-0.2582918,-0.50916564,-0.58977515,-0.48602033,-0.3976957,-0.06488217,-0.09866899,-0.26015407,-0.61052614,-0.77307534,-1.0375172,-1.0154359,-0.80553204,-0.6304789,-0.40886927,-0.26228237,-0.32958996,0.0588255,-0.9449359,-1.0758266,-0.7211979,-0.4054108,-0.34049752,-0.20322193,-0.5437506,-0.61052614,-0.76456213,-0.5652997,-0.42483157,-0.22876158,-0.252705,-0.09361427,-0.20668043,-0.33171827,-0.42350137,-0.4509033,-0.47644293,-0.47484672,-0.7270508,-0.62409407,-0.5754091,-0.46792972,-0.27824464,-0.59935254,-0.59802234,-0.60733366,-0.5575845,-0.42908818,-0.4530316,-0.3591202,-0.40168625,-0.28170314,-0.28143707,-0.22929366,-0.08855955,-0.06062556,-0.037214216,-0.20721251,-0.41844666,-0.3921089,-0.4117957,-0.4455825,-0.30644464,-0.35273528,-0.3125635,-0.50224864,-0.47803918,-0.17901248,-0.034287795,0.061751917,0.06521042,-0.23009178,-0.1931125,-0.56796,-0.77174515,-0.71561116,-0.97712654,-0.8148433,-0.8667207,-0.6459092,-0.53443927,-0.77946025,-0.8954528,-0.93828493,-0.6637337,-0.5942978,-0.5860506,-0.6302129,-0.5724827,-0.49479955,-0.51980716,-0.62010354,-0.42004287,-0.5788676,-0.50517505,-0.5839223,-0.46925992,-0.5698223,-0.44159195,-0.51076186,-0.5237977,-0.60972804,-0.48575428,-0.57168454,-0.6403224,-0.5490713,-0.5804638,-0.70044696,-0.70071304,-0.9840434,-0.9199283,-0.9864378,-0.8185678,-0.7906338,-0.80579805,-0.9231208,-1.1864984,-1.3477174,-1.0710379,-1.2370456,-1.2479532,-1.2931796,-1.0667814,-0.9883001,-1.1524454,-1.0726341,-1.0960455,-0.95052266,-0.81697166,-0.8145773,-0.85208863,-0.78557914,-0.71561116,-0.5179449,-0.5525298,-0.48442408,-0.33278245,-0.15001434,-0.39476928,-0.33836922,-0.3080409,-0.5291185,-0.50730336,-0.37189,-0.2500446,-0.19923137,-0.16384831,-0.18885587,-0.12101619,-0.029233078,-0.094678424,-0.04732366,0.11788593,-0.023380242,-0.13963884,-0.13218978,-0.023380242,0.16364446,0.11442745,0.117353864,0.055633046,-0.045461394,0.087823644,0.05377078,0.10032743,0.113629326,-0.061157636,-0.16438039,-0.21732195,-0.041736864,-0.09893503,-0.079780295,0.03248774,-0.01300476,-0.17741625,-0.07259727,0.059091542,0.13331613,0.13438028,0.05776135,0.09713498,0.09607082,0.028763207,0.34827486,0.1309218,0.14848031,-0.0553048,-0.12500675,-0.13059355,-0.07685388,-0.103457674,0.10458404,0.13491237,-0.07312935,-0.294739,-0.14150111,-0.02896704,-0.08882558,-0.2843635,-0.20242381,-0.14096904,-0.10265957,-0.1973691,-0.16145396,-0.15267472,-0.14283131,-0.14256528,-0.08696332,-0.0686067,-0.13032752,-0.10239352,-0.02497647,-0.0042255064,0.13890293,0.062017955,0.29347104,0.3022503,0.22110866,0.2955993,0.26021627,0.003489596,0.08064062,-0.036416102,-0.15985775,-0.04572743,-0.109310515,0.36104468,0.4592127,0.2527672,0.391373,0.28309554,0.27059174,0.19157846,0.16151616,0.3200748,0.62255996,0.53795993,0.37966734,0.4586806,0.39429942,0.5137505,0.6371921,0.9380811,0.7890998,0.81410736,0.99341697,0.9944811,0.8928546,0.86039793,0.755313,0.80266774,0.7760639,0.62974304,0.5539222,0.6036713,0.48262405,0.53051084,0.3751447,0.36875978,0.41052774,0.3442843,0.40387678,0.17056145,-0.01566514,0.17668033,0.19131242,0.08463118,0.0189198,-0.026572699,-0.059827443,-0.07685388,0.15007652,0.2171181,0.08569534,0.017057534,0.09899724,-0.16491246,-0.15214264,-0.2535031,-0.22104648,-0.14708792,-0.1385747,-0.09201804,-0.0063538104,-0.038544405,0.012002812,0.08436515,0.15247087,-0.007950038,-0.017527405,0.058293425,0.19556902,0.16337843,0.19636713,0.22962189,0.38445604,0.49805424,0.47996366,0.5996807,0.5603071,0.42888436,0.46080893,0.36290693,0.2618125,0.21153131,0.24265775,0.2876182,0.16976334,0.3184786,0.29639742,0.48528442,0.61803734,0.5720128,0.61564296,0.6627317,0.6685846,0.5815902,0.71061856,0.6872072,0.71514124,0.8800848,1.0516793,0.9287697,0.99261886,1.0562019,1.0048566,1.0202868,1.120051,1.0977038,1.1357473,1.2932419,1.1259038,1.1737908,1.2073115,0.98703206,0.94792444,0.9702717,0.9907566,0.9739962,1.0828058,0.9556396,1.006985,0.9963434,0.96601504,1.1229775,1.3092041,1.2472173,1.168736,1.3038833,1.1958718,1.2379059,1.3017551,1.2980305,1.2727568,1.393272,1.3310192,1.2520058,1.3802363,1.5438496,1.5829571,1.6928308,1.7598724,1.6800611,1.8050989,1.7792933,1.7516253,1.6986837,1.623395,1.4895778,1.4611118,1.3624116,1.3206438,1.3775759,1.3483117,1.4100325,1.6912346,1.7798253,1.7750366,1.7973838,1.8285103,1.728746,1.7071968,1.6625025,1.6630346,1.6005156,1.589076,1.567527,1.5055401,1.5869478,1.602644,1.60291,1.2262002,1.2993606,1.2187511,1.308406,1.3664023,1.2461531,1.30947,1.2621154,1.3347437,1.2724909,1.3977947,1.532942,1.7686516,1.8543159,1.8423443,1.8439405,1.7790271,1.8101536,2.1440315,2.0208557,2.0256443,1.9101839,1.8529857,2.0346897,1.9405123,2.0958784,2.1248765,2.1059878,1.9641896,1.8317027,1.9301368,2.1852672,1.7202328,0.96548295,1.3467153,1.1660756,1.2091738,1.3057456,1.4656343,1.568325,1.8045669,1.7534876,1.8309046,1.8152083,1.728746,1.8870386,2.0974746,2.1328578,1.9069915,1.7545516,1.7103894,1.7178384,1.7447083,1.7755686,1.834097,1.8351611,1.8008423,1.8442066,1.9312009,2.0825765,1.875599,1.9860048,1.8098875,1.7353969,1.8317027,1.6946931,1.6175421,1.9272103,1.707995,1.6300459,1.9758953,1.7808894,2.0878973,2.2690694,2.4733865,2.4473147,2.4592867,2.6497698,2.582994,2.5039809,2.4302883,2.4654055,2.5808659,2018-04-17
SNP_GPRE,0.8064474,0.6166842,0.92942053,0.728719,0.77976453,0.9529545,0.7993209,0.45758146,0.40322137,0.4484662,0.26831546,0.24511299,0.116339214,0.16042393,0.29052356,0.12097971,0.07672925,0.10821834,-0.023207158,0.28505442,0.39742073,0.32350424,0.04756042,-0.10292426,-0.07010932,0.020214632,0.05999032,-0.054199044,-0.2940133,-0.20352362,-0.23451549,-0.344893,-0.28092048,-0.17700648,-0.26467872,-0.4541104,-0.32566813,-0.12927565,-0.17286319,-0.06149125,0.31422323,0.26930985,0.3704064,0.26417217,0.13390681,0.2959927,0.18428932,0.23616345,0.07689498,-0.144523,-0.26832482,-0.38881198,-0.19142516,-0.2708108,-0.4037279,-0.27263385,-0.19490555,-0.21827376,-0.2857267,-0.2474426,-0.29318464,-0.2318638,-0.28058898,-0.59813154,-0.47830728,-0.3286513,-0.35964316,-0.40256774,-0.44930416,-0.38168553,-0.29583633,-0.38367432,-0.28672108,-0.23749867,-0.37406185,-0.4090313,-0.54973775,-0.5353191,-0.51990604,-0.55603564,-0.67569417,-0.8339682,-1.007324,-1.230565,-1.223107,-1.1997387,-1.0283718,-1.0833949,-1.1370921,-1.4481711,-1.4002746,-1.338788,-1.6979293,-1.2885711,-1.1271482,-1.1127295,-1.1428927,-1.1017911,-1.0290349,-0.8139146,-0.8747383,-0.9393738,-0.90871334,-1.0189251,-1.223107,-1.2542646,-1.2590709,-1.3343133,-1.5008739,-1.3288441,-1.2471381,-1.1672554,-0.94235694,-0.9697027,-0.56597954,-0.49372038,-0.62514585,-0.42759326,-0.40389362,-0.31390116,-0.11203952,-0.096129246,-0.0013305309,-0.020886911,-0.10176414,-0.030830832,0.1463367,-0.027681923,-0.02420155,-0.12662394,-0.24528809,-0.26699898,-0.26534164,-0.26832482,-0.287384,-0.2903672,-0.5194088,-0.66691035,-0.73585486,-0.78225976,-0.7126524,-1.0275432,-0.90307844,-1.0490884,-1.0454423,-1.0199195,-1.013456,-1.0900242,-1.1810111,-1.2817762,-1.571973,-1.6316366,-1.5759505,-1.5852315,-1.6574908,-1.5668354,-1.7922308,-1.8210682,-1.8543804,-1.9854743,-2.0993323,-2.0310507,-1.8792402,-1.5239106,-1.6324652,-1.6105887,-1.6538446,-1.6192067,-1.3232092,-1.3198946,-1.5825799,-1.5953413,-1.7294185,-1.7756577,-1.9224963,-1.8999566,-2.0043678,-2.1659567,-2.0303879,-1.9549797,-1.912718,-2.0126545,-1.9377437,-2.346936,-2.1399367,-2.3953297,-2.164962,-1.9410582,-2.0022135,-1.9286283,-1.9843142,-2.0046992,-1.8639928,-1.9568028,-2.070495,-1.8475853,-1.8613411,-1.8673075,-1.977685,-2.0061908,-1.8563691,-1.834824,-1.5761163,-1.5310372,-1.3916566,-1.4620926,-1.5202646,-1.3805525,-1.5227505,-1.5983244,-1.5524166,-1.3977886,-1.3931482,-1.0466024,-0.8170635,-0.93556195,-0.75623995,-0.7845801,-0.93655634,-0.8286648,-0.8818648,-0.71629846,-0.89711213,-0.89959806,-0.8283334,-0.84904987,-0.87672704,-0.9237949,-0.9479918,-0.9334074,-0.9910822,-0.9179944,-0.8401003,-0.65613776,-0.68282056,-0.63326675,-0.71977884,-0.8410947,-0.67271096,-0.8686062,-0.7612119,-0.6606125,-0.5116194,-0.28307498,-0.28241205,-0.50780755,-0.39013785,-0.32434225,-0.35748866,-0.31489554,-0.36826122,-0.42726183,-0.14203702,-0.17568062,-0.07988751,-0.2418077,-0.2872183,-0.39527553,-0.5172543,-0.50250417,-0.4826163,-0.53714216,-0.3617977,-0.4958749,-0.5392967,-0.646691,-0.432731,-0.5006811,-0.6296206,-0.74165547,-0.72690535,-0.8074511,-0.80181617,-0.6228256,-0.5953141,-0.5760892,-0.5978001,-0.49106866,-0.4534475,-0.4794674,-0.45162442,-0.4100257,-0.19440834,-0.25490054,-0.42809048,-0.45543626,-0.58719325,-0.4627285,-0.6032693,-0.6036007,-0.43422255,-0.26915348,-0.22556596,-0.13358468,-0.6354213,-0.5124481,-0.3090949,-0.16175914,-0.17800088,-0.2220856,-0.42411292,-0.42527303,-0.45941386,-0.39013785,-0.28191486,-0.109056346,-0.18860772,-0.028676314,-0.083036415,-0.04558098,-0.27628,-0.15048935,-0.2847323,-0.25191736,-0.32798836,-0.18860772,-0.26749617,-0.42775902,-0.44035468,-0.5137739,-0.43985745,-0.33196592,-0.36428365,-0.39494407,-0.464883,-0.4146662,-0.4017391,-0.382017,-0.34505874,-0.3692556,-0.27528557,-0.287384,-0.33842948,-0.43737146,-0.5376393,-0.60956705,-0.56448793,-0.6024406,-0.5243808,-0.54294276,-0.49819514,-0.628129,-0.6428792,-0.44714966,-0.4768157,-0.47781008,-0.40687677,-0.69624496,-0.65298885,-0.8573364,-0.9135196,-0.8180579,-0.80165046,-0.8069539,-0.8029763,-0.6231571,-0.5943197,-0.7078461,-0.8440779,-0.688787,-0.59315956,-0.5550412,-0.37936527,-0.35848305,-0.5301814,-0.26898777,-0.15479839,-0.20534666,-0.09811803,-0.344893,-0.28058898,-0.4012419,-0.34190983,-0.36511233,-0.23948747,-0.26517594,-0.19175662,-0.25191736,-0.12728687,-0.1755149,-0.28705254,-0.35848305,-0.48477083,-0.5218948,-0.3917952,-0.47582132,-0.5039957,-0.55885303,-0.22374292,-0.31854165,-0.41963816,-0.58205557,-0.5908393,-0.7388381,-0.6853066,-0.86413145,-0.8679433,-0.87556696,-0.82651025,-0.74596447,-0.824853,-0.86976635,-0.7751334,-0.7908779,-0.6476854,-0.72690535,-0.8120916,-0.8218698,-0.8251844,-0.69309604,-0.6214998,-0.7037028,-0.76949847,-0.42328423,-0.5455945,-0.6871296,-0.7706586,-0.7575658,-0.78988343,-0.7675097,-0.7930324,-0.93390465,-0.860651,-0.8488841,-0.8250187,-0.8417576,-0.71795577,-0.6501714,-0.34190983,-0.32500517,-0.30843198,-0.20534666,-0.028842047,0.0707629,0.28836903,0.42857835,0.38913414,0.33775723,0.33477402,0.43620202,0.61850727,0.782582,0.73783433,0.661929,0.63027424,0.6052487,0.5694506,0.6062431,0.57342815,0.51509047,0.3624513,0.3723952,0.21030927,0.4116737,0.43239018,0.42244628,0.37090358,0.21727,0.2767678,0.5082954,0.44730607,0.41747433,0.31124008,0.22224195,0.110372856,0.12910058,0.04855481,0.15313172,0.16589308,0.28571734,0.2431242,0.14865695,-0.013428969,0.019220239,-0.044420857,0.06728253,0.17832297,0.13589558,0.20417717,0.24328993,0.3423977,0.4267553,0.47299457,0.6758506,0.6957384,0.68662316,0.7393259,0.5742568,0.5974593,0.6750219,0.8377707,0.9206367,1.008309,0.918648,0.7651801,0.7784387,0.76965487,0.8139053,0.6337546,0.4555927,0.6188387,0.65248233,0.7217583,0.82484365,0.77064925,0.65331095,0.70419073,0.7563963,0.4123366,0.4516151,0.28306562,0.16837905,0.17384821,0.3919516,0.4350419,0.3951005,0.5306693,0.75275016,0.6692213,0.59977955,0.64900196,0.76169974,0.81755143,0.7853994,0.72142684,0.74380064,0.9050579,0.9164935,0.91036135,0.91019565,0.8828499,0.81191653,0.8482118,0.8775464,0.8879875,0.7976636,0.76335704,0.7956748,0.82070035,0.8084361,0.7719751,0.8830156,0.8616361,0.78374213,0.79700065,0.78622806,0.82384926,0.69921875,0.68380564,0.57491976,0.58685243,0.6011054,0.60475147,0.5263603,0.4991802,0.5585123,0.639058,0.7317022,0.75755644,0.75971097,0.6949097,0.81755143,0.93290097,0.8884847,0.79401743,0.78357637,0.6816511,0.82351774,0.7013732,0.6889434,0.6569571,0.7786044,0.7169521,0.6673982,0.6773421,0.65231663,0.6751876,0.6420412,0.42493224,0.58188045,0.55304307,0.4002382,0.43802506,0.39576343,0.46818832,0.56514156,0.6264624,0.6606032,0.7544075,0.7249072,0.752916,0.7626942,0.8082704,0.79700065,0.93604976,0.88981056,0.8803638,0.9494741,0.985438,1.1949233,1.1017818,0.9587551,0.853681,0.85285234,0.8762206,0.7196038,0.7413147,0.7539103,0.7088312,0.5944761,0.6932524,0.6374007,0.5712736,0.73385674,0.71811223,0.65215087,0.6244736,0.7053508,0.58022314,0.6140325,0.65894586,0.66375214,0.6420412,0.6708785,0.7403203,0.6874517,0.67021567,0.51840514,0.52984065,0.47564623,0.53663564,0.5270232,0.50779825,0.5419391,0.63607484,0.63027424,0.6713758,0.8742318,0.7739639,1.0043314,1.1107314,0.9549433,0.9292548,0.89047354,0.79285735,0.5837035,0.51906806,0.4950369,0.45028925,0.35300457,0.42973846,0.58502936,0.65894586,0.67701066,0.616187,0.5445908,0.5691191,0.42990422,0.51078147,0.50365496,0.35085005,0.35002136,0.44399142,0.44714034,0.41565123,0.5223827,0.46271917,0.39543194,0.45443258,0.48045248,0.4947054,0.70236766,0.73286235,0.78639376,0.7824163,0.6968985,0.71827793,1.0702928,1.0956497,1.3636383,1.4536308,1.5287075,1.5235697,1.6021267,1.6970911,1.9218237,1.8119434,1.8136008,1.8157554,1.9304419,1.8303397,1.8979584,2.386868,2.4243233,2.4954224,2.4155395,2.0683308,2.2483158,2.260083,2.2708554,1.9506613,2.096671,1.5596994,1.096147,1.1034392,1.2166342,1.0220647,1.2696683,1.3725878,1.3959562,1.1974092,1.5311935,1.4511448,1.6934452,1.8033253,1.4687126,1.2610503,1.2830927,1.2592273,1.2431512,1.3036435,1.1748697,1.4705355,1.5631797,1.4365605,1.3913157,1.5946687,1.5661628,1.6743859,1.6163797,1.913703,2.217987,1.8845341,1.9289503,2.475866,2.2116892,2.1780455,2.4897873,2.3263757,2.8815777,2.8539007,2.8708055,2.8214173,3.0439954,3.345462,3.4263391,3.2564638,3.161665,2.9765422,3.1261985,2018-04-17
RRC_HES,0.8066728,0.7128881,0.49704546,0.85866815,1.186225,1.2647008,1.2045683,1.0240327,1.0076203,1.3420732,1.5565368,1.7054889,1.744106,1.6500455,1.6260477,1.5572263,1.5459169,1.2554601,1.2595979,1.3867588,1.4277207,1.4758543,1.2242906,1.1787775,1.233807,1.2367033,1.3151791,1.3972405,1.3002839,1.3913102,1.3329705,1.1295404,0.6199309,0.7815716,0.78681254,0.6608928,0.4879428,0.31319985,0.29389125,0.28671947,0.055016086,0.2922362,0.48394316,0.2338966,0.31871662,0.43580955,0.44794637,0.42422438,0.5129061,0.37153944,0.2686521,0.35843718,0.26796252,0.43567163,0.56076384,0.61165583,0.64558387,0.42146602,0.37898704,0.5013209,0.55621254,0.7235078,0.75743586,0.8688742,0.8010182,0.5647634,0.14838701,0.2803752,0.32795715,0.3060281,0.36271268,0.4251898,0.2606528,0.13128512,0.3431282,0.12632003,-0.009943606,-0.11214135,-0.06055976,-0.061938945,0.17403989,0.25486025,0.3911239,0.6698575,0.90680176,0.8491518,0.59069216,0.37760785,0.117355324,0.385883,0.33595645,0.39153767,0.30064926,0.22644898,0.44146422,0.5793829,0.8850106,0.9055605,0.858944,0.87411505,0.8654262,0.8015698,0.8026732,0.8663916,0.97079605,1.003207,0.98707044,0.8702533,0.7621251,0.63330907,0.4533252,0.16783355,0.044810105,-0.14151803,-0.26757568,-0.5549982,-0.63816315,-0.5778927,-0.7453259,-0.6243713,-0.7286378,-0.6454728,-0.53058654,-0.42452714,-0.5778927,-1.0207496,-1.1153617,-1.0967427,-0.8586951,-0.872487,-0.62202674,-0.52465606,-0.61678576,-1.0502641,-0.6760908,-0.7701514,-0.9868216,-1.0193703,-1.2967248,-1.332032,-1.1633575,-0.8926231,-0.81787115,-0.7713926,-1.0648836,-0.9465493,-0.94323933,-0.85910887,-1.2621071,-1.2563146,-1.2237659,-1.1990783,-1.2867947,-0.81718165,-0.7319479,-0.6894689,-0.6687811,-0.50838166,-0.45942056,-0.63416356,-0.6754012,-0.74753267,-1.057298,-0.9382742,-0.73760253,-0.61113113,-0.43804318,-0.5388617,-0.65085167,-0.5130709,-0.2863326,-0.30812377,-0.34343094,-0.1664813,0.032673262,0.038741685,0.27527222,0.50669974,0.7338518,0.9172836,1.0045861,1.2493918,0.93617845,0.9517633,1.0985087,1.5067481,1.6802497,1.6362537,2.0232534,2.292195,1.9606384,1.5111614,1.4122738,1.3497965,1.5455033,1.2241528,1.2983528,2.2301314,2.0955229,1.786861,1.5570884,1.5992914,1.4904736,1.1903626,0.89700955,1.0026553,0.6579965,0.46615168,0.56600475,0.6990962,0.71647406,0.56269467,0.45870405,0.62158597,0.5895888,0.7302659,0.88432103,0.93962646,0.8079141,0.7115089,0.5941402,0.28602985,0.3874001,0.51042354,0.47277176,0.28947783,0.22451814,0.09515042,0.09804671,0.20520952,0.06646334,0.4094671,0.6542727,0.45939365,0.20451993,0.3083727,0.6152417,0.31706157,-0.08317842,0.22631107,0.26547998,0.2110021,0.24010295,0.32368165,0.04632721,0.16024803,-0.26578274,-0.30743417,-0.2897806,-0.30453786,-0.44962832,-0.31832975,-0.43059555,0.16135137,0.32864672,0.71454316,0.7345414,0.8939753,1.0585123,1.0600294,0.95010823,1.1801567,0.87411505,0.78446794,0.6917865,0.7166119,0.03529372,0.3650573,0.24451634,0.51621616,0.5126302,0.48835656,0.55772966,0.40863958,0.25168812,0.25099853,0.46256578,0.68544227,0.6596515,0.7899847,0.7342655,0.70006174,0.4199489,0.8812868,0.88818276,0.9658309,0.83025694,0.9163182,1.0477546,1.1121627,1.0278944,1.1340917,1.1043013,0.8334291,1.1551934,1.5365385,1.4223418,0.94638443,0.47194424,0.64572173,0.83632535,0.9517633,0.95107365,1.1123006,1.1328505,0.6833735,0.92086947,0.7777099,0.9542458,0.9139735,1.1204379,0.8925962,0.943764,1.1227825,1.3088348,1.2903537,1.4248244,1.3720015,1.0858202,1.2976635,1.191328,1.1691232,1.0240327,0.8921824,0.78708833,0.6142763,0.6306886,0.397744,0.47015128,0.46628958,0.46973753,0.41636303,0.5381452,0.54545486,0.5731765,0.78584707,0.68475276,0.5716594,0.5318009,0.5858651,0.6305507,0.7506778,0.9701064,1.194776,1.6286682,1.723832,1.625634,1.9181595,2.0174608,2.1388295,1.9878083,2.0004969,1.7584497,1.808652,1.7772065,1.796929,1.6854906,1.796791,1.735555,1.6521144,1.405102,0.9051468,0.8379804,0.843635,1.091199,0.89328575,0.79150176,0.99079424,0.8516343,1.0044482,0.99893147,1.2520123,1.0316181,1.1360227,1.1549175,0.960728,0.9659689,0.7614355,0.7043372,0.8731496,0.8451521,0.9164561,0.7821233,1.0441688,0.90018165,0.92955834,0.93507516,1.0460997,1.1038876,0.8178442,0.82749856,0.6058633,0.8611507,1.0052757,0.7595046,0.68364936,0.6848906,0.6119316,0.646963,0.57386607,0.63661915,0.6424117,0.94183314,1.2245665,-0.0049785348,0.1614893,-0.15006898,-0.040009875,-0.17034303,-0.36811838,-0.46107554,-0.5734793,-0.97344345,-1.2770023,-1.1637712,-1.1523238,-1.1730118,-1.352306,-1.4532624,-1.3495476,-1.3703734,-1.3174126,-1.4049909,-1.3223777,-1.240316,-1.1309465,-1.4500903,-1.1836314,-1.1240505,-1.0891572,-1.0865368,-1.1364633,-1.1727359,-0.64671415,-0.7000887,-0.7483602,-0.59499466,-0.40756312,-0.4370777,-0.36301538,-0.4303197,-0.29695237,-0.16813633,0.20424408,0.029225295,-0.14344887,-0.109796725,-0.05007794,-0.010771119,0.22755234,0.38133168,0.34036982,0.34340405,0.22479397,0.23927543,0.25941157,0.43236157,0.15583463,0.09004743,-0.18978956,-0.05987016,-0.3437068,-0.5137605,-0.53348285,-0.35280943,-0.3441205,-0.42328584,-0.3268807,-0.17517017,-0.014219086,0.19059013,0.14618032,0.25913572,0.2391375,0.2522398,0.030328644,0.06218786,0.088530324,0.11073522,0.1696265,0.21513966,0.32078537,0.44973934,0.5167678,0.25334314,0.049361423,0.12494085,0.3122344,0.43332702,0.48918405,0.5073893,0.414708,0.38574508,0.14066358,-0.101521604,-0.13379458,-0.05987016,-0.040975306,0.0877028,0.31044146,0.3171995,0.23279324,0.14507698,0.035707474,-0.09214313,-0.1657917,-0.13669087,0.0035724228,0.15362793,0.105218485,0.19279684,0.04605137,-0.16634338,-0.1649642,-0.3350179,-0.40839064,-0.34067258,-0.43349183,-0.3092271,-0.20027138,-0.20882234,-0.278885,-0.3614983,-0.44162902,-0.56644547,-0.34039673,-0.33819002,-0.21544243,-0.14124219,-0.24785332,-0.22937222,-0.32563943,-0.37529016,-0.07407579,0.116803646,-0.06290437,-0.044561192,-0.12565738,-0.06566275,0.20645078,0.22465605,0.16562685,0.3698844,0.45084268,0.37057403,0.42091435,0.48021936,0.47842643,0.39167556,0.34947246,0.1563863,-0.04469911,0.09970173,0.11845867,0.23403452,0.18755592,0.14342195,0.08480652,0.11652782,0.025225652,0.10811477,0.09556418,-0.092418976,-0.079454616,-0.07145534,-0.25543883,-0.26274854,0.04136214,0.009365008,-0.16537794,-0.22647592,-0.120278545,-0.575686,-0.46810943,-0.633336,-0.46962652,-0.48452175,-0.46148932,-0.35184398,-0.3039862,-0.1642746,-0.09738404,0.11321776,0.24865389,0.30147678,0.3122344,0.2803752,0.306166,0.40477785,0.32464713,0.27844435,0.27927187,0.22769026,0.1526625,0.13349181,0.048671827,-0.05380174,-0.15641323,-0.16855007,-0.21847664,-0.168688,-0.23406145,-0.1783423,-0.23875068,-0.20675355,-0.25985223,-0.34549972,-0.43307808,-0.55610156,-0.7658759,-0.7271207,-0.740223,-0.7695997,-0.84490323,-0.6365081,-0.5976151,-0.50038236,-0.48990056,-0.42494088,-0.41845867,-0.43169892,-0.39225417,-0.38839242,-0.56258374,-0.7200869,-0.71470803,-0.76173824,-0.6320948,-0.6479554,-0.7322237,-0.53031075,-0.3075721,-0.20909818,-0.52010477,-0.5540328,-0.6104415,-0.5898916,-0.6845038,-0.81414735,-1.1087415,-1.0950878,-1.0037855,-1.0382652,-0.9261374,-0.9326196,-0.8319389,-0.6730566,-0.7229832,-0.6846418,-0.62561256,-0.5636871,-0.55610156,-0.750429,-0.5053475,-0.5056233,-0.72974116,-0.8957952,-1.0221287,-1.0257146,-1.0599184,-0.9102767,-0.97289175,-1.0964669,-1.0549535,-1.0455749,-0.85441965,-0.65926474,-0.86434984,-0.8578676,-0.84793746,-0.93344706,-1.2145252,-1.3258256,-1.484432,-1.4374018,-1.3849927,-1.3178264,-1.2603141,-1.5227735,-1.7673032,-2.1032732,-2.1436834,-2.1109965,-2.2336063,-2.4420013,-2.3716629,-2.320633,-2.3956609,-2.4111078,-2.2672584,-2.3403554,-2.2580178,-2.344493,-2.5246148,-2.5444748,-2.3533196,-2.1305811,-2.1798182,-2.237606,-1.8434343,-1.3787863,-1.5200151,-1.3163092,-1.1801835,-1.0541259,-1.3310665,-1.160599,-1.5131191,-1.4724331,-1.5394616,-1.596422,-1.5212563,-1.8053688,-1.8692253,-1.8417794,-1.6860693,-1.5023614,-1.4753294,-1.5171188,-1.7347544,-1.7264793,-1.4036118,-1.4653993,-1.6526928,-1.7027572,-1.6648297,-1.7666137,-1.8499166,-1.8581916,-1.59656,-1.8733628,-2.0925155,-2.0345895,-1.9970757,-2.0973427,-2.111824,-1.923841,-2.1981611,-1.9676992,-2.2508461,-2.362974,-2.5079265,-2.3504233,-2.4378638,-2.654672,-2.8266566,-2.8796172,-3.0953224,-3.1009767,-3.161799,2018-04-17
SWN_HES,0.9656945,0.9308843,0.7954508,1.2798022,1.6526523,1.845468,1.7646974,1.6493888,1.6110431,1.9131848,2.247417,2.4258194,2.320029,2.4290829,2.2920177,2.3453207,2.326284,2.0831566,2.1394513,2.247689,2.2852187,2.3670774,2.0902274,2.0788052,2.1117117,1.9515305,1.9702953,1.9493549,1.9150884,2.1024654,2.043451,1.9732869,1.3575814,1.2702838,1.3224992,1.1922327,1.0989523,1.0807313,1.2139893,1.3545898,1.238737,1.3023745,1.3118929,1.2384651,1.233026,1.3118929,1.3461591,1.3371847,1.4084368,1.4089808,1.2248675,1.2691959,1.2039269,1.4269298,1.4987259,1.6450374,1.7268958,1.6841989,1.6192018,1.8509072,1.7448448,1.6523802,1.4454226,1.5068845,1.5468619,1.4057174,1.3059099,1.3804256,1.3094454,1.2145331,1.2944878,1.3989184,1.3842329,1.3733547,1.4163235,1.287417,1.1683007,0.99316186,1.1209807,1.0858985,1.371995,1.3273944,1.389944,1.6806635,1.7127541,1.6012528,1.0355868,0.9072242,0.67198336,0.8919947,0.80904853,0.7554735,0.9006973,0.9031449,1.0032241,1.2322102,1.4965501,1.5017172,1.4511337,1.3583971,1.1413773,1.220788,1.2139893,1.3282101,1.2583178,1.250975,1.1405613,1.2069185,1.2197003,1.0913376,0.9028729,0.5724479,0.2939663,-0.103087604,-0.20153521,-0.5643229,-0.68017554,-0.617898,-0.60647583,-0.48844746,-0.4797449,-0.45282137,-0.31086102,-0.3638922,-0.3584531,-0.8678243,-0.9619207,-0.74816424,-0.50938797,-0.49878174,-0.35165423,-0.29128027,-0.43568826,-0.8172408,-0.7628498,-0.8623853,-1.050034,-0.96219265,-1.1857394,-1.1531048,-1.0269178,-0.8362776,-0.9782379,-0.91188097,-1.1819321,-1.2246288,-1.2501926,-1.2265326,-1.5591332,-1.4421927,-1.3557111,-1.2684137,-1.3793712,-0.9670878,-0.9673598,-0.99074787,-0.8708158,-0.74816424,-0.7598583,-0.8612974,-0.8115297,-0.9186799,-1.1930822,-1.0872918,-0.8651048,-0.65325207,-0.40142193,-0.55752397,-0.75849855,-0.65107644,-0.37205085,-0.45309335,-0.39543894,-0.22301964,-0.0136145,-0.012798635,0.18355268,0.44925246,0.48134312,0.65838563,0.8147596,1.1114622,0.94774544,1.1563348,1.4418873,1.8772868,1.894692,1.7788391,2.1533208,2.270533,2.0178874,1.4089808,1.1745557,1.1813546,1.4587485,1.1212527,1.0124707,1.9817175,1.8332301,1.6137626,1.5803121,1.5180346,1.5509411,1.185434,1.0233489,1.130771,0.7141363,0.41389832,0.6488672,0.73562074,0.73806834,0.40492383,0.15989262,0.008685789,-0.2287307,-0.08704227,-0.013342544,0.056549825,0.09979063,-0.0040960833,-0.14959186,-0.4060452,-0.39054376,-0.48735964,-0.55969965,-0.71335405,-0.86891216,-0.8795184,-0.7973881,-0.67337674,-0.74190927,-0.5164588,-0.31222078,-0.48246446,-0.63965434,-0.61490643,-0.19718395,-0.49687806,-0.9524023,-0.69350135,-0.7538753,-0.67065716,-0.69023794,-0.5868951,-0.68779033,-0.6747365,-1.0900112,-1.2496487,-1.2050482,-1.0867479,-1.1435864,-0.95756936,-0.9352691,-0.44112733,-0.36117265,-0.25075904,-0.32500267,-0.22111596,-0.059574846,-0.022589006,-0.16427742,0.022827433,-0.24831143,-0.37748992,-0.45064574,-0.5558922,-0.6021246,-0.26843607,-0.4288894,-0.26408482,-0.43432847,-0.48382425,-0.34240776,-0.48953527,-0.4588044,-0.44547862,-0.23335391,0.027994575,0.078034244,0.26024392,0.151734,-0.06555785,-0.4063171,-0.010622998,-0.03156351,-0.011710817,-0.1795069,-0.031835467,0.07966598,0.02717871,0.04023254,0.04186427,-0.033467196,-0.2760508,0.07341102,0.5126179,0.52485585,-0.11369384,-0.59641355,-0.48627183,-0.36171657,-0.23552956,-0.1060791,-0.010351042,0.11202859,-0.16101396,0.09979063,-0.03156351,0.1150201,0.06688411,0.23848753,0.1737623,0.37555274,0.83950746,1.041026,0.8751335,1.1691166,1.137298,0.9428503,1.11391,1.0146463,0.96052736,0.8408672,0.6233035,0.4677454,0.40601167,0.43456692,0.22271417,0.34074253,0.39322978,0.36249888,0.2675867,0.2754734,0.1558133,0.24664618,0.36739406,0.34672552,0.32143375,0.41688985,0.47345644,0.463938,0.6600174,0.7794055,0.85310525,1.2118136,1.3366407,1.3458872,1.5547485,1.6213773,1.7418534,1.7935246,1.8468279,1.7636098,1.8944199,2.0450828,1.9553378,1.7415813,1.7459327,1.5941819,1.5629072,1.1721082,0.7554735,0.70081055,0.67443097,0.8868276,0.7418757,0.758193,0.78049326,0.61405694,0.6823177,0.82808536,0.97249335,0.74377936,0.76172847,0.78402865,0.5253998,0.52730346,0.2218983,0.19959801,0.28471985,0.30212492,0.38996634,0.283632,0.63826096,0.46665755,0.5466122,0.5112581,0.6398927,0.63880485,0.40220428,0.31381902,0.30158103,0.5485159,0.7209352,0.4495244,0.3102836,0.24011928,0.21482748,0.10631754,0.10006258,0.12916173,0.19443087,0.5088106,0.79735446,-0.33832845,-0.15013577,-0.5553484,-0.5539886,-0.63693476,-0.83464587,-0.94832295,-1.0492182,-1.3733882,-1.7715298,-1.5738188,-1.6097169,-1.6241304,-1.7062608,-1.7924703,-1.6564931,-1.6515979,-1.6826006,-1.776969,-1.6690029,-1.6301134,-1.5020226,-1.8150426,-1.5925837,-1.6089009,-1.597207,-1.5316658,-1.6034619,-1.5868726,-1.163439,-1.1846515,-1.3475524,-1.2714051,-1.1479377,-1.2142947,-1.146034,-1.1182946,-0.9243909,-0.82920676,-0.72831154,-0.66222656,-0.73239094,-0.6635864,-0.61381865,-0.6385665,-0.48654377,-0.26843607,-0.35790917,-0.41937098,-0.47294602,-0.4245381,-0.42263442,-0.24042475,-0.3938072,-0.44466275,-0.6347592,-0.44384688,-0.65406793,-0.9208555,-0.8808782,-0.71335405,-0.69050986,-0.74299717,-0.5958696,-0.53332,-0.38755223,-0.17216411,-0.25239074,-0.107438885,-0.16128592,-0.12375617,-0.31602815,-0.24531993,-0.22655505,-0.22519529,-0.18331426,-0.07806777,0.018748114,0.09244785,0.17838556,-0.029659828,-0.31901965,-0.21431708,-0.0712689,0.045671634,0.13188128,0.13024956,0.013309019,0.015212703,-0.29617545,-0.5444702,-0.5232577,-0.4517336,-0.44384688,-0.29807913,-0.06936522,-0.057671163,-0.12973917,-0.15992615,-0.26190916,-0.3668837,-0.44955793,-0.3481188,-0.20779018,-0.07099695,-0.0941131,-0.013342544,-0.17134824,-0.35736528,-0.29590353,-0.4601642,-0.48599985,-0.3927194,-0.53522366,-0.41474771,-0.34186384,-0.36633977,-0.47213015,-0.54610187,-0.60565996,-0.66467416,-0.4161075,-0.485184,-0.3255466,-0.28312165,-0.4063171,-0.34784687,-0.39870238,-0.44167122,-0.13952954,0.043495994,-0.19283266,-0.18657771,-0.28828877,-0.22138792,0.08945634,0.03615322,0.08700875,0.28471985,0.40302014,0.30729207,0.31109947,0.3119153,0.31898615,0.21265185,0.16614757,0.00243083,-0.18195449,0.00759797,0.07205124,0.19796628,0.16016458,0.09870281,0.03968863,0.040504497,-0.03210742,0.04784727,0.01575661,-0.15312728,-0.06202244,-0.01878164,-0.15829442,-0.2784984,0.017660294,-0.02449269,-0.18521793,-0.20670235,-0.00083262695,-0.21105364,-0.12892331,-0.29209614,-0.07806777,-0.045977112,0.019563977,0.103054084,0.1990541,0.28009662,0.29532608,0.49004567,0.608074,0.6369012,0.6660003,0.61024964,0.6012751,0.71576804,0.64179635,0.6825896,0.7299097,0.6456038,0.6113374,0.5884933,0.45849892,0.31572267,0.24256687,0.3227935,0.28281614,0.29967734,0.2129238,0.2104762,0.15064617,0.16641954,0.11338836,0.01630052,-0.069093265,-0.15557487,-0.38102534,-0.38700834,-0.4653313,-0.4457506,-0.5085721,-0.37368256,-0.27822646,-0.24803948,-0.28176185,-0.19364853,-0.16101396,-0.17651539,-0.17189217,-0.15938224,-0.31684402,-0.5194503,-0.503133,-0.5221698,-0.39489505,-0.41338795,-0.50775623,-0.32772222,-0.05739921,0.12209091,-0.16128592,-0.20479868,-0.2287307,-0.16944456,-0.23172219,-0.35382986,-0.7011161,-0.6692974,-0.5338639,-0.50775623,-0.3921755,-0.35627744,-0.16890065,0.0056942864,-0.069093265,-0.047336884,0.058181554,0.11773964,0.097071074,-0.09955219,0.1071334,0.12535436,-0.088130094,-0.28176185,-0.46750695,-0.4318809,-0.41991487,-0.23471369,-0.3043341,-0.4569007,-0.4125721,-0.42970526,-0.2203001,-0.06392612,-0.2700678,-0.25184685,-0.24396016,-0.34757492,-0.6752804,-0.7865099,-0.9817734,-0.9276544,-0.881966,-0.7892294,-0.7593144,-1.0067931,-1.2099433,-1.5327536,-1.5474392,-1.547983,-1.7146913,-1.9597225,-1.944493,-1.8455015,-1.8770483,-1.8985327,-1.7266573,-1.8172183,-1.7786007,-1.884663,-1.9094108,-1.9374223,-1.7851276,-1.5814335,-1.6369122,-1.6559491,-1.2564476,-0.7851501,-0.9945553,-0.79330873,-0.6048441,-0.45118967,-0.78487813,-0.5985892,-0.9738867,-0.98884416,-1.0429631,-1.0519377,-0.9980907,-1.241762,-1.3527195,-1.3445609,-1.1444023,-1.0097847,-1.0108725,-0.9646402,-1.2501926,-1.2705892,-1.0182153,-1.0225666,-1.2809235,-1.2654221,-1.2259886,-1.2779319,-1.3646857,-1.373932,-1.086476,-1.2988726,-1.6224986,-1.5776261,-1.464221,-1.6118925,-1.566204,-1.3725723,-1.6722665,-1.3948725,-1.674714,-1.7446064,-1.9578189,-1.7663627,-1.8455015,-2.1324139,-2.3129919,-2.317887,-2.540346,-2.5430655,-2.5476887,2018-04-17
TTE_MRO,-0.46160284,-0.14662847,-0.2859977,-0.28376776,-0.19512893,-0.37352154,-0.43540144,-0.22356026,-0.47832713,-0.21213198,-0.3949844,-0.38104746,-0.278193,-0.14941585,-0.12488688,-0.36042082,-0.44348484,-0.33840048,-0.25561517,-0.46243906,-0.9020095,-0.6645244,-0.7431286,-0.9212424,-0.942984,-0.6558835,-0.75344193,-0.9513462,-1.0201945,-1.0614479,-1.1562188,-0.8404083,-0.74480104,-1.0031915,-1.063399,-1.1439544,-0.9413116,-0.9485588,-0.9689067,-0.57727927,-0.5318449,-0.5011837,-0.52208906,-0.5427157,-1.0770572,-1.2172626,-1.4029024,-1.296703,-1.6097262,-1.5882634,-1.7003162,-1.4868026,-0.87636554,-1.1121782,-0.87915295,-1.020752,-0.91399527,-0.89002377,-0.96611935,-0.85685384,-0.92709595,-0.9190125,-1.0968475,-1.1852076,-1.0277205,-0.84347445,-0.78828424,-0.68626595,-0.83148867,-0.8114195,-0.6461277,-0.45630682,-0.3057881,-0.20265488,-0.06830298,-0.15108828,-0.45296195,-0.422022,-0.46216032,-0.7269618,-0.70494145,-0.87998915,-1.1021436,-1.5907719,-1.8338319,-1.9121574,-1.3304303,-1.172107,-1.147578,-1.3806033,-1.3354477,-1.3438098,-1.6785746,-1.36806,-1.4093134,-1.2769126,-1.2897345,-1.3549594,-0.95190364,-0.7615254,-0.7035477,-1.0703675,-1.2682718,-1.5143977,-1.6431748,-1.5734903,-1.5475676,-1.8302083,-1.5935594,-1.4291037,-1.3011628,-0.87497187,-0.71832085,-0.3855073,-0.017572599,-0.012834046,-0.011997831,0.032042835,-0.056595966,0.09838256,0.12012416,0.17029707,-0.03708428,-0.17338735,-0.15248197,-0.08279737,-0.1672551,-0.5036923,-0.643619,-0.5926099,-0.6196475,-0.75399935,-0.42731804,-0.19345652,-0.30327946,-0.30355817,-0.26648596,-0.40362525,-0.42759678,-0.40975752,-0.67400146,-0.69044703,-0.48641056,-0.5048073,-0.27735677,-0.27568433,-0.40362525,-0.61407274,-0.54968417,-0.5527503,-0.40446147,-0.35010752,-0.31387153,-0.51010334,-0.5884288,-0.6628519,-0.8549027,-1.01016,-0.8261926,-0.8295375,-1.1105058,-1.1534315,-0.96249574,-1.0029128,-1.2632544,-1.2677141,-1.2169839,-1.2484813,-0.88863003,-0.98061365,-1.0330166,-0.9098141,-1.0338528,-1.111342,-1.2883409,-1.5369755,-1.6102837,-1.8276997,-2.0707595,-1.950902,-1.8923669,-1.9581492,-1.3546807,-1.717598,-1.5280558,-1.9517381,-1.822125,-1.3663876,-1.6729997,-1.2364955,-1.2105728,-1.0402638,-1.0160135,-1.1983083,-1.6760659,-1.3198383,-1.0812383,-1.1286237,-1.2426279,-1.5785075,-1.6952988,-1.7663772,-1.1760093,-1.261582,-0.94214785,-0.8423595,-0.67009914,-0.5209741,-0.91566765,-0.897271,-0.7952527,-0.7631977,-0.7790859,-0.5276638,-0.5245977,-0.48195073,-0.32585725,-0.36237198,-0.54606056,-0.49533018,-0.73393023,-0.2740119,-0.39331195,-0.630797,-0.6051531,-0.326136,-0.2595175,-0.5357473,-0.6503087,-0.7417349,-0.818388,-0.8537877,-0.74480104,-0.5700321,-0.8574113,-1.1333623,-1.0689738,-1.2367742,-1.0358039,-1.2108516,-0.9022882,-0.85880506,-0.64138913,-0.35038623,-0.20850839,-0.3581909,-0.4248094,-0.12460813,-0.056595966,-0.102587804,-0.071369104,-0.097013034,0.022844467,0.30074662,0.23412815,0.30269778,0.3776784,0.012809885,-0.11986958,-0.109835,-0.0064230626,-0.19680136,0.027583018,-0.07889504,0.0055626873,-0.23498853,-0.03569059,-0.09283196,-0.27289695,-0.38021123,-0.3278084,-0.4721949,-0.30857548,-0.06941793,-0.0103254,-0.06356443,-0.20767216,-0.50146246,-0.61463016,-0.500905,-0.40669137,-0.09227448,-0.08307612,-0.26732218,-0.59651226,-0.78131574,-1.0645139,-1.0288354,-0.80054873,-0.61435145,-0.48613182,-0.38048998,-0.4192346,-0.035133116,-1.1344774,-1.2593521,-0.9619382,-0.6224349,-0.5017412,-0.39080328,-0.71441853,-0.8061235,-0.9644469,-0.74340737,-0.5831328,-0.41728345,-0.4161685,-0.23303737,-0.34676263,-0.45630682,-0.5279426,-0.5468968,-0.5638998,-0.5906587,-0.8454256,-0.75009704,-0.64473397,-0.5457818,-0.3749152,-0.70382655,-0.6795762,-0.7191571,-0.66508186,-0.53518975,-0.58118165,-0.4858531,-0.5034136,-0.39386943,-0.40780637,-0.35902712,-0.23080745,-0.23331611,-0.24892545,-0.42425188,-0.56445736,-0.602087,-0.6006933,-0.6163026,-0.4875255,-0.5418795,-0.44794467,-0.5995783,-0.6076618,-0.3219549,-0.15471187,-0.07053289,-0.13213407,-0.39470562,-0.3116416,-0.6221562,-0.81699425,-0.7712812,-1.0592179,-0.87525064,-0.90702677,-0.72919166,-0.63023955,-0.8785954,-0.9886971,-1.005979,-0.7668213,-0.71218866,-0.6865447,-0.7386688,-0.64166784,-0.56780213,-0.57755804,-0.6160239,-0.38021123,-0.5293363,-0.4328928,-0.47916335,-0.34676263,-0.4287117,-0.31080538,-0.40864253,-0.35791218,-0.4214645,-0.33003834,-0.3813262,-0.47470352,-0.33254698,-0.34397525,-0.43066287,-0.42759678,-0.69741553,-0.73225784,-0.7796433,-0.60961294,-0.5917736,-0.6358143,-0.73616016,-1.0243756,-1.1782392,-0.9017307,-1.0921091,-1.0876492,-1.1835352,-0.98284364,-0.924866,-1.1224915,-1.0279992,-1.0176859,-0.8261926,-0.9123228,-0.87218446,-0.89559853,-0.806681,-0.73393023,-0.5505204,-0.58257526,-0.5259914,-0.35400984,-0.21018082,-0.44682974,-0.38299862,-0.39637807,-0.63469934,-0.5906587,-0.4125449,-0.26732218,-0.22662638,-0.1650252,-0.18816048,-0.07304153,0.04681597,-0.020359982,0.019778345,0.17392068,0.04291363,-0.059662092,-0.06384317,0.07496854,0.26060832,0.2009583,0.17977417,0.10339986,-0.033739425,0.07190242,0.01894213,0.07942836,0.14242323,-0.0415441,-0.116524726,-0.18983291,-0.010046662,-0.050742462,-0.07833756,0.01197367,-0.038199235,-0.19401398,-0.08251864,0.04096246,0.13099496,0.14465314,0.056014337,0.124583974,0.1262564,0.031206619,0.38241696,0.21155035,0.21851881,-1.208018e-05,-0.047118865,-0.10286654,-0.045446433,-0.047397602,0.13656972,0.12792884,-0.09088079,-0.20711468,-0.16279529,-0.042659048,-0.071369104,-0.24920419,-0.15136701,-0.097291775,-0.055759754,-0.17199366,-0.069975406,-0.048233815,-0.038756713,-0.037363023,0.013924838,0.016433483,-0.055481017,-0.06663055,0.034830216,0.052390736,0.18116786,0.13210991,0.37712094,0.3849256,0.27900502,0.34729594,0.3180284,0.055456858,0.12904379,0.027025543,-0.059662092,0.06270406,-0.033460684,0.46938333,0.5407404,0.3595604,0.4423457,0.3252756,0.3135686,0.2831861,0.2519674,0.47467935,0.8261684,0.6920953,0.54575765,0.6199021,0.5488238,0.65753174,0.7896537,1.1118753,0.95829046,1.0182192,1.1949394,1.2058102,1.0720156,1.0165467,0.90728134,0.93850005,0.92818666,0.7988521,0.735021,0.80163944,0.67314106,0.71132827,0.5708441,0.56777793,0.59286445,0.5234586,0.5599733,0.32360315,0.11817299,0.3021403,0.30241907,0.20012207,0.16695221,0.13266739,0.10228491,0.09392276,0.35064077,0.4270151,0.2636744,0.17838047,0.28792465,0.0100225005,0.012809885,-0.09227448,-0.0415441,0.049045876,0.07496854,0.11761551,0.21684638,0.17447814,0.21935502,0.285416,0.35788798,0.18674263,0.18088913,0.19371109,0.36206907,0.37098867,0.40360105,0.43231112,0.60986745,0.6982276,0.6182296,0.7065897,0.70547473,0.5585796,0.608195,0.50506186,0.36987373,0.3531494,0.38436812,0.45377398,0.3492471,0.50868547,0.4785817,0.6600404,0.8013607,0.7336273,0.8038694,0.8520911,0.86714303,0.76484597,0.9000341,0.8860972,0.9259568,1.0410757,1.2200258,1.094036,1.1578671,1.2239281,1.1634418,1.1921519,1.3078283,1.2919403,1.3524265,1.4767438,1.2529168,1.2774459,1.2849718,1.022679,0.9833769,1.0458143,1.0689496,1.0352222,1.1419791,0.98031074,1.0324348,1.0505528,1.0251876,1.1690166,1.3580014,1.2665751,1.1737552,1.3003024,1.1508987,1.1854621,1.2359139,1.206925,1.2097125,1.346573,1.2933339,1.2752159,1.3850389,1.5472647,1.5996674,1.6726968,1.7133926,1.6336735,1.7329044,1.7181313,1.7209185,1.6732544,1.5879605,1.427686,1.397582,1.2660176,1.2490145,1.2632302,1.2874805,1.3521477,1.6359035,1.6994559,1.7437752,1.8006378,1.8190346,1.759942,1.7451689,1.6980621,1.6665647,1.6071934,1.5497732,1.4968129,1.4940256,1.5857306,1.5921415,1.5500519,1.1556371,1.249572,1.1157776,1.2409312,1.2807907,1.1860198,1.2300603,1.2085975,1.2760522,1.2191895,1.3351448,1.461692,1.6807804,1.797293,1.7922757,1.7657955,1.7351342,1.7610569,2.1303854,1.9846051,1.9472542,1.8134598,1.7827985,1.961191,1.861124,2.0280883,2.0821636,2.0531747,1.8733885,1.7563184,1.8474658,2.1367962,1.701407,0.93794256,1.3111732,1.1230248,1.1587033,1.2788395,1.402042,1.5046176,1.7161801,1.6980621,1.8391037,1.7883734,1.7342981,1.9848838,2.1794431,2.2151217,1.9823753,1.8221008,1.7791749,1.7510225,1.8011953,1.8549918,1.9204953,1.9269063,1.9029348,1.9770792,2.0562408,2.1989548,1.9299724,2.0579133,1.8803569,1.7827985,1.8240519,1.6693519,1.5954864,1.9015411,1.6648922,1.6152768,1.9397283,1.7557609,2.060422,2.238536,2.4166498,2.3912847,2.3731666,2.6061919,2.5409672,2.4966476,2.3712153,2.404664,2.5367858,2018-04-17
TTE_NBR,0.9709746,1.3044325,1.244305,1.2485062,1.2952428,1.1526698,0.9982814,1.1807643,0.83890426,1.1484687,0.8845906,0.9084841,0.9746505,1.0353031,1.0591966,0.86489826,0.72442585,0.85413307,1.0108845,0.803458,0.3153492,0.5332783,0.41617426,0.2546966,0.21347386,0.511748,0.41171062,0.17697728,0.1541341,0.071163476,-0.007868673,0.33845493,0.40724704,0.11474931,0.049370553,-0.0041927597,0.17776497,0.15544692,0.07641478,0.46107292,0.56084764,0.592093,0.57135034,0.6469691,0.058035206,-0.08952647,-0.35655534,-0.262557,-0.6338243,-0.55216646,-0.75119096,-0.5282731,0.010773461,-0.19271463,0.07904043,-0.15201701,-0.06274481,-0.116045564,-0.22501016,-0.12628561,-0.2754227,-0.28618786,-0.5358874,-0.6910635,-0.479961,-0.23419994,-0.19245206,-0.17696072,-0.3536671,-0.34263936,-0.25914365,-0.060906857,-0.045152944,0.13417913,0.23159085,0.18590449,-0.21870859,-0.262557,-0.2956402,-0.5282731,-0.6359248,-0.81578207,-1.0675821,-1.6775212,-1.9337848,-1.9403491,-1.2303725,-0.99695206,-0.912406,-1.1946638,-1.1631558,-1.1660441,-1.5493894,-1.2382495,-1.4207324,-1.2886621,-1.3062539,-1.338812,-0.95047796,-0.678723,-0.6086181,-1.0337112,-1.2043786,-1.481385,-1.6386616,-1.5438756,-1.483223,-1.8547528,-1.6074164,-1.4244083,-1.3191197,-0.7834865,-0.48836312,-0.024410285,0.32874,0.43061534,0.3765269,0.3290026,0.20822254,0.3954316,0.4589724,0.4650114,0.16122337,0.07772761,0.034929466,0.1541341,0.059085466,-0.328986,-0.51750785,-0.40250427,-0.46079376,-0.50726783,-0.12838612,0.17251366,0.048320293,-0.005768151,-0.042527292,-0.17459764,-0.16015653,-0.2948525,-0.5676578,-0.58735025,-0.31034386,-0.35655534,-0.10948143,-0.1596314,-0.2993161,-0.4686707,-0.29038888,-0.32242188,-0.24706563,-0.19455259,-0.1391513,-0.42561004,-0.5043796,-0.6306735,-0.9475898,-1.0877997,-0.9465395,-0.9200204,-1.2408751,-1.3170191,-1.0759842,-1.1796975,-1.531535,-1.5850983,-1.5383617,-1.533373,-1.0578672,-1.1468768,-1.2994273,-1.1728708,-1.3543034,-1.4007775,-1.5423001,-1.7883238,-2.0075657,-2.2869353,-2.5534391,-2.5143168,-2.5019763,-2.6322083,-2.0094037,-2.4457872,-2.327633,-2.7251565,-2.5072274,-2.0422244,-2.4331841,-1.9826221,-1.9172434,-1.7006271,-1.606366,-1.8080162,-2.3565152,-1.9427122,-1.7140177,-1.8363732,-2.0164928,-2.399313,-2.5295455,-2.611466,-2.0031023,-2.078721,-1.7407995,-1.6956383,-1.5554284,-1.3301474,-1.7602293,-1.7239953,-1.6150308,-1.5118425,-1.517619,-1.3143935,-1.1867868,-1.0342363,-0.8008158,-0.81945795,-1.0925257,-1.0053542,-1.2122556,-0.69710255,-0.8231338,-1.0373871,-0.9906505,-0.70865536,-0.6445894,-0.9113558,-1.04894,-1.2529532,-1.3067791,-1.3516777,-1.2177695,-1.0352867,-1.2484896,-1.570132,-1.519457,-1.6699069,-1.4265089,-1.585886,-1.2274845,-1.1875744,-0.83757496,-0.57369685,-0.43164903,-0.59128875,-0.61360675,-0.26413238,-0.18903872,-0.2481159,-0.16068166,-0.2489036,-0.12628561,0.19063067,0.09269382,0.12630218,0.12814014,-0.2932771,-0.49702775,-0.5075304,-0.4046048,-0.6503659,-0.37966108,-0.44031367,-0.36994618,-0.6065175,-0.3646949,-0.40276685,-0.6096683,-0.7083928,-0.61990833,-0.7514535,-0.6049421,-0.31034386,-0.28014886,-0.34815323,-0.45501733,-0.7322863,-0.8317985,-0.7215211,-0.52879816,-0.14991648,-0.15070419,-0.34894094,-0.74777764,-0.93734974,-1.2046411,-1.189675,-1.016907,-0.7850619,-0.5513788,-0.38990113,-0.45764297,-0.03963907,-1.1652565,-1.3992021,-1.0092926,-0.6487905,-0.5329992,-0.3478907,-0.76720744,-0.84965295,-1.0158567,-0.7790229,-0.66638243,-0.39567757,-0.44136393,-0.27384728,-0.38464984,-0.48442462,-0.60231644,-0.616495,-0.67714757,-0.7262473,-1.0166445,-0.9000655,-0.8717084,-0.7651069,-0.5773727,-0.96675706,-0.94233847,-0.91844505,-0.86383146,-0.69762766,-0.6902758,-0.58104867,-0.64695257,-0.49729034,-0.49020106,-0.4035545,-0.2489036,-0.22238451,-0.13337488,-0.29511505,-0.537988,-0.48993853,-0.5358874,-0.54875314,-0.44110134,-0.48521233,-0.43348697,-0.62437195,-0.62594736,-0.3137572,-0.1270733,-0.040689334,0.007885243,-0.35944355,-0.30062893,-0.73018575,-0.94575185,-0.8656694,-1.1374245,-0.9756843,-1.0242589,-0.77272135,-0.6427515,-0.92921025,-1.0266219,-1.0796602,-0.71023077,-0.5718589,-0.54061365,-0.5689707,-0.52380943,-0.3870129,-0.39121395,-0.47733536,-0.22711068,-0.419571,-0.34736556,-0.39515245,-0.2977407,-0.4187833,-0.28618786,-0.33371216,-0.2872381,-0.35576764,-0.27489755,-0.37020874,-0.47287175,-0.37519747,-0.4103812,-0.54113877,-0.5345746,-0.8517535,-0.7598556,-0.83757496,-0.6269976,-0.5910261,-0.56004345,-0.62437195,-0.9218584,-1.0494651,-0.68975073,-0.8793228,-0.8832613,-0.9591427,-0.6684829,-0.610456,-0.7598556,-0.72572213,-0.8144692,-0.6999907,-0.38359955,-0.34368965,-0.31428233,-0.19586541,-0.14807853,0.012611418,-0.019421546,0.01917555,0.20901023,0.35762218,0.058560338,0.12577705,0.13654222,-0.08952647,-0.035175465,0.11763753,0.23999293,0.27386385,0.34869495,0.2877798,0.37390125,0.4692124,0.46317345,0.5550713,0.71996224,0.59261805,0.44426873,0.43507892,0.60600895,0.72967714,0.66482353,0.6501199,0.5660989,0.43796715,0.5695123,0.47945246,0.56636155,0.63252795,0.4348164,0.31639946,0.14704484,0.3605104,0.30878505,0.27412644,0.4216881,0.2948691,0.09006818,0.18406652,0.31692457,0.42273837,0.43770462,0.3878172,0.4224758,0.4051465,0.31771228,0.6666615,0.4518831,0.46369857,0.21478668,0.19903275,0.1420561,0.25548428,0.20612203,0.3802028,0.40619677,0.16726236,-0.10475525,0.032041248,0.16437413,0.10792261,-0.11840865,0.021013506,0.06354908,0.092956394,-0.016008196,0.02678994,0.02967816,0.004997025,-0.011019456,0.033091508,0.09742,0.10398413,0.09742,0.19063067,0.19378144,0.36759967,0.31482404,0.5881545,0.5865791,0.52487624,0.6031207,0.5319655,0.20901023,0.28357878,0.15465923,-0.012069718,0.09794513,0.014974505,0.48627916,0.59419346,0.39595672,0.38440385,0.2651992,0.24078064,0.18931784,0.17934036,0.3069471,0.6784769,0.56242305,0.41249833,0.5217255,0.42090043,0.49861977,0.6645609,0.9615223,0.7900672,0.8339156,1.0657607,1.0597216,0.9339529,0.869887,0.6354162,0.65904707,0.5965566,0.48522893,0.4345538,0.46133545,0.34659445,0.39254338,0.16857518,0.15203357,0.22922777,0.1835414,0.26756233,-0.007080978,-0.24102664,-0.054080162,-0.05250477,-0.19927876,-0.2932771,-0.31795824,-0.34237683,-0.34762812,-0.11735839,-0.031762112,-0.16278219,-0.23104915,-0.08164951,-0.41536996,-0.43742543,-0.55873066,-0.49886572,-0.4046048,-0.39147654,-0.33738807,-0.22789837,-0.2827745,-0.23341225,-0.09950395,-0.051717073,-0.24233946,-0.24837846,-0.17906123,-0.039901637,-0.027298504,0.01523707,0.02363916,0.15465923,0.25653455,0.2124236,0.33530414,0.26336128,0.12682731,0.15518436,0.037555117,-0.083487466,-0.14545289,-0.12628561,-0.10633065,-0.23419994,-0.069834076,-0.11079425,0.07799017,0.224239,0.15544692,0.23579189,0.26257357,0.27097565,0.17015058,0.32060048,0.32322612,0.37495148,0.52933985,0.69711906,0.5188373,0.6018079,0.6800523,0.6674492,0.70447093,0.82078725,0.8163237,0.8646357,1.0384539,0.8486192,0.88091475,0.94130474,0.7157612,0.7015827,0.7401798,0.761185,0.7262638,0.8362786,0.6976442,0.7525203,0.72048736,0.704996,0.83706635,1.0161358,0.9176738,0.84573096,0.9714998,0.8420551,0.8470438,0.88249016,0.8651608,0.8299771,0.966511,0.8948307,0.8727752,0.97360027,1.157396,1.215948,1.3477558,1.4307264,1.3797888,1.5541321,1.523412,1.4926918,1.453307,1.3616717,1.1923171,1.0880787,0.96230996,0.9187242,0.98384035,0.95784634,1.0187615,1.3214992,1.3992186,1.3769006,1.4378157,1.4761503,1.4435922,1.4651225,1.4068329,1.3671856,1.2611092,1.237741,1.2230372,1.221987,1.3107342,1.3099463,1.2529697,0.86778647,1.0043204,0.9449807,1.0967435,1.2130598,1.1067209,1.1881161,1.1455805,1.2190988,1.157396,1.3086336,1.4609214,1.7195481,1.8025187,1.8177476,1.7964798,1.7618213,1.8678975,2.2428408,2.0556319,2.074799,1.9243491,1.8904781,2.1202228,2.0217607,2.187177,2.18849,2.1832383,1.9876274,1.8109208,1.9046568,2.2121208,1.6990682,0.90585846,1.3025945,1.0337278,0.98672855,1.073375,1.2605841,1.3385661,1.6276504,1.5446798,1.618198,1.5872153,1.4842896,1.7205985,1.9450917,1.9621586,1.7014313,1.4987309,1.4672229,1.4740497,1.5612214,1.6013938,1.6386782,1.6481304,1.6686106,1.7316262,1.7762623,1.9151593,1.6565325,1.7998931,1.6040195,1.5543947,1.7111462,1.5071329,1.4367654,1.771011,1.4900662,1.3944924,1.7786255,1.5352274,1.8647469,2.0188727,2.2832758,2.2013555,2.1934786,2.4941156,2.492803,2.4615576,2.392503,2.4232233,2.5479417,2018-04-17
TTE_NOV,-0.35843885,0.16706334,0.0038536983,-0.10376608,-0.06761898,-0.21631502,-0.42032707,-0.16592814,-0.3206487,-0.11061213,-0.24150845,-0.2379485,-0.18537089,-0.061594464,-0.034210294,-0.23931772,-0.27053565,-0.1703096,-0.10896908,-0.2732741,-0.6895134,-0.48878747,-0.5701185,-0.7001932,-0.72292215,-0.5178147,-0.57641685,-0.73907876,-0.7971332,-0.87627345,-0.88311946,-0.6648677,-0.54054356,-0.8135637,-0.88038105,-0.96171206,-0.78864413,-0.8108253,-0.8937993,-0.48741826,-0.39157367,-0.37842926,-0.35898653,-0.3263994,-0.88750094,-1.0183973,-1.1755824,-1.1095865,-1.3083955,-1.241852,-1.3694623,-1.1846192,-0.6404958,-0.89735925,-0.62543446,-0.70101476,-0.59257346,-0.5975026,-0.7097777,-0.6289944,-0.66651076,-0.7503063,-0.9370663,-1.0485198,-0.93651867,-0.7730351,-0.67527366,-0.56409395,-0.6651415,-0.6292683,-0.51206404,-0.37076172,-0.25602207,-0.18345402,-0.03201956,-0.13251945,-0.44141287,-0.4468897,-0.46852317,-0.7325066,-0.7793335,-0.9135159,-1.0852146,-1.6879401,-1.9656156,-2.103084,-1.5734743,-1.3771298,-1.3423519,-1.5425302,-1.4628422,-1.4784513,-1.8171934,-1.5277427,-1.6003108,-1.4951556,-1.4549009,-1.4861188,-1.0937037,-0.93076795,-0.82451737,-1.1320415,-1.2517104,-1.5441732,-1.6747957,-1.5814158,-1.5663544,-1.8823677,-1.6556268,-1.4957032,-1.2662239,-0.86641514,-0.7160761,-0.34365138,0.032880917,0.10791353,0.05369288,0.14789443,0.06820649,0.19773361,0.24866815,0.30179346,0.03835775,-0.10212303,-0.113898225,0.010973582,-0.07556039,-0.3819892,-0.45181885,-0.40362272,-0.42279166,-0.5638201,-0.27026182,-0.058856048,-0.1867401,-0.19495536,-0.2431515,-0.31188577,-0.2899784,-0.33187622,-0.57778597,-0.59175193,-0.3510451,-0.33269775,-0.18263249,-0.15278375,-0.27436945,-0.47673845,-0.41485023,-0.41621944,-0.28094167,-0.21987495,-0.20015836,-0.46605864,-0.55231875,-0.6320067,-0.8037054,-0.8628552,-0.7448295,-0.72264826,-0.9986807,-1.0945252,-0.9395309,-1.0164803,-1.3155154,-1.3201708,-1.3097647,-1.3574132,-0.9595213,-1.0148374,-1.1057527,-0.98663163,-1.1317676,-1.1714747,-1.4039663,-1.582785,-1.6276948,-1.8538882,-2.0661156,-2.0149071,-2.028873,-2.0573525,-1.5173367,-1.9190625,-1.7443515,-2.1573048,-2.0129902,-1.5847019,-1.8566266,-1.451067,-1.4464117,-1.2380183,-1.2692362,-1.408074,-1.873331,-1.274713,-1.1019189,-1.2059788,-1.3713791,-1.6901308,-1.757222,-1.8087043,-1.2703315,-1.3990372,-1.1580565,-1.1202663,-0.9666412,-0.7568785,-1.1345061,-1.0698795,-0.9135159,-0.90447915,-0.9370663,-0.72949433,-0.69225186,-0.6604862,-0.46660632,-0.6703445,-0.69143033,-0.6336497,-0.8669628,-0.49864578,-0.62543446,-0.8154806,-0.7678321,-0.56601083,-0.3825369,-0.67226136,-0.75605696,-0.90201455,-0.95130605,-1.0225049,-0.8812026,-0.68211967,-0.90940833,-1.1199925,-1.0641289,-1.1805115,-0.96089053,-1.0676888,-0.75359243,-0.59202576,-0.2839539,-0.114172064,0.07012339,-0.004635394,-0.078846484,0.20019819,0.31384248,0.26181254,0.28399372,0.20923495,0.37792143,0.52086675,0.3108302,0.14460832,0.2601695,-0.1708573,-0.2601297,-0.24753296,-0.16154666,-0.25602207,-0.014767536,-0.11526743,-0.014219852,-0.19632457,-0.029554987,-0.12101811,-0.21713653,-0.28970456,-0.2582128,-0.3732263,-0.22288722,-0.025173519,0.0063182735,-0.07336966,-0.22316106,-0.4362099,-0.5273992,-0.42717308,-0.47564307,-0.20426598,-0.26067737,-0.42005324,-0.7259344,-0.8885963,-1.1388875,-1.1005497,-0.909956,-0.7782381,-0.5301376,-0.4060873,-0.46715397,-0.111707486,-1.0780948,-1.1109557,-0.74400795,-0.44442514,-0.38856143,-0.27573866,-0.51617163,-0.5465681,-0.72730356,-0.55971247,-0.3937644,-0.27820325,-0.25985584,-0.10759987,-0.2253518,-0.30257514,-0.3943121,-0.39924124,-0.44743738,-0.45839107,-0.68677497,-0.61667156,-0.53068525,-0.46770164,-0.29545525,-0.6191361,-0.6311852,-0.676369,-0.6174931,-0.5041226,-0.5903827,-0.46551096,-0.46085563,-0.33543614,-0.3346146,-0.34091297,-0.19851531,-0.16072516,-0.15853442,-0.2951814,-0.49891964,-0.47810766,-0.48659673,-0.51671934,-0.3488544,-0.39157367,-0.29737213,-0.47153544,-0.43538836,-0.15305759,-0.031198036,0.074231006,0.029868657,-0.18318018,-0.18619242,-0.52383924,-0.69307333,-0.6667846,-0.94938916,-0.74619865,-0.7656414,-0.64706796,-0.57888144,-0.823422,-0.93843555,-0.9554137,-0.82205284,-0.7437341,-0.7182668,-0.7125161,-0.6147546,-0.58271515,-0.6059917,-0.6791074,-0.48741826,-0.64706796,-0.5011104,-0.57696456,-0.45346192,-0.56902313,-0.4907044,-0.5682016,-0.52904224,-0.5813459,-0.48166758,-0.5263038,-0.63994807,-0.3220179,-0.29928905,-0.37432167,-0.35077128,-0.6248868,-0.60188407,-0.65473557,-0.47235698,-0.42060092,-0.48166758,-0.6021579,-0.89051324,-1.145186,-0.8842149,-1.0279818,-1.0372924,-1.1098603,-0.92145735,-0.85162765,-1.024148,-0.94884145,-0.9767733,-0.7760474,-0.7779643,-0.76974905,-0.78563184,-0.7475679,-0.719636,-0.5342452,-0.605444,-0.55478334,-0.38034618,-0.23192398,-0.45948642,-0.4093734,-0.31982717,-0.5438296,-0.5421866,-0.39184752,-0.2557482,-0.17770334,-0.14758074,-0.12813799,-0.030924194,0.09038767,0.038905434,0.052871358,0.20677038,0.027951766,-0.05146232,-0.025721202,0.07477869,0.2601695,0.2574311,0.21553332,0.14926364,-0.025173519,0.02384414,0.0022106483,0.0432869,0.060265083,-0.08651406,-0.16318972,-0.22179185,-0.043247074,-0.15114069,-0.1163628,-0.0322934,-0.06734514,-0.396229,-0.2943599,-0.14183007,-0.071726605,-0.078846484,-0.2097428,-0.13525787,-0.1327933,-0.1538791,0.18705378,0.012890474,-0.021065895,-0.26533267,-0.3948598,-0.38719222,-0.38335842,-0.30914733,-0.13224562,-0.07692959,-0.2680711,-0.41430256,-0.2431515,-0.12759031,-0.20344445,-0.4008843,-0.38609684,-0.33543614,-0.31380266,-0.41868404,-0.33762687,-0.3036705,-0.30421817,-0.31243345,-0.24725913,-0.26368964,-0.3521405,-0.34392524,-0.24944986,-0.20070603,-0.032841086,-0.063785195,0.18349384,0.22320087,0.12653477,0.22895156,0.25113273,-0.047628537,0.044929948,-0.033662613,-0.10458761,0.033428602,0.015902732,0.4526802,0.5367496,0.30781794,0.43323746,0.31904545,0.3535495,0.3483465,0.32479614,0.5252482,0.8015545,0.72022355,0.5786474,0.65724,0.5868626,0.6805165,0.8251049,1.1200324,1.0113173,1.0039234,1.1578226,1.150155,1.0258309,1.0077573,0.939023,0.95928735,0.92533094,0.78320706,0.7306295,0.7429524,0.6194498,0.6528585,0.49430412,0.4767783,0.4255699,0.357931,0.4151639,0.27167085,0.041370004,0.17445707,0.17746933,0.067658804,0.06820649,0.05341904,0.032607075,0.013438157,0.2555142,0.33520213,0.15008515,0.042739216,0.10736585,-0.11691048,-0.09609852,-0.19112158,-0.17934638,-0.12567341,-0.111707486,-0.08788327,0.0005675981,-0.05940373,-0.0008016103,0.026034875,0.16651565,0.013985841,0.031237867,0.056978982,0.22484392,0.21169953,0.29850736,0.34369123,0.5487986,0.594804,0.55865693,0.64190483,0.6898271,0.58357656,0.65121543,0.56878906,0.44720337,0.36614624,0.40503174,0.47239682,0.32507,0.4658246,0.4335113,0.6290342,0.7670505,0.72022355,0.76239514,0.8105913,0.8199019,0.7155682,0.85248905,0.8516675,0.8461907,0.9633949,1.1402967,0.9828377,1.0252831,1.018711,0.9551797,0.9743486,1.058418,1.0219971,1.0496551,1.1868498,1.0181632,1.023914,1.0439044,0.7738965,0.7777302,0.8659073,0.87576556,0.87302715,1.0096742,0.8571444,0.8486553,0.90670973,0.87001497,1.0373322,1.2254615,1.1731577,1.0737531,1.1835637,1.0518458,1.0970298,1.1756223,1.1638471,1.1600133,1.3015894,1.2407967,1.2136863,1.3903142,1.506423,1.5699543,1.7109828,1.8544757,1.7840985,1.8010768,1.7997075,1.7701327,1.7602743,1.7364501,1.6055537,1.5721451,1.461513,1.4516548,1.4776696,1.4689066,1.5321641,1.8339376,1.9256747,1.9245793,1.9514158,1.9530588,1.8355807,1.8046367,1.7498683,1.7753356,1.7101612,1.6983861,1.6690849,1.6176028,1.7219365,1.7701327,1.7317947,1.2895404,1.4004463,1.3037802,1.4031848,1.4212583,1.3226752,1.3859327,1.3673115,1.4229014,1.3161031,1.4157815,1.4902663,1.7063274,1.8142211,1.7813601,1.7961476,1.7753356,1.7999814,2.1611786,2.0127563,1.9993382,1.9275916,1.8813123,2.066703,1.9634649,2.1650124,2.2126606,2.1907532,2.0645125,1.907875,2.0026243,2.25538,1.8689893,1.1827421,1.4795865,1.3081616,1.3856589,1.4543931,1.6008985,1.6868846,1.8698109,1.7939569,1.8358545,1.8254485,1.7517852,1.976883,2.1310558,2.1400926,1.8741924,1.7558929,1.6918138,1.6458086,1.7016722,1.7189242,1.7761571,1.7756095,1.710709,1.7799909,1.8525589,1.9919444,1.8101135,1.909518,1.7471299,1.6595005,1.708792,1.5737882,1.4943739,1.7903969,1.5874802,1.5628344,1.8933613,1.727961,2.011387,2.183086,2.3942177,2.3353417,2.3805256,2.543735,2.4243402,2.3033023,2.2093744,2.4580226,2.6121955,2018-04-17
SNP_OKE,2.7222505,2.546777,2.9030585,2.621178,2.6324081,2.8356767,2.5807488,2.4937139,2.441212,2.5585687,2.4370008,2.3235748,2.0652778,2.1242368,2.2067797,1.869309,1.9813313,1.907492,1.8302836,2.4516003,2.6065784,2.6180894,2.24777,2.1104798,2.096442,2.121991,2.2118332,2.1107605,1.8002427,2.0195143,1.9305141,1.8078231,1.9046844,1.9835774,1.7623403,1.6345956,1.8227032,2.172527,2.0647163,2.0807195,2.7000706,2.6565533,2.6237047,2.2601235,2.0074418,2.351931,2.1525934,2.1354673,2.0304637,1.5590718,1.1761185,1.1362509,1.3527149,1.083749,0.91978663,1.0688689,1.1727494,1.1258628,1.1107018,1.1025599,1.0834683,1.0492159,0.9447741,0.3905586,0.60814565,0.76340467,0.73420584,0.6219028,0.56041694,0.7066916,0.8566162,0.7313983,0.8563354,0.92371726,0.6036536,0.533745,0.66598177,0.6870386,0.56968194,0.5028616,0.28330916,-0.17320271,-0.47894776,-0.7327526,-0.7352795,-0.70158863,-0.41605806,-0.5275188,-0.5662634,-1.1151445,-1.0744346,-0.98459226,-1.6541991,-0.9739235,-0.6313992,-0.62690705,-0.56457883,-0.48428217,-0.29055938,-0.025804969,-0.16927211,-0.2897171,-0.2731524,-0.4576102,-0.7189956,-0.79985374,-0.97729254,-0.96915054,-0.966343,-0.7136612,-0.67828566,-0.5283611,-0.38938606,-0.38742077,0.13282308,0.29959312,0.039611556,0.32514206,0.34760267,0.5705242,0.8344363,0.8344363,0.89395696,0.91754055,0.73083675,1.0365818,1.3914595,1.2011058,1.2948788,1.316778,1.069992,0.9677962,0.96611166,1.2328314,1.1845411,1.3861251,0.9837994,0.7973763,0.6642972,0.53177965,0.7372942,0.1996434,0.29397798,0.11878521,0.122154295,0.22996522,0.3108234,0.110924,0.06572201,-0.1249124,-0.46126002,-0.41549656,-0.22008923,-0.08532558,-0.15551499,0.08340974,-0.11648967,-0.17488727,-0.23412712,-0.48596668,-0.526115,-0.5255535,-0.25630698,0.37539768,0.2552334,0.36248282,-0.0050289063,-0.0067134523,0.48068178,0.50538844,0.03652322,0.08284823,-0.082518004,-0.22935423,-0.5979891,-0.59125084,-0.88829243,-1.1715767,-1.0609584,-1.0092989,-0.87537754,-0.9584818,-0.96943134,-1.6477417,-1.2622614,-1.5831674,-1.4293122,-1.2327819,-1.3229051,-1.1943182,-1.1791571,-1.281353,-1.0059298,-1.0971761,-1.3442427,-1.067135,-1.1729805,-1.2821952,-1.3139209,-1.1418164,-1.0581508,-1.1477123,-0.70523846,-0.6847431,-0.4587332,-0.5673864,-0.5530678,-0.31638908,-0.62887233,-0.72629523,-0.74257916,-0.65807116,-0.7976077,-0.24170758,0.09014793,-0.1322121,0.2187349,0.102220505,-0.18134469,-0.032262396,-0.22598515,0.080040656,-0.22710818,-0.2057706,-0.24086529,-0.2832597,-0.36243334,-0.36832926,-0.53706455,-0.39696655,-0.5117964,-0.37647122,-0.20773591,0.08537505,0.053087916,0.22126172,0.049718827,-0.17909864,0.13478838,-0.20183998,0.01799322,0.24568765,0.23838794,0.71258754,0.7111837,0.33468783,0.4784357,0.3731516,0.2717981,0.38213584,0.23361507,0.18869385,0.56968194,0.45878267,0.68675786,0.29987386,0.26758674,-0.08223725,-0.60978085,-0.7470713,-0.7790777,-0.94107485,-0.7043962,-0.864428,-1.0236175,-1.352104,-1.038217,-1.1777534,-1.0876303,-1.2878104,-1.1906683,-1.3268356,-1.1929144,-0.9750465,-0.87537754,-0.94219786,-0.98459226,-0.8349484,-0.7285413,-0.81950676,-0.7650398,-0.6788472,-0.38040185,-0.6299954,-0.87116617,-0.98992664,-1.2412046,-1.0101413,-1.2209901,-1.2625422,-1.0640466,-0.87762356,-0.79676545,-0.49691623,-1.3372238,-1.1726998,-0.8866078,-0.7251722,-0.6013581,-0.51432323,-0.9073839,-0.8854848,-0.96297395,-0.80434585,-0.5940584,-0.29533228,-0.29449,-0.039562095,-0.18836363,-0.035912246,-0.34446487,-0.2175624,-0.35906428,-0.21503559,-0.28129438,0.0135010965,0.09435929,-0.18359074,-0.32986546,-0.3290232,-0.39359742,-0.4646291,-0.43964168,-0.35906428,-0.51881534,-0.38770154,-0.49691623,-0.49158186,-0.48035154,-0.43627262,-0.37506744,-0.45452183,-0.7223646,-0.86386645,-0.84477496,-0.7962039,-0.6940081,-0.70158863,-0.59237385,-0.63476825,-0.51235795,-0.7279798,-0.771778,-0.5190961,-0.6190458,-0.6917621,-0.6642478,-0.9907689,-0.9301253,-1.0831382,-1.1070026,-0.9624124,-0.8697624,-0.99778783,-1.0413053,-0.88857317,-0.86639327,-0.9624124,-1.2131289,-0.9750465,-0.9643777,-0.789185,-0.569071,-0.533134,-0.46097925,0.06993338,0.25888324,0.1353499,0.23782644,-0.14596923,-0.17151818,-0.38573623,-0.36496016,-0.3242503,-0.19285575,-0.30543956,-0.18218696,-0.18836363,0.019677764,0.009008975,-0.17179893,-0.3225658,-0.5098311,-0.56373656,-0.30824715,-0.2798906,-0.3579412,-0.54520655,-0.18218696,-0.4772632,-0.7807622,-1.0157564,-1.1036335,-1.2018986,-1.2325011,-1.5135394,-1.5432999,-1.5724986,-1.6716061,-1.5508803,-1.665991,-1.7120352,-1.5461074,-1.5542493,-1.3784951,-1.4382966,-1.5929939,-1.7468492,-1.7159657,-1.6202275,-1.653076,-1.7069815,-1.7592024,-1.3088673,-1.4032018,-1.5180317,-1.6466186,-1.6558836,-1.7294421,-1.7249501,-1.7485337,-2.0809507,-2.0312567,-1.9534868,-1.970613,-1.8970544,-1.8605559,-1.8667327,-1.448123,-1.2684382,-1.189826,-0.8346677,-0.89980346,-0.7535288,-0.41605806,-0.20548984,-0.28831333,-0.40230092,-0.41830412,-0.24760349,-0.061741944,0.3313187,0.2274384,0.06824883,0.10839718,0.0101320045,0.11036248,0.026415946,-0.17151818,-0.17432575,-0.21559712,-0.028331788,-0.20212075,-0.008678756,0.037365492,-0.07184922,-0.1454077,-0.3441841,-0.19032893,0.14714172,0.11738142,-0.04096588,-0.1117168,-0.20324378,-0.3290232,-0.37562898,-0.6839009,-0.75184417,-0.8363523,-0.67267054,-0.5901278,-0.7187148,-0.8590936,-0.6712668,-0.6201689,-0.54969865,-0.31302002,-0.35513365,-0.22598515,-0.22065076,-0.04630028,0.10867793,0.091832474,0.41470373,0.55030966,0.48208556,0.48461238,0.24793372,0.3029622,0.31615782,0.41077313,0.6022498,0.72466016,0.63257164,0.45372906,0.44727165,0.38382038,0.52588373,0.25551417,0.012378066,0.25551417,0.35125253,0.41526523,0.59719616,0.5183033,0.4672054,0.49078906,0.47955874,0.3633251,0.36557117,0.40628102,0.20862764,0.15416068,0.53655255,0.5592939,0.4520445,0.6030921,0.94449335,0.7948495,0.6617704,0.6811427,0.6491363,0.60842645,0.5292528,0.38269737,0.52981436,0.81253725,0.98660696,0.9821148,1.0424777,1.1269858,1.126705,1.134847,1.2114938,1.2864561,1.0660614,0.92708635,1.0048562,0.94308954,0.9439318,0.64015204,0.9206289,0.9882915,0.74206704,0.7176412,0.5781046,0.4705745,0.22856143,0.26141006,0.013781853,0.02136231,0.053930193,0.1300155,-0.21222802,-0.12800074,-0.031420123,0.089305654,0.109239444,0.175779,0.17746356,-0.0527577,0.05673777,0.14573793,-0.012328604,-0.13080831,-0.20998196,-0.44413382,-0.15748028,-0.48231685,-0.4348688,-0.51067334,-0.44273004,-0.32340804,-0.34193805,-0.28494424,-0.26585275,-0.17601028,-0.2582723,-0.5584022,-0.32986546,-0.3475532,-0.5000046,-0.5059005,-0.6476831,-0.5797398,-0.46968275,-0.6024811,-0.60753477,-0.46884048,-0.47754395,-0.38489398,-0.39556277,-0.3441841,-0.22008923,-0.08364104,-0.1482153,-0.3110547,-0.19650559,-0.14007331,0.15752976,0.08621732,-0.03928134,-0.24704197,-0.11396286,-0.068199374,-0.28606728,-0.27596,-0.13501967,-0.17937939,-0.4724903,-0.24956879,-0.39893183,-0.551664,-0.25237635,-0.28382123,-0.4256038,-0.52218443,-0.40398547,-0.62494177,-0.5954622,-0.51993835,-0.5494179,-0.6594749,-0.6401027,-0.4382379,-0.60500795,-0.48484367,-0.8166992,-0.79171175,-0.8517939,-0.8520747,-0.65020996,-0.6687399,-0.6476831,-0.44862595,-0.53734535,-0.53481853,-0.23974226,-0.44048396,-0.06763785,0.10699339,-0.24648046,-0.22682743,-0.22682743,-0.39612427,-0.6594749,-0.7291028,-0.6982195,-0.7757086,-0.92563313,-0.6847431,-0.5014084,-0.43795714,-0.37282136,-0.3753482,-0.5777745,-0.6415065,-0.9034533,-0.82484114,-0.8554437,-1.0839804,-1.1112139,-1.0135102,-1.0286713,-1.0820152,-0.899242,-0.96185094,-1.025302,-0.9048571,-0.8074342,-0.69653493,-0.44834518,-0.5409952,-0.4216732,-0.4460991,-0.6010774,-0.58198583,-0.17825635,-0.18864438,0.17409445,0.32907268,0.39252388,0.48012027,0.5893349,0.5840005,0.8967645,0.6800196,0.6078649,0.7549819,0.92034817,0.747963,0.6957421,1.5222925,1.6463873,1.7294916,1.6359994,1.0719573,1.3313774,1.1834182,1.4032514,1.052585,1.2828063,0.40459645,0.050561104,0.0003054882,-0.0019405729,-0.34727243,0.092113234,0.24681067,0.37118632,0.03455792,0.6732815,0.3897163,0.7580703,1.0494967,0.46299407,0.11008172,0.1830787,0.14096504,0.17184839,0.16089885,-0.08448331,0.40936932,0.6053381,0.39926207,0.24372233,0.6272372,0.6092687,0.6522246,0.673843,0.9846417,1.4184122,0.88160366,0.9658309,1.9100188,1.439469,1.5155543,1.9024384,1.6309458,2.5122437,2.4836063,2.4594615,2.440089,2.7682946,3.1332796,3.194204,3.0670207,2.9667904,2.5770988,2.8542066,2018-04-17
TTE_OVV,-0.56434786,-0.114191316,-0.32582337,-0.33751574,-0.17655067,-0.52927077,-0.6208611,-0.24397671,-0.669969,-0.40377256,-0.69023585,-0.66685104,-0.45366007,-0.39013147,-0.29269496,-0.5471991,-0.57253253,-0.40494183,-0.38233653,-0.5698044,-1.0269763,-0.6781537,-0.7463592,-1.0456841,-0.95877075,-0.6578869,-0.7650671,-0.9240834,-1.0000838,-0.98371446,-1.1762489,-0.8391188,-0.6968615,-1.0086583,-1.0312635,-1.226916,-0.94045275,-0.81807244,-0.8851087,-0.40104437,-0.31802842,-0.23345356,-0.09782197,0.118097275,-0.66139466,-0.8808216,-1.1341565,-1.0862176,-1.3991836,-1.2939522,-1.3305883,-1.0721868,-0.08924758,-0.36908516,-0.1582326,-0.2997104,-0.1048374,-0.04949349,0.0039017058,0.12277422,-0.045985777,0.0066299275,-0.038580604,-0.059237137,0.14927694,0.39325786,0.54993576,0.6052797,0.40767848,0.48134047,0.84965044,0.9159072,1.0901237,1.0729749,1.3407303,1.2386168,0.89135325,0.82704514,0.80482966,0.4248273,0.46068394,0.27828285,-0.037411366,-0.7315489,-1.1844337,-1.3294191,-0.5955276,-0.38389552,-0.41858292,-0.5397939,-0.47743458,-0.5526555,-1.0230788,-0.6364509,-0.8866678,-0.7970262,-0.83483154,-0.83483154,-0.29503345,-0.11575029,-0.024160001,-0.43845996,-0.65866643,-0.9618887,-1.0476328,-0.9735811,-0.86523175,-1.2308134,-0.8890062,-0.65983564,-0.57292235,-0.03897035,0.18942077,0.55500245,0.93734324,0.8360093,0.8718659,0.98489225,0.83873755,0.9646255,1.01919,1.1505343,0.8738147,0.63723886,0.7381831,0.868748,0.7966449,0.4602942,0.24086723,0.2498314,0.24203648,0.16018984,0.70193666,0.92409194,0.7927475,0.7245419,0.65126973,0.4680891,0.61151564,0.5791667,0.13368711,-0.118088774,0.17422068,0.17811814,0.43612993,0.5616281,0.48757643,0.10484591,0.08068166,0.056517407,0.30868304,0.31842667,0.40105283,0.27984184,0.18552333,0.1734412,-0.045985777,-0.24865367,-0.05456019,0.06587131,-0.20227389,-0.096263,0.24788266,0.19409773,-0.15979159,-0.22409967,-0.10249893,-0.01870356,0.45912495,0.3566218,0.23463131,0.34882686,0.1734412,-0.01948305,-0.25527933,-0.67035884,-0.82547766,-1.104146,-1.562877,-1.4159427,-1.3243525,-1.3489064,-0.39402893,-0.83755976,-0.45015234,-1.1185665,-0.9556528,-0.40494183,-0.74012333,-0.15862235,-0.093145035,-0.053780694,0.055348173,-0.19330974,-0.82586735,-0.4766551,-0.09977072,-0.29854113,-0.436901,-0.8114468,-0.84847265,-0.94123214,-0.09041681,-0.2490434,0.08302013,0.3110215,0.693752,0.9287688,0.44119662,0.20384139,0.33752424,0.3803963,0.23424158,0.5491563,0.5764385,0.6021617,0.721424,0.40378103,0.40728873,0.42989403,0.16174881,0.74753696,0.62866443,0.33245754,0.14070253,0.47120708,0.6356799,0.25684682,0.034691636,-0.11341182,-0.26736146,-0.2693102,-0.11146309,0.123163976,-0.27710512,-0.73700535,-0.5608402,-0.7225847,-0.46924987,-0.6660716,-0.21474576,-0.28490004,-0.07794494,0.33011907,0.5522742,0.4119657,0.36051926,0.68322885,0.74558824,0.6988187,0.64035684,0.68985456,0.70700336,1.0870057,1.0000924,1.0499798,1.1840525,0.95488185,0.8017117,0.8017117,0.9681332,0.7409113,1.0499798,0.58968985,0.7639063,0.47237632,0.6508799,0.4602942,0.14927694,-0.021042034,0.15122569,0.0031222142,0.2361903,0.5168073,0.50043803,0.39988357,0.08224064,-0.30360782,-0.49029619,-0.3433619,-0.26229477,0.14810771,0.065481566,-0.15784286,-0.45521903,-0.7163488,-1.1528642,-1.0741355,-0.7362259,-0.57604027,-0.2903565,-0.10327842,-0.07911418,0.44704282,-0.95838106,-1.0472431,-0.65437925,-0.2965924,-0.010129149,0.123553716,-0.26736146,-0.40299308,-0.53745544,-0.2965924,-0.093145035,0.055348173,0.13680509,0.31647795,0.14109229,0.02377875,-0.06391409,-0.17382245,-0.39013147,-0.44664463,-0.65126127,-0.62982523,-0.39013147,-0.2743769,-0.123155475,-0.48561925,-0.5413529,-0.69803077,-0.65398943,-0.44235742,-0.61774313,-0.48328075,-0.50471675,-0.5238143,-0.6076097,-0.57915825,-0.36479795,-0.28100258,-0.45210105,-0.67737424,-0.9728016,-0.9950171,-0.912391,-0.95331436,-0.78182614,-0.8644522,-0.6999795,-0.8940729,-0.8461342,-0.5538248,-0.36947492,-0.35271582,-0.4743166,-0.83522123,-0.7494772,-1.0468534,-1.2807009,-1.3391628,-1.7359241,-1.5457282,-1.2947317,-1.0480225,-0.94551945,-1.1700131,-1.4026914,-1.3044753,-1.0452943,-1.1852131,-1.3212345,-1.458425,-1.2997985,-1.314219,-1.2471827,-1.4241275,-1.1727413,-1.4603738,-1.3044753,-1.4592046,-1.2740753,-1.372681,-1.2869369,-1.5203947,-1.3644962,-1.3629373,-1.1251923,-1.0678996,-1.1548129,-0.9950171,-0.912391,-0.9038166,-0.87536514,-1.225357,-1.3301986,-1.4373788,-1.3224037,-1.3309782,-1.4369891,-1.5422205,-1.8193299,-2.1248906,-1.9191047,-2.2464914,-2.2842968,-2.5578985,-2.3844614,-2.2909224,-2.6229858,-2.4612415,-2.3447073,-1.9841924,-2.257404,-2.2874146,-2.253507,-2.1404805,-1.974059,-1.6260158,-1.8462223,-1.8138733,-1.52741,-1.3052549,-1.4420557,-1.3446193,-1.2959011,-1.7382627,-1.74216,-1.432312,-1.1945671,-1.0893357,-1.0086583,-1.0620534,-0.8196314,-0.6481433,-0.76974404,-1.1134999,-0.8153443,-1.1018075,-1.2050902,-1.2351006,-1.1298692,-0.8948524,-0.9817658,-1.1423411,-1.1552027,-1.3411115,-1.214444,-1.25147,-1.3340962,-1.3235729,-1.446343,-1.4085376,-1.4837586,-1.2421161,-1.2986292,-1.3344859,-1.0530893,-1.1127204,-1.1988542,-1.0410072,-1.1926183,-1.1349359,-1.0655612,-1.2304237,-1.1096023,-0.9782581,-1.0686791,-0.48444998,-0.4965321,-0.42325985,-0.6758152,-0.7225847,-0.74596953,-0.8044313,-0.7779287,-0.53433746,-0.5070552,-0.7564927,-0.7872825,-0.56512743,-0.32075667,-0.5300503,-0.7073847,-0.84730345,-0.67425627,-0.579548,-0.79507744,-0.60605067,-0.56512743,-0.6399586,-0.60410196,-0.531999,-0.69530255,-1.0437354,-0.8999191,-0.8500316,-0.7923492,-0.69101536,-0.6637331,-0.3558338,-0.25644857,-0.54369134,-0.45989597,-0.40455207,-0.75922084,-0.69023585,-0.7779287,-0.78494406,-0.4793833,-0.651651,0.062363595,0.14849746,-0.07404748,0.057686646,-0.12744267,-0.13328886,-0.16953523,-0.29776165,0.11965626,0.3831245,0.15707187,0.005070944,-0.015195846,-0.14770946,0.015204339,0.21592352,0.7261009,0.63840806,0.7054444,0.78105515,0.8024912,0.6734852,0.68712634,0.5417511,0.53707415,0.7732602,0.721424,0.6009925,0.695311,0.5452588,0.52109456,0.59670526,0.62866443,0.51407915,0.40300155,0.3796168,0.18435408,0.07327648,0.35857052,0.3811758,0.3254421,0.37182188,0.23852876,0.092374034,0.09822023,0.41586316,0.4552275,0.22021072,0.09354327,0.2057901,-0.060406376,-0.04988324,-0.15706336,-0.23968951,-0.15199666,-0.25683832,-0.23345356,-0.16135058,-0.18863279,-0.17499168,-0.19915591,0.0003939924,-0.3421927,-0.3979264,-0.49302438,-0.13562733,-0.23384333,-0.114970796,-0.047934506,0.17616941,0.406899,0.5433101,0.56669486,0.49264312,0.2209902,0.31530872,0.24710318,0.011306878,-0.0015547373,0.05612766,0.22839539,0.09003556,0.27204692,0.29932913,0.5207048,0.6656903,0.55071527,0.7175265,0.81964,0.87030697,0.69492126,0.7826141,0.7440292,0.841076,0.98177433,1.2039295,1.1267598,1.1267598,1.1676831,0.8816096,0.80989635,0.9813845,0.86134285,0.9346151,0.9813845,0.6259362,0.6914136,0.6746544,0.27555463,0.1633078,0.24320573,0.26970842,0.2880265,0.46847886,0.3270011,0.40105283,0.4817302,0.41157594,0.5959258,0.7946963,0.70583415,0.60177195,0.8325016,0.5939771,0.45678648,0.6399671,0.6855673,0.7494857,1.1092212,1.086616,1.0269848,0.97982556,1.2351091,1.1349444,1.1349444,1.3017557,1.086616,1.0721953,1.0994776,1.1138982,1.0125643,0.8897943,0.8254862,0.85744536,0.73155737,0.6945315,0.7147983,0.767414,0.8609531,1.2565452,1.3383919,1.506762,1.5827625,1.5948447,1.3851613,1.2803197,1.2810992,1.1692421,1.2729145,1.1474164,1.0803801,1.0889544,1.2253655,1.2545965,1.2175707,0.87420446,1.0176309,0.9174663,0.7529934,0.6957007,0.5187561,0.40572977,0.33479604,0.35350382,0.25100064,0.30400607,0.4832892,0.9934667,1.1778165,1.1988628,1.0285438,0.89641994,0.9209739,1.4927312,1.4428437,1.4085462,1.2849966,1.1875602,1.4689567,1.3559304,1.5149468,1.6240755,1.657204,1.5418392,1.421018,1.7090403,2.1934943,1.7780252,0.80405015,1.3111097,1.0293233,1.2249757,1.5168955,1.4939004,1.7109889,1.853636,1.8146615,1.9588674,1.9803034,1.9538007,2.2285717,2.4039574,2.405906,2.1623147,2.013042,1.9409391,1.962375,1.9148262,1.9783548,2.005637,2.0738425,2.019278,2.1576378,2.1790738,2.3182132,2.0785196,2.1284068,1.930416,1.7534713,1.5200135,1.3832127,1.344238,1.7877688,1.6899427,1.8142717,2.1662123,2.0356474,2.4234445,2.7048411,2.870873,2.8482678,2.889191,3.0532742,2.8732114,2.8486574,2.560635,2.6062353,2.7254977,2018-04-17
SNP_PBA,1.6378261,1.4486487,1.9415592,1.8211738,1.8185502,1.9418508,1.8716016,1.410755,1.2107925,1.3935572,1.3119397,1.0461004,1.0382302,1.3029035,1.2492692,1.1434582,1.414253,1.3320526,0.9566128,1.5839005,1.9106612,1.8940463,1.4810042,1.3343846,1.3282633,1.1478306,1.1889307,1.1539519,0.8525507,1.2172054,0.88986146,0.6412201,0.7916292,0.91114026,0.5785496,0.36780196,0.4319299,0.7406183,0.7359545,0.7805525,1.260929,1.1568668,1.1280092,0.8236931,0.72108847,1.257431,1.0927389,0.98488736,0.9152212,0.5362835,0.1876608,0.43863416,0.612654,0.41997877,0.19582254,0.48760456,0.50596845,0.48673007,0.41152552,0.58321345,0.61090505,0.74440765,0.63422436,0.1937821,0.3567253,0.7467396,0.458747,0.31824857,0.5088834,0.34885508,0.5345345,0.31241876,0.6179008,0.5243324,0.22030774,0.0833072,0.2063162,0.32466134,0.28443566,0.19145018,0.042498525,-0.23674938,-0.3935713,-0.5282399,-0.43642038,-0.4192224,-0.47752056,-0.46760985,-0.7241215,-1.1225891,-0.940699,-0.86141354,-1.5589504,-0.80777925,-0.44341615,-0.36966905,-0.12540002,0.06902417,0.26082492,0.39170417,0.2616994,0.19786298,0.12032649,0.17600118,-0.10616164,-0.17990874,-0.417182,-0.32565397,-0.49879935,-0.141432,-0.10557865,-0.050778437,-0.13356175,-0.16067037,0.41006806,0.5421133,0.23692271,0.6826117,0.64442647,0.7359545,1.0388131,1.0574685,1.4078401,1.3542058,1.3227249,1.4643893,1.9001676,1.7305201,1.8858845,1.7940651,1.5903132,1.4734255,1.5448407,1.6328709,1.6900029,1.7453861,1.4445679,1.4372808,1.2784184,1.0070406,1.1449157,0.57476026,0.63917965,0.39287016,0.45437464,0.6103221,0.75490135,0.60332626,0.6181923,0.40161487,0.104294516,0.20106937,0.17483523,0.11974352,0.13198611,0.24216953,0.17775013,0.06115392,0.027924001,-0.2699793,-0.24840902,-0.26531547,-0.014342124,0.41910428,0.2526632,0.28851652,0.25441214,0.335738,0.64209455,0.72342044,0.34972957,0.36692747,0.27131858,0.18416293,-0.052818872,-0.020463426,-0.1869045,-0.35013917,-0.38366058,-0.25336435,-0.092461586,-0.15425757,-0.24403666,-0.7908729,-0.48947164,-0.83838576,-0.772509,-0.7736749,-0.7322833,-0.7695941,-0.9552735,-1.2272341,-0.8786115,-1.061959,-1.1534871,-1.0126971,-1.0450526,-0.9972481,-1.1797212,-1.0963548,-0.9485692,-1.1415359,-0.8150666,-0.9237925,-1.0733272,-1.44935,-1.3449963,-1.121423,-1.3053536,-1.4566373,-1.5813951,-1.4496415,-1.5120203,-1.0153205,-0.43729484,-0.554474,-0.34197745,-0.43088207,-0.78766644,-0.7171258,-0.6016955,-0.46236303,-0.8258517,-0.8908541,-0.99928856,-1.0575867,-0.7150853,-0.7655132,-1.0774081,-0.80632186,-0.8966839,-0.8637455,-0.7308258,-0.69293207,-0.6664064,-0.42272034,-0.554474,-0.6669894,-0.47373116,-0.7754239,-0.6255977,-0.4026075,-0.35422006,-0.094793506,-0.07438917,-0.3810372,-0.34401786,-0.40668833,-0.61131465,-0.6457105,-0.73257476,-0.67602557,-0.3900734,-0.5159973,-0.39706916,-0.6369658,-0.7016768,-0.8410092,-0.99958,-1.1736,-0.7556025,-0.88968813,-0.71275336,-0.9637267,-1.1365806,-1.3260493,-1.1091806,-1.0304781,-0.971014,-1.0468016,-1.1365806,-1.2050809,-1.1520295,-1.0022035,-0.9960822,-1.0456356,-0.9433224,-0.8424667,-0.8652029,-1.0981039,-1.1520295,-1.2001256,-0.7092555,-0.8497539,-1.1333742,-1.3951327,-1.3607368,-1.016195,-1.1832191,-1.357822,-1.0672059,-0.8477135,-0.70400864,-0.4265097,-1.0835294,-0.82118785,-0.6556213,-0.48918015,-0.417182,-0.32652846,-0.84363264,-0.8447986,-0.9051371,-0.6008211,-0.3498477,-0.06564446,-0.21955146,0.0678582,0.11187327,0.26694623,0.050368767,0.09759024,-0.17437042,0.094383836,0.11216476,0.427266,0.49489182,0.22089073,-0.086923264,-0.038244348,-0.16620868,-0.24024728,-0.19127688,-0.2457856,-0.42476076,-0.3897819,-0.52153563,-0.4918036,-0.38511804,-0.43029907,-0.34430936,-0.31457734,-0.48947164,-0.43467146,-0.61539555,-0.695264,-0.65941066,-0.6422127,-0.5200782,-0.47489712,-0.3396455,-0.5585549,-0.4935525,-0.447497,-0.44399914,-0.3061241,-0.24024728,-0.5775018,-0.45973963,-0.523576,-0.61656153,-0.5874125,-0.600238,-0.61189765,-0.7351982,-0.5731294,-0.5879954,-0.6707788,-0.81419206,-0.5346527,-0.50404614,-0.33935404,0.009268609,-0.011427219,-0.038244348,0.42405966,0.65462863,0.61586034,0.67823935,0.42231068,0.37654668,-0.045531612,0.08184974,-0.048738007,-0.006763371,-0.10499568,-0.06214657,-0.041450746,0.2555781,0.116828606,-0.101497784,-0.294173,-0.48305884,-0.41193518,-0.11811275,0.11741159,0.16463305,-0.06564446,0.31358472,0.15880325,-0.10470419,-0.18253215,-0.06826787,-0.16125333,-0.09158712,-0.36966905,-0.45507577,-0.43029907,-0.5419399,-0.2178025,-0.26677293,-0.2734772,-0.25307286,-0.25627926,-0.03562093,-0.22246636,-0.43088207,-0.30466664,-0.40027556,-0.32332206,-0.35043067,-0.5498102,-0.678066,-0.40115005,-0.39415425,-0.46061411,-0.64862543,-0.6276382,-0.6710703,-0.6451276,-0.79903454,-0.99491626,-0.93924147,-0.8850243,-0.954399,-0.96285224,-0.76347274,-0.91242445,-0.52911437,-0.38540953,-0.29971132,-0.09012966,-0.09654245,-0.06710191,0.20806514,0.2427525,0.51296425,0.41006806,0.4526257,0.6796968,0.5724283,0.8239846,0.80591226,0.8114505,0.8633358,0.8755784,0.8405996,0.7691844,0.5907922,0.6528797,0.6199413,0.77093333,0.642969,0.73508006,0.7656866,0.6103221,0.52812177,-0.19215134,-0.10499568,0.36488706,0.26898664,0.30717194,-0.037369877,-0.18282364,-0.099165864,0.048619825,-0.23266852,-0.14755328,-0.2728942,-0.16358526,-0.15717247,-0.30437517,-0.5113334,-0.3926968,-0.41076922,-0.37899673,-0.15542354,-0.18078321,0.048328336,-0.04640608,0.15851176,0.23983762,0.38849777,0.62926894,0.7286672,0.9458276,1.042894,0.83855915,0.99246615,0.86391884,0.9318361,1.0665047,1.1393774,0.8318549,0.5907922,0.4409661,0.38558286,0.44650438,0.35322744,0.07368801,0.2532462,0.29201442,0.40919363,0.6829032,0.7656866,0.7487801,0.7085544,1.150454,0.7111778,0.6368477,0.565724,0.1757097,0.042498525,0.49634928,0.4832322,0.5080089,0.6257711,0.8274825,0.6849436,0.6240221,0.6718266,0.47769392,0.44242352,0.4873131,0.3301997,0.3890808,0.8091186,0.799208,0.7776376,0.78201,0.73216516,0.6228562,0.673867,0.73508006,0.7359545,0.5339516,0.4156064,0.37712967,0.49634928,0.41327447,0.22176519,0.40773618,0.44796184,0.26956964,0.20310982,0.08884552,0.13315207,-0.10965952,-0.36937755,-0.4101862,-0.36063284,-0.46090558,-0.40115005,-0.4999653,-0.5920763,-0.5617613,-0.356552,-0.3996926,-0.26618993,-0.37870526,-0.50404614,-0.44225016,-0.43088207,-0.65795314,-0.79582816,-0.7937878,-0.98150766,-0.67923194,-0.6736937,-0.71071297,-0.7465663,-0.69847035,-0.62064236,-0.7372386,-0.62530625,-0.56875706,-0.4719822,-0.48305884,-0.4448736,-0.2580282,-0.2822219,-0.4241778,-0.59644866,-0.62297434,-0.48976314,-0.3230306,-0.3425604,-0.43175653,-0.28076446,-0.26618993,-0.123651065,-0.10499568,0.054158147,-0.042616706,-0.011427219,0.021511208,-0.113740385,-0.09012966,-0.09683394,0.18387142,0.027341017,-0.18632153,-0.4014415,-0.3282774,-0.2510324,-0.6736937,-0.57516986,-0.71625125,-0.6538723,-1.232481,-0.98996085,-1.0331014,-1.4438117,-0.98850346,-0.9039712,-1.1616488,-0.98471403,-0.6116062,-0.8824009,-0.8348879,-0.8611221,-0.9975396,-0.99491626,-0.98471403,-0.76638764,-0.76697063,-0.6480425,-0.88939667,-0.67019576,-0.8395518,-0.5938252,-0.4428332,-0.5218271,-0.73315775,-0.64541906,-0.70196825,-0.8791945,-0.68710226,-1.3365431,-1.1531956,-1.0645825,-1.5962611,-1.5292183,-1.4962798,-1.6880807,-1.8763834,-1.8871686,-1.8688047,-1.9285604,-1.9778222,-1.9125283,-1.6831254,-1.6944935,-1.536797,-1.5056076,-1.447018,-1.6568912,-2.00085,-1.7871875,-1.8985368,-2.1620443,-2.1550486,-2.0165906,-1.9816116,-1.9851094,-1.8096323,-1.9708265,-1.9078646,-1.801762,-1.8110896,-1.8542303,-1.5846015,-1.6047144,-1.6195805,-1.6907041,-1.9329327,-1.9183581,-1.4808309,-1.3665667,-0.9879204,-0.7885409,-0.56380177,-0.35859242,0.15530536,0.22701202,0.56310064,0.4363022,0.48177475,0.42755753,0.6890245,0.688733,0.7027246,1.6010983,1.9243613,1.9138677,1.85761,1.4652637,1.5573747,1.6328709,1.9500126,1.5471727,1.7582117,0.90880835,0.67590743,0.72342044,0.69572884,0.3514785,0.74907154,0.83972514,0.76189715,0.4925599,1.0632983,0.9539894,0.9936321,1.1860157,0.74236727,0.6179008,0.76422906,0.8245676,0.8522592,0.74178433,0.60799015,1.026279,1.167652,1.0466834,1.0481408,1.430285,1.5267682,1.6494857,1.5282258,2.0674832,2.307963,1.8479909,1.9966509,2.9827633,2.482274,2.4948082,2.8346863,2.7521944,3.8514051,3.7397642,3.6234593,3.6126742,3.8254623,4.1204505,4.197113,4.133859,3.8616073,3.4214566,3.41038,2018-04-17
UGP_PBA,-0.28742167,-0.53981847,-0.5048712,-0.06803064,-0.06608912,-0.23305929,0.07175835,0.24455307,0.34162876,0.83477324,0.6988673,0.6619785,0.7415806,1.4579991,1.4327594,1.4094614,1.4482915,1.6637996,1.1298834,0.80953354,0.52607256,0.4464705,0.39599115,0.025162023,0.2600852,0.38045904,0.31444758,0.24843612,0.34162876,0.7745863,0.35327783,0.1494189,0.2911494,0.26590973,0.09699803,0.25814366,0.19407372,0.16883403,-0.05444004,-0.20393658,-0.5029297,-0.82133794,-0.8426946,-0.9708345,-0.77668315,-0.53981847,-0.6640754,-0.49516365,-0.4291522,-0.60582995,-0.825221,-0.36314073,0.025162023,0.112530135,0.11447165,0.62508976,0.25814366,0.100881055,0.12806225,0.49889138,0.6309143,0.2911494,0.22513793,0.12612073,-0.025317334,0.4600611,0.33968723,0.4600611,0.652271,0.5047159,0.66392004,-0.046673983,-0.19422902,-0.16510631,-0.6155375,-0.6563093,-0.71455467,-0.54176,-0.5689412,-0.6407772,-0.57476574,-0.3650822,-0.54176,-0.62524503,-0.5281694,-0.1922875,-0.35537466,-0.5553506,-1.2174067,-1.1649859,-1.0213139,-0.9591854,-1.271769,-1.1824596,-1.2504125,-1.4503883,-0.96501,-0.18646297,-0.4796315,-0.39808795,-0.48351455,-0.9339458,-1.3125409,-1.2174067,-1.4892187,-1.1455706,-1.120331,-1.0698518,-0.9999572,-0.1340421,-0.19617054,-0.116568476,-0.60582995,-0.7475604,-0.8310455,-0.63689417,-0.5883563,-0.44274276,-0.9669515,-0.96501,-1.0931499,-1.0601442,-0.6757244,-0.7262038,-0.54952604,-0.24276686,-0.08162123,0.087290466,0.44258747,-0.11850999,-0.011726737,-0.23111778,0.021278994,0.5105405,0.5707274,0.4736517,0.4736517,0.7551712,0.89496017,1.1240587,0.86583745,0.63673884,0.80953354,0.80565053,1.2327836,1.4444085,1.8016471,1.2735554,1.3492744,0.42511386,0.4639441,-0.31071985,-0.30683684,0.02904505,0.49889138,0.50083286,1.1046437,0.95514715,1.3861631,0.76487875,0.9376735,0.7182824,0.5474292,0.46200264,0.2911494,0.040694132,0.030986566,-0.05055701,-0.0913288,-0.021434307,0.26979277,0.11447165,-0.24470837,-0.41750312,-1.044612,-0.7863907,-0.49710518,-0.5902978,-0.7592095,-0.761151,-0.4757485,-0.5669997,-0.68349046,-0.5902978,-0.6233036,-0.6563093,-1.3571957,-1.3086579,-1.1319802,-1.524166,-1.4911602,-1.7901533,-1.1805179,-1.2271143,-1.4173827,-1.4290317,-1.1416878,-1.1824596,-1.199933,-1.0290799,-0.87570035,-1.0892668,-1.0057818,-1.4115582,-1.6503644,-1.7823873,-1.6464813,-1.3513712,-1.2795352,-1.2834182,-1.3571957,-1.679487,-1.5727037,-1.2096407,-0.80774736,-0.28353864,-0.095211826,-0.3786728,-0.31848592,-0.15539874,0.5183065,0.24067004,-0.09327032,-0.65242624,-0.8737588,0.040694132,0.5183065,0.6794521,0.4600611,0.76293725,0.7066333,0.96097165,1.0328077,0.7066333,0.3746345,0.82118267,0.3649269,0.6076161,0.52607256,0.6173237,0.9260244,1.1434739,1.1240587,1.0522227,1.1221173,1.1046437,0.72216547,0.8405978,0.1338868,-0.28742167,0.052343216,0.21154734,-0.0777382,-0.25829896,-0.08356275,0.25620216,-0.21364416,-0.1922875,0.23290399,-7.765492e-05,0.59985006,0.6212067,0.86389595,0.871662,0.71051633,0.14747739,0.09893954,0.32803816,-0.052498527,-0.08162123,-0.14180815,-0.23888384,-0.23111778,-0.6660168,-0.5572921,-0.8271625,-1.1261556,-1.2232313,-1.2290559,-1.1708103,-1.4600959,-1.8134515,-1.2737107,-1.547464,-1.7610306,-1.3222485,-1.3591372,-0.6543678,-0.4466258,-0.38643888,0.0038053729,0.20183977,0.03292808,0.42511386,0.31250605,0.44841203,0.512482,0.7163409,0.80176747,0.44064596,-0.14569119,-0.45439187,-0.40973702,0.376576,0.4503535,0.30862302,0.06010927,0.5377217,0.7143994,0.9706792,1.219193,1.306561,1.0735794,1.5123615,1.442467,1.5803145,1.9142549,1.865717,1.949202,1.8171792,1.4114028,1.1027021,1.5841975,1.6773902,1.8754246,1.8928983,1.6366184,2.1317043,1.8618339,2.2423706,2.436522,2.539422,2.1627684,2.4171069,2.0482192,1.8152376,1.7608753,1.5686655,1.3337423,1.9530851,1.7880565,1.7103959,1.294912,0.92990744,1.1065851,1.362865,1.366748,0.69498426,0.96679616,0.90855074,0.7881769,0.8541884,0.7046918,0.8464223,0.97262067,0.7474051,0.4464705,0.62508976,0.6076161,0.8833111,0.69498426,0.3785175,0.6542125,0.9493225,0.76487875,0.9590301,1.0172755,1.3803387,1.3085027,1.2619063,1.1162927,1.0231001,0.92990744,1.1609476,1.219193,0.8736035,0.9182583,1.007568,1.2929705,1.434701,1.2094854,1.0852286,0.92990744,1.0328077,0.34745333,0.7299315,1.0463982,0.86777896,0.9376735,1.026983,0.40764022,-0.6757244,-0.28548017,-0.38255584,-0.2932462,0.079524405,-0.15345724,0.30474,0.1630095,0.4736517,0.20960584,0.3785175,0.42123082,0.1766001,-0.2602405,-1.0057818,-1.0640271,-0.8388116,-0.8854079,-0.9999572,-1.4387393,-1.5610547,-1.6872531,-1.599885,-1.8445157,-1.9299424,-1.9687728,-1.9241177,-1.879463,-1.8173344,-1.5804698,-1.415441,-1.396026,-1.0116063,-0.7863907,-0.8892909,-0.58447325,-0.7922152,-0.6698999,-0.7980398,-0.6757244,-0.5572921,-0.5728242,-0.7669756,-1.124214,-1.5028093,-1.3222485,-0.897057,-0.6194205,-0.30101228,-0.91841364,-0.693198,-0.761151,-0.48545608,-0.48157305,-0.6291281,-0.90870607,-0.9611269,-0.6970811,-0.6038884,-0.48739755,-0.2175272,-0.29712924,-0.30683684,-0.32042742,-0.30101228,0.48724225,-0.36896524,-0.6407772,-0.5320524,-0.40779552,-0.5902978,-1.3610787,-1.4950432,-1.4931017,-1.4270903,-1.6406568,-1.1436292,-1.199933,-1.256237,-1.3533127,-1.3688447,-0.45633337,-0.3942049,-0.24470837,-0.13015907,-0.06414761,0.23678702,0.49889138,0.30862302,0.12612073,0.18436615,0.51442343,0.5280141,0.4581196,0.9143753,0.8075921,0.63285583,1.079404,0.75905424,0.53578013,0.14747739,0.1766001,0.027103538,-0.4640994,-0.5165203,-0.49128062,-0.0039606825,-0.06608912,-0.2757726,-0.3903219,-0.473807,-0.052498527,-0.027258849,-0.02337582,-0.046673983,0.025162023,0.66003704,0.8172996,0.6017916,1.3570404,0.9221414,0.5707274,0.8969017,1.2424911,1.3803387,1.7569922,1.5589578,1.9802662,1.6502091,-0.53787696,-0.15345724,-0.23694232,0.2600852,0.16883403,0.30279848,0.80370903,0.6988673,0.656154,0.8153581,1.1318249,0.8405978,1.1376494,1.3143271,1.3395668,0.79594296,0.42705536,0.3901666,0.53966314,0.4755932,0.49112532,0.5280141,0.44258747,0.4464705,0.44258747,0.04846019,0.52024806,0.35716087,-0.11462697,-0.00784371,0.39599115,0.2348455,0.52024806,0.21348886,0.20183977,0.2795003,0.57266885,0.7842939,0.8871941,0.8541884,0.2930909,-0.12433454,-0.330135,-0.12627603,-0.16898935,-0.22141021,-0.47769004,-0.6951396,-0.21364416,-0.20976114,-0.052498527,0.079524405,-0.67960745,-0.3456671,-0.42721066,-0.22335173,-0.23888384,-0.35537466,-0.39226344,-0.116568476,0.089231975,0.40958172,0.39987418,0.25426063,0.36686844,0.39210814,0.48724225,0.5280141,0.89496017,0.7260485,1.0988191,1.0502813,1.091053,0.73769754,0.6619785,0.6464464,0.7512881,0.79011846,0.75905424,0.7474051,0.84253925,0.8386563,1.007568,1.15124,1.0949361,0.7842939,1.0988191,0.6794521,1.0561059,0.2930909,0.35327783,-0.2194687,-0.72037923,-0.34955013,-0.1922875,0.18048313,0.8910771,0.9978604,0.73769754,0.19407372,0.44064596,0.28144184,0.5299556,0.85612994,0.93573195,1.211427,1.370631,1.2444326,1.3453914,1.08717,1.4288764,1.8404773,1.5201275,1.6288524,0.8250657,0.7571127,0.10476409,0.24455307,-0.7223208,-0.3592577,-1.0756763,-1.0310215,-1.7105511,-2.6152968,-2.366783,-2.4580343,-1.9648895,-1.6911361,-1.4600959,-1.1785765,-1.1921672,-1.1222726,-1.4367979,-1.3125409,-1.3047749,-1.4406807,-2.2677658,-2.302713,-1.8173344,-1.9648895,-1.827042,-2.1745732,-2.3803735,-2.302713,-1.7066683,-1.9202348,-2.0600238,-1.6930776,-1.7629721,-1.7454984,-1.7649136,-1.679487,-1.9047027,-1.9629482,-2.0619655,-2.027018,-1.8930535,-1.3824354,-1.267886,-1.1611028,-1.0543196,-0.9242382,-0.8679343,-0.45633337,-0.41167855,-0.39226344,-0.31071985,0.02904505,0.13582832,0.36686844,0.39987418,0.1921322,1.159006,1.6657411,1.3026781,0.8794281,1.3259763,1.5181861,1.7065129,1.6288524,1.3648065,1.7511678,1.2813214,1.1764797,1.5356597,1.3919877,1.3997538,1.4754728,1.378397,1.1240587,1.1434739,1.0988191,1.075521,0.66003704,0.27755883,0.19795674,0.49694988,0.12612073,0.13971134,0.07369986,0.12417924,0.2348455,-0.05055701,0.15136042,0.062050786,0.052343216,0.11447165,-0.038907927,-0.14763269,-0.27771413,-0.45439187,-0.6194205,-0.6679584,-0.65048474,-0.64854324,-0.7999813,-0.4466258,-0.2602405,-0.24276686,-0.54370147,-0.61165446,-0.8155134,-0.9145306,-1.547464,-1.9707142,-2.0541992,-2.2056375,-2.6618931,-3.2637622,-4.1646247,2018-04-17
SU_PTEN,0.18877849,0.12795003,0.033910643,-0.097534746,-0.21779329,-0.14612758,-0.1887774,-0.47963527,-0.59884506,-0.63974696,-0.46215585,-0.55514646,-0.5408133,-0.4911717,-0.4250994,-0.6040889,-0.5911541,-0.57157713,-0.59534913,-0.5782193,-0.61702365,-0.6659661,-0.551301,-0.62086916,-0.6775025,-0.6876406,-0.67715293,-0.6691124,-0.75056666,-0.9561248,-0.73518467,-0.68973815,-0.8393622,-0.9673116,-1.0442212,-1.0187012,-0.9826936,-0.9410925,-0.9816448,-0.9407429,-0.82398033,-0.55549604,-0.6324056,-0.66946197,-0.85719115,-0.7928668,-0.6393973,-0.58905655,-0.61667407,-0.58276397,-0.6540801,-0.8316712,-0.7942653,-0.76734686,-0.73798144,-0.6313568,-0.60199136,-0.65512884,-0.7858751,-0.9288569,-0.9036865,-0.9669621,-0.899841,-0.9085807,-0.8851583,-0.73518467,-0.27232912,-0.21919161,-0.36531973,-0.3254666,-0.22583382,-0.34644195,-0.21429737,-0.2646382,-0.21954122,-0.301345,-0.39398602,-0.18388316,-0.2733779,-0.34294605,-0.4729931,-0.58625984,-0.4701964,-0.61982036,-0.45900953,-0.31008473,-0.13633908,-0.1580136,-0.16255826,-0.25205296,-0.3443444,-0.3391006,-0.30623922,-0.30274335,-0.2821176,-0.2915565,-0.4327904,-0.5226347,-0.6103815,-0.3765066,-0.27722335,-0.27093077,-0.16220866,-0.22373627,-0.35308412,-0.3481899,-0.2422645,-0.30868635,-0.19087493,0.016431203,-0.0069912444,-0.14298129,-0.45726156,-0.5852111,-0.41181505,-0.16255826,-0.21674451,-0.09019337,-0.10662405,0.028666813,0.02307339,0.2380705,0.14298235,0.19087602,0.2006645,0.3754589,0.14368153,0.11047059,0.08075554,0.24121681,0.51249766,0.51983905,0.4244013,0.38769448,0.3821011,0.39818218,0.2884113,0.19402231,0.21569681,0.16850232,0.033910643,-0.04544601,0.11676318,0.2230382,-0.17828974,-0.11676212,-0.17479385,-0.22688258,-0.2919061,-0.36986437,-0.3223203,-0.22443546,-0.04229971,-0.09264049,-0.15871277,-0.1915741,-0.4167093,-0.4348879,-0.37405947,-0.44817227,-0.53067523,-0.6484867,-0.6659661,-0.69987625,-0.6012922,-0.34084854,-0.40482327,-0.48452953,-0.3793033,-0.42754656,-0.37545782,-0.3904901,-0.56563413,-0.5310248,-0.68414474,-0.5939508,-0.8002082,-0.8536953,-0.8376142,-1.0746354,-1.0190508,-1.1690245,-1.0812776,-1.3057135,-1.5769945,-1.602864,-1.3312336,-1.1040009,-1.2060808,-0.99492913,-1.0291889,-0.91941804,-1.0162541,-1.0253434,-1.0459691,-0.9624174,-1.0956107,-1.0693916,-1.0980579,-1.2718035,-1.3322824,-1.3564041,-1.1959428,-1.2371942,-0.95192975,-0.9561248,-1.0365303,-0.91487336,-1.0326848,-0.96416533,-0.79671234,-0.96381575,-0.9666125,-0.8547441,-0.9288569,-1.0274409,-1.0200995,-0.9903845,-0.95892155,-0.87292266,-0.98059607,-0.8855079,-0.84111005,-0.7225995,-0.5516505,-0.41531092,-0.36462057,-0.37860408,-0.28456473,-0.4999114,-0.4653021,-0.41566053,-0.4415301,-0.39014056,-0.38349834,-0.23142724,-0.37755537,-0.48627746,-0.42440024,-0.47124517,-0.42614818,-0.43943256,-0.26883322,-0.263939,-0.24471161,-0.34189728,-0.27372748,-0.11256705,-0.2915565,-0.4327904,-0.40587205,-0.3817504,-0.2695324,-0.4009778,-0.23037846,-0.332808,-0.51284623,-0.6338039,-0.7166565,-0.9054344,-0.8515978,-0.87397146,-0.7051201,-0.6907869,-0.7432252,-0.72364825,-0.5838127,-0.6131782,-0.71211183,-0.7516154,-0.763851,-0.72364825,-0.6278609,-0.6600231,-0.6495354,-0.62856007,-0.59919465,-0.6324056,-0.48592785,-0.51599246,-0.7407781,-0.8103463,-0.982344,-1.0858222,-1.1735691,-1.14735,-1.2336984,-1.3511602,-1.2700555,-1.2420884,-1.0816272,-1.1354638,-1.1358135,-0.92186517,-1.080928,-1.0512129,-0.98968536,-1.0022706,-1.000173,-0.9281577,-0.7316888,-0.7593063,-0.8383134,-0.9274586,-0.9012394,-0.8425085,-0.8019561,-0.7680461,-0.9382958,-0.9068328,-0.94214123,-0.88376,-0.8575408,-0.9662629,-1.1151878,-1.1291713,-1.1057489,-0.9173205,-0.88410956,-1.0491154,-1.029888,-1.0166037,-0.94773465,-1.04527,-1.0211483,-0.85194737,-0.72889215,-0.62960887,-0.56493497,-0.6117798,-0.61807245,-0.61702365,-0.70127463,-0.7911189,-0.7208516,-0.7631518,-0.80824876,-0.8058017,-0.7683956,-0.8407605,-0.73798144,-0.8488011,-0.8348175,-0.65792555,-0.7844767,-0.81873643,-0.75231457,-0.7100143,-0.73378634,-0.8072,-0.8383134,-0.88306075,-0.9557752,-0.9456371,-0.9550761,-0.9617182,-0.8180372,-0.7631518,-0.8778169,-0.9292065,-0.8536953,-0.94353956,-1.0284897,-1.0071648,-0.95927113,-1.0487659,-1.0998058,-1.1504961,-1.1501466,-1.2410396,-1.2728523,-1.2214627,-1.1504961,-1.0340831,-1.0277905,-0.9893357,-0.893898,-0.9257106,-0.88935333,-0.80545205,-0.7250466,-0.2545001,-0.22093958,-0.41810763,-0.3716123,-0.3233691,-0.36951482,-0.46495256,-0.28316638,-0.23632148,-0.2733779,-0.48662704,-0.57437384,-0.6289097,-0.41705886,-0.48942375,-0.51843965,-0.4499202,-0.30623922,-0.30064583,-0.3953844,-0.3950348,-0.43593666,-0.5030577,-0.55514646,-0.612479,-0.70127463,-0.757908,-0.75895673,-0.7191036,-0.76559895,-0.60653603,-0.71281105,-0.15556647,-0.37860408,-0.30449128,-0.3069384,-0.3544825,-0.32721457,-0.33315757,-0.29610115,-0.30064583,-0.338751,-0.38874218,-0.35483208,-0.36986437,-0.44502598,-0.51843965,-0.5107487,-0.500261,-0.51809,-0.65512884,-0.581016,-0.6470883,-0.5439596,-0.5352199,-0.66981155,-0.76559895,-0.7544121,-0.67994964,-0.502009,-0.76175344,-0.8407605,-0.9582223,-0.93200314,-1.0312865,-1.1033016,-0.94878346,-1.0099615,-1.0288393,-0.91032875,-0.99003494,-0.85054904,-0.8162893,-0.8921501,-1.0117095,-0.72364825,-0.57682097,-0.6054872,-0.5666829,-0.54500836,-0.48697662,-0.6642181,-0.8075496,-0.87746733,-0.9659133,-0.92850727,-0.8851583,-0.7820296,-0.6502346,-0.80510247,-0.75301373,-0.7537129,-0.79950905,-0.8117447,-0.7645502,-0.69742906,-0.5967475,-0.57682097,-0.6040889,-0.5037569,-0.47089556,-0.39992905,-0.31253183,-0.18283439,-0.09648597,-0.3478403,-0.38419753,-0.46844843,-0.43943256,-0.41740847,-0.4729931,-0.42160353,-0.43593666,-0.5191388,-0.38804302,-0.364271,-0.20695601,-0.25904474,-0.26778445,-0.23282559,-0.1947204,-0.058031205,0.022024626,-0.19821629,0.008390662,0.24960692,0.19681904,0.28911048,0.19472149,0.12934838,0.18353465,0.3317603,0.3317603,0.40832025,0.38280028,0.4992133,0.45691308,0.39958054,0.26219213,0.19157518,0.23946886,0.31952468,0.32931316,0.31428087,0.34923974,0.35098767,0.4160112,0.2943543,0.28876087,0.32371977,0.2789724,0.3628737,0.4478238,0.30589074,0.29085842,0.31218332,0.22688366,0.110820174,0.079357184,0.06817034,0.0073418957,-0.101030625,-0.05383614,-0.03705588,-0.0038449452,-0.10872158,0.0031468302,0.09089361,0.03181311,-0.04789313,0.044747896,-0.16885085,-0.16675332,-0.18737905,-0.26219106,-0.17129798,0.008740251,-0.061177503,0.04999173,0.079357184,0.1510229,0.1255029,0.30624032,0.44572625,0.5652856,0.60129327,0.6624713,0.79251826,1.0099624,1.0858233,0.9816458,1.0707909,1.1483997,1.2375448,1.3770307,1.4364609,1.4937932,1.4556882,1.4700214,1.4182823,1.4322658,1.4784116,1.3731853,1.3983556,1.3071129,1.3403239,1.3773804,1.4294691,1.3483645,1.3252915,1.4186318,1.3018692,1.3833233,1.5605649,1.3490636,1.4777124,1.5696541,1.600418,1.6032146,1.6395719,1.6640432,1.7594808,1.7182294,1.6619457,1.6619457,1.5762962,1.6164991,1.5619632,1.549378,1.5049802,1.5175655,1.5287523,1.574898,1.4819072,1.5472806,1.6042635,1.5035819,1.5018339,1.4228269,1.4364609,1.3616488,1.2794955,1.2763492,1.2599185,1.3252915,1.4588344,1.5172158,1.438908,1.4700214,1.4868015,1.4948422,1.4749155,1.4154854,1.4452004,1.4675742,1.5703534,1.7031971,1.7531883,1.748294,1.8909262,1.9206413,1.9024626,1.9937054,2.0041928,1.9674861,1.9437141,1.8786906,1.8454796,1.669287,1.7818546,1.7717164,1.7447982,1.6972541,1.6294338,1.4965901,1.4560378,1.4840049,1.3196982,1.4654766,1.346267,1.323194,1.3452182,1.3277388,1.4287698,1.3651447,1.4633791,1.3850713,1.438908,1.3626976,1.3046659,1.2627152,1.3829738,1.4249245,1.6406206,1.8280003,1.7710173,1.9503564,1.9622424,2.0702653,1.9716812,1.8360407,1.960844,1.8493252,1.7259202,1.8377887,1.9199421,1.9482588,1.9482588,1.5871335,1.6937581,1.7752124,1.7486435,1.6465636,1.7203269,1.6060113,1.3675919,1.5249068,1.3868192,1.338576,1.0896688,1.047718,1.1291723,1.381925,1.7664726,1.6567017,1.7521396,1.8066754,1.7843016,2.0017457,2.062924,1.8098216,1.7031971,1.710888,1.7801065,1.7367575,1.5371423,1.4483469,1.1326681,1.133717,1.1473509,1.2567722,1.2319514,1.1802123,1.2022363,1.2969749,1.2882352,1.3501124,1.4029003,1.3043163,1.4955412,1.5591664,1.5378417,1.6661406,1.9968516,2.1705973,2.071314,2.1926212,2.0692165,2.1922717,2.2279298,2.617022,2.6446397,2.653729,2.6338024,2.779581,2.7194517,2.7278419,2.6299567,2.6956797,2018-04-17
SU_RES,1.3151299,1.3848146,1.1858966,1.037025,0.7798255,1.0199206,0.6695972,0.29836836,0.15329772,0.18940702,0.48778373,0.33384416,0.38705784,0.5295945,0.64742476,0.45547542,0.46814537,0.5270605,0.28759894,0.3800894,0.12732437,-0.030416189,0.10831949,0.0728437,0.010761068,0.090581596,0.08488013,0.044969868,-0.15078048,-0.46309415,-0.029149197,-0.044986606,-0.39404306,-0.4890675,-0.7025557,-0.56065255,-0.43395332,-0.48780048,-0.5555846,-0.48843402,-0.2825477,0.077278174,-0.12544063,-0.1628169,-0.34399685,-0.35476628,-0.20082667,-0.1780208,-0.24517141,-0.073493935,0.022797495,-0.2990186,-0.2819142,-0.20716164,-0.11150371,-0.04181912,-0.016479272,-0.025348218,-0.2958511,-0.46436113,-0.2616423,-0.46309415,-0.48780048,-0.5296113,-0.4859,-0.2312345,0.6607282,0.66579616,0.5473324,0.65819424,0.8951218,0.82036924,1.044627,1.0116851,1.0477945,1.0465274,0.9096922,1.0889717,0.79946387,0.8267042,0.6550268,0.56380326,0.76018715,0.31800672,0.45294142,0.67466515,1.0547628,0.9945808,1.0167531,0.83113873,0.5517669,0.5156576,0.69176954,0.7430827,0.7443497,0.9286971,0.76145416,0.5631698,0.30216935,0.52832747,0.64489084,0.51945853,0.76335466,0.65122575,0.5112231,0.5834417,1.0129521,1.0629983,1.3759456,1.6673539,1.7440069,1.4513316,0.92236215,0.71330845,0.6905026,1.10861,0.9844448,1.1307824,1.1041756,1.3753121,1.2137705,1.4405621,1.2397438,1.3379358,1.3474383,1.5754969,1.3189309,1.222006,1.2973921,1.2530472,2.044284,2.122204,1.9131504,1.7604778,1.901114,1.745274,1.4424627,1.2467123,1.2125034,1.0775688,0.87548345,0.7190099,1.0420929,1.3423703,0.5403639,0.79946387,0.62081796,0.3731209,0.20904541,0.114654444,0.1387273,0.16786814,0.5403639,0.14632927,0.09248208,0.051938325,-0.2325015,-0.22046506,-0.16471739,-0.31485602,-0.39467657,-0.63097066,-0.75006795,-0.6094318,-0.5416477,-0.16028291,0.0044261054,-0.24327093,-0.055122543,-0.093132325,-0.026615212,0.07664468,-0.1311421,-0.11023672,-0.32815945,-0.13937755,-0.64997554,-0.743733,-0.6670799,-1.1092603,-1.148537,-1.5394043,-1.4570497,-1.9226695,-2.3933573,-2.406027,-1.8529848,-1.4070035,-1.7585939,-1.4108045,-1.7902688,-1.2112532,-1.4576833,-1.6103559,-1.8016717,-1.6388631,-1.844116,-1.8973296,-2.08041,-2.5149884,-2.3433108,-2.413629,-2.3509128,-2.1329904,-1.7871013,-1.7655623,-1.4950594,-1.3734282,-1.4855571,-1.1897144,-0.8799347,-1.4760545,-1.5051954,-1.2251902,-1.4817561,-1.6135232,-1.480489,-1.0034665,-0.9844616,-0.9717917,-1.1333332,-0.90210706,-0.70572317,-0.38580763,-0.1970257,0.30470335,0.24895567,0.114654444,0.19004053,-0.21856457,-0.19322473,-0.1957587,-0.17041886,-0.34336334,-0.041185625,-0.025981715,-0.22680004,-0.42635134,-0.28761566,-0.17231935,-0.16218342,-0.093132325,0.25465715,0.16153318,0.090581596,-0.17421985,-0.061457507,0.3933928,0.26479307,0.018363023,0.09818355,0.28316447,0.37628838,0.019630015,0.31420577,0.29646787,0.03229994,-0.04942108,-0.25530735,-0.8463594,-0.5935944,-0.7494344,-0.35920075,-0.34146285,-0.52327627,-0.39467657,-0.3180235,-0.2635428,-0.56191957,-0.56762105,-0.69051933,-0.71269166,-0.49096796,-0.43648732,-0.39911103,-0.37947264,-0.38137314,-0.4916015,-0.10200127,-0.32689244,-0.85712886,-0.61449975,-0.9648232,-0.9477188,-1.2055517,-1.1998503,-1.1922483,-1.2917072,-1.1010249,-1.1979499,-0.91921145,-0.93884987,-0.87866765,-0.5201088,-0.7950462,-0.7240946,-0.6803834,-0.57649,-0.59802884,-0.44345576,-0.25277337,-0.28508168,-0.4149484,-0.5112398,-0.5093394,-0.2477054,-0.09946729,-0.059557013,-0.30852103,-0.230601,-0.25784135,-0.231868,-0.12924162,-0.21096262,-0.5916939,-0.65314305,-0.8615633,-0.47323006,-0.5188418,-0.73866504,-0.62716967,-0.6240022,-0.6087983,-0.81911904,-0.77667475,-0.6265362,-0.49286848,-0.4200164,-0.37313768,-0.3363949,-0.24010345,-0.4700626,-0.41684893,-0.62590265,-0.48083204,-0.4916015,-0.42888534,-0.4852665,-0.49856994,-0.5150409,-0.489701,-0.81531805,-0.6037303,-0.31232202,-0.31232202,-0.37947264,-0.5036379,-0.66771346,-0.6860848,-0.73549753,-0.7158592,-0.6411066,-0.8324225,-0.83558995,-1.0015659,-1.0414762,-0.988896,-0.98002714,-1.1827459,-1.2974087,-1.0490782,-0.7602039,-0.88880366,-1.0180368,-0.9819276,-1.18528,-1.2828383,-1.4006685,-1.2080858,-1.2258236,-1.3892657,-1.3138795,-1.3176805,-1.1054593,-1.1574061,-1.1181293,-0.93758285,-0.8799347,-0.81405103,-0.71015775,-0.4713296,0.2438877,0.25212315,0.031032948,0.07917866,0.064608246,0.025331482,-0.14001104,0.10198452,0.24895567,0.10388502,-0.12544063,-0.21983157,-0.19639221,0.030399453,0.024064489,-0.070959955,0.19004053,0.4763808,0.41493165,0.2445212,0.13112536,-0.02344773,-0.21349661,-0.20526116,-0.27114478,-0.5878929,-0.61449975,-0.5587521,-0.41431493,-0.49096796,-0.3218245,-0.37313768,0.16850165,-0.034217168,0.2565576,0.4795483,0.43266958,0.38895833,0.20397744,0.25148967,0.33827862,0.28253096,0.17927107,0.4592764,0.34588057,0.14696276,0.033566933,0.021530505,-0.12100616,-0.27684623,-0.23693597,-0.14064455,-0.43015236,-0.4542252,-0.62336874,-0.8843692,-1.0231049,-1.1941488,-1.0370418,-0.7259951,-1.0592141,-0.9869955,-1.1263647,-1.2511635,-1.2891732,-1.2993093,-1.163741,-1.3613918,-1.3854647,-1.3341514,-1.3563238,-1.1409352,-1.0402092,-0.84255844,-0.9470853,-0.44472277,-0.402912,-0.40924698,-0.08236288,-0.07286044,0.3300432,-0.11023672,-0.105802245,-0.4390213,-0.7139587,-0.6727814,-0.402912,-0.14444552,-0.025981715,-0.27304524,-0.29331714,-0.27557924,-0.24390441,-0.36490223,-0.21476358,-0.015845776,0.23185126,0.26606005,0.15329772,0.45420843,0.5105896,0.5619028,0.59864557,0.7690561,0.87738395,0.4972862,0.1735696,-0.03168318,-0.08362988,-0.066525474,-0.17105237,-0.14317852,-0.17231935,-0.22046506,-0.019013256,-0.2001932,0.079812154,0.032933436,0.08424663,0.06840923,0.2926669,0.4941187,0.56697077,-0.0627245,0.15013024,0.5473324,0.48398277,0.6030801,0.42696813,0.5112231,0.700005,0.87548345,0.8615465,0.7715901,0.68923557,0.7709566,0.67593217,0.5866092,0.5600023,0.2267833,0.040535394,0.1406278,-0.17485332,-0.16028291,0.041168887,0.14316177,0.34968156,0.23311827,0.19194101,0.279997,0.13682683,-0.09883379,-0.22870052,-0.46182713,-0.70318925,-0.734864,-1.0034665,-1.2765033,-1.264467,-1.4912586,-1.6103559,-1.645198,-1.0775855,-0.93884987,-0.83749044,-1.2080858,-1.0592141,-1.1726099,-1.258132,-1.3981346,-1.2904402,-1.3677267,-1.2986757,-1.1776779,-1.5235668,-1.4868239,-1.3341514,-1.5679115,-1.4798555,-1.6407635,-1.313246,-1.2999426,-1.1117944,-0.8697988,-0.6075313,-0.7278956,-0.73106307,-0.6860848,-0.3218245,0.15203072,-0.062091,0.038634904,0.06650874,0.025331482,0.45230794,0.34017912,0.2096789,0.26669356,0.48461625,0.43520352,0.70633996,0.7069735,0.35348254,0.47574732,0.49918666,0.4206331,0.5162911,0.45610896,0.42253363,0.18940702,0.35665002,0.25719112,0.18623954,0.52072555,-0.017746264,0.1748366,0.29963535,0.48398277,0.30216935,0.20080996,0.0893146,0.34714755,0.13999431,0.046236858,0.034833927,-0.025348218,-0.15964943,-0.35603327,-0.20906214,-0.41431493,-0.29838508,-0.38137314,-0.3699702,-0.5384802,-0.26227582,-0.024714723,-0.0057098344,0.23248477,0.19637547,0.3420796,0.24958916,-0.095666304,-0.11467119,-0.22426604,-0.08869785,-0.03168318,-0.011411301,-0.32372496,-0.26607677,-0.17548683,-0.2477054,-0.25720784,-0.39911103,-0.51947534,-0.7088907,-0.76653886,-0.659478,-0.59042686,-0.7082572,-0.21856457,-0.23630247,-0.077294916,0.30913782,0.5346624,0.6771991,0.7570197,0.59484464,0.4624439,0.42253363,0.39212582,0.56697077,0.48968422,0.16533417,-0.027248709,-0.1317756,-0.08806435,-0.29711813,-0.7614709,-0.401645,-0.40924698,-0.30915454,-0.40354553,-0.45992666,-0.30852103,-0.5353128,-0.40354553,-0.63413817,-0.6689804,-0.83749044,-1.0902554,-1.244195,-0.8945051,-0.8045486,-0.30218607,0.28253096,0.24958916,0.39972776,0.66579616,0.6924031,0.5048881,0.28253096,0.5308615,1.2365763,0.8393742,1.3753121,1.3949504,1.3848146,1.4095209,0.8000974,0.59484464,0.9299642,2.0227454,2.3622992,2.8887346,2.8177829,2.2634737,2.4940665,2.1044662,2.0170438,1.5039119,1.3683437,1.4266254,1.3911495,2.2736099,1.7028296,1.903648,1.903648,2.068357,2.1982238,2.3464618,1.7357714,1.4716035,1.5913343,1.908716,1.6103393,0.9483355,0.89385486,0.35474953,0.4795483,0.61891747,0.9134933,0.67086416,0.51755804,0.4231671,0.57267225,0.79946387,0.89005387,0.7038059,0.7259784,1.0066172,1.2334088,1.3784796,1.9923375,2.4585907,2.7709043,2.8526251,2.71579,2.6917171,2.890635,2.9058387,3.4759855,3.9384377,4.1994386,3.828843,4.241249,4.121518,4.425596,4.1164503,4.225412,2018-04-17
TTE_RES,1.4516243,1.916637,1.6258652,1.7017026,1.7412859,1.6425124,1.3876249,1.7005929,1.3780065,1.6917143,1.4941672,1.4494046,1.5973799,1.7878983,1.8433889,1.5511377,1.5293113,1.6369635,1.6310444,1.3942839,0.882659,1.1079515,0.98254234,0.74985117,0.7620591,1.0698478,0.9277915,0.6614359,0.48201576,0.3972999,0.31776315,0.6377598,0.738753,0.45390046,0.37658334,0.3199828,0.59077764,0.6399795,0.6033556,1.1294079,1.2200428,1.2962501,1.3706077,1.4656819,0.702869,0.42874467,0.20049268,0.2933472,-0.088799134,-0.011851951,-0.114324875,0.116516665,0.8493646,0.5478648,0.8312376,0.6721641,0.8205094,0.89486694,0.7620591,0.88376886,0.80238235,0.67031443,0.44058266,0.2874282,0.43651333,0.62370217,0.7768566,0.8353069,0.6540371,0.6447887,0.82864803,0.9159535,1.1512343,1.1945171,1.441636,1.3225158,0.90337557,0.90004617,0.8415959,0.5452752,0.5796795,0.46166918,0.25154418,-0.48315346,-0.8645599,-0.9822003,-0.2493524,-0.063273385,-0.035528008,-0.26156035,-0.16352668,-0.22271682,-0.60560304,-0.221607,-0.3614437,-0.14355002,-0.054024927,-0.10951569,0.33219075,0.50199246,0.5904077,0.17311724,-0.028499177,-0.4121253,-0.5811871,-0.50793934,-0.32407993,-0.6862496,-0.32814926,0.01996275,0.25487363,0.76427877,0.9699645,1.3576599,1.7427658,1.7383264,1.6528708,1.7327775,1.6055187,1.8522675,1.861516,2.022809,1.6902344,1.4919475,1.5052652,1.5422592,1.4368267,0.9292713,0.8415959,0.7565101,0.86120266,0.7579898,1.1249686,1.3365734,1.2348404,1.2045054,1.0539405,0.8674916,0.8353069,0.7835156,0.48645505,0.4646287,0.7524407,0.8038622,0.92520195,1.0846454,0.9141038,0.5264084,0.5508243,0.5090213,0.68178254,0.6673549,0.75540024,0.35808644,0.21196078,0.18643503,-0.07770098,-0.25379163,-0.114324875,-0.19201192,-0.51792765,-0.61892086,-0.4835234,-0.5449332,-0.930039,-0.8889759,-0.6810705,-0.8571611,-0.3988075,-0.49166203,-0.5604706,-0.35996395,-0.55122215,-0.63149875,-0.8234968,-1.0695058,-1.3292025,-1.5933386,-1.8800406,-1.7668396,-1.8393476,-1.9758549,-1.2537351,-1.8215904,-1.4893858,-1.9410807,-1.6817538,-1.1423837,-1.5504256,-1.0210439,-1.1956549,-0.900444,-0.97961074,-1.1190776,-1.8156714,-1.3465897,-1.2197007,-1.356208,-1.5755814,-2.0683393,-2.0653799,-2.1793208,-1.5452466,-1.620344,-1.4346349,-1.3532485,-0.9807206,-0.81202865,-1.2415271,-1.122777,-0.9448365,-1.0547082,-1.1024303,-0.80167043,-0.7961213,-0.72435325,-0.41397497,-0.39547807,-0.61670125,-0.61670125,-0.9152415,-0.23936404,-0.317791,-0.57859755,-0.6277994,-0.1568678,0.05251733,-0.43802097,-0.59191537,-0.8231268,-0.9344783,-1.0151248,-0.84125376,-0.7672661,-0.99366844,-1.3898724,-1.2452265,-1.4612706,-1.2352382,-1.2885094,-0.9625936,-0.9056231,-0.58340675,-0.2785775,-0.055134743,-0.2130984,-0.28782597,0.16201909,0.3133239,0.2382264,0.29778647,0.33293062,0.5356568,0.80238235,0.63665,0.6832622,0.8353069,0.43466365,0.32183248,0.21344054,0.35919625,0.10689827,0.39249068,0.29445705,0.3654852,0.16238903,0.33515027,0.28372884,0.056216706,-0.0111120725,0.0073848455,-0.20163034,-0.028129239,0.24710491,0.2700411,0.17681661,-0.02368998,-0.35589463,-0.3832701,-0.37772104,-0.5549215,-0.08103043,-0.11099544,-0.30780265,-0.79501146,-1.0351015,-1.3403007,-1.28407,-0.930409,-0.7646765,-0.37624127,-0.20458983,-0.26932904,0.2082614,-1.1301757,-1.22451,-0.8127686,-0.41064554,-0.36218357,-0.18091379,-0.63001895,-0.72435325,-0.91857094,-0.6799607,-0.4546682,-0.2023702,-0.08805926,0.12724487,-0.029239055,-0.1472494,-0.191642,-0.21901743,-0.21716775,-0.30410329,-0.63889754,-0.5682393,-0.54419327,-0.29929405,-0.11247519,-0.49647126,-0.42914245,-0.5238467,-0.50165033,-0.3706922,-0.48130375,-0.3307388,-0.3984376,-0.2552714,-0.25564134,-0.20606959,0.017373182,0.017373182,0.024032071,-0.22715609,-0.45540807,-0.3999173,-0.365883,-0.41471487,-0.2619303,-0.2552714,-0.1849831,-0.4361713,-0.3403572,0.029581148,0.24710491,0.37325388,0.27226073,-0.08731938,0.01774312,-0.37957072,-0.63630795,-0.56380004,-0.96888256,-0.8035201,-0.8715887,-0.6799607,-0.62409997,-0.92818934,-1.116488,-1.1605107,-0.9071028,-0.7395207,-0.8027803,-0.89156544,-0.75838757,-0.77577466,-0.86751944,-0.99736786,-0.7350815,-0.9822003,-0.9067329,-1.0535984,-0.89452493,-0.99292856,-0.942247,-1.0968812,-0.9396574,-1.0221537,-0.86714953,-0.8793575,-0.94631636,-0.8601207,-0.8186876,-0.90155375,-0.84902257,-1.1963947,-1.0617371,-1.1675395,-0.9770212,-0.9100624,-1.0476794,-1.0669162,-1.3828436,-1.6055466,-1.3954215,-1.6099858,-1.6728752,-1.7498225,-1.4671896,-1.3743349,-1.6528986,-1.5570846,-1.5970379,-1.3273529,-1.6147949,-1.7331753,-1.8693125,-1.8045733,-1.6540085,-1.3673062,-1.4479527,-1.3410406,-1.092072,-0.77947414,-1.0343616,-0.90007406,-0.76578635,-1.0761646,-1.1209272,-0.9895991,-0.8057397,-0.6696024,-0.6351981,-0.65369505,-0.45984736,-0.36921242,-0.56416994,-0.576008,-0.42248356,-0.71658456,-0.87195873,-0.749879,-0.55159205,-0.44061053,-0.49795097,-0.6866195,-0.74322015,-0.9115421,-0.84125376,-0.732122,-0.7184343,-0.81128883,-0.9037734,-1.0117954,-1.1557014,-0.9222703,-1.0014372,-0.9866396,-0.9292992,-1.0092058,-1.2326486,-1.0754248,-1.0014372,-0.851982,-0.7913121,-0.9485359,-0.7295324,-0.7295324,-0.7694857,-0.191642,-0.41175535,-0.30410329,-0.5427135,-0.65369505,-0.76985574,-0.82090724,-0.75542814,-0.43691117,-0.35330507,-0.5867362,-0.6714521,-0.48426327,-0.31187198,-0.37920076,-0.64370674,-0.64851594,-0.50497985,-0.37254187,-0.47353506,-0.34923574,-0.20754933,-0.22419657,-0.18905242,-0.012961765,-0.04847585,-0.16796595,-0.20532972,-0.20717941,-0.18868248,-0.06364333,-0.21198861,0.048448004,0.09247067,-0.12727273,0.009234537,0.037349857,-0.30003393,-0.16907576,-0.26858917,-0.32444987,-0.15279847,-0.19830088,0.47017774,0.53861636,0.07693326,0.22601844,0.09580012,0.0406793,0.013303859,-0.004083244,0.45907962,0.8086714,0.660696,0.47757652,0.42800474,0.3614159,0.4997728,0.540466,0.94443876,0.8763701,0.74652165,0.769088,0.8079315,0.5545237,0.4842354,0.45759985,0.46684828,0.49718323,0.35031775,0.19272399,0.33441037,0.10097925,-0.055504683,-0.13134204,-0.20791927,-0.35108542,-0.48796266,-0.55344176,-0.75579804,-0.98441994,-0.90118384,-0.9071028,-0.90155375,-0.7088159,-0.71140546,-0.7594974,-0.88675624,-0.61929077,-0.66072387,-0.8508722,-0.9570445,-0.9196808,-1.0702456,-0.9614838,-1.0513788,-1.1261064,-1.1050199,-1.1357248,-1.200094,-1.110569,-1.2237701,-1.0728353,-1.092812,-0.9670329,-1.0621071,-0.94742614,-1.062477,-0.9196808,-0.94631636,-0.9148716,-0.6910588,-0.49758106,-0.46280685,-0.49314177,-0.40990567,-0.2630401,-0.48093382,-0.4742749,-0.4961013,-0.5601007,-0.5848865,-0.36366335,-0.23973398,-0.49277186,-0.26710942,-0.18239355,-0.00038386037,0.18014607,0.07027437,0.12983444,0.11984611,0.11947618,0.02662164,0.09247067,0.10504858,-0.09434821,0.019592812,0.2334172,0.15166081,0.067314856,0.033280533,-0.13356169,-0.100267224,-0.04107708,-0.062163573,0.012933921,0.14796142,-0.1964512,-0.23418492,-0.24306343,-0.63815767,-0.64148706,-0.648146,-0.6677527,-0.6906889,-0.43469152,-0.570089,-0.48093382,-0.28486645,-0.30706277,-0.0325685,0.18865466,0.086921595,-0.020360533,0.13057432,-0.01407158,0.030690962,0.14648168,0.046228375,0.07841301,0.3336705,0.24895461,0.0628756,0.111707464,0.28224906,0.2363767,0.26005277,0.32035273,0.16571848,0.20974113,0.32035273,0.25968283,0.26634172,0.25413373,0.18088594,0.27596012,0.18791479,0.12761481,0.111707464,0.17422704,0.17607675,0.63554025,0.7302444,0.6877015,0.69953954,0.7528107,0.5652519,0.3769533,0.228608,0.330711,0.34365883,0.28298894,0.1860651,0.058806274,0.23008776,0.28409877,0.30814475,-0.26858917,-0.22974564,-0.4265529,-0.43506145,-0.44209033,-0.45503816,-0.4095357,-0.40583634,-0.13541137,-0.24824257,-0.15575798,0.12576513,0.35993612,0.47054768,0.38620174,0.49126422,0.86120266,0.74578184,1.435347,1.2119042,1.1671417,1.0495012,0.91817313,1.0594896,0.98698163,1.8874117,2.1208427,2.2462518,2.1034555,1.8500478,2.0272484,2.214807,1.7753203,0.7801861,1.1697311,0.948508,1.1775,1.5215425,1.5711144,1.7523842,2.010971,1.9958036,2.0161502,2.0194798,1.8056554,1.9321742,2.1696746,2.25772,1.9288448,1.6499113,1.5896113,1.5503978,1.6462117,1.7346271,1.8996197,1.7368468,1.6469518,1.6928241,1.8237822,2.143409,1.9003595,1.8896313,1.7812394,1.632894,1.7128009,1.6913444,1.8740939,2.3035924,2.0524042,2.101976,2.3975568,2.2799163,2.6679816,2.874777,3.0597465,3.2106814,3.308345,3.369755,3.3172238,3.2376869,3.1932943,3.1733177,3.3079753,2018-04-17
UGP_SNP,-1.2106794,-1.235192,-1.6056036,-1.2651517,-1.242001,-1.4462721,-1.2311065,-0.75583583,-0.5256904,-0.31052476,-0.39359504,-0.17979126,-0.15255512,0.10210285,0.18925853,0.19606756,-0.042248722,0.17427866,0.15657514,-0.56518275,-1.0676897,-1.1194384,-0.8579713,-1.0145792,-0.8634186,-0.5828863,-0.67412734,-0.7367705,-0.44398192,-0.464409,-0.45215273,-0.379977,-0.4058513,-0.53794664,-0.3731679,-0.08446475,-0.13757525,-0.3731679,-0.55837375,-0.65642387,-1.1916142,-1.3291568,-1.3536693,-1.214765,-1.0636042,-1.3386893,-1.3305185,-1.0962876,-1.0431771,-0.87431306,-0.7939664,-0.7163434,-0.5515647,-0.32005742,-0.1294044,-0.04905776,-0.28737405,-0.4072131,-0.35274082,-0.25605246,-0.23017813,-0.60195154,-0.5924189,-0.35682622,-0.5461174,-0.52296674,-0.36772072,-0.17298223,-0.2819268,-0.21111283,-0.27239418,-0.56518275,-0.97372496,-0.8007754,-0.8838457,-0.7422177,-0.9138054,-0.9083582,-0.90972,-0.90972,-0.78988093,-0.4834743,-0.5502029,-0.59514254,-0.63599676,-0.38133878,-0.30916294,-0.45487636,-0.65914744,-0.39495683,-0.45623818,-0.4603236,-0.15800235,-0.6455294,-0.9873431,-1.1929759,-1.1085439,-0.7585594,-1.0976495,-1.0676897,-1.029559,-1.3264331,-1.4884882,-1.5211715,-1.5334277,-1.2528955,-1.0322827,-1.1493981,-0.9859812,-0.6346349,-0.6891072,-0.5978662,-0.754474,-0.7994136,-1.2678753,-1.2161267,-0.9287853,-1.2229357,-1.5661111,-1.6069652,-1.9106483,-1.8997538,-1.9841859,-1.9637588,-1.8779649,-1.7472315,-1.9923569,-1.7989801,-1.7199954,-2.005975,-1.7826384,-1.8262162,-1.707739,-1.3931615,-1.4353776,-1.5715584,-1.3659254,-1.2338302,-1.0091319,-0.6468912,-0.9505743,-0.6700419,-0.5515647,-0.38950962,-0.12668079,-0.11578633,-0.0013945046,-0.25741428,-0.19613294,-0.67140377,-0.4603236,-1.0894786,-1.015941,-0.75311214,-0.4603236,-0.5665446,-0.22200729,-0.23017813,0.1129973,-0.08582657,-0.05450499,-0.18251488,-0.464409,-0.80894625,-0.8225643,-1.0336444,-1.0173028,-1.1194384,-1.2951114,-1.3277949,-0.8688658,-0.98461944,-1.2011468,-1.2379155,-1.5143623,-1.3632019,-1.1030967,-1.1208001,-1.1698253,-1.3005587,-1.2501718,-1.299197,-1.2406392,-0.825288,-1.0840313,-0.8620568,-1.3046441,-1.1453127,-1.1303328,-1.3141768,-1.1344182,-1.0540715,-0.87703663,-0.7912427,-0.9069964,-0.938318,-0.7068107,-0.8116699,-0.719067,-0.71361977,-0.72451425,-0.7422177,-0.8811221,-1.0241117,-0.96010685,-0.719067,-0.7394941,-0.6754891,-0.52296674,-0.39359504,-0.32686645,-0.61556965,-0.48483613,-0.58016264,-0.75311214,-0.29554486,-0.2928213,-0.39495683,-0.107615486,-0.019098,0.31454483,0.08576116,0.13478622,-0.20021836,-0.20158018,0.50928324,0.49566516,0.62367505,0.7557704,0.6781473,0.70674527,0.8769712,0.8429261,0.6686147,0.42621297,0.5024742,0.2600725,0.4861325,0.33905733,0.6114188,0.76666486,0.7544086,0.75849396,0.55558467,0.5800972,0.7775593,0.5242631,0.70946896,0.4057859,0.17427866,0.49157974,0.5215395,0.15521334,0.15112792,0.18517312,0.58282083,0.30501217,0.36356983,0.7557704,0.7571322,0.7707502,0.86199135,0.94097614,1.1588653,1.1847397,0.91782546,0.772112,0.8224989,0.46161997,0.5079214,0.5964389,0.55013746,0.539243,0.17972589,0.26143432,0.1102737,-0.19885656,-0.3132484,-0.2669469,-0.0068417336,-0.107615486,-0.26422334,-0.30780116,-0.39495683,-0.36363527,0.17155504,0.06669586,0.25326347,0.50928324,0.73670506,0.7830065,0.772112,0.5174541,0.6046098,0.93825257,0.7748357,0.76666486,0.8279461,0.8497351,0.53107214,0.5269867,0.32543924,0.38399696,0.68223274,0.5378812,0.26143432,0.20832384,0.32407746,0.38399696,0.43302202,0.73942864,0.7789211,0.82386076,0.8905893,0.787092,0.6413785,0.7857302,0.96004146,1.3127495,1.1166493,0.9722977,0.8701622,1.1588653,1.2964079,1.5946438,1.5960057,1.5129353,1.8670053,1.5946438,1.9160303,1.9909297,2.038593,1.9323721,2.0222514,1.8996886,1.8356837,1.7526133,1.5960057,1.3345385,1.7253772,1.4979554,1.600091,1.2405738,1.0376645,1.1629508,1.203805,1.1806543,0.8960365,0.99953395,0.91101646,0.906931,0.9654887,0.8742476,0.99272484,1.182016,0.96004146,0.79117733,0.94369984,1.0172373,0.9886394,0.9055692,0.55286103,0.46570542,0.6931272,0.5623937,0.3717407,0.23283637,0.48477072,0.4275748,0.53651935,0.48749432,0.7789211,0.5991625,0.88378024,0.93552893,0.7925392,0.8102427,0.8402024,0.78845376,0.9886394,1.0036193,1.068986,1.0921367,1.0866895,0.37854972,0.355399,0.5051978,0.57056457,0.37582612,0.56103194,0.3090976,-0.4426201,-0.34320816,-0.3472936,-0.29690668,0.16474599,0.08439936,0.390806,0.44936374,0.39625323,0.24373083,0.35131356,0.37582612,0.19334395,-0.21247464,-0.57880086,-0.44125828,-0.39631867,-0.3336755,-0.43581104,-0.7000017,-0.6264641,-0.5924189,-0.676851,-0.8920165,-0.90427274,-0.75311214,-0.75583583,-0.6822982,-0.66731834,-0.37180611,-0.12123356,-0.13893706,0.05307779,0.28594685,0.22466554,0.28867045,0.28594685,0.10210285,-0.11578633,-0.10897729,-0.1866003,-0.17162041,-0.32005742,-0.7680921,-1.0145792,-1.1752725,-0.8212025,-0.6550621,-0.63599676,-0.9001874,-0.916529,-0.9723631,-0.8280116,-0.90291095,-1.0036848,-1.1725489,-1.1099057,-0.7680921,-0.8021372,-0.7272378,-0.6400822,-0.5896953,-0.6332731,-0.6700419,-0.5311376,0.07214309,0.13206261,-0.11850994,-0.40993673,-0.25605246,-0.42900202,-0.6877454,-0.65233845,-0.7463031,-0.8198407,-0.7708157,-0.48892155,-0.41674575,-0.5256904,-0.63599676,-0.5393084,0.26688156,0.22875094,0.3090976,0.42076573,0.29139408,0.50383604,0.5024742,0.43710747,0.16066056,0.14568068,0.24917805,0.10074104,-0.015012578,0.12116815,-0.044972338,-0.008203541,0.16066056,0.08984658,-0.11170091,-0.45759997,-0.48211253,-0.30916294,-0.464409,-0.36363527,-0.32822827,-0.017736193,-0.024545228,0.017670799,-0.1852385,-0.26422334,-0.059952218,-0.24379621,-0.35274082,-0.39359504,-0.30916294,-0.2996303,0.2015148,0.12116815,0.64274037,0.72172517,0.60869515,0.4602582,0.7435141,0.79117733,0.96685046,0.723087,1.1125638,0.8701622,-0.7068107,-0.19749475,-0.2233691,0.077590324,0.15112792,0.18925853,0.19198215,0.11435912,0.099379234,0.24645443,0.5120068,0.4112331,0.59235346,0.63865495,0.6631675,0.45889637,0.29956493,0.34041914,0.29411772,0.30773577,0.49566516,0.38399696,0.21513288,0.3295247,0.40033865,0.24781623,0.5474139,0.6195896,0.56647915,0.6372931,0.89331293,0.885142,1.004981,0.8592677,0.9368908,0.9627651,0.9900012,1.2242321,1.1929106,1.3059405,0.99136305,0.66452926,0.5583083,0.9014838,0.96821237,0.9246345,0.9014838,0.5120068,0.79117733,0.8402024,0.96957415,1.0363027,0.4125949,0.7353433,0.57056457,0.645464,0.5433284,0.45889637,0.2982031,0.36901706,0.53107214,0.8143281,0.96821237,0.8483733,0.829308,0.70946896,0.8224989,0.9545942,1.0989457,0.96957415,1.0894132,1.0417498,0.94914705,0.836117,0.8020718,0.74759954,0.9627651,1.0008957,0.99272484,0.78981555,0.9818304,1.1738452,1.4679956,1.5074881,1.3985435,1.551066,1.6749904,1.5279152,1.7049501,1.7035885,1.5497042,1.1615889,1.182016,1.0608152,1.090775,1.5878347,1.8847086,1.6273272,1.6436689,1.2187848,1.4353124,1.4652721,1.6082618,1.8356837,1.7158446,1.8724525,1.861558,1.9432665,1.8057239,1.7498897,1.7703168,1.8860705,1.726739,2.0440402,1.4421214,1.4353124,1.1656744,1.1084785,1.0363027,1.2078904,0.6727001,1.1466091,0.6046098,-0.08310295,0.23419818,0.26415795,0.5841826,0.7612176,0.9627651,1.1765689,1.1438854,1.0213228,0.8442879,0.7557704,0.72989607,0.53515756,0.19742937,0.4602582,0.6114188,0.6127806,0.8987602,0.65908206,0.42212757,0.44936374,0.8579059,0.57192636,0.6046098,0.7625794,0.64410216,0.67542374,0.723087,0.5991625,0.46842903,0.47659984,0.46979082,0.7081071,0.79117733,0.85245866,0.8442879,0.6536348,0.5623937,0.4629818,0.313183,0.11980634,0.13070081,-0.10353006,0.029927066,0.2219419,0.34995177,0.2968413,0.32543924,0.17155504,0.1674696,0.22466554,0.013585376,-0.27375597,0.26279613,0.37854972,0.42485118,0.040821522,0.098017424,0.24509265,0.5474139,0.54469025,0.73398143,0.73398143,1.006343,0.7925392,0.68495643,0.5882681,0.78845376,0.31863022,0.37446433,0.1674696,-0.23834898,-0.013650771,0.2056002,-0.17570584,-0.21928367,-0.2928213,-0.14438428,-0.0054799267,-0.50253963,-0.42900202,-0.41402215,-0.45759997,-0.719067,-0.945127,-1.0962876,-1.1044585,-1.6519051,-1.8697941,-1.6178597,-1.7513169,-2.4907782,-2.217055,-2.005975,-2.0740652,-2.075427,-3.149893,-3.0954208,-3.0967827,-3.1853,-3.7558973,-4.203932,-4.3128767,-4.3986707,-4.4640374,-4.5021677,-5.0537,2018-04-17
TTE_TRGP,-0.53735894,-0.16071065,-0.28520584,-0.26594216,-0.20671348,-0.3780741,-0.50803214,-0.23661534,-0.58364934,-0.311945,-0.5413842,-0.4962439,-0.44017795,-0.31970796,-0.31482017,-0.5244207,-0.6135512,-0.4605917,-0.31079492,-0.5298835,-0.9804239,-0.7101572,-0.77312356,-0.9071069,-0.92924577,-0.6630043,-0.72568315,-0.8806552,-0.9715109,-1.0356274,-1.1149822,-0.794975,-0.6854307,-0.9824366,-1.0824928,-1.1155573,-0.9318334,-0.9496595,-1.0031378,-0.6684671,-0.6098135,-0.55777276,-0.50601953,-0.4424781,-1.0247016,-1.1969249,-1.3955997,-1.3084818,-1.6336644,-1.6489029,-1.7851863,-1.5971496,-0.99479985,-1.2794424,-1.0402277,-1.1865741,-1.070992,-1.0985938,-1.1742109,-1.0997438,-1.1842741,-1.2368898,-1.4717919,-1.6210136,-1.491343,-1.3087692,-1.2271142,-1.1673105,-1.2578787,-1.2058378,-0.96662307,-0.7495472,-0.61268866,-0.5471346,-0.41890162,-0.50515693,-0.8291896,-0.83493996,-0.8907184,-1.1440216,-1.1719109,-1.1500595,-1.3780612,-1.8869677,-2.1552217,-2.2012246,-1.5997373,-1.4286641,-1.345284,-1.562935,-1.5022687,-1.5402211,-1.908819,-1.6172758,-1.7713853,-1.5948495,-1.52297,-1.5321707,-1.126483,-0.9226329,-0.852191,-1.2541409,-1.4620162,-1.7259575,-1.772248,-1.6043376,-1.5666727,-1.8435525,-1.5456839,-1.4082503,-1.2998562,-0.8237267,-0.6759426,-0.27370515,0.06269069,0.11588149,0.09604276,0.13025738,0.03221381,0.22628832,0.27286622,0.31714398,0.013812669,-0.1279336,-0.10406963,0.06067807,-0.031615146,-0.38152432,-0.4766927,-0.42953977,-0.49020603,-0.6144138,-0.24782854,0.26194054,0.1452083,0.107543476,0.1288198,0.016687846,0.056652818,0.018987989,-0.18831235,-0.22108938,0.011225008,0.0063372054,0.23865159,0.24066421,0.14262065,-0.04771614,0.05550275,0.042564448,0.14952107,0.23060109,0.3076559,0.055215232,-0.012638969,0.033651397,-0.17192383,-0.37606147,-0.32200813,-0.32057053,-0.5445469,-0.60837585,-0.37577397,-0.48301807,-0.7926748,-0.80791324,-0.75932276,-0.80475056,-0.34500957,-0.4154514,-0.5270083,-0.39733776,-0.58364934,-0.6730674,-0.8263144,-1.0758798,-1.2015251,-1.4338396,-1.7480965,-1.6730542,-1.6569533,-1.6520655,-1.0218265,-1.4352771,-1.2541409,-1.6796672,-1.5292953,-1.0862305,-1.4945058,-1.0580537,-1.0088882,-0.8266019,-0.74092156,-0.89905643,-1.4864553,-1.0761673,-0.88928074,-0.9864618,-1.0747298,-1.4082503,-1.5594847,-1.5594847,-0.92924577,-1.055466,-0.82315165,-0.8378151,-0.6308023,-0.43759027,-0.8490283,-0.8398277,-0.78318673,-0.72510815,-0.7642105,-0.5155076,-0.42551452,-0.34500957,-0.1083824,-0.15869802,-0.34673464,-0.29900667,-0.50343186,-0.0054510245,-0.15726043,-0.34673464,-0.3688735,-0.08710608,0.013812669,-0.27658033,-0.42436445,-0.5718611,-0.6414404,-0.6885933,-0.56007284,-0.3927375,-0.6538037,-0.9459218,-0.8608165,-1.0405152,-0.81452614,-0.97668624,-0.6308023,-0.60923845,-0.3116575,-0.023852162,0.13658278,-0.03995316,-0.10263204,0.15268376,0.21622519,0.13140745,0.1725225,0.16073427,0.32519448,0.58022267,0.5172564,0.48275423,0.5552087,0.12853228,-0.095731616,-0.11844552,-0.018101808,-0.23604031,0.010362455,-0.11240765,-0.011488898,-0.25731662,-0.07215515,-0.13885929,-0.29181874,-0.42235184,-0.36628586,-0.46749213,-0.2972816,-0.053466503,0.00029933138,-0.07158012,-0.20728853,-0.5163702,-0.6233268,-0.51291996,-0.39216244,0.0011618849,0.042851966,-0.16387334,-0.5106198,-0.68830585,-0.9752486,-0.9933622,-0.78462434,-0.5776115,-0.33322132,-0.17336142,-0.22827734,0.17798534,-0.9651855,-1.1126821,-0.76622313,-0.4203392,-0.304182,-0.14173447,-0.5298835,-0.62907714,-0.77801144,-0.5686984,-0.43615267,-0.2294274,-0.21045123,-0.019826913,-0.12735857,-0.27198002,-0.33092117,-0.35392258,-0.38238686,-0.42752716,-0.6963563,-0.56611073,-0.48100546,-0.3582354,-0.18514965,-0.5816367,-0.57416123,-0.6000378,-0.60578823,-0.45397878,-0.4893435,-0.37088615,-0.41803905,-0.28204316,-0.27600527,-0.23949052,-0.063529626,-0.01925188,0.00978742,-0.13512155,-0.35794786,-0.3360965,-0.33868414,-0.38842472,-0.27025494,-0.33782157,-0.27082995,-0.4752551,-0.46749213,-0.1598481,-0.031902663,0.033938915,0.023588276,-0.29325634,-0.2199393,-0.6167139,-0.87375486,-0.81682634,-1.1244704,-0.9901995,-1.0195264,-0.8237267,-0.69146854,-0.9252205,-1.0344772,-1.0916933,-0.8096383,-0.6871558,-0.66099167,-0.6966439,-0.6055007,-0.5028568,-0.5166577,-0.602913,-0.3728988,-0.56956095,-0.44794092,-0.5126324,-0.3976253,-0.47698024,-0.36571082,-0.4542663,-0.3861246,-0.48388064,-0.35363507,-0.40481323,-0.5192453,-0.39733776,-0.40308812,-0.51608264,-0.50544447,-0.88295543,-0.8107884,-0.8720297,-0.666742,-0.67508006,-0.71303236,-0.77312356,-1.0980188,-1.2642039,-0.9453468,-1.1500595,-1.1618476,-1.2598913,-1.0491407,-0.9473594,-1.1238953,-1.0833553,-1.0689794,-0.8970437,-0.8355149,-0.76449805,-0.78261167,-0.6963563,-0.6331024,-0.44391567,-0.4930812,-0.4263771,-0.22166443,-0.06007941,-0.33408386,-0.29469392,-0.30331945,-0.5571977,-0.571286,-0.45024106,-0.29613152,-0.27830544,-0.21131378,-0.22770229,-0.122758284,-0.0060260603,-0.0922814,-0.032765217,0.11731908,-0.059791893,-0.18658724,-0.13397148,0.017262882,0.18661086,0.10696844,0.029626148,-0.06985501,-0.21303889,-0.07733047,-0.07733047,-0.039665643,0.027613524,-0.16847363,-0.2423657,-0.38842472,-0.19607534,-0.2992942,-0.34587207,-0.23201506,-0.3671484,-0.4879059,-0.40165055,-0.26450458,-0.15927306,-0.16042313,-0.2098762,-0.14892241,-0.13627163,-0.23345265,0.1500961,-0.0405282,0.015537776,-0.23949052,-0.2619169,-0.32373324,-0.24524088,-0.27054244,-0.1101075,-0.09774424,-0.36599833,-0.5494347,-0.34730968,-0.2213769,-0.3073447,-0.48991853,-0.42752716,-0.3717487,-0.32574585,-0.45800406,-0.3749114,-0.3521975,-0.39216244,-0.39618772,-0.33523393,-0.30130684,-0.37002358,-0.3832494,-0.30935732,-0.27600527,-0.11183261,-0.14087191,0.111856245,0.11386887,0.02157565,0.107830994,0.07419141,-0.23086499,-0.12649602,-0.2472535,-0.34587207,-0.23057747,-0.29843166,0.19581144,0.28724208,0.06987864,0.1417581,0.02416331,-0.016664218,-0.061517,-0.049153734,0.31340623,0.6394514,0.53019464,0.3967864,0.45083973,0.3550963,0.45544,0.6040867,0.9399075,0.81311214,0.8536522,1.0299006,1.0370885,0.92811924,0.8898794,0.71305597,0.7846479,0.78177273,0.63801384,0.58252287,0.62651306,0.511506,0.54600817,0.38471067,0.3599841,0.38442314,0.32203177,0.39419875,0.19063611,-0.013214005,0.1564215,0.1696473,0.07505397,0.021288132,-0.04167827,-0.11614538,-0.14087191,0.092305034,0.15929668,0.027901042,-0.09141884,0.054927714,-0.21763918,-0.26306698,-0.35593522,-0.30590713,-0.20613846,-0.23805293,-0.18773732,-0.089118704,-0.14777234,-0.089406215,0.0109374905,0.07936673,-0.10464466,-0.12189573,-0.075317845,0.095467724,0.07246631,0.108981065,0.13830788,0.29701772,0.40771207,0.37033474,0.5057556,0.48505437,0.3691847,0.3680346,0.2711411,0.1337076,0.09288007,0.13428263,0.18143554,0.04601466,0.19264874,0.15067114,0.3062183,0.46809083,0.4140375,0.48879212,0.55290854,0.55894643,0.44595194,0.57907265,0.5799352,0.61702496,0.74784565,0.93961996,0.7763099,0.84818935,0.89821744,0.8401388,0.85480225,1.0068991,0.9821726,1.0339258,1.1808474,1.0244377,1.0514644,1.0514644,0.8197251,0.7961486,0.86630297,0.899655,0.88067883,0.9913732,0.8565274,0.86141515,0.85336465,0.8369761,0.996836,1.1937857,1.1037927,1.0281755,1.2205248,1.0871166,1.1348445,1.1825725,1.1946484,1.2024113,1.3660089,1.3547957,1.3317943,1.424375,1.6207497,1.6745155,1.7949854,1.8651398,1.7599082,1.8881412,1.8901538,1.8734777,1.8041861,1.7084426,1.5983232,1.5284564,1.3616961,1.3329444,1.3941857,1.3438699,1.4281127,1.7199433,1.8056237,1.8315002,1.9154555,1.9482324,1.8398383,1.8211496,1.7346067,1.6926291,1.6357006,1.5577834,1.5316192,1.498842,1.5911353,1.5908478,1.527594,1.1322569,1.2481266,1.2127619,1.3760719,1.4640524,1.320006,1.3961983,1.3398447,1.3950483,1.3156934,1.456577,1.5862476,1.8415633,2.0042984,2.0025733,1.9850347,1.9048172,1.9557079,2.3369565,2.15352,2.1581204,2.022987,1.9787093,2.222812,2.1121175,2.298429,2.3228683,2.3084924,2.138857,1.996823,2.0687025,2.3590953,1.8829658,1.0687155,1.474403,1.1549709,1.2075865,1.3188559,1.4554268,1.5321941,1.8197119,1.6681901,1.8156867,1.7926854,1.7185057,1.9927977,2.1934853,2.2032607,1.9738215,1.805336,1.7394946,1.7297188,1.779747,1.8335128,1.9194807,1.9390318,1.922931,1.9493825,1.9893476,2.1555328,1.8956167,2.000273,1.8450135,1.7751466,1.8849785,1.7127553,1.6385757,1.997973,1.7426572,1.7015423,2.106655,1.8823909,2.2230995,2.4019356,2.6218867,2.5508697,2.553745,2.8076231,2.805898,2.790947,2.7090046,2.6966412,2.8076231,2018-04-17
BRFS_ADM,1.576845,1.46757,2.0236075,1.8217149,1.7497531,1.581176,1.5791771,1.583175,1.5841745,1.7137723,1.5585215,1.5611867,1.4279242,1.5911708,1.6181564,1.5375326,1.5778446,1.6068292,1.4255921,1.2630118,1.1500719,1.1980463,1.1703944,1.1054289,1.075778,1.3343073,1.3083211,1.3283105,1.5108801,1.5691825,1.6498064,1.7327623,1.7047771,1.6584684,1.6631325,1.7980608,1.8423706,1.8300438,1.7104406,1.8100545,1.8093883,1.7820693,1.6914508,1.7717414,1.6664641,1.7171038,1.4752324,1.6984471,1.6717947,1.9636395,1.9316565,1.9759663,2.1098952,2.1532054,2.0829093,2.0782452,2.0395992,1.9466485,1.915665,2.011281,1.8343749,1.589505,1.5162107,1.4599072,1.4709014,1.6138253,1.5678498,1.7764056,1.6777914,1.6321491,1.6131591,1.5028844,1.5858403,1.73043,1.7257658,1.6201553,1.5645183,1.5975008,1.5242063,1.5898381,1.5145448,1.6051633,1.363292,1.2746723,1.2523508,1.346301,1.4392517,1.4399179,1.3303094,1.3029906,1.2853333,1.4086013,1.2800028,1.3116527,1.2833344,1.1350799,1.1464071,1.2390246,1.176058,1.1360793,1.1544029,0.92119354,0.8422355,0.83890384,0.74095595,0.926524,0.9814948,0.93285394,1.0131446,1.1820549,1.0847732,1.2053758,1.150405,1.0271372,0.73062813,0.75161695,0.8405697,0.77726996,0.6306812,0.59869826,0.69997776,0.7329602,0.64434063,0.6836531,0.73029494,0.8015904,0.7676084,0.7589464,0.7349592,0.71230453,0.7156361,0.07231135,0.029667351,0.30685335,0.06897979,0.22123219,0.17359085,0.15759934,0.15493411,0.3005234,0.26254356,0.34749842,0.3621573,0.45910576,0.4860914,0.6433412,0.70764035,0.60536134,0.66532946,0.7119714,0.49442032,0.37548354,0.45044369,0.49641928,0.65566796,0.7033093,0.76427686,0.7845994,0.85522854,0.69098246,0.6743247,0.6803215,0.5553879,0.63501227,0.63001496,0.5347322,0.5317338,0.5530558,0.6080266,0.58803725,0.6866515,0.48675773,0.2851982,0.26987302,0.23455845,0.26720774,0.23655738,0.09596544,0.17492346,0.11328957,0.04266045,0.029667351,0.04132782,-0.008312461,0.007012727,-0.09326731,-0.2228651,-0.22786245,-0.21453619,-0.31015202,-0.31814778,-0.39310792,-0.18588476,-0.15123649,-0.031966556,0.1146222,0.14527257,0.20157598,0.23255952,0.106959604,0.18591765,0.16193038,0.20190914,0.15659988,0.29152817,0.2538815,0.3964724,0.5440606,0.50474817,0.44777843,0.35082996,-0.065948494,0.029667351,0.22389744,0.18391868,0.27020615,0.18525133,0.26987302,0.3238443,0.49175507,0.63134754,0.5333996,0.44011584,0.27320457,0.29452658,0.48242667,0.51174444,0.59336776,0.68165416,0.41846073,0.37914827,0.56571573,0.5433943,0.48575824,0.4137965,0.4810941,0.29619235,0.3301743,0.30785283,0.24155474,0.27953455,0.2988576,0.24022211,0.20723963,0.25821254,0.24155474,0.14094155,0.14827098,0.011010602,-0.038296524,-0.11358984,-0.070279524,0.038329415,0.028334728,0.06264982,0.14160785,-0.02063924,-0.16722798,-0.11858719,-0.06761427,-0.03063393,-0.083605774,0.20157598,0.11895322,0.059318263,0.064981915,0.05398776,-0.0066466792,-0.10292884,-0.21453619,-0.25584757,-0.4957201,-0.5553551,-0.5450272,-0.5470261,-0.63464624,-0.661965,-0.5523566,-0.41909415,-0.31381676,-0.3354719,-0.29516,-0.12058612,-0.20021047,-0.25751334,-0.30082366,-0.44274822,-0.45740712,-0.46673548,-0.43042147,-0.34913132,-0.27117276,-0.4237583,-0.3188141,-0.38178062,-0.305821,-0.31081834,-0.15456806,-0.2015431,0.030333662,0.044659387,0.060650885,0.050656196,0.11928639,0.2159017,0.2881966,0.32684273,0.38447878,0.28553134,0.30285546,0.35116315,0.37081936,0.3141828,0.42579013,0.37881508,0.35482788,0.3055207,0.20424122,0.6096924,0.5137434,0.5297349,0.47043306,0.58803725,0.6040287,0.7086398,0.78959674,0.6983119,0.7769368,0.76960737,0.856228,0.8785495,0.7402896,0.70464194,0.73862386,0.6669953,0.64267486,0.74695283,0.8152498,0.7212997,0.7706069,0.7249645,0.7036424,0.6636637,0.73595864,0.87355214,0.8638906,0.98982364,0.8059214,0.7249645,0.59769875,0.5860383,0.6126908,0.5993646,0.6973125,0.73262703,0.8488986,0.85955954,0.8548954,0.8488986,0.9555086,0.992489,0.8835468,0.9348529,1.0457939,0.92385876,1.0637844,1.1094267,1.1747254,1.2003784,1.1880517,1.1344135,1.035133,0.9874916,0.9558417,0.9425155,0.85722744,0.94051653,0.8965399,0.90220356,0.85722744,0.74728596,0.702643,0.77960205,0.7146366,0.2958592,0.18391868,0.20690647,0.1732577,0.37981457,0.4654357,0.43478534,0.018673196,0.1252832,0.05398776,0.14393994,0.22822848,0.3415016,0.3538284,0.36448938,0.3751504,0.36582202,0.2858645,0.3924745,0.32950798,0.22023273,-0.24551971,-0.2288619,-0.17089272,-0.08094052,-0.02063924,-0.20654044,-0.1915484,-0.22086616,-0.13657762,-0.10692672,-0.135245,-0.43775088,-0.46773496,-0.46207127,-0.43575194,-0.3354719,-0.27017328,-0.24551971,-0.17455743,-0.103262,-0.122251906,-0.0369639,-0.023970805,-0.0079793045,-0.19721207,-0.2198667,-0.15723331,-0.052289087,0.067314014,-0.14490654,-0.14857125,-0.32147935,-0.2198667,-0.12791556,-0.006313523,-0.029301306,0.039328884,-0.15123649,-0.15190281,-0.22219878,-0.22519718,-0.23086084,-0.15456806,-0.14790493,-0.27650324,-0.32047987,-0.24318764,-0.35279605,-0.27550378,-0.30981886,-0.20820622,-0.15490122,-0.22353141,-0.3927748,-0.53603196,-0.5820075,-0.5973327,-0.6832871,-0.66562974,-0.8395373,-0.8135511,-0.9035033,-0.7389241,-0.6679619,-0.7079406,-0.7119385,-0.7285963,-0.81288487,-0.8202142,-0.9681356,-0.88418025,-0.73859096,-1.058421,-1.0750788,-1.1730267,-1.2666436,-1.2699752,-1.2579815,-1.113725,-1.0024507,-0.9927892,-1.0387647,-1.0134449,-0.945481,-0.9114991,-0.92315954,-1.0154438,-1.0111128,-1.0424294,-0.88751185,-0.8098864,-0.7878981,-0.7282632,-0.7216,-0.72626424,-0.73859096,-0.7659098,-0.7299289,-0.8781834,-0.9141643,-0.98012924,-0.92849004,-0.90683484,-0.36245757,-0.31148466,-0.49905163,-0.41842782,-0.43208724,-0.2798348,-0.09459994,-0.12058612,0.03166629,-0.06961321,-0.2122041,-0.34280136,-0.7852329,-0.663964,-0.4140968,-0.43775088,-0.305821,-0.21820089,-0.11458931,-0.19521314,-0.32381144,-0.40276948,-0.48972327,-0.45174342,-0.40909946,-0.41976044,-0.5037158,-0.5810081,-0.66996074,-0.6779566,-0.6736255,-0.6679619,-0.7465867,-0.6842865,-0.6856192,-0.63764465,-0.7272637,-0.7435884,-0.7019438,-0.791896,-0.8228795,-0.8232126,-0.8315416,-0.82454526,-0.83720523,-0.91583014,-0.9664699,-0.90317017,-0.86285824,-0.76391083,-0.7682419,-0.72892946,-0.768575,-0.7888976,-0.8235458,-0.80422276,-0.8685219,-0.9114991,-0.90983325,-0.8268774,-0.88218135,-0.85886043,-0.8935086,-0.8541962,-0.7345931,-0.6446409,-0.7292626,-0.6642971,-0.6882844,-0.71793526,-0.73925734,-0.472066,-0.4224257,-0.4290888,-0.49305484,-0.61932105,-0.47139964,-0.5103789,-0.44308138,-0.40010422,-0.26950696,-0.3781159,-0.38677797,-0.3348056,-0.43042147,-0.30148995,-0.26084492,-0.10692672,-0.06295008,-0.09826465,-0.16756116,-0.14990386,-0.21653512,-0.14623916,-0.10559409,-0.04929068,-0.072611615,-0.08060737,0.034331538,0.02367054,0.0429936,-0.15190281,-0.15090334,-0.15057018,-0.13058081,-0.07194531,-0.090935215,0.058651946,0.1709256,0.07897448,-0.053954866,-0.09326731,-0.011310867,-0.0263029,-0.04129493,-0.068613745,-0.21187092,-0.27250537,-0.16789432,-0.27783588,-0.33913663,-0.42509094,-0.42442465,-0.3644565,-0.44108245,-0.30248943,-0.44174874,-0.25651386,-0.2668417,-0.26750803,-0.36045864,-0.2708396,-0.36145812,-0.24551971,-0.25684705,-0.472066,-0.42742303,-0.43108776,-0.38411272,-0.36878753,-0.32081303,-0.26650858,-0.34146872,-0.3864448,-0.42509094,-0.5197073,-0.47806278,-0.6353125,-0.7632445,-0.8255447,-0.8485325,-0.8961739,-0.98579293,-1.1730267,-1.1023976,-1.1263849,-1.0630852,-0.9767977,-1.0490925,-1.1270511,-1.0867393,-1.1163902,-1.0890714,-1.0670831,-1.0983998,-1.0171096,-1.0187755,-1.0214406,-0.95614195,-0.90050495,-0.8751851,-0.88917756,-0.6842865,-0.63731146,-0.6369783,-0.67928916,-0.67395866,-0.6429751,-0.6719597,-0.73859096,-0.817549,-0.8485325,-1.0770777,-1.2230002,-1.0844072,-1.0387647,-1.0570884,-1.0760783,-1.0724136,-1.2266649,-1.1047297,-1.2130055,-1.3772514,-1.4308896,-1.5761456,-1.713073,-1.7503865,-1.7433901,-1.7387259,-1.6397785,-1.8160183,-1.9266261,-1.8926443,-1.8266791,-1.7047441,-2.0225751,-1.9502802,-1.9312903,-1.7850347,-1.7467217,-1.7630463,-2.4140337,-2.4696708,-2.3927119,-2.453346,-2.286768,-2.342072,-2.3254142,-2.3310778,-2.4336898,-2.459343,-2.4410193,-2.4969895,-2.4526799,-2.4286926,-2.4833302,-2.619591,-2.6422458,-2.7168727,-2.6892207,-2.604599,-2.6629014,-2.7282002,-2.8804524,-2.8591304,-2.9734032,-2.9437523,-2.832811,-2.9194317,-3.0247092,-3.0963376,-3.1176596,2018-04-17
CVGW_AKO-B,0.47140265,0.5904737,0.4606568,-0.2858338,-0.38081333,-0.5785718,-0.69764286,-0.29016683,-0.5725056,-0.7839563,-0.67424464,-0.8118609,-1.1052922,-0.7094286,-0.76593107,-0.63022125,-0.7342134,-0.7532787,-0.965076,-1.0798141,-0.8486048,-0.7454793,-0.5069905,-0.4633138,-0.65500605,-0.021347005,0.37988952,0.40068796,0.36550394,0.30969477,0.30692166,0.47018942,0.33083987,-0.09067513,0.0048243613,0.20500931,-0.024813414,0.03134237,0.014703619,0.0010113147,-0.12655243,-0.0937949,-0.09708798,-0.100554384,-0.21823888,-0.53333515,-0.2797676,-0.35758838,-0.1535904,-0.24804997,-0.30663225,-0.43592918,-0.44528848,-0.434196,-0.27370137,-0.17542876,-0.0005485682,-0.030532982,0.24833938,0.22650103,0.7783529,0.36411738,0.7592877,0.666388,0.97455156,0.9092097,1.2971007,1.1405923,0.8991572,1.0967424,1.0742106,0.88269174,0.8745457,0.7771397,0.883905,0.85894686,0.91874236,0.9324347,0.2109022,0.55061007,0.40970063,0.3133345,0.45701706,0.6708943,0.5596227,1.1071415,0.74386215,0.58839387,0.14400056,0.27035105,0.808164,-0.8976545,-0.6359408,-0.5192962,-0.5322953,-0.48515216,-1.369779,-1.7779484,-2.3008556,-2.383876,-2.2940962,-2.0469415,-2.0864584,-2.0582073,-2.500174,-2.7736738,-2.247993,-1.9686006,-1.9353232,-2.0079443,-1.9826397,-1.8531694,-1.8181586,-2.301029,-2.381623,-2.0933914,-2.133255,-2.351292,-2.3304935,-2.455804,-2.418367,-2.7511418,-2.195477,-2.2748578,-1.8994458,-2.123376,-2.3557982,-1.7656426,-1.7599231,-1.4365073,-1.6985676,-1.4774109,-1.4443067,-1.3650993,-1.1997517,-0.91862625,-0.96940905,-0.73837316,-0.6385406,-0.882229,-0.8780693,-0.7598648,-0.65656596,-0.27664784,-0.018227238,-0.10558068,-0.3113119,0.0027445178,-0.09015516,0.37659645,0.5258252,0.77852625,0.68372,0.54523706,0.3816227,0.71301115,0.94924676,1.1589643,1.2142535,1.0029761,0.53553116,0.30709496,0.34123906,0.36429068,0.17173181,-0.16780266,-0.20489323,-0.21373257,0.093737684,-0.0400656,0.06635307,0.014356978,0.10656339,0.05162085,-0.1340052,-0.052371338,0.2152352,0.24539295,0.5119596,0.7598076,0.9527132,0.90227693,1.0487326,1.1442322,1.5454686,1.6005844,1.4920859,1.4478893,1.2438912,1.2705826,1.0151085,0.62600434,0.6539089,0.8861581,0.6459362,0.5991397,0.2568321,0.16063932,0.68424,0.47573563,-0.004881576,0.13186814,0.43899176,0.37434328,0.32824007,0.3048418,0.40987393,-0.04613181,0.28646985,0.84196144,0.64212316,0.6407366,0.6109255,0.44211152,-0.24545017,-0.40421155,-0.5659194,-0.39485228,0.4949742,0.5053734,0.37676975,0.47469574,0.44159156,0.53310466,0.58822054,0.68129355,0.15249327,0.36429068,0.4571904,0.46897617,0.3864757,0.65737534,0.7395292,0.64576286,0.64142984,0.6400433,0.5147327,0.64558953,0.74576867,0.6688145,0.8066041,0.7622341,0.68649316,0.53882426,0.55043674,0.31974736,0.39722157,0.14833358,0.19513007,0.09165783,0.2493793,0.34505212,0.13412131,0.14694701,0.32737345,0.120602325,0.038795143,0.073805846,0.11661596,0.007944128,-0.032612827,0.35666463,0.19149032,0.13273475,-0.027239898,-0.04751837,0.2528457,-0.12152614,-0.12100618,-0.035905913,0.03602202,0.34106576,0.5927269,0.22580774,0.4123004,0.35025173,0.5797278,0.386649,0.44401804,0.26757795,1.1925884,1.1639906,1.2331454,1.5950382,1.4151317,1.5868921,1.8333536,1.3014336,1.6199963,1.3321112,1.4880997,1.6707792,1.4147851,1.2657297,1.332458,1.4898328,1.3442438,1.2525573,1.3534297,1.3047267,1.34979,1.3553363,1.0795836,0.37018356,0.39115533,0.56603557,0.6863198,0.59064704,0.7533948,0.70330524,0.58163434,0.5469703,0.47226924,0.17121185,0.498094,0.70365185,0.4069275,0.56534225,0.29929554,0.1724251,-0.043012045,0.30206868,0.25839198,0.23100735,0.26844454,-0.28011423,-0.41357085,-0.739413,-0.5796117,-0.643047,-0.88725525,-1.028858,-0.79244906,-0.7028424,-0.37613368,-0.25220966,-0.491565,-0.4361025,-0.12273938,-0.07611623,-0.3199779,-0.017880598,-0.16866927,-0.27734113,-0.24804997,1.225346,1.5861989,1.4005729,1.3581094,1.238345,1.3868805,1.5477219,1.6534472,1.425531,1.1996946,0.9530598,0.88338506,0.65373564,0.72653013,0.7998446,0.67002773,0.75131494,0.4873481,0.33170646,0.2656714,0.12458869,0.07016612,0.091831155,-0.007828021,-0.04734505,0.012450455,0.13932092,-0.014067552,0.12129561,-0.04734505,-0.23314443,-0.47648615,-0.45204797,-0.62606156,-1.0054598,-0.8343926,-1.2066846,-1.2952513,-1.1860595,-1.1973253,-1.2635336,-1.1539952,-0.91481316,-0.8548444,-0.95259696,-0.9236525,-0.34250954,0.28231016,0.45563048,0.63605696,0.6986256,0.5351845,0.7091981,0.11765589,-0.25012982,-0.9089203,-0.8529378,-0.99922013,-1.080854,-1.1217576,-1.0170722,-1.2080711,-0.8413254,-0.873043,-0.7468658,-0.55812,-0.61150265,-0.6373274,-0.80631465,-0.8375123,-0.5265757,-0.6141024,-0.6364608,0.6816402,0.72393036,0.5090132,0.6951592,0.3415857,0.0904446,-0.06866345,-0.038505718,-0.0040149745,0.11869581,-0.08599548,-0.4421687,-0.35793504,-0.3147783,-0.32899058,-0.7650644,-0.6042232,-0.6614189,-0.6556993,-0.8532845,-0.77182394,-1.0298978,-0.9248658,-0.8867353,-1.0354441,-1.0881335,-0.82832634,-0.72780055,-0.828153,-0.916893,-0.66107225,-0.7827431,-0.86004394,-0.6579525,-1.0583224,-1.1562483,-1.3683925,-0.8765094,-0.9291988,-0.99662036,-0.6440869,-0.8515513,-0.8323127,-0.8279797,-0.966636,-0.7763303,-1.0985327,-1.4425735,-1.8179854,-2.1760652,-2.5944602,-1.627853,-1.7476174,-1.1702873,-1.0728813,-1.1085852,-0.8896817,-0.895748,-0.9869144,-1.361633,-1.1512221,-1.0174187,-1.1175979,-1.094893,-1.1623145,-1.1312902,-1.184153,-1.0465367,-0.7872494,-0.6135825,-0.495898,-0.65413946,-0.69746953,-0.5931307,-0.90146756,-0.95259696,-0.8969612,-0.5388814,-0.5603732,-0.59694374,-0.8565776,-1.0316311,-0.8650703,-0.7286672,-1.0215786,-0.5699058,-0.16260307,-0.23435767,-0.6099428,-0.7044023,-0.41478407,-0.367121,-0.27248815,-0.16936255,0.08004538,0.2507659,0.5015604,0.30276197,0.15006678,0.08888472,-0.362788,-0.39450562,-0.22985134,-0.09604806,0.17606482,0.27624395,0.34747866,0.12684186,-0.118753016,0.17693143,0.025102835,0.2911495,0.4642965,-0.037292477,0.78320587,0.9965632,1.2601833,1.4064656,1.1716168,1.251864,1.0080023,0.8279225,0.630684,0.23655361,0.17103854,0.3916753,0.35302487,0.30848154,0.087671466,0.14348061,0.1965166,0.055953857,-0.032959465,0.17363833,-0.28115416,-0.5187763,-0.45707425,-0.5598532,-0.24198377,-0.2652087,-0.11892634,0.36394402,0.11124304,0.19565001,0.68424,0.44904435,0.56932867,0.36689052,0.4616967,0.44436467,0.5493968,-0.020133762,0.00950401,0.24920598,0.29808232,0.22043481,0.07987206,0.10136377,-0.1561902,-0.22499837,-0.2362642,0.005690963,0.0828185,0.025449477,-0.06433044,-0.69608295,-0.1698825,-0.41929042,-0.5614131,-0.6243284,-0.84375185,-0.8239934,-1.3018374,-1.3933505,-1.4158821,-1.5632045,-1.6009884,-1.9101917,-1.3760185,-1.5119016,-1.4952629,-1.5739504,-1.3673525,-0.9058005,-0.89990765,-0.3782135,-0.367121,-0.39970523,-0.6579525,-0.890375,-0.97183555,-0.94185114,-0.6220752,-0.35429528,-0.4276098,-0.2884336,-0.05081146,-0.580305,-0.6291813,-0.7725172,-0.8109943,-0.9224393,-1.1177713,-1.2791325,-1.2319893,-1.3165697,-1.4557459,-1.4727312,-1.6304526,-1.5715239,-1.4155356,-1.3722055,-1.5800166,-1.6060145,-1.5701373,-1.1477557,-1.7687624,-1.5157146,-1.1995784,-1.6942346,-1.5534986,-1.5001159,-1.4696115,-1.5489923,-1.5001159,-1.3884976,-1.0526028,-0.50265753,-0.46452704,-0.26676857,-0.13036548,0.87246585,0.34019917,0.14538713,0.39184862,0.44367138,0.69758564,0.88269174,0.7190774,0.9932701,1.2700627,0.8653597,0.6759206,0.5528632,0.45927024,0.46966946,0.5613559,0.8282691,0.821163,0.5669021,-0.54928064,-0.3026459,-0.050118174,0.006037604,0.021636432,0.20968896,-0.16780266,0.63276386,0.9514999,0.7707268,0.546797,0.7721134,1.0002029,1.321712,1.6803118,1.4549955,1.2168533,1.4751005,1.390347,1.7274549,1.5066448,1.3789078,1.4952056,1.5426955,1.3603625,1.180976,1.5381892,1.3745748,1.3461503,1.358976,1.234012,1.2425047,1.1392058,0.8208164,1.2282925,0.97160506,0.790832,0.6213247,0.94439375,1.3516965,1.3373109,1.1622574,1.2182398,1.2239594,1.0712643,1.110608,1.1449254,1.1076615,1.1308864,0.8797453,0.7662205,0.37902293,1.0646781,1.0547988,1.4220645,1.193975,1.8181014,1.9529446,2.4911041,2.2254043,2.0661228,1.9915951,1.8695775,1.8740839,1.9701033,1.4276109,1.8768572,2.1938598,2.0617898,2.173928,2.2600682,2.8524768,2.656105,2.2456827,1.7061365,1.955891,2.226964,2.1910868,2.0704558,2.153823,2.4765453,2.5011568,2018-04-17
USNA_BF-A,0.43531275,0.44711664,-0.102355085,-0.5418538,0.025520543,-0.22668952,-0.26485547,2.053628,0.30507633,0.30310902,-0.18222816,0.026504202,0.12152562,0.3277005,0.19136539,0.5053492,0.3886873,0.8012337,0.6694235,0.5004309,0.45636302,0.51302177,0.42547616,0.362522,0.29543647,0.4388539,0.65053725,0.5604341,0.7697567,0.6395202,0.73847634,0.8748114,0.9342244,0.7644449,0.64325815,1.1030202,0.895665,0.78333116,0.8569088,0.90353423,0.9877354,1.0109497,1.0158681,0.96314394,1.119349,0.7428044,1.4356935,1.3754936,1.3514924,1.396544,0.8454984,0.42705,0.6487667,0.8043815,0.7091633,0.43275523,0.61965036,0.28737047,-0.17101446,-0.30164433,-0.1657027,-0.37109062,-0.3287933,-0.45214415,-0.4403402,-0.6046112,-0.6807464,-0.8292789,-0.67012286,-0.42578208,4.0959,2.2843943,2.6302485,2.9717748,2.7652066,2.7650099,2.9015417,2.9001646,2.7408118,2.6625128,2.5850005,2.559032,2.2843943,1.3038833,1.7026585,2.0333648,2.1427474,1.7528251,1.8492236,1.4608753,1.0260981,1.0412465,1.114234,0.9385525,0.9684557,1.0697726,1.2066978,0.8525807,1.0040642,1.3524761,1.6621319,1.376674,1.2527331,1.3076212,1.2421095,1.1425633,0.6621444,0.5580733,0.99186677,0.677096,0.60115755,0.6944084,0.7860854,0.28855088,-0.6644177,-0.4261755,-0.34158084,-0.07815708,-0.64277714,-0.8265246,-0.7448809,-0.62998956,-0.6917634,-0.94515383,-0.89754474,-0.9957139,-0.5436244,-0.5632975,-0.52257407,-0.12281519,-0.1570465,-0.23475552,-0.09507601,-0.10884723,-1.6819141,-0.12556943,0.14454325,-0.14937396,0.34304556,-0.0881904,0.11523022,0.027094396,-0.71537113,-0.771243,-0.42892978,-0.45175067,-0.19619612,-0.49935976,0.11227923,0.4705277,0.4396408,0.3495377,0.6172896,0.65624243,0.37708017,0.443182,0.35130832,0.24822086,0.19746408,0.1077544,-0.07461591,-0.07658322,0.033389814,-0.0057598012,0.21143205,-0.0055630696,0.3457998,0.48449567,0.6216177,0.40481934,-0.03605649,0.37688342,-0.055336192,-0.1123884,-0.023268925,-0.1204544,-0.04058132,-0.21291831,-0.65989286,-0.69766533,-0.1942288,-0.36007366,0.052472793,-0.6173988,-0.5983158,-0.3647952,-0.24419867,0.1040165,0.08296621,0.011946055,-0.37738603,-0.029564343,-0.010284631,0.50810343,-0.5141146,-0.30833322,-0.43738925,-0.6337275,-0.07048454,-0.70100975,-3.068086,-2.734429,-2.241419,-2.1845639,-1.8247414,-2.3246367,-2.3814921,-1.6730611,-1.9459281,-1.6498468,-1.8174623,-1.1822156,-1.4198675,-1.4507544,-1.3541591,-1.1228025,-1.0134197,-0.99118906,-0.857018,-1.0767673,-1.1662803,-0.89085585,-0.7212731,-0.7901292,-0.76416063,-0.7019934,-0.771243,-0.60775894,-0.52847606,-0.967778,-1.2489077,-0.99925506,-0.77419394,-0.722847,-0.59182364,-0.5686093,-0.48008004,-0.6063818,-0.3492534,-0.35495862,-0.44919315,-0.46237415,-0.39587885,-0.29810315,-0.27331495,-0.27508554,0.0117493225,0.09870474,0.12132889,-0.1967863,-0.16924387,-0.1668831,-0.020514682,-0.12537271,-0.4297167,-0.738979,-0.74979925,-0.9372845,-0.005956533,-0.16393211,-0.14996417,-0.2394771,-0.22098431,-0.40945336,-0.28688943,-0.5560185,-0.46414474,-0.6465151,-0.44683233,-0.58454454,-0.48362118,-0.38132066,-0.04412249,-0.35692593,-0.5013271,-0.5727407,-0.5853315,-0.46178395,-0.14012758,-0.26898685,-0.3140384,-0.15488246,-0.60225046,-0.49011332,-0.6939274,-0.82632786,-0.8820029,-1.1255568,-1.0332897,-1.3496343,-1.1033261,-1.1808385,-1.2961233,-0.9945335,-1.3779637,-1.6480763,-1.6427647,-1.691554,-1.6622411,-1.5538417,-1.6752254,-1.435606,-1.5105609,-1.3598644,-1.3588806,-0.87315005,-0.8233769,-0.47968656,-0.2085902,-0.21862352,-0.27705285,-0.25167447,-0.20131114,-0.11750343,-0.049237512,-0.21882026,1.5043529,1.0079988,0.9999328,1.0542308,1.0359347,1.0318034,1.137645,1.1248574,1.1846639,1.1077418,0.7083764,0.78824943,0.5389904,0.49177474,0.3576037,0.35229197,0.45970744,0.53544915,0.73513186,1.0857078,1.1392188,0.8606467,0.81716895,0.8032011,1.0441974,1.0296394,1.0717399,1.2487985,1.355427,1.4563504,1.5521587,1.4242831,1.3688048,1.1561377,1.1834835,1.3345735,1.3349669,1.1736469,1.0288523,1.2338468,1.207288,1.221256,1.1179719,1.175811,1.3115559,1.2076815,1.3847401,1.6690174,1.9064726,1.9969692,2.0071993,2.263147,2.4083352,2.244064,2.4346974,2.1155984,2.448075,2.4945037,2.5108323,2.457715,2.496471,2.3672183,2.2653115,1.9755254,1.1020366,0.57361513,0.58148444,0.5387936,0.55551577,0.2086778,-0.06674664,-0.20642616,-0.109240696,-0.2253124,0.21772745,0.19628368,0.4549859,0.38494942,0.11424655,0.25235224,0.2539261,0.31688023,0.21969476,0.22658037,0.32494622,0.33596322,0.3548495,0.2558934,-0.008907509,-0.21468888,-0.20740983,-0.19639286,-0.162555,-0.25600255,-0.06005776,-0.020121217,0.13175568,0.31806064,0.037324447,0.19097193,0.23897448,0.4964963,0.64168435,0.7209672,0.34599653,0.5470563,0.5690903,0.34855404,0.2918953,0.13824782,0.31274888,0.34717694,0.24999146,0.42724672,0.260615,0.33006126,0.20651373,0.25018817,0.29760054,0.29760054,0.36507952,0.2484176,0.2533359,0.06250611,0.25805748,0.502595,0.25490975,0.21497323,0.22599019,0.3011417,0.33379918,0.34855404,0.32199526,0.41308203,0.38278538,-1.0655537,-0.5345747,-0.84324676,-1.0037799,-0.5967419,-0.4320775,-0.51332766,-0.74448746,-0.5249348,-0.59693867,-0.6715,-0.6665817,-0.59634846,-0.83990234,-0.5202133,-0.93098915,-0.96718776,-0.83852524,-0.8568213,-0.8617396,-0.8013429,-0.7049444,-0.7460613,-0.7429136,-0.6404164,-0.4891297,-0.5469688,-0.46335784,-0.9028566,-0.69766533,-0.684681,-0.6838941,-0.5979223,-0.6083491,-0.64336735,-0.50919634,-0.6752379,-0.77360374,-0.8794454,-0.99118906,-0.8141305,-0.8375416,-0.82534426,-0.7429136,-0.9778113,-1.2622854,-1.0114524,-1.0330929,-0.9599088,-0.79937565,-0.8788552,-1.1875273,-0.5752982,-1.0189282,-0.93964535,-0.9207591,-1.0952601,-1.0092884,-0.3679429,-0.116716504,0.21379282,0.17326607,0.2230392,0.575189,0.40009773,0.25805748,0.25727051,0.3339959,0.040472154,-0.057303514,-0.060451224,-0.40728927,-0.09940411,-0.16707982,0.07135904,0.11129557,0.14395304,0.06762114,0.052472793,0.13608377,0.008995079,0.07962177,0.22382614,0.407967,0.54076093,0.430001,0.42449248,0.45459247,0.36960435,0.4097376,0.39813042,0.16874124,0.2248098,0.2322856,0.33360243,0.362522,0.26297575,0.3495377,0.33675015,0.359571,0.35406253,0.38672,0.3097979,0.29819074,0.27851757,0.36586645,0.31235543,0.40521276,0.32455277,0.27359927,0.33065146,0.28146854,0.23838429,0.19234905,0.24133526,0.38396576,-1.0706687,-1.4625583,-1.3462899,-1.2430056,-1.3598644,-1.2884507,-1.4015715,-1.2416285,-1.194413,-1.1530993,-1.0431262,-0.98587734,-0.8605592,-1.8389062,-1.696669,-1.5426282,-1.6687332,-1.5451857,-1.4057028,-1.2121187,-1.212709,-0.99669755,-0.9339402,-0.8662644,-1.0626026,-1.176117,-1.2400547,-1.3167801,-1.5135118,-1.5082,-1.4712145,-1.6362724,-1.6110908,-1.661454,-1.7633612,-1.7185062,-1.6838815,-1.6059757,-1.6169927,-1.6968658,-1.9353046,-1.8056586,-1.8339877,-1.5719411,-1.5282667,-1.5935817,-1.5664326,-1.5400707,-1.4576399,-1.4779034,-1.4865596,-1.2849096,-1.210545,-0.9904021,-1.051389,-0.89892185,-0.967778,-0.7999658,-1.026404,-1.0354537,-1.0620124,-1.0557171,-1.0570942,-0.81727815,0.55689293,0.041652545,0.233466,0.033783276,-0.1570465,-0.119470745,-0.17593275,-0.18026085,-0.1247825,-0.2103608,-0.18026085,-0.1440622,-0.25305158,-0.27351168,-0.30380836,-0.16826022,-0.22196797,-0.21823005,-0.2780365,-0.2772496,-0.00792385,0.37255535,0.3723586,0.8419573,0.84884286,0.7221476,0.4004912,0.3277005,0.29622343,0.06880152,-0.07461591,-0.030154537,-0.038023807,0.15339616,0.21831766,0.26553327,0.3920318,0.5629916,0.3949827,0.567123,0.58345175,0.65624243,0.7927743,0.7132946,0.5035786,0.45636302,0.6113876,0.68457186,0.58738637,0.6200438,0.4687571,0.45105127,0.4152461,0.6792601,0.70699924,0.78333116,0.7904135,0.6824078,0.9460283,1.0339674,0.9672753,0.8903532,0.92556816,0.7673959,0.7034581,0.64502877,0.3971468,0.49315184,0.43806696,0.16008505,0.12683737,-1.1853633,-1.204643,-1.1314588,-1.3665532,-1.3270102,-1.4096375,-1.3836689,-1.3836689,-1.2701546,-1.2245129,-1.1735594,-1.2144796,-1.2648429,-1.4704275,-1.490691,-1.5292503,-1.3830787,-0.9036434,-1.2900246,-0.22354183,-0.3276129,-0.5912335,-0.55228055,-0.5939877,-0.24793655,-0.43443826,-0.4271592,-0.35869652,-0.5213937,-0.26052737,-0.041761708,0.2236294,0.0308323,0.3686207,0.5498106,0.35799718,0.5230551,1.380412,1.5694712,1.6519018,1.8360426,1.7439722,2.1960618,2.498045,2.3335774,2.2979686,2.6483479,2.7244833,2018-04-17
USNA_BF-B,0.3050189,0.30827585,-0.16724072,-0.55373365,-0.04836157,-0.2910053,-0.30149996,1.8414005,0.2500124,0.23662266,-0.19818187,0.06400365,0.13276175,0.27317303,0.1504941,0.4544773,0.35043544,0.76406974,0.6618373,0.52866364,0.4933799,0.58493674,0.51708335,0.4971797,0.64645714,0.78976345,0.74109006,0.5889175,0.7533941,0.6471809,0.7333095,0.8438653,0.96998215,0.83952266,0.77311677,1.1299351,0.8976052,0.7486896,0.8134669,0.87118757,0.92673695,0.9489928,1.0063515,0.9656395,1.1357254,0.89271975,1.4507458,1.3211913,1.3354857,1.3054494,0.8201618,0.46026742,0.66400856,0.8424178,0.7702217,0.5389774,0.690969,0.42154577,-0.0022212649,-0.16959296,-0.084550045,-0.26259735,-0.24251275,-0.39522812,-0.37785766,-0.49583206,-0.5562668,-0.6961353,-0.5345537,-0.33262205,3.8200054,2.068845,2.4131784,2.7301893,2.5351336,2.531153,2.6485844,2.637185,2.5003927,2.4985833,2.486641,2.474337,2.2579298,1.372398,1.7822324,2.0574458,2.1500883,1.7976125,1.9105206,1.5889858,1.1646761,1.196341,1.2909739,1.093023,1.1527339,1.2634706,1.456717,1.1111171,1.2681751,1.5813863,1.931148,1.4103959,1.3939301,1.4858488,1.453279,1.3175725,0.83753234,0.7837924,1.1815038,0.8348181,0.753756,0.7854209,0.90610945,0.43982098,-0.51193595,-0.3349743,-0.24558876,-0.024115292,-0.53328717,-0.70681083,-0.6556042,-0.5613332,-0.61833006,-0.8501172,-0.89137214,-1.0044612,-0.59354097,-0.6056641,-0.6054831,-0.23437032,-0.2278564,-0.22423756,-0.109881975,-0.07821707,-1.4723781,-0.06645581,0.25544068,-0.017782308,0.42444086,0.038852654,0.257612,0.14054227,-0.56784713,-0.684555,-0.39432338,-0.42399794,-0.121824175,-0.38708568,0.1555605,0.47999018,0.4843328,0.48125678,0.6817409,0.74127096,0.4374687,0.42914537,0.36635837,0.35170203,0.30700925,0.2568882,0.06726061,0.034148153,0.13837096,0.09910646,0.28167734,0.17492132,0.414489,0.5731755,0.65242827,0.4964559,0.056946892,0.46062934,0.1077917,0.103087194,0.17980677,0.049709197,0.19772007,0.06309894,-0.30529976,-0.39667562,0.0757649,-0.034971837,0.28728655,-0.29770017,-0.29932866,-0.09721601,0.040119253,0.32003713,0.33975983,0.19989137,-0.12164323,0.14723714,0.11303903,0.61841106,-0.3094614,-0.07984555,-0.21030499,-0.42327416,0.14741808,-0.43051186,-2.6307712,-2.3564625,-1.8617661,-1.8870981,-1.5454789,-2.0640597,-2.1069431,-1.4731019,-1.7137552,-1.4038008,-1.626722,-0.9836527,-1.2076594,-1.2047642,-1.1061507,-0.91941816,-0.8436034,-0.80777675,-0.70681083,-0.9152565,-0.96700597,-0.70898217,-0.5441437,-0.5635045,-0.56314266,-0.55898094,-0.59191245,-0.46887168,-0.4024658,-0.78714925,-1.0354023,-0.8108527,-0.65831834,-0.609283,-0.4429969,-0.4408256,-0.389257,-0.47647122,-0.27743462,-0.1987247,-0.29788113,-0.310728,-0.28792927,-0.14787987,-0.11657684,-0.14064218,0.13402835,0.17003588,0.20369117,-0.043295182,-0.0141634615,-0.029724507,0.13095231,-0.013801577,-0.31507063,-0.57997024,-0.6275581,-0.75856036,0.08625956,-0.0796646,-0.084911935,-0.14389914,-0.11585307,-0.3054807,-0.1556604,-0.43467355,-0.35397324,-0.4612721,-0.26096886,-0.38762853,-0.29842395,-0.22297096,0.108696416,-0.20831464,-0.37206748,-0.4524059,-0.48588023,-0.3089186,0.00049287075,-0.118205324,-0.15529852,-0.04365707,-0.51247877,-0.34836403,-0.5097646,-0.66465133,-0.7402852,-0.95216876,-0.8553646,-1.1640522,-0.95054024,-1.0013851,-1.0844376,-0.8506601,-1.1166453,-1.3515085,-1.3686981,-1.4593502,-1.4457796,-1.3453565,-1.4343802,-1.2299153,-1.3057301,-1.1953553,-1.1725565,-0.718934,-0.6948687,-0.38600004,-0.15547946,-0.16434564,-0.21482857,-0.2021626,-0.14516574,-0.082921565,0.018225225,-0.13901371,1.4829537,0.9878954,0.9920571,1.0068944,1.0349404,1.0258933,1.1198025,1.080357,1.1460391,1.058101,0.6761317,0.7959156,0.5462151,0.49410367,0.33559814,0.32546538,0.44651583,0.48632315,0.6649133,0.99404746,1.0188366,0.77058357,0.7367474,0.6802934,0.93017477,0.9878954,1.0327692,1.1697426,1.2616613,1.4120244,1.4816871,1.4017106,1.3202865,1.1824085,1.2028549,1.3260767,1.2421194,1.1409727,0.9989329,1.1565337,1.1138313,1.1234213,1.039464,1.0805379,1.2001408,1.1234213,1.2721559,1.550988,1.780242,1.8674562,1.8645612,2.1124523,2.2487018,2.1305463,2.3067842,2.0388086,2.326688,2.37699,2.3777137,2.332659,2.389475,2.2666152,2.1875434,1.9005686,1.0953752,0.5939839,0.5885556,0.536987,0.5597858,0.21979503,-0.0145253455,-0.1496893,-0.11132952,-0.19781998,0.24766015,0.24548885,0.49012297,0.39205217,0.14759903,0.28656277,0.2619546,0.29959062,0.20694813,0.21183357,0.3374076,0.28493428,0.31949428,0.21780467,0.020758418,-0.12128135,-0.120557584,-0.12743339,-0.073874444,-0.12652868,-0.0063829394,0.036862288,0.18414938,0.329808,0.09494479,0.21852842,0.2453079,0.47021928,0.6106306,0.6649133,0.35134014,0.5295684,0.5360823,0.3451881,0.26557347,0.119552955,0.27968696,0.2901816,0.22848026,0.39169028,0.25779292,0.32546538,0.21726184,0.25779292,0.33053178,0.2939814,0.32836047,0.2026055,0.197901,0.026910458,0.19229178,0.40508005,0.194825,0.16171253,0.17546415,0.23408948,0.2974193,0.30899963,0.25652632,0.32546538,0.27498245,-1.0884184,-0.6042166,-0.8683924,-1.0191175,-0.65379477,-0.52840173,-0.5951694,-0.8425177,-0.64945215,-0.7230957,-0.7782831,-0.7820829,-0.71748644,-0.92955095,-0.6270153,-1.0082608,-1.0574772,-0.95361626,-0.8725541,-0.84215575,-0.8050626,-0.7386567,-0.7542178,-0.7770165,-0.70898217,-0.5832272,-0.606026,-0.54613405,-0.9937855,-0.7967392,-0.7779212,-0.7885968,-0.68871665,-0.6999351,-0.7167627,-0.5978835,-0.7111535,-0.76362675,-0.8472222,-0.9854621,-0.8175476,-0.8372703,-0.83003265,-0.78135914,-0.9803958,-1.227744,-1.0147748,-1.048792,-0.99849004,-0.84903157,-0.9205038,-1.2310009,-0.6822027,-1.0911325,-0.98600495,-0.98980474,-1.1759945,-1.0936657,-0.5189927,-0.31000426,-0.025562832,-0.072065026,-0.021401158,0.3251035,0.14452301,0.03161496,0.044099983,0.07395548,-0.23672257,-0.35596362,-0.38998076,-0.85355514,-0.41983625,-0.5312968,-0.18678248,-0.18587777,-0.13322355,-0.20433389,-0.22333284,-0.12888093,-0.26603526,-0.17375463,0.029624594,0.23028968,0.35097826,0.22685178,0.23191816,0.25435504,0.17727357,0.20278646,0.18686351,-0.020496445,0.030348362,0.013520722,0.1828828,0.14850374,0.07956469,0.13420929,0.14018038,0.14108509,0.18758728,0.20911944,0.09241159,0.076850556,0.135114,0.22377576,0.15537955,0.27208737,0.21129073,0.16225536,0.17817828,0.15827462,0.12733348,0.055861235,0.16442665,0.22938497,-1.1121218,-1.5179757,-1.387878,-1.2272012,-1.2865503,-1.2138114,-1.3068159,-1.1801561,-1.142701,-1.0980083,-0.9704439,-0.88467723,-0.79891056,-1.6692436,-1.5968665,-1.4902915,-1.5903525,-1.5110998,-1.3607366,-1.1436058,-1.1332921,-0.95234966,-0.92937005,-0.8647735,-1.0999987,-1.2722558,-1.3055493,-1.419181,-1.6243697,-1.6256363,-1.6259983,-1.7251548,-1.6940327,-1.7501247,-1.8539857,-1.8109214,-1.8362533,-1.7582672,-1.8159878,-1.8608615,-2.0727448,-1.9573038,-2.0021775,-1.7419822,-1.6652627,-1.789751,-1.7579052,-1.6949372,-1.6587487,-1.7117649,-1.7238882,-1.5519928,-1.4593502,-1.312425,-1.3605556,-1.218516,-1.2903501,-1.1481293,-1.3576605,-1.372317,-1.4085054,-1.4407132,-1.4119433,-1.1920983,0.060203858,-0.4404637,-0.27490145,-0.45331064,-0.6548804,-0.5256876,-0.6346149,-0.6295485,-0.5656758,-0.6829265,-0.6838312,-0.6492712,-0.7419137,-0.77430236,-0.8732779,-0.6879929,-0.76778847,-0.79366326,-0.8133859,-0.8332896,-0.590284,-0.22369473,-0.24522687,0.20206268,0.22920403,0.081012234,-0.2589785,-0.3622966,-0.40626556,-0.8094052,-0.90421903,-0.9338935,-0.93009377,-0.8227949,-0.6353386,-0.599693,-0.5186308,-0.4565676,-0.6094639,-0.44752046,-0.5155548,-0.38636193,-0.3402216,-0.37948608,-0.52840173,-0.64130974,-0.35614458,-0.40011355,-0.48931813,-0.45602474,-0.6147112,-0.56947565,-0.5792465,-0.30873764,-0.26531148,-0.2721873,-0.36736298,-0.44878706,-0.15837453,-0.10336805,-0.1748403,-0.22043778,-0.19637243,-0.35867774,-0.35614458,-0.38636193,-0.61199707,-0.49221322,-0.51085025,-0.67424124,-0.77502614,-0.0054782275,0.061289508,0.12841913,-0.07224596,-0.14426103,-0.16488846,-0.15186061,-0.19582961,-0.16235527,-0.14987025,-0.07441728,-0.14715612,-0.12128135,-0.31344214,-0.35922056,-0.3664583,-0.28847212,0.16695985,-0.008916132,0.9432026,0.86811155,0.6003169,0.618773,0.55291,0.8445891,0.6929593,0.81563824,0.8187143,0.68952143,0.9272797,1.0655197,1.2451955,1.1201643,1.3575606,1.5368745,1.3993584,1.5690823,2.4001505,2.5707793,2.5754838,2.734894,2.7167997,2.9701192,3.2037156,3.202449,3.159385,3.409266,3.5840566,2018-04-17
FDP_BGS,-0.2873308,-0.86417496,-0.7860234,-0.81223273,-0.81795114,-0.82152516,-0.82819664,-0.73789346,-0.7293159,-0.5670561,-0.50153273,-0.38406715,-0.39645705,-0.34475315,-0.37858704,-0.3061539,-0.31925857,-0.4098,-0.39478916,-0.4979587,-0.67284656,-0.6011283,-0.6909549,-0.74647105,-0.66665167,-0.6025579,-0.5174966,-0.52464455,-0.49319336,-0.5468034,-0.5153522,-0.3630997,-0.37787223,-0.4198072,-0.50296235,-0.42957613,-0.37263036,-0.26112145,-0.19464497,-0.019042285,0.056011785,-0.022139756,0.05410565,0.000972134,-0.032623496,-0.062406857,-0.14437066,-0.25016117,-0.2296702,-0.3306954,-0.3976484,-0.4364859,-0.30043548,-0.23086153,-0.19107097,-0.20774965,-0.20822619,-0.2253814,-0.29328746,-0.29281095,-0.29138136,-0.38549677,-0.50153273,-0.5610994,0.08484208,0.035044298,0.08579515,-0.09624076,-0.33379287,-0.28613946,-0.27232,-0.4190924,-0.4986735,-0.5079659,-0.53369874,-0.49676737,-0.43100575,-0.3502333,-0.25635612,-0.17081828,-0.19154751,-0.12721545,-0.24182183,-0.28328028,-0.4047964,-0.1124429,-0.11482557,-0.25325865,-0.24277492,-0.34260872,-0.23967744,-1.0807594,-1.56325,-1.5649178,-1.5551488,-1.4746147,-1.4653223,-1.5985135,-1.5046363,-1.5155966,-1.4800948,-1.596369,-1.567777,-1.5682535,-1.5172645,-1.3600084,-1.6087589,-1.6487877,-1.5198854,-1.6926289,-1.5520514,-1.5637265,-1.4610335,-1.5482392,-1.4572213,-1.3676327,-1.333799,-1.4810479,-1.4567447,-1.2566005,-1.3407086,-1.528463,-1.2866222,-1.1665356,-1.3028243,-1.3735895,-1.3881239,-1.255171,-0.52512115,-0.51153994,-0.53608143,-0.29995894,-0.35499862,-0.31496978,-0.36548236,-0.52178544,-0.33736685,-0.5422764,-0.52059406,-0.55847853,-0.5677709,-0.5763485,-0.77458656,-0.6945289,-0.4836627,-0.5046302,-0.40765557,-0.6471138,-0.7166877,-0.8584565,-0.86488974,-1.0345358,-1.0412072,-0.74813896,-0.8820449,-0.71859384,-0.7574313,-0.65164083,-0.74813896,-0.69548196,-0.7717274,-0.74790066,-0.68476,-1.1510482,-1.2444489,-1.0586007,-1.2582684,-1.4014667,-1.502492,-1.4462609,-1.4438783,-1.5251273,-1.6161453,-1.5613438,-1.4755677,-1.4493585,-1.4369686,-1.3959867,-1.4462609,-1.5947012,-1.5051128,-1.4407808,-1.388362,-1.3125931,-1.1755898,-1.2723261,-1.2146655,-1.4372067,-1.2420661,-1.409806,-1.423149,-1.4312501,-1.4522176,-1.3669181,-1.49725,-1.637351,-1.4179072,-1.3504777,-1.1422324,-1.398131,-1.6140008,-1.8782388,-1.7047806,-1.6773798,-1.5217916,-1.648073,-1.694535,-1.7660152,-2.5008302,-2.4867725,-2.601379,-1.5894593,-1.1896474,-0.9904564,-0.9020594,-0.9082543,-0.8510702,-0.8050847,-0.80675256,-0.7676768,-0.66188633,-0.64211017,-0.6340091,-0.6047023,-0.6380596,-0.6113737,-0.7424205,-0.671417,-0.573251,-0.6013665,-0.56324387,-0.5341753,-0.7338429,-0.72788626,-0.8756117,-0.64425457,-0.7181173,-0.67975634,-0.6189983,-0.37620434,-0.339273,-0.37191555,-0.4872367,-0.32235605,-0.13483998,-0.33522245,-0.36405274,-0.28590122,-0.4379155,-0.26969904,-0.31639937,-0.58206695,-0.42385775,-0.3278362,-0.18463776,-2.085531,-2.1129317,-1.6537914,-1.4486436,-1.5232211,-1.4190985,-1.3223622,-1.1520014,-0.9585285,-1.0788534,-0.97973436,-0.86679584,-0.78244936,-0.6561679,-0.6130416,-0.5565724,-0.50629807,-0.35190114,-0.45459417,-0.39192995,-0.32950404,-0.43529454,-0.47031978,-0.42361948,-0.43219706,-0.5215471,-0.44101295,-0.67546755,-0.5544279,-0.46102735,-0.5077277,-0.5289334,-0.62852895,-0.63543874,-0.48128003,-0.4190924,-0.49748218,-0.48413923,-0.6845217,-1.08481,-1.4002753,-1.217763,-1.158911,-1.274947,-1.1601024,-1.1841673,-1.225864,-1.2673224,-1.2330121,-1.1753515,-1.0983913,-0.879424,-0.890146,-0.8065143,-0.6914314,-0.7636263,-0.6130416,-0.41885415,-0.45626202,-0.27327305,-0.27922976,-0.14913599,-0.18702044,-1.5217916,-1.621387,-1.1381818,-0.55156875,-0.71096927,-0.61423296,-0.7474242,-0.078847274,-0.22013953,-0.18392296,-0.079800345,0.019795217,0.08412728,0.05410565,-0.099576496,-0.19988684,-0.083850875,-0.08623354,-0.038103636,-0.011417745,-0.0721758,-0.23824781,-0.17915761,-0.23920089,-0.3118723,-0.22347528,0.0038313367,0.01193241,0.15918136,0.16847377,0.09508755,-0.039533235,-0.13150425,-0.3347459,-0.1060097,-0.10720103,-0.12745371,-0.5765868,-0.6144712,-0.6261463,-0.41551837,-0.3859733,-0.3831141,-0.3902621,-0.3457062,-0.24015397,-0.22085433,-0.2413453,-0.074320205,-0.2513525,-0.055735387,-0.07646461,-0.11482557,0.24638703,0.13869041,0.25853863,0.23614156,0.108430505,0.27235812,0.073167,0.21731848,0.17300084,0.11152797,0.36123165,0.85849464,1.3433678,2.4656048,2.3757782,2.121071,1.631909,2.0398219,2.0629337,1.9006741,2.29167,2.4370127,2.412948,2.4022257,2.3631501,2.6452582,2.8735178,2.8065648,2.6840956,2.5537636,2.4741824,2.5847383,2.4570272,1.6540678,0.8711228,0.48822793,0.17419218,0.21588887,0.3638526,0.3054772,0.65477645,1.4272377,1.3169202,1.1160612,1.4088912,1.3440826,1.1911153,1.1153464,1.1744366,1.1110576,1.077462,1.0827038,1.0636425,1.0407689,1.0043141,1.2633102,1.2285231,1.2382921,0.9654765,1.0719818,1.1822994,1.2085087,0.9121047,1.2044581,0.68741906,0.5030005,0.5930654,1.0321912,0.4091233,0.2127914,0.33954936,0.11462544,0.119867325,0.042430572,0.11534024,0.12058211,0.2399538,0.37195367,0.4879897,0.58234334,0.4229428,0.21588887,0.06673379,-0.17320095,-0.14794466,0.0064522726,-0.09099889,-0.20155472,0.17490697,-0.8065143,-0.6182835,0.38505837,0.5113398,0.6912313,0.76056695,0.6664516,0.72601825,0.6902783,0.7634262,0.97738993,0.8477727,0.8036933,0.86087734,0.8794622,0.8227547,1.6180896,1.198025,1.2988119,1.0993825,1.1865882,1.2995267,1.2621188,1.3669562,1.2092235,1.0807977,1.2902343,1.456068,1.5840173,1.6588331,1.8556416,1.790833,1.6450137,1.5611438,1.6030787,1.6130859,1.4038876,1.3695772,1.1322633,1.0240902,1.08461,1.0245668,1.5547105,1.4341475,1.4224724,1.4617865,1.5056275,1.5163496,-0.30543908,-0.19488324,0.15679869,0.24495742,0.38053128,0.20326072,0.15203334,0.20326072,0.17586003,0.22160728,0.22923182,-0.07312887,0.22970834,0.23113796,-0.10434183,-0.00093400123,0.020033484,-0.031193895,-0.043583773,-0.17486882,-0.5065363,-0.55919325,-0.3311719,-0.47532338,-0.32926577,-0.5098721,-0.2520673,-0.2787532,-0.2139446,-0.14580026,-0.17081828,-0.19345364,0.044574976,0.21469754,0.18801165,0.32596818,0.1344016,0.36289954,0.23852423,0.31691402,0.41936877,0.47131097,0.6197513,0.57710147,0.57448053,0.545412,0.89447296,1.1482272,1.1244005,1.3054833,1.1930214,1.0958085,0.74484134,0.60831445,0.7110075,0.309766,0.30500066,0.4565384,0.6102206,0.61498594,0.41793916,0.60497874,0.5878235,-0.037865367,0.44533986,0.48560703,1.2594978,0.887325,1.0402924,1.0336208,0.9621408,0.86564267,1.1572813,1.2263787,1.2742704,0.6319029,0.6890869,0.9116282,0.66168624,0.6264227,0.7698594,0.8582564,0.8997149,1.0279025,1.014083,1.0057436,0.9347401,0.841816,0.51681995,0.35622805,0.49251673,0.4906106,0.5675708,0.59020615,0.57948416,0.58663213,0.59068274,0.8115561,1.1244005,1.3307396,1.7091074,0.86635745,0.7160111,0.55256003,0.5720979,0.21588887,0.57043004,0.6166538,0.34836525,0.34908006,0.2530585,0.3774338,0.30071187,0.32858908,0.1322572,0.1775279,0.37052405,0.46845174,0.29213426,0.37957823,0.4553471,0.6099823,0.90090615,0.72053814,0.6867043,0.7048125,0.8215633,0.012408945,-1.0960085,-0.17629842,0.018365616,0.20540513,0.06149192,0.25615597,0.1479828,0.08007674,-0.032385234,-0.17439228,-0.34260872,-0.6525939,-0.50105613,-0.39860144,-0.54537386,-0.70763355,-0.74813896,-0.77315694,-0.7507599,-0.68404514,-0.70120037,-0.79126525,-0.62519324,0.033138163,0.36575872,0.27712345,0.2787913,0.36194646,0.45510882,0.24400437,0.083650745,0.08222114,-0.11792304,-0.2253814,-0.29757628,-0.2844716,-0.38335237,-0.34380004,-0.16057281,-0.094572894,-0.17629842,-0.36667368,-0.24396625,0.06744859,0.083412476,0.3862497,0.010502809,0.19134738,0.47297883,0.82132506,0.63118804,0.774863,0.887325,0.7593757,0.7357873,0.7086248,0.6380978,0.541838,0.42270452,0.28522453,0.2761704,0.27807653,0.29404038,0.25067583,0.24543394,0.47822073,0.22184554,-0.01332388,-0.1872587,-0.20917925,0.04028617,0.18205498,0.15536909,0.14917414,0.13630775,0.5628055,1.2037435,0.7824875,0.4708344,0.6361917,1.4579742,1.5904506,1.1484655,1.0679313,0.954278,1.8172807,2.0588832,2.168248,2.008609,1.9052011,1.6402483,1.673844,1.6504939,1.751519,1.9633381,1.7972662,1.5864,1.6388187,1.9261686,1.7658149,1.8632662,2.051497,2.2235255,2.2297206,2.6066587,2.5632944,2.3926952,2.5430417,2.5611498,2.3831644,2.4108036,2.4968178,2.564009,2.546139,2018-04-17
CCEP_BTI,-1.1955172,-1.164897,-1.0973378,-1.1775339,-0.7974537,-0.8975771,-0.9515271,-0.8990352,-0.87376136,-0.909728,-1.0234604,-1.0487343,-1.1401091,-0.9622199,-0.8815379,-0.76683336,-0.91021407,-0.91993475,-1.2421767,-1.2494673,-1.2888361,-1.2305118,-1.3748645,-1.2854339,-1.139623,-0.9884658,-0.9675663,-1.0375555,-0.96367806,-1.0433879,-1.0788685,-1.0949078,-1.1439974,-0.9986726,-1.1269861,-1.2251654,-1.1819081,-1.152746,-1.2135005,-1.2698807,-1.2776573,-1.2786294,-1.2504393,-1.1216397,-1.233428,-1.2149587,-1.300987,-1.4040266,-1.5483794,-1.111919,-1.2057239,-1.1158073,-1.3087636,-0.9685384,-1.0278348,-1.1682992,-1.1498297,-1.1726736,-1.125042,-1.1731596,-1.0540806,-0.90243745,-0.98068917,-0.98749375,-0.95978975,-0.9967285,-1.3923618,0.082757734,-0.5043739,-0.06596932,0.2708537,0.8011191,0.34424514,0.42881545,0.530883,0.80014706,0.7233533,0.7005096,0.8594434,0.78994024,0.88131505,0.9333209,1.0869085,1.0976012,1.0762156,1.283267,1.2536187,1.2448702,1.2477863,1.336731,1.4844859,1.4397706,1.1700206,1.2788926,0.6966213,0.6475317,0.5994141,0.6135091,0.39770913,0.31799918,0.15031675,0.030751867,0.19454604,0.20912713,0.44436857,0.23488705,0.17607667,-0.17970176,0.09102035,0.02297529,0.22856857,0.06526043,0.15712127,-0.06548328,0.091992415,0.11386404,0.28106046,0.28883702,0.1561492,0.06040007,-0.13061212,0.014226641,0.07498115,0.08470187,0.008394208,0.13233343,0.23926137,0.08567395,0.14010999,0.11386404,0.043388806,0.18045099,0.17899288,0.2130154,-0.027572464,0.34084287,0.24509378,0.19551812,0.4604078,0.5610173,0.73307407,0.55324066,0.38847443,0.1576073,0.21787578,0.1172663,0.005964027,0.18239513,0.27376992,0.409374,0.41860867,0.1726744,0.08810413,0.009852315,0.06817665,0.14010999,0.011310424,0.14594243,0.23002668,0.3393848,0.3568821,0.53865963,0.57462627,0.75786185,0.26453525,0.3043902,0.34181497,0.5804587,0.46818435,0.4487429,0.36708885,0.3612564,0.31022263,0.3325803,0.3325803,0.10171314,0.10122711,0.048249166,0.036098264,-0.12623778,-0.04409769,-0.11360085,-0.099505804,0.11240594,0.14205414,0.09393657,-0.12234951,-0.2326797,-0.10679635,-0.20691979,-0.39355767,-0.41737345,-0.56221217,-0.37703246,-0.5179829,-0.61373204,-0.31968018,-0.22393104,-0.25989774,-0.0139634535,0.16246766,0.0011036659,0.1561492,0.19454604,0.18385324,0.13233343,0.2893231,0.48859787,0.47450283,0.6494758,0.70488393,0.4691564,0.28057444,0.1522609,0.080327556,0.22370821,0.06817665,0.042416733,0.02297529,0.15857936,0.30682036,0.15420504,0.28397667,0.109003685,-0.06451121,-0.11117067,-0.14616527,-0.04215355,0.013254569,0.043388806,0.0049919547,0.07546719,0.06428836,0.11823837,0.016656823,0.29466948,0.42881545,0.40597174,0.62468797,0.5994141,0.47110057,0.4268713,0.490542,0.5590731,0.65482223,0.58143073,0.37146318,0.3316082,0.13233343,0.102199174,0.08470187,-0.011533273,-0.097075626,0.008880243,0.54060376,0.049707275,-0.047013912,0.044846915,0.31313884,0.37389335,0.55421275,0.4701285,0.4691564,0.44145235,0.4322177,0.3073064,0.18433928,0.08615999,-0.20400356,-0.24385853,-0.2219869,-0.35273063,-0.29586443,-0.2876018,-0.424664,-0.21323825,0.6485037,0.9279745,1.0383047,1.1034336,0.77924746,0.7447389,0.8725664,0.6995376,0.64267135,0.5911515,0.5804587,0.47790506,0.21884784,0.34132895,0.102199174,-0.15394185,-0.2890599,-0.34932837,-0.74350363,-1.1488577,-1.5853182,-1.4647812,-1.4035406,-1.5615025,-1.8978393,-1.624201,-1.2397466,-1.1682992,-1.2669646,-1.1226118,-1.0710919,-0.8445992,-0.8460573,-0.6390059,-0.3216243,-0.19136663,-0.088813014,-0.046527874,-0.10290806,0.013254569,-0.24240042,-0.34592614,-0.5393685,-0.17289726,-0.73281085,-0.6579613,-0.64726853,-0.6584473,-0.4761838,-0.25892565,-0.17192519,-0.17532744,-0.08686887,0.018600967,-0.2934342,-0.33814955,-0.2579536,-0.304127,-0.37168604,-0.27350676,-0.18310402,-0.16171843,0.038528446,0.07692531,-0.009103092,0.13719378,-0.012991382,-0.11943329,0.08421584,0.4268713,0.98970115,1.0441372,1.0358746,0.68641454,0.7000236,0.59698397,0.5751123,0.55712897,0.62079966,0.5085254,0.59066546,0.53525734,0.33501047,0.21836181,0.090048276,0.16781405,0.504151,0.117752336,-0.06451121,0.40111136,0.6645429,0.63635284,0.29952982,0.449715,0.56539154,0.36417264,0.46137986,0.43464786,0.55324066,0.64655966,0.5522686,0.97657824,0.9785223,0.91825384,1.2988201,1.1792552,1.0805899,1.0893385,1.2925016,1.4392846,1.3464516,1.1000314,1.2905575,1.4509493,1.3221499,0.44145235,0.45894969,0.49102804,0.4327037,0.2990438,-0.011047237,-0.1923387,-0.23170763,-0.32648468,-0.492223,-0.5432568,-0.5753352,-0.83779466,-0.8907726,-1.2966127,-1.4015965,-1.3695182,-1.4502001,-1.1916288,-1.2902942,-1.1449695,-1.1848243,-1.4808203,-1.5274798,-1.3063334,-1.2188469,-1.2757131,-1.326747,-1.2426627,-1.2450929,-1.3053614,-1.462837,-1.394306,-1.5065802,-1.6144804,-1.6538492,-1.5372006,-1.3923618,-1.3719482,-1.4696416,-1.6416984,-1.3092496,-1.4647812,-1.5337982,-1.3024452,-1.0778964,-0.949583,-0.9286834,-0.9840915,-0.93986225,-1.166841,-1.3704902,-1.3952781,-1.327233,-1.271825,-1.1439974,-1.0730361,-1.273769,-1.1503159,-1.1337906,-1.0715779,-1.2533555,-1.2518973,-1.1192095,-1.0691478,-0.990896,-1.0803267,-1.1046284,-1.1537181,-1.0657456,-1.2713388,-1.5372006,-1.5478933,-1.6271173,-1.7972299,-1.6577375,-1.3340374,-1.3782667,-1.167327,-1.0380415,-1.100254,-1.0132537,-1.0550528,-1.1785059,-1.127472,-1.1882266,-1.3996524,-1.4511722,-1.3529929,-1.1138631,-0.978259,-0.97437084,-0.99041,-0.8640406,-1.0929636,-1.0487343,-1.1192095,-1.1265001,-1.0944217,-1.2344,-1.2499533,-1.3452163,-1.2985568,-1.4200659,-1.5216475,-1.3452163,-1.2917523,-1.085187,-0.95978975,-1.1853104,-1.2552996,-1.3087636,-1.0497063,-1.1580924,-1.1828803,-0.9568735,-1.0506784,-1.234886,-1.3306352,-0.7255203,-0.5904023,-0.49125093,-0.4839604,-0.5607541,-0.59574866,-0.69976044,-0.5904023,-0.8620965,-0.85723615,-0.775096,-0.6710843,-0.6521289,-0.32454053,-0.27642298,-0.47278154,-0.4236919,-0.51895493,-0.6040113,-0.61762035,-0.92236495,-0.69878834,-0.85577804,-0.87181723,-0.6701122,-0.42515,-0.5174969,-0.5432568,-0.28274143,-0.33328918,-0.73572713,-0.6910118,-0.5034018,-0.5874861,-0.38821128,-0.39598784,-0.24288645,-0.16074635,-0.07763418,-0.09464544,-0.070343636,-0.045069765,0.14399828,0.007422135,0.073523045,0.52116233,0.2791163,0.5274808,0.504151,0.5673357,0.5060952,0.6261461,0.37535146,0.22370821,-0.052360307,0.5775425,0.65871054,0.9415835,0.7495993,1.75618,2.198959,2.1080701,1.9258066,1.7872864,1.753264,1.782912,2.0808523,1.7367387,2.1231375,2.346228,2.3117194,2.2587414,2.5192568,2.3909433,2.631045,2.374418,2.6684697,2.51148,2.293736,2.1488972,2.1552157,2.2344396,2.173685,2.1430647,2.3671274,2.4293401,2.2601995,1.8266553,1.3459656,1.5024693,1.5024693,1.189948,1.0504557,1.1160705,1.3085408,1.2939597,1.1437745,1.2482724,1.0961431,1.0451093,1.0844781,1.0728134,1.4426868,1.4801116,1.5700283,1.4373404,1.271116,1.4956647,1.1544673,1.1068358,1.0028241,1.1277354,1.1739088,1.2006408,1.2681998,1.257507,1.3148593,1.4164408,1.269658,1.1811994,1.350826,0.87839884,0.7447389,0.53282714,0.50269294,0.7670965,0.49102804,0.16246766,0.1780208,0.20864108,-0.61664826,0.04922124,0.10414332,0.05651178,0.07984152,0.1469145,-0.06353913,-0.46354687,-0.6394919,-0.52916175,-0.91847664,-0.5826257,-0.55783784,-0.3386356,-0.39355767,-0.30023873,0.2154456,0.32723388,0.27668613,-0.0042427313,-0.37168604,-0.20934996,-0.4965973,-0.34446803,-0.4183455,-0.546173,-0.15977429,-0.13450041,-0.24094231,-0.19865717,-0.03194679,-0.22295897,-0.19136663,-0.19428284,-0.24871892,-0.34106576,-0.18602023,-0.2876018,-0.3119036,-0.12040535,-0.61275995,-0.48687658,-0.25455132,-0.6730284,-0.950555,-0.80620235,-1.0667176,-0.7950235,-0.9320857,-0.9315997,-0.8854262,-1.2582158,-0.9991586,-0.099505804,-0.34349597,-0.1626905,-0.32891485,-0.26864636,-0.69976044,-0.7906492,-0.49270907,-0.7250343,-0.29635045,-0.20400356,-0.18261798,-0.3201662,-0.16852294,-0.4047365,0.22954065,0.33112216,0.121154584,-0.053818416,0.26356316,0.17073028,0.18093704,0.4322177,0.7204371,0.67523575,0.9576227,1.3911669,1.7051463,1.850471,2.0157232,1.9671197,2.386083,2.655833,2.18535,2.0341928,2.1498692,2.2738085,2.5829275,2.9192646,2.6082015,2.3530326,2.3287306,2.3826807,2.4220495,2.4502397,2.196529,2.0060027,1.9744102,1.9894774,1.9632314,1.9282368,1.7668729,1.7999234,1.8329737,2.0434275,2.358865,2.7214477,2018-04-17
CL_BTI,0.6580459,0.5340339,0.7088606,0.23761497,0.25939268,0.37977505,0.60844105,0.64171255,0.5854535,0.36283684,0.13961527,0.2678618,0.01862795,0.27330622,0.32291102,0.5249598,0.7572555,0.5509721,0.45055264,0.5243549,-0.022507733,-0.06122367,-0.23000099,-0.11566796,0.14203501,0.3053679,0.16139297,-0.076952025,0.18922006,0.121467166,0.41365153,0.7288235,0.4118367,0.30355304,-0.17132214,-0.33465502,-0.33042043,-0.25480336,-0.354013,-0.3080378,-0.31348222,-0.5609013,-0.50343233,-0.49072862,-0.573,-0.42781523,-0.21427262,-0.23423554,-0.22758123,0.4481329,0.14505969,-0.118692644,-0.49254343,0.004714411,-0.34433398,-0.5221853,-0.33163035,-0.37216106,-0.15135922,-0.38970423,-0.1610382,0.121467166,0.24608408,0.4874538,0.75362587,0.5056019,-0.2783959,-0.63591343,-0.296544,-0.382445,-0.15014935,-0.2499639,-0.25480336,-0.28565514,-0.29533413,-0.28081566,-0.401803,-0.3945437,-0.44656828,-0.36853147,-0.6365183,-0.7762587,-0.7768636,-1.6945524,-2.422896,-1.8469963,-1.4888738,-1.3805903,-1.450158,-1.793157,-1.5239602,-1.2765412,-1.631034,-1.0551344,-1.5390837,-1.9498355,-1.9111197,-1.7737991,-1.8433669,-2.0617487,-2.042996,-2.2650075,-1.9939959,-2.0073047,-2.042391,-2.1772916,-1.841552,-2.0073047,-1.5209357,-1.7913421,-1.5142813,-1.7151202,-1.1688625,-1.5185158,-1.5160961,-1.3896644,-1.1706773,-1.2426648,-1.258998,-1.4683061,-1.506417,-1.2704918,-1.2438745,-1.1876155,-1.0448506,-0.29351932,-0.05638418,-0.14168024,0.19284967,-0.30077857,-0.04912494,-1.421726,-0.81376475,-0.62078995,-0.8536905,-0.68914783,-1.1591835,-1.0339617,-0.7248391,-0.78775245,-1.1368009,-1.4259605,-1.2523438,-1.4985529,-1.3194916,-1.3745409,-1.3509485,-0.8694189,-0.88696206,-1.1755168,-1.1537391,-1.3805903,-1.5348492,-1.3854297,-1.2366154,-0.97104824,-1.010974,-0.79743147,-0.7085058,-0.4792348,-0.5167409,-0.30682793,0.08033148,0.5558116,0.35799736,-0.30924767,-0.12111239,0.12388691,0.05371427,-0.037026208,-0.06545822,0.19405954,0.20797308,-0.017063303,-0.69761693,-0.5857037,-0.9988753,-1.1845908,-1.183381,-1.3225164,-1.1150231,-1.144665,-0.7490365,-0.30924767,0.027702002,-0.7714192,0.023467444,0.23398536,-0.049729876,-0.17011227,-0.2917045,-0.2687169,0.58968806,-0.18160605,-0.42963007,-0.25298858,0.051899463,0.32835546,0.23821992,0.060973514,0.3719109,-0.4471732,-0.035816338,-0.22395161,0.25697294,0.49531797,0.7318481,0.9248229,0.8752181,0.4892686,0.82682323,0.3471085,-0.016458368,0.35618255,0.2430594,0.36404672,0.25092357,0.08154136,0.09787464,0.20978789,0.38279977,0.01862795,0.005319348,0.113602996,0.14747944,0.3967133,1.0216128,1.1165878,0.8449713,0.8679589,0.97321784,0.85404533,0.99015605,0.78145295,0.7548357,1.1444149,1.0070943,1.0246375,1.1988591,0.89760077,0.81472445,0.6181201,0.7856875,0.6181201,0.5007624,0.48866364,0.18740523,0.19042993,-0.15922341,-0.3146921,-0.35703766,-0.3975684,-0.64438254,-0.43204978,0.44752797,0.20615828,0.895181,0.8613045,1.0070943,0.5969473,0.74394685,0.8080702,0.7451567,0.6495767,1.09602,0.8782428,0.7288235,0.36828125,-0.027347226,0.24003471,0.062183384,0.18135588,0.20676321,-0.040050894,-0.14651972,-0.096914925,0.02951681,0.6108608,0.7403173,0.46991062,0.5025772,0.20071384,0.40397254,0.6150954,1.114168,1.2357603,1.8812276,1.5926728,1.2823404,1.0403658,0.40881202,0.27512103,0.41304657,0.28903458,0.4529724,0.2672569,0.16744234,-0.021297859,0.170467,0.042220477,-0.040050894,0.5007624,0.6507867,1.1190075,1.1020693,0.87763786,1.1994641,1.286575,1.2726613,1.2424146,1.4614016,1.382155,1.2938342,1.6223147,1.4468832,1.4275252,1.1329211,0.89155143,1.3373897,1.8884869,1.4626116,1.4722905,1.7880673,1.6936973,1.85824,1.981042,1.8431166,1.410587,1.5073768,1.4275252,1.0433904,1.0833162,1.2533035,1.1589333,0.971403,1.123847,1.161958,1.2962539,1.4251055,1.6410677,1.7009566,1.6610307,1.4311548,1.0881557,1.4426486,0.56367576,0.41486138,-0.06122367,0.50499696,0.33017027,0.44026873,0.3156518,0.5654906,0.5921078,0.54976225,0.65925574,0.695552,0.43542922,0.5461326,0.6036016,0.49350312,0.5624659,0.9568845,0.67921865,0.19829409,0.83468735,1.2968588,1.42813,1.3367847,1.3924389,1.5382286,1.114773,1.3972783,1.5194755,1.3113774,1.3246859,1.0833162,1.9066349,1.8382771,1.9598694,2.391189,1.9374866,1.9108695,1.8800178,1.9780174,2.180066,1.6846231,1.3410193,1.7124503,2.1891403,1.8993757,1.1873654,0.9163538,0.8298479,0.67679894,0.8401318,0.37130594,0.24003471,0.17954107,0.24487422,0.13296096,0.14566463,0.041010607,-0.0285571,-0.39635855,-0.3909141,-0.87244356,-0.9153941,-0.6292591,-0.2499639,-0.23786515,-0.16527276,0.13598564,-0.09268037,-0.5100866,-0.38002524,-0.45987687,-0.60990113,-0.38849437,-0.5463828,-0.296544,-0.38063017,-0.5941728,-0.5929629,-0.61655545,-0.90692496,-0.91297436,-0.48104966,-0.18644553,0.14022021,-0.56513584,-1.0660233,-1.2819855,-1.0714678,-1.1138133,-0.09328531,0.13477577,-0.5481976,-0.15196417,-0.64196277,-0.40966713,-0.9341471,-1.106554,-2.9994004,-2.7949317,-2.9794376,-2.8360677,-2.3521183,-2.4628217,-2.727784,-2.2758963,-2.3980935,-2.3424394,-1.6382934,-1.5348492,-1.3382448,-1.021258,-0.9631841,0.6398978,1.1916,1.3712661,1.5031422,0.9363167,0.5001574,0.7760085,0.8715885,1.1964394,1.2914145,1.4698707,1.457167,1.3343649,1.4184512,1.8134747,1.4843893,1.3567476,1.2357603,0.8891316,0.647157,0.51286113,0.3543677,0.3622319,0.3549727,0.008948968,-0.21729732,0.07791174,-0.2402849,-0.3709512,-0.51432115,-0.2983588,-0.2336306,-0.42902508,-0.4998027,-0.41511154,-0.25903794,-0.58872837,-0.5802592,-0.582679,-0.5179508,-0.32074147,-0.2929144,-0.59054315,-0.5524321,-0.8815176,-0.51432115,-0.8131598,-0.773234,-1.5251702,-1.563886,-2.3200567,-2.0006504,-1.5687256,-1.8609098,-1.9365269,-2.0847366,-2.060539,-2.1766868,-2.6098213,-2.43197,-2.899586,-0.6347035,-1.1531341,-1.0424308,-1.5463428,-1.469516,-1.1821711,-1.0037148,-1.0248877,-0.5711852,-0.6244196,-0.51250637,-0.5415433,-0.4750003,-0.6667652,-0.5959876,-0.90329534,-0.2402849,-0.32074147,-0.18826036,-0.39817333,-0.0600138,-0.42055598,-0.24451946,-0.21850719,-0.5663457,-0.2832354,-0.15559378,-0.13381606,-0.19007516,-0.4556423,-0.52883965,-0.5675556,-0.4919385,-0.63349366,-0.4949632,-0.58509874,-0.39696348,-0.79077715,-1.4477383,-1.4967381,-1.5021825,-1.3382448,-1.0769122,-1.5421083,-1.9728233,-1.8778481,-1.8433669,-1.7193547,-1.020653,-1.4525777,0.06157845,0.7227741,0.07307224,-0.13260618,-0.5469877,-0.8518758,-0.5379137,-0.10054455,-0.3116674,0.23701005,0.06944262,0.21341752,0.20736815,0.28480002,0.38642937,0.43361443,0.5261697,0.742737,0.4928982,-0.05638418,0.16925715,-0.029766971,0.33198506,0.10452895,0.3011333,-0.07997671,0.001084792,-0.021902798,-0.3576426,-0.4508028,-0.32195133,-0.081186585,-0.15075429,0.26544204,-0.018878115,0.28480002,0.752416,0.8207738,0.29871356,0.013183522,1.0839212,1.1468346,0.74394685,0.9841067,0.8352923,0.8945761,0.71672475,0.694947,1.4172412,0.8135146,0.3059728,0.051899463,1.0240325,1.3791302,1.8279932,1.7293886,1.3591673,1.1444149,0.6302188,0.14868931,0.05613402,0.21462739,-0.4665312,-0.90450525,-1.3957138,-1.7120956,-0.95411,-1.0327518,-0.79138213,-1.4549974,-1.2916646,-0.88030773,0.33500975,0.20615828,0.34468874,0.7149099,0.77177393,0.2478989,-0.17374188,-0.791987,-0.6806787,-1.0533196,-1.0944552,-0.94503593,-0.7417773,-0.31529704,-0.23060592,0.418491,0.34831837,1.0784768,0.9369216,-0.094495185,-0.1973344,-0.220322,-0.44414854,-0.8676041,-0.41571653,0.084566034,0.50136733,0.1535288,0.67921865,0.72095925,0.5316141,0.837712,1.0936003,0.8195639,0.65381134,0.65441626,0.4154663,0.45599708,0.8310577,0.5322191,0.70644087,0.7923418,0.25515813,-0.258433,-0.09328531,-0.13321112,0.46749088,0.7348728,0.5872683,0.73366296,0.096664764,0.15110905,1.3125871,-1.2807758,-0.5784444,-0.14893948,-0.19612452,-0.8373573,-0.66857994,-0.9565298,-1.010974,-0.8863571,-0.95713466,-0.16224808,-0.3080378,0.010158841,-0.65285164,0.025887191,0.30778763,-0.49798787,-0.7054812,-0.1047791,-0.45140776,0.027097065,0.041615542,0.15171398,0.18559043,0.45418227,0.87098354,0.6846631,0.7372926,1.1928098,1.3579575,1.3283155,1.4910434,0.8237985,0.65683603,0.91574883,1.6737344,1.7209195,1.6670802,1.6156605,1.095415,0.6749841,1.3186365,1.5182657,1.867919,1.2902045,1.1565136,1.1413902,1.0772669,0.9121192,0.78145295,1.0548843,1.0796866,0.9865264,1.4142165,2.2260413,2.5133862,2018-04-17
CVGW_BTI,-0.44448557,-0.33138528,-0.27713972,-0.29356703,-0.41316733,-0.3650672,-0.18448491,-0.06795734,-0.19630313,-0.49577662,-0.4717857,-0.4096219,-0.4457856,-0.30302158,-0.35277626,-0.11274837,-0.2064668,-0.16226669,-0.35762173,-0.36743084,-0.43987647,-0.47403112,-0.49234933,-0.357149,-0.32476708,0.23352526,0.47296226,0.52732605,0.6560264,0.59669894,0.54682606,0.42202577,0.40772572,0.3628165,0.3667165,0.20374337,0.032379285,-0.09703014,-0.09431195,-0.14690301,-0.11700293,-0.10163925,-0.06263915,-0.15801212,-0.0926574,-0.02505723,-0.06724825,-0.099275604,-0.05755731,-0.048220925,-0.16983034,-0.14146663,-0.31034887,-0.28954884,-0.3604581,-0.25102147,-0.3166125,-0.37546724,-0.18507583,-0.2163941,0.14477049,-0.2037486,-0.058739133,-0.0039026279,0.11522496,-0.18578492,-0.26579422,-0.49258572,-0.4650493,-0.38054907,-0.3391853,-0.43172196,-0.42392188,-0.51019484,-0.5091312,-0.5309949,-0.46410385,-0.50357664,-0.40513095,-0.3300853,-0.20563953,-0.09301195,0.120543145,0.44578037,0.5568716,0.83069956,0.8882542,0.739463,0.72197205,0.7200811,0.77184486,-0.30751252,-0.03687544,-0.179994,-0.25953057,-0.26413965,-0.3844491,-0.4689493,-0.7751592,-0.8669867,-0.8710049,-0.83815026,-0.8103774,-0.6262497,-0.5598313,-0.71098626,-0.79584104,-0.7999774,-0.8207775,-1.0498145,-1.047569,-1.2274421,-1.0756963,-1.1718966,-1.2673877,-1.2639604,-1.1171782,-1.14046,-1.253324,-1.346688,-1.4180698,-1.3042606,-1.1947057,-1.0550145,-0.9270232,-1.0175507,-1.1657511,-1.0265325,-0.9640142,-0.9898961,-1.0049052,-0.87915945,-0.838623,-0.859423,-0.75034094,-0.7579046,-0.5458858,-0.45405835,-0.46445838,-0.5174039,-0.51184934,-0.44141284,-0.59753144,-0.61514056,-0.6071042,-0.65402246,-0.48171297,-0.38090363,-0.27229422,-0.21816683,-0.20292133,-0.051530022,-0.25964877,-0.32429436,-0.32854894,-0.22726685,-0.28553063,-0.11842111,-0.031084517,-0.15801212,-0.06346642,-0.3299671,-0.29853067,-0.20197587,-0.116530195,-0.30550343,-0.4139946,-0.4671766,-0.43668556,-0.4780493,-0.41765824,-0.60119504,-0.5683404,-0.5183494,-0.4420038,-0.38574907,-0.30585796,-0.30857617,-0.14347573,-0.17798491,-0.12858479,-0.08757558,0.04490659,0.270989,0.37699836,0.45712584,0.3515892,0.27666175,0.13921592,0.08024304,-0.11995748,-0.25953057,-0.2514942,-0.116884746,-0.3038489,-0.40383095,-0.41174915,-0.49719477,-0.40241277,-0.36199448,-0.41245824,-0.3909491,-0.33126712,-0.44885835,-0.3949673,-0.251376,-0.03356634,-0.21651228,-0.020566309,0.3950802,0.09643399,0.16958873,0.11534314,-0.10813927,-0.6185679,-0.72611356,-0.96744144,-0.74159545,-0.14654846,-0.19228494,-0.20138496,-0.32961258,-0.42356738,-0.44791287,-0.34911263,-0.40394914,-0.2972307,-0.2428669,-0.17550308,-0.34993988,-0.39591274,-0.2031577,-0.24393052,-0.2906125,-0.29226702,-0.19795768,-0.30786705,-0.28801247,-0.24014871,-0.32453075,-0.36683995,-0.47048566,-0.4650493,-0.49093112,-0.58405864,-0.68274075,-0.729659,-0.8991322,-0.805532,-0.6756498,-0.6158497,-0.69786805,-0.60296786,-0.59835875,-0.6007224,-0.6612316,-0.68912256,-0.6136042,-0.59788597,-0.69195896,-0.71973175,-0.56964046,-0.5987132,-0.69184077,-0.6514225,-0.5684586,-0.6366497,-0.77397734,-0.8121502,-0.70401347,-0.63499516,-0.57094043,-0.61041325,-0.7840228,-0.72564083,-0.73485905,-0.6856953,-0.6360588,-0.56704044,-0.80872285,-0.094902866,-0.0072117276,0.1010431,0.3253528,0.32027096,0.43703488,0.7231538,0.52791697,0.5073533,0.40772572,0.28020722,0.30301633,0.14276138,-0.021866312,0.39200747,0.50723505,0.19275244,-0.006502635,-0.10483017,-0.16533943,-0.24452144,-0.060157325,-0.051530022,0.055188436,0.019851979,-0.023284497,0.0475066,-0.063939154,-0.07599373,-0.050702747,0.09347944,0.040770218,0.0030701174,-0.0008298927,0.079179406,0.08887034,0.064997554,-0.021866312,-0.10837563,-0.058739133,-0.20126678,0.05152479,-0.038884535,-0.015957206,0.04868842,-0.26484877,-0.43361282,-0.6625316,-0.59788597,-0.6185679,-0.7584955,-0.92962325,-0.8102592,-0.8129775,-0.77846825,-0.7248136,-0.75376815,-0.8031683,-0.6306224,-0.6016678,-0.71098626,-0.7061408,-0.80635923,-1.0221598,-0.95042324,0.040179305,0.25739804,0.3073891,0.16001597,0.20622519,0.47520772,0.35454375,0.5641989,0.45665312,0.2524344,0.13555227,0.043961134,-0.06512097,-0.02233904,-0.06346642,-0.22064865,-0.17822127,-0.24251235,-0.22454865,-0.32181257,-0.06795734,0.034388382,0.077052124,0.15635233,0.18400696,0.24427983,0.06547028,0.14157957,0.3551347,0.21154338,0.19180697,0.045615684,0.4249803,0.4421167,0.27937993,0.4488531,0.28528905,0.06511573,-0.0026026245,0.11368859,0.16072507,0.022570167,0.1750251,0.35501647,0.3602165,0.47934413,0.8884907,1.059382,1.243037,1.3160735,1.5091832,1.4003375,1.2949189,0.8298723,0.5459988,0.19972518,0.16048871,0.06606119,-0.06594825,-0.06583006,-0.06417552,-0.16439396,0.09655217,0.15079777,0.1453614,0.32157093,0.30561635,0.33693463,0.08757033,0.112861305,0.19050696,0.11167949,-0.093248315,0.91638166,0.7552993,0.72563565,0.8192359,0.5464716,0.5865353,0.5205897,0.50321686,0.47993502,0.63841724,0.4787532,0.25018895,0.24747077,0.28044355,0.14961596,0.07681576,0.03698839,0.14855231,0.041952036,-0.27713972,-0.25586691,-0.4417674,-0.5217767,-0.6552043,-0.84193206,-0.9436869,-0.8515048,-0.9508959,-0.9742961,-0.9975779,-0.81983197,-0.9460505,-0.9893052,-0.9790234,-0.9578687,-0.8824685,-0.88672304,-0.6924317,-0.85635024,-0.95621413,-0.81557745,-0.7661773,-0.82219565,-0.9850506,-1.065178,-0.99391425,-1.1558237,-1.2731786,-1.3906517,-1.478461,-1.6285523,-1.0946054,-1.1376238,-0.9129595,-0.92867774,-1.0403599,-0.82432294,-0.8647412,-0.80009556,-1.2211785,-1.1076055,-1.2925606,-1.3231697,-1.3412515,-1.3814335,-1.3291969,-1.3076878,-1.3270698,-1.2808605,-1.2807423,-1.2584058,-1.1718966,-1.1548784,-1.004078,-1.0624598,-1.1773329,-1.2631332,-1.1528692,-1.0707327,-0.91390496,-0.93600506,-0.830232,-0.8704139,-0.8603685,-1.1619692,-1.0056143,-0.9429778,-0.83460474,-0.97855055,-0.9998234,-1.0374053,-1.0375235,-1.0604508,-1.083969,-1.0567873,-1.0233417,-0.9584596,-1.1406965,-1.2649059,-1.2971696,-1.5367248,-1.507061,-1.3868698,-1.4227972,-1.4133426,-1.1618512,-1.1367965,-1.2692786,-1.2314603,-1.229924,-1.3535424,-1.1928148,-1.2002603,-1.3397152,-0.9192231,-0.7705501,-0.4721402,-0.10530289,-0.25362146,-0.19984859,-0.36152175,-0.5157494,-0.9429778,-1.0801873,-1.0431962,-1.0096325,-0.8375593,-0.85103214,-0.88495034,-0.7935956,-0.785441,-0.6235315,-0.6650134,-0.5948132,-0.63038605,-0.6788407,-0.6406679,-0.62991333,-0.5176403,-0.6794316,-0.70188624,-0.6092315,-0.59114957,-0.3744036,-0.34615806,-0.45358562,-0.6189224,-0.28009424,-0.2678033,-0.19760314,-0.37948543,0.31968004,0.7983177,0.5985899,0.5062896,0.3964984,0.27252537,0.3502892,0.35076192,0.3033709,0.5199988,0.61028993,0.76569945,0.6264809,0.4383349,0.37108928,0.5679807,0.3973257,0.4819441,0.45700768,0.2643708,0.35088012,0.32547095,0.27453446,0.13945228,-0.025411777,-0.0015389855,-0.119366564,0.0798885,-0.23589416,-0.20859407,-0.15990305,-0.039357267,0.10718857,0.14016138,0.16155234,0.35501647,0.37853473,0.46953496,0.43514395,0.29923454,0.32346186,0.3840893,0.46421677,0.5509625,0.60225356,0.7840176,0.7450175,0.65153545,0.8371996,0.62600815,0.36600742,0.15375233,0.0057883062,0.04478841,0.026115632,0.057433896,0.021388346,0.034506563,0.06606119,0.05660662,-0.0015389855,0.103761286,-0.10057561,-0.18129401,0.03273383,0.066415735,0.36163467,0.14524321,0.09655217,-0.033920888,-0.088993765,-0.2004395,-0.08296648,-0.060275503,-0.015248112,0.04100658,0.27406174,0.21544339,0.243098,0.18648876,0.27193448,0.14807959,0.19996154,0.23730707,0.25077984,0.43313488,0.7297721,0.8973543,0.7682994,0.7814176,0.52118057,-0.014420837,0.005670124,-0.090293765,-0.24523054,-0.029784514,0.22288887,0.34851646,0.41115302,0.31601638,0.56242615,0.86792696,0.6803719,0.7080265,0.79169947,0.6547264,1.2607644,1.2066369,1.3471555,1.3429009,1.5490106,1.3950192,1.5630742,1.7095019,1.5178105,1.3126463,1.5496016,1.3042554,1.4080192,1.3872192,1.177446,1.1020458,0.862136,0.84594506,1.2673825,1.0351546,1.2864099,1.2524916,1.3328555,1.261828,1.4424102,1.6660109,1.5128467,1.7304201,1.8905568,2.038639,1.9774207,2.2871761,2.363049,2.3918853,2.4210763,2.2305667,2.3286579,2.4037037,2.1010392,2.2945035,2.4581854,2.5282674,2.43254,2.4562948,2.2813852,2.5294492,2.4993129,2.7025862,2.8126137,3.1029873,3.272224,3.5579884,3.3654697,3.3717334,3.4439428,3.6652977,3.8035707,3.6312613,3.4159334,3.4401608,3.5667338,3.352706,3.4043517,3.6073885,3.7366798,3.5429792,3.2407877,2.8792686,2.9720416,3.1924512,3.3931243,3.5416794,3.6376433,3.952126,4.2664905,2018-04-17
CVGW_BUD,-1.107878,-1.0093459,-1.0024513,-1.0757612,-1.1397328,-1.0363134,-1.0264516,-0.9504362,-1.0076877,-1.1771733,-1.115558,-1.089376,-1.0867577,-0.94092333,-1.0000076,-0.86447155,-0.9650109,-0.8975483,-1.034219,-1.0840522,-1.1231508,-1.1199217,-1.1256818,-1.1042125,-1.1130271,-0.84553313,-0.67648405,-0.63433087,-0.7624486,-0.71121895,-0.7190736,-0.7946526,-0.8041654,-0.8225802,-0.784267,-0.7734451,-0.8334021,-0.86002064,-0.8537369,-0.9253886,-0.9669309,-0.96134543,-0.9398761,-1.019557,-1.0235715,-0.9881384,-1.0113533,-1.0139714,-0.9298396,-0.9410979,-1.0557755,-1.0408517,-1.1251582,-1.1361547,-1.1169544,-1.0425099,-1.0653757,-1.1168672,-0.9984367,-1.0138842,-0.7949144,-1.0923432,-0.9973022,-0.95715624,-0.785227,-0.8738971,-0.7065934,-0.75293577,-0.7895034,-0.6816332,-0.6739531,-0.7844416,-0.77231055,-0.8173438,-0.86682796,-0.8893445,-0.8500714,-0.819962,-0.73818654,-0.70589525,-0.62665075,-0.56425005,-0.49347106,-0.4222557,-0.3379493,-0.062077105,-0.044185992,-0.1358234,-0.19002037,-0.26673394,-0.21681339,-0.9612581,-0.8401222,-0.8556569,-0.9345524,-0.8865518,-0.9753092,-1.0201678,-1.2132173,-1.2901927,-1.2511814,-1.2384394,-1.1412165,-1.081434,-1.0395427,-1.0602264,-1.1491584,-1.1665258,-1.1406928,-1.2205483,-1.2729125,-1.3340914,-1.2363449,-1.2605196,-1.2741344,-1.2133919,-1.1326636,-1.1310054,-1.3126221,-1.3914303,-1.2945564,-1.1895661,-1.1214054,-1.065812,-0.94467616,-1.0264516,-1.1968971,-1.0831795,-1.0870196,-1.0092586,-1.0083859,-0.99695307,-0.977491,-0.9493016,-0.89222455,-0.9645745,-0.9541017,-0.91168666,-0.92416674,-1.0142332,-1.084314,-1.0296807,-1.090685,-1.1295218,-1.0860596,-1.0200806,-0.9732146,-0.935076,-0.8985956,-0.86071885,-0.8354094,-0.7801652,-0.8645589,-0.9620436,-1.0069022,-0.9155267,-0.97190547,-0.93664694,-0.87014437,-1.0147569,-0.9920657,-1.1534348,-1.0955724,-0.9808074,-1.0110914,-1.21217,-1.2782363,-1.3127966,-1.2071081,-1.2350358,-1.1989917,-1.3309495,-1.2987455,-1.3130585,-1.2934219,-1.2413194,-1.1352819,-1.2462068,-1.1421765,-1.1312673,-1.0626701,-1.0293316,-0.9781019,-0.961869,-0.8944937,-0.8158601,-0.901301,-0.96911275,-1.1032524,-1.0754994,-1.1709769,-1.1729841,-1.1090997,-1.0095205,-1.1653041,-1.1838933,-1.2262211,-1.2421921,-1.0850122,-1.054641,-1.2059736,-1.1170417,-1.0148442,-1.0552518,-0.97836375,-0.89318466,-0.76812136,-0.95715624,-0.8437877,-0.54731894,-0.635029,-0.5894722,-0.6025632,-0.6699385,-1.0411135,-1.0902486,-1.1885189,-1.0552518,-0.6058796,-0.6221125,-0.66426575,-0.6455891,-0.7191608,-0.69568425,-0.63598907,-0.5902576,-0.6839896,-0.6616475,-0.70694256,-0.80207086,-0.835584,-0.6636548,-0.6998733,-0.66836756,-0.6456764,-0.63197446,-0.6874805,-0.62979263,-0.58938485,-0.62499255,-0.57315195,-0.5837121,-0.59767586,-0.65780747,-0.7829579,-0.7916853,-0.76131403,-0.9266104,-0.89205,-0.9029592,-0.82502383,-0.83305305,-0.7481357,-0.74961936,-0.6979534,-0.68172044,-0.7196845,-0.71654266,-0.69830245,-0.7604413,-0.76480496,-0.7411538,-0.6916697,-0.7347828,-0.72431,-0.71715355,-0.6766586,-0.8045146,-0.8019836,-0.7571249,-0.7097353,-0.6783168,-0.66915303,-0.78313243,-0.76497954,-0.74761206,-0.77990335,-0.8663916,-0.8004126,-0.85687876,-0.35549134,-0.24351914,-0.19106764,0.009836433,-0.076215446,-0.06294984,0.058011524,-0.108855814,-0.011371076,-0.06844808,0.012018277,0.043524086,-0.039124116,-0.08005549,0.006781854,0.07825903,0.01795289,-0.022629386,-0.07001901,-0.10903036,-0.014338383,-0.03563317,-0.03476043,0.024847513,0.052164182,-0.012942004,0.030956673,-0.004301907,0.016905606,-0.0037782649,0.0776481,0.0142873945,0.016207416,-0.0075310348,0.046316847,0.00093451556,0.07895721,-0.016520226,-0.11234676,-0.027691262,-0.025683966,0.051640544,-0.0032546227,0.010970993,0.0056472956,-0.21018058,-0.29570884,-0.34510574,-0.3551422,-0.3753025,-0.43141943,-0.5401625,-0.51048946,-0.48893285,-0.37905523,-0.40689558,-0.45437244,-0.48727465,-0.42557213,-0.43045947,-0.5568318,-0.5330061,-0.56582093,-0.56425005,-0.58807576,0.18132928,0.2795995,0.19503124,0.18996938,0.17844926,0.33842197,0.28535953,0.3504657,0.26999938,0.16527091,0.09580104,0.035756726,-0.0127674565,-0.09096471,-0.07412087,-0.17055833,-0.15615816,-0.19132945,-0.112957686,-0.1673292,-0.16532192,-0.13111061,-0.18050753,-0.17178017,-0.25469017,-0.19743863,-0.2395918,-0.2825305,-0.19010763,-0.24919194,-0.32503277,-0.39118627,-0.35339674,-0.25687203,-0.3346329,-0.29815248,-0.3897899,-0.32520735,-0.2987634,-0.29387608,-0.28026137,-0.27310494,-0.21201332,-0.05657886,-0.09279745,-0.033974968,0.054782398,0.32245088,0.44899774,0.521784,0.66142195,0.5840101,0.55547166,0.25271916,0.05862244,-0.21192606,-0.1908931,-0.2702249,-0.32869828,-0.39162263,-0.3299201,-0.35165128,-0.20895876,-0.21297334,-0.19176583,-0.06155346,-0.018091153,-0.01782933,-0.14018707,-0.10047754,0.0044254637,-0.06617897,-0.1918531,0.5348751,0.3903498,0.36530223,0.42639387,0.237359,0.20035495,0.17888561,0.16902368,0.19258758,0.277854,0.12521227,-0.038076833,0.023625681,0.045444112,0.0107964445,-0.038338654,-0.04854968,-0.09183744,-0.09017924,-0.1719547,-0.14018707,-0.21201332,-0.2221371,-0.12823057,-0.20826055,-0.3005089,-0.303738,-0.3054835,-0.34536755,-0.356975,-0.16226733,-0.24639916,-0.24753372,-0.21114059,-0.22300982,-0.18609303,-0.24805738,-0.20250049,-0.264203,-0.3107199,-0.20799874,-0.15676908,-0.19700225,-0.18652941,-0.26498848,-0.19726408,-0.35025492,-0.39851728,-0.4339504,-0.6281344,-0.7218663,-0.3492076,-0.39232084,-0.2389809,-0.24299549,-0.29335243,-0.11740864,-0.096026585,-0.004301907,-0.2509374,-0.1566818,-0.24919194,-0.26315573,-0.23522814,-0.19455859,-0.13809252,-0.16218005,-0.10719762,-0.059546165,-0.0090146875,-0.0554443,0.028862104,0.08384454,0.16239087,0.16003448,0.054782398,0.107670255,0.23072621,0.26642114,0.39715716,0.35701126,0.35002935,0.40204448,0.3897389,0.27043575,0.32986912,0.39113525,0.42342654,0.31442168,0.25978833,0.26999938,0.20428227,0.030171208,0.050593257,0.13891424,0.15113257,0.2459991,0.12032494,0.077299014,0.07145167,0.008440055,0.041167695,0.06028064,0.12285589,0.18604206,0.2689521,0.3279491,0.30822527,0.3544803,0.36861864,0.33309826,0.46261245,0.514453,0.40649542,0.74747384,0.8864136,1.0399281,1.1241472,1.017935,1.0145314,0.99096745,0.8707916,0.6451018,0.58078104,0.5057256,0.5353987,0.5609699,0.5786865,0.5249258,0.5284168,0.5683009,0.6273852,0.61900693,0.61289775,0.6116759,0.4694198,0.49507824,0.37498963,0.48399448,0.5123584,0.48940545,0.6389926,0.62066513,0.6791385,0.8322167,0.801409,0.8714898,0.89261,0.8920864,0.8415549,0.64536357,0.66037464,0.7603904,0.7539321,0.7652777,0.78360516,0.7606522,0.778107,0.65208364,0.69188046,0.7171026,0.7932926,0.88143903,0.8233147,0.66369104,0.49664918,0.59465754,0.52832955,0.52483857,0.5338278,0.49420553,0.53557324,0.5535516,0.44306314,0.3317019,0.25027552,0.32192722,0.17146735,0.37429145,0.2117878,0.29967242,0.32559273,0.32384723,0.41024822,0.38022605,0.5317332,0.61638874,0.5611444,0.6133341,0.58008283,0.55477345,0.5341768,0.60862136,0.71457165,0.7012188,0.7266155,0.8676498,0.7802015,0.7694669,0.69336414,0.669102,0.55311525,0.5247513,0.41967377,0.39933902,0.36765862,0.3703641,0.31712717,0.31066892,0.26938844,0.35552758,0.3289964,0.32480726,0.38057515,0.45292506,0.6457127,0.5332169,0.67564756,0.57667917,0.56323904,0.5175949,0.472998,0.42403746,0.5493625,0.5443879,0.5866284,0.60547954,0.75052845,0.7368265,0.878559,0.901861,0.94584703,0.99410933,0.9618181,0.9374687,0.8848427,1.0168878,1.1212671,1.154344,1.1581839,1.1924825,1.1237109,0.9928003,0.9059629,0.8518532,0.7881434,0.9725528,1.1710132,1.0982269,1.1491075,1.1570494,1.3110002,1.470362,1.4238452,1.4258523,1.4683548,1.4145068,1.9000105,1.904985,2.0077062,1.9170288,2.026732,1.9915606,2.1009145,2.1911557,2.0886962,2.043663,2.159126,2.1123474,2.2054684,2.1193295,2.1583407,2.104493,2.0652196,2.0255973,2.0741217,2.0366812,2.0784853,2.08634,2.0717652,2.0462813,2.0332775,1.964593,1.9199089,2.0498595,2.0722888,2.0845072,2.1314604,2.2896876,2.4255726,2.4968755,2.4323802,2.3185751,2.3098478,2.212363,2.2049448,2.2835784,2.273804,2.1289294,1.9405928,1.9124906,1.7636017,1.9015814,1.8672829,2.0410447,2.1097293,2.2959714,2.3575866,2.6585934,2.5113628,2.440322,2.3521755,2.424351,2.4355218,2.394416,2.3677976,2.460133,2.5470576,2.531174,2.6030874,2.7280636,2.9780152,2.9492147,2.751453,2.5642507,2.6152184,2.7557292,2.8905668,2.9815059,3.0428596,3.1772609,3.2187161,2018-04-17
EL_BUD,-0.82394385,-0.8233895,-0.7789267,-0.8484483,-0.8097513,-0.68412447,-0.48221236,-0.529558,-0.47722274,-0.5528982,-0.53981435,-0.54242,-0.54907286,-0.50627327,-0.53643256,-0.49873346,-0.52722955,-0.54114497,-0.54153305,-0.4592602,-0.48005018,-0.50422204,-0.53266263,-0.53560096,-0.48503977,-0.5840554,-0.60800546,-0.5709716,-0.64259994,-0.5312767,-0.4998977,-0.53881645,-0.58782536,-0.5985252,-0.58150524,-0.5384284,-0.5346585,-0.5471879,-0.5295026,-0.6109992,-0.6759193,-0.6852887,-0.70674396,-0.6544087,-0.64221185,-0.5779016,-0.5785114,-0.56919754,-0.5017272,-0.46192133,-0.5456356,-0.5931476,-0.7028631,-0.6135494,-0.62369496,-0.61565614,-0.6555729,-0.69022286,-0.69831705,-0.6496963,-0.62873995,-0.59153986,-0.59142894,-0.6409922,-0.59431183,-0.5479086,-0.40930888,-0.42122847,-0.4172368,-0.3680616,-0.38463813,-0.4380822,-0.38086823,-0.44689715,-0.39938515,-0.42666155,-0.36894864,-0.37454808,-0.6686567,-0.62142193,-0.5757949,-0.57368815,-0.6066749,-0.7331333,-0.7406731,-0.6586775,-0.61898255,-0.5929258,-0.59558696,-0.6482548,-0.63101304,-0.59159523,-0.6373332,-0.67824787,-0.7430016,-0.76822674,-0.7313038,-0.7011445,-0.6935493,-0.8609777,-0.8055378,-0.8548793,-0.7033067,-0.68079805,-0.63894093,-0.6023506,-0.6121635,-0.64077044,-0.51026493,-0.47711188,-0.47300932,-0.5513459,-0.4754487,-0.44401425,-0.48659208,-0.43148485,-0.43592003,-0.42133933,-0.56243384,-0.6020734,-0.53460306,-0.5081582,-0.58682746,-0.5870492,-0.55555934,-0.5772918,-0.6374441,-0.6308467,-0.6233623,-0.6867855,-0.7116781,-0.8475058,-0.51802653,-0.50444376,-0.5644852,-0.5597173,-0.61560076,-0.6442632,-0.61310595,-0.6821841,-0.7473259,-0.80354196,-0.8468405,-0.96858656,-0.91242594,-0.8346438,-0.87395066,-0.8396888,-0.8716222,-0.8986769,-0.9042209,-0.9458562,-0.90327835,-0.9429179,-0.9163067,-0.861643,-0.81013936,-0.7989959,-0.7893494,-0.74422127,-0.76235014,-0.7138402,-0.60495627,-0.58599585,-0.57967573,-0.6507496,-0.6040138,-0.6004102,-0.6017408,-0.6276866,-0.6374995,-0.6423782,-0.6267442,-0.644873,-0.6184836,-0.5791767,-0.66566294,-0.7351846,-0.6962658,-0.7500425,-0.6756422,-0.65429777,-0.62031317,-0.70059013,-0.6893912,-0.6576796,-0.6606179,-0.65568376,-0.7789267,-0.81008387,-0.8515529,-0.79600215,-0.81435275,-0.8275475,-0.8019897,-0.7270349,-0.6255799,-0.30602437,-0.28950325,-0.27298218,-0.38020295,-0.42333516,-0.3641808,-0.3834739,-0.33002985,-0.23766696,-0.21992618,-0.23556027,-0.21127756,-0.1789561,-0.06669032,-0.08027309,-0.08271245,-0.09962162,-0.114590384,-0.12052245,-0.15245582,-0.1888244,-0.15994021,-0.16005109,-0.20789573,-0.1649298,-0.11159662,-0.09474291,-0.15034913,-0.13987097,-0.21587907,-0.19658598,-0.28584424,-0.27431273,-0.2636683,-0.25524142,-0.29560167,-0.32021698,-0.29615608,-0.25385544,-0.27492255,-0.23727888,-0.18893528,-0.18178354,-0.16404277,-0.13222027,-0.17535251,-0.21665522,-0.30458292,-0.30796474,-0.3107922,-0.3574726,-0.36024457,-0.42677245,-0.4158508,-0.3971121,-0.33174846,-0.303585,-0.22763234,-0.26516515,-0.24653736,-0.421173,-0.3738828,-0.4288237,-0.3864122,-0.46336278,-0.3933422,-0.38984948,-0.39672402,-0.45160952,-0.4621431,-0.43913555,-0.48919776,-0.4651923,-0.48287764,-0.45593384,-0.47777715,-0.5174721,-0.56498414,-0.49479723,-0.5039448,-0.52085394,-0.4877009,-0.48781177,-0.55029255,-0.5534526,-0.60218424,-0.58327925,-0.49540704,-0.46513683,-0.4089208,-0.488976,-0.4886988,-0.43885836,-0.4427946,-0.50200444,-0.4732865,-0.43386877,-0.50477636,-0.60490084,-0.6107775,-0.61488,-0.69953674,-0.6498626,-0.5954761,-0.5961968,-0.5436952,-0.48343205,-0.46047992,-0.4761694,-0.46746534,-0.39062566,-0.34461054,-0.38164437,-0.36828336,-0.41413215,-0.39844266,-0.42560822,-0.42383415,-0.44900385,-0.34926748,-0.47833157,-0.5375414,-0.38979402,-0.38125628,-0.32343248,-0.33951005,-0.342781,-0.3314713,-0.3339106,-0.3722196,-0.4190663,-0.43453404,-0.41346687,-0.464527,-0.44817224,-0.34727165,-0.5112629,-0.5032795,-0.52151924,-0.5613251,-0.5207985,-0.53576726,-0.54020244,-0.564208,-0.5597728,-0.5968066,-0.6170976,-0.65823406,-0.70857346,-0.6916643,-0.6251918,-0.6062314,-0.5907637,-0.6144365,-0.64675796,-0.6406596,-0.6927731,-0.7137848,-0.7044155,-0.7571388,-0.7907908,-0.839966,-0.774935,-0.8686839,-0.88642466,-0.8048725,-0.75991076,-0.78763074,-0.7757111,-0.7000912,-0.72526085,-0.7476031,-0.78036815,-0.7096822,-0.70873976,-0.7912344,-0.76750606,-0.75370157,-0.77842766,-0.81030566,-0.7804235,-0.7259816,-0.7128423,-0.67120695,-0.6600081,-0.50278056,-0.4268279,-0.45582297,-0.6911653,-0.73501825,-0.7550875,-0.7019207,-0.7873535,-0.69038916,-0.6956005,-0.66771424,-0.58860147,-0.6155453,-0.6280747,-0.5909854,-0.5956978,-0.615878,-0.60118634,-0.59120715,-0.58699375,-0.6085599,-0.5996895,-0.6026278,-0.5995786,-0.646259,-0.6311239,-0.6381093,-0.6005211,-0.5010619,-0.5045546,-0.58721554,-0.5998558,-0.578955,-0.5596619,-0.678026,-0.66189307,-0.59808177,-0.59020925,-0.5331062,-0.5736328,-0.59370196,-0.64631444,-0.6723712,-0.72930795,-0.6586775,-0.6063977,-0.6576796,-0.6030159,-0.6515258,-0.684069,-0.6238613,-0.6038475,-0.6204794,-0.5757949,-0.5810062,-0.5860513,-0.56248933,-0.58599585,-0.5238477,-0.46086797,-0.4228362,-0.4859268,-0.47112438,-0.44656453,-0.51680684,-0.4118037,-0.38136718,-0.3834739,-0.3640145,-0.42660612,-0.4310413,-0.42095128,-0.4482277,-0.45998096,-0.43054235,-0.4686296,-0.37842885,-0.41274616,-0.43059778,-0.4289346,-0.4396345,-0.48293304,-0.49379927,-0.44301632,-0.38452727,-0.4661902,-0.4354765,-0.44578832,-0.38912877,-0.41463113,-0.28407016,-0.31511652,-0.32659256,-0.33773598,-0.38868523,-0.39467275,-0.3711108,-0.3601337,-0.34139502,-0.3428919,-0.36595488,-0.39084738,-0.40648144,-0.4055944,-0.38425004,-0.39899707,-0.49573967,-0.41640517,-0.3962805,-0.4422956,-0.43802676,-0.42860198,-0.40382034,-0.40576074,-0.36961392,-0.3866894,-0.3499882,-0.36018914,-0.31356418,-0.3351303,-0.41601712,-0.38219878,-0.30951706,-0.33152673,-0.3751579,-0.38386196,-0.39339763,-0.21377236,-0.37410453,-0.35364723,-0.3238206,-0.3044166,-0.24265656,-0.30236533,-0.32825577,-0.33873388,-0.40110376,-0.3626285,-0.32698062,-0.30380678,-0.28562248,-0.34095147,-0.28445825,-0.24986374,-0.22990538,-0.16154797,-0.16121534,-0.15084808,-0.09263619,-0.0893098,-0.081271015,-0.040689006,0.013198571,0.058160324,0.056275368,0.06231832,0.08709995,0.13034308,0.107446395,0.13655233,0.075180374,0.10084905,0.12252604,0.09779985,0.054113217,0.057883125,0.07667725,0.1030112,0.13150732,0.12014213,0.12801461,0.070745185,0.027502064,-0.0009386015,-0.0021582793,-0.009698105,-0.014521376,-0.020120807,0.029941421,0.025617108,0.05111946,0.03925532,0.10633759,0.12430012,0.17203388,0.12934516,-0.04845059,-0.02777151,-0.0130799385,-0.008034908,0.016414085,-0.030377185,-0.015851935,0.10240136,0.15118848,0.33003756,0.2663926,0.16488214,0.22608776,0.20296934,0.18323274,0.06337167,0.48382786,0.50012714,0.4286097,0.4118114,0.5009033,0.5087758,0.5006261,0.4736823,0.4451308,0.49768782,0.5403765,0.53527606,0.5232456,0.48022422,0.5025666,0.49502668,0.50140226,0.5506329,0.5594479,0.5682074,0.6196556,0.626142,0.6784219,0.60562927,0.58766675,0.59542835,0.5757472,0.5753037,0.44507533,0.5155949,0.5443682,0.52524143,0.57890725,0.5353315,0.54891425,0.5194757,0.4669741,0.47246268,0.44673857,0.505394,0.5096628,0.4598778,0.4380899,0.41890773,0.38398057,0.40976015,0.50483954,0.6234255,0.69350153,0.7187821,0.63135344,0.6245343,1.192516,1.123438,1.182925,1.1853642,1.3005685,1.3618295,1.3973665,1.4429935,1.5452801,1.5635753,1.5269849,1.5394034,1.4861257,1.4959387,1.5105747,1.5249336,1.4887869,1.4349548,1.4460981,1.4386692,1.528759,1.4965484,1.5283709,1.5567561,1.5546495,1.644573,1.6557719,1.6552728,1.6365895,1.8029647,1.8075662,1.9009825,1.864503,1.7709204,1.7677048,1.7700335,1.7729717,1.8362842,1.7555082,1.7892711,1.7452518,1.7384882,1.8208718,1.8445445,1.7974207,1.8732071,1.9006498,1.8392223,1.7653764,1.7143717,1.7018979,1.8707676,1.8387234,2.0206218,2.043685,2.1637676,2.146304,2.212832,2.2046824,2.1872187,2.2064009,2.1008987,2.060483,2.121966,2.2606764,2.3567538,2.2795815,2.2096164,2.398999,2.489477,2.5264554,2.6336207,2.6147158,2.6463165,2.5790124,2.6126642,2.6219783,2.6846807,2.6803565,2.59509,2.525513,2.4322076,2.5099897,2.5323875,2.5547297,2.6000242,2.5724704,2.6090608,2.6138842,2.6630037,2.6618395,2.6285758,2.7396772,2.741396,2.853717,2.8157961,2.7807581,2.7938974,3.0015197,2.92845,2.8284366,3.016932,2.9716933,3.0333424,3.079579,3.1082418,3.1051924,3.08662,3.2036536,3.272233,3.2537715,3.1222124,3.2443466,3.2951849,2018-04-17
CVGW_CAG,0.16684936,0.28620875,0.30422524,0.26829457,0.17309374,0.1193513,0.118122905,0.25529405,0.15978608,0.022307843,0.07461713,0.044316646,0.08342066,0.24116747,0.095192805,0.22396989,0.15517959,0.1679754,0.024867006,-0.068900734,-0.124895215,-0.10544558,-0.09930359,-0.11322543,-0.19911094,0.2979809,0.5022021,0.5761107,0.57754385,0.4831619,0.42491537,0.38796106,0.36687353,0.3324784,0.34189612,0.2970596,0.20001611,0.15947898,-0.4829733,-0.4352705,-0.4997614,-0.56415,-0.55370855,-0.65740585,-0.6957933,-0.73203105,-0.83449996,-0.8503667,-0.86131996,-0.9761752,-1.0071923,-0.9203854,-0.88517135,-0.8804625,-0.8466816,-0.712172,-0.73029083,-0.76355994,-0.60151374,-0.59342676,-0.37446478,-0.7464647,-0.6279243,-0.59097,-0.4741698,-0.56814224,-0.56773275,-0.5774576,-0.6030493,-0.5074389,-0.5235104,-0.681462,-0.7313145,-0.720566,-0.8053255,-0.8399254,-0.7632528,-0.896534,-0.7984669,-0.7143217,-0.64286983,-0.55196834,-0.4196084,-0.15591228,0.07666446,0.24393135,0.30852464,0.21619004,0.13091871,0.079940185,0.16746357,-0.8115698,-0.6524923,-0.68688744,-0.68463534,-0.63089293,-0.82927924,-0.8650052,-1.1218427,-1.0892903,-1.1027002,-1.0218307,-1.0471152,-0.61604977,-0.5726464,-0.8577371,-0.9538593,-0.9194641,-0.8882424,-0.97924626,-1.089802,-1.2011768,-1.1460012,-1.138938,-0.97156864,-1.0313507,-0.90011686,-0.95263094,-1.0181454,-0.9477173,-0.9282677,-0.8642886,-0.73878723,-0.5987498,-0.5460311,-0.71544766,-0.70643944,-0.6106244,-0.5073365,-0.39964697,-0.4660828,-0.3838825,-0.4089623,-0.40456057,-0.3338253,-0.4154114,-0.31539932,-0.38439435,-0.3664802,-0.3367939,-0.17986605,-0.093366325,-0.23770311,-0.14741585,-0.2986112,-0.28387043,-0.16031404,-0.20637897,-0.11691063,-0.046175357,-0.021095563,0.13132818,0.044009544,-0.08486991,-0.0426949,-0.07678295,-0.055490714,0.009000195,0.056600623,-0.115170404,-0.045151696,-0.22613572,-0.21569432,-0.18191338,-0.20177248,-0.45625567,-0.59854513,-0.68514717,-0.66979223,-0.6622171,-0.6514686,-0.8112627,-0.7942699,-0.7804504,-0.73807067,-0.6791076,-0.6547443,-0.5927102,-0.571418,-0.44161725,-0.4413101,-0.3127378,-0.29902065,-0.15273891,0.022922043,0.057419557,-0.101555645,-0.2071979,-0.17976367,-0.1720862,-0.31887975,-0.42605755,-0.47754788,-0.38552037,-0.45901954,-0.5135809,-0.47273666,-0.5151164,-0.38306358,-0.4074268,-0.6593508,-0.608577,-0.66620934,-0.70388025,-0.57981205,-0.52136075,-0.38439435,-0.59639543,-0.48891056,-0.16747968,-0.41172618,-0.33290398,-0.36842516,-0.4377273,-0.9259132,-1.0089325,-1.1033144,-0.8882424,-0.3765121,-0.4411054,-0.48645374,-0.5071318,-0.59680486,-0.63652307,-0.518085,-0.39350498,-0.34918025,-0.32788804,-0.30946204,-0.47683132,-0.649626,-0.46843728,-0.4628071,-0.46372843,-0.4185848,-0.54480267,-0.54347193,-0.48932004,-0.5109194,-0.7229205,-0.6509568,-0.62874323,-0.72138494,-0.66897327,-0.63990116,-0.69538385,-0.6137977,-0.6397988,-0.6332473,-0.5807333,-0.5161401,-0.49822593,-0.42349836,-0.50846255,-0.44601896,-0.43803442,-0.48307565,-0.41889185,-0.5232034,-0.54736185,-0.57459134,-0.58441854,-0.60202557,-0.6123646,-0.70173055,-0.65709877,-0.5642523,-0.62495565,-0.65945315,-0.60417527,-0.50887203,-0.47949284,-0.40773392,-0.5233057,-0.5809381,-0.5618979,-0.6635478,-0.68095016,-0.69968325,-0.8236491,-0.13861233,-0.05518362,0.030394798,0.15200622,-0.049451087,-0.009323412,0.059978716,-0.05569545,0.014630355,-0.06664867,0.062026054,0.105327085,0.014118521,-0.077806614,-0.04228543,0.0076694307,-0.025190221,-0.06286111,0.010535693,-0.13042301,-0.0033861538,-0.009016313,-0.068900734,-0.06859363,-0.01874113,-0.01874113,-0.044230394,-0.11465857,-0.099508315,-0.120083995,-0.021505028,0.0031653035,0.020260513,-0.007173715,0.044316646,0.1178158,0.13593468,0.0768692,0.014937453,-0.034505576,-0.022528693,0.006952865,-0.02877305,0.060900018,-0.023142891,-0.27312192,-0.31140703,-0.30915496,-0.33955783,-0.3338253,-0.31376144,-0.50518686,-0.5443932,-0.5458264,-0.46045268,-0.34252644,-0.4106002,-0.42646697,-0.35122758,-0.42114392,-0.56179553,-0.61738056,-0.5414246,-0.5769458,-0.53323525,0.4389396,0.6762252,0.7151245,0.5824575,0.5746776,0.7943561,0.810223,0.93429124,0.8828008,0.8549571,0.73160547,0.6913754,0.6439797,0.6908636,0.67141396,0.62094724,0.09253127,-0.071357526,-0.117934294,-0.18068497,-0.11199704,-0.12694256,-0.139636,-0.20668606,-0.22183631,-0.21538723,-0.22183631,-0.32696673,-0.22490731,-0.43639654,-0.42073447,-0.4816425,-0.5370228,-0.42656937,-0.57940257,-0.6349876,-0.6930294,-0.8512881,-0.87421817,-0.79437226,-0.7948841,-0.76775694,-0.6276172,-0.6451219,-0.70725834,-0.60796285,-0.040545203,0.1288714,0.042781148,0.098468535,0.14555714,0.028961668,-0.093366325,-0.4524681,-0.80071896,-1.0509028,-1.0895973,-1.1439539,-1.2239021,-1.1414971,-1.12778,-1.1905307,-1.0188621,-1.0908257,-1.0912352,-0.96706456,-1.0399495,-1.0713761,-1.1303393,-1.0186573,-1.0692264,-1.1057713,-1.2522577,-0.36729914,-0.47212246,-0.7787102,-0.78249776,-1.0072945,-0.98968756,-1.0324768,-0.981703,-1.0228543,-0.76959956,-0.8732968,-1.0501863,-0.91813344,-0.8782104,-0.9958296,-1.0045308,-1.0188621,-1.078337,-1.1233783,-1.2304536,-1.2639275,-1.2743689,-1.3526793,-1.2410997,-1.3635302,-1.4698889,-1.4990635,-1.5218911,-1.5362225,-1.6048081,-1.3793969,-1.4594476,-1.5085834,-1.4479825,-1.4890314,-1.4831966,-1.511245,-1.4134849,-1.5301828,-1.5576171,-1.3740739,-1.4148157,-1.5217887,-1.5263952,-1.733278,-1.5988708,-1.8355421,-1.878536,-2.0170379,-2.1732495,-2.349422,-1.799714,-1.8121002,-1.6609049,-1.7075839,-1.7795477,-1.6376677,-1.6226199,-1.4430689,-1.693662,-1.4582192,-1.5731767,-1.545333,-1.4864724,-1.4652824,-1.3194102,-1.3544196,-1.3736644,-1.2884955,-1.255943,-1.2827629,-1.1552143,-1.1362765,-1.0601158,-1.0818175,-1.1992319,-1.1425208,-1.0148697,-0.95037884,-0.7833167,-0.8832264,-0.85640633,-0.8696117,-0.89704585,-0.95979655,-0.5308808,-0.48860347,-0.40855286,-0.5012969,-0.45635802,-0.34887317,-0.36566126,-0.35931453,-0.30782416,-0.23115167,-0.14608508,-0.10022489,-0.22787593,-0.24486877,-0.33577025,-0.326762,-0.32901406,-0.39565465,-0.29809937,-0.27957106,-0.2411836,-0.20556004,-0.2890911,-0.27404323,-0.2102689,-0.24855396,-0.3646376,-0.20453636,-0.36637783,0.092326544,0.23072608,0.38970128,0.5290221,0.39922136,0.36892086,0.34895942,0.122524664,0.12774536,0.15835294,0.021079445,0.06294735,0.19694512,0.18670847,0.06059292,0.18558244,0.1593766,0.3927723,0.4373017,0.482343,0.5867568,0.58644974,0.77204025,0.69700557,0.8354051,0.851579,0.8139081,1.0164915,1.0123968,1.1222361,1.2042316,1.210476,1.2437452,1.2454854,1.1866246,1.2477374,1.0923451,1.0791398,1.1804826,1.228902,1.1341107,1.1667656,1.2135471,1.1798685,1.007688,0.9767733,1.0235548,0.9570165,1.0606115,1.0091212,0.79640347,0.65769684,0.80745906,0.73713326,0.73488116,0.77767044,0.92303085,1.0089164,1.1299136,1.0532411,0.8891476,0.8694932,0.8771706,0.54509366,0.69014704,0.5265653,0.6153171,0.5999621,0.58399296,0.69434404,0.72003806,0.7654888,0.8661151,0.9423781,1.0382956,1.0193577,1.0260116,0.9518983,1.0822108,1.24006,1.1190627,1.1991134,1.4345564,1.3522537,1.2570529,1.1907192,1.1346225,1.1486467,1.1155823,0.9810727,0.8110419,0.8469725,0.82926315,0.833153,0.8416495,0.863863,0.9211883,0.8188217,0.786781,0.82680637,0.98547447,1.1275592,1.0189483,1.1192675,0.98997855,0.9916164,0.95148873,0.9844508,0.77869403,0.797939,0.86457956,0.7436847,0.74481076,0.6712092,0.75412613,0.87594223,0.8874073,0.9445278,1.0495559,1.0226336,1.0604067,0.9011244,0.95312667,0.87389493,0.8413424,0.84881514,0.794049,0.78944254,0.6551377,0.4642241,0.41406453,0.33350205,0.4785554,0.74593675,0.7161481,0.6266798,0.65913,0.8095064,0.95978045,0.95333135,0.9168889,0.93685037,0.92425925,1.4703846,1.5610813,1.7381755,1.69815,1.7130955,1.6851497,1.8958198,2.0409756,2.0197856,1.9917372,2.1584923,2.1122227,2.134641,2.0272584,1.9530427,1.8895756,1.832455,1.8010286,1.753121,1.6544396,1.6755272,1.7370495,1.7074656,1.7770747,1.8707402,1.853952,1.8528261,1.9094347,1.9063636,1.892749,1.9533498,2.1720047,2.3302634,2.2618825,2.255024,2.1316724,2.1920686,2.0341172,2.016817,2.113963,2.0819223,1.9259156,1.7534281,1.6616054,1.3320875,1.4282097,1.4943384,1.7314193,1.7942723,2.0278728,2.0764968,2.5059245,2.5326421,2.4081643,2.3350747,2.4196293,2.5730767,2.446859,2.3514533,2.3161368,2.420653,2.467537,2.4475756,2.727343,2.9924724,2.8040159,2.6383867,2.3665013,2.4458354,2.5823922,2.6961215,2.7629666,2.8177328,2.877822,2.9400606,2018-04-17
TR_CAG,0.7216406,0.75120246,0.71835595,0.40795615,0.49883157,0.37346727,0.13916197,0.03460047,0.007775798,-0.11156663,-0.17671227,-0.087479174,-0.0710559,-0.013574454,-0.2763468,-0.19258809,-0.19149321,-0.34915662,-0.45426553,-0.4351051,-0.42853576,-0.5779875,-0.41375482,-0.37707618,0.35485423,0.5026637,0.5699991,0.4889776,0.60394055,0.5212767,0.4046715,0.5420795,0.5333204,0.5864223,0.32310256,0.38496357,0.25686207,0.22018345,-0.96776646,-0.8544459,-0.9267083,-1.1210504,-1.0619266,-1.0882038,-1.1599187,-1.0663061,-1.3104655,-1.3783482,-1.3148448,-1.4221437,-1.2026193,-1.2507942,-1.2923998,-1.1363788,-1.2239696,-1.2414876,-1.1232401,-1.1632034,-1.3394798,-1.4035305,-1.2672175,-1.3455017,-1.3487864,-1.2392979,-1.2206849,-1.200977,-1.2486043,-1.1621084,-1.233276,-1.2907575,-1.4533478,-1.5080922,-1.6192229,-1.3641148,-1.4642967,-1.4528004,-1.4402093,-1.5409386,-1.4358296,-1.5064498,-1.4987855,-1.6093689,-1.4971431,-1.3728738,-0.9639344,-1.0548098,-1.0394814,-0.9606497,-1.1122913,-1.136926,-1.0208684,-1.0591893,-1.0701382,-0.32999614,-0.30645612,-0.30974075,-0.71265835,-1.0236056,-1.1746997,-1.280356,-1.4834572,-1.3882022,-1.1221452,-0.3535362,-0.19751507,-0.6453229,-1.0203209,-0.7991543,-0.6141187,-0.69349784,-0.95846,-1.1111964,-1.0641164,-1.2091886,-0.8407599,-0.90262085,-0.816125,-0.7991543,-0.7476947,-0.78108865,-0.9206865,-0.91959155,-0.90043104,-0.7055416,-0.7312714,-0.7553588,-0.28401098,-0.42415622,-0.31576264,-0.33437568,-0.3579157,-0.53419214,-0.6152136,-0.45809767,-0.36612734,-0.2429528,-0.19477786,-0.4909442,-0.33437568,-0.31631008,-0.13510665,-0.15809923,-0.53473955,-0.2599235,-0.74550486,-0.6338266,-0.43893716,-0.64477545,-0.48820698,-0.5002507,-0.40992272,-0.50463027,-0.47506836,-0.65627176,-0.5714182,-0.67926437,-0.64860755,-0.53309727,-0.7268918,-0.76028585,-0.516674,-0.45207578,-0.44933856,-0.55335265,-0.5445936,-0.711016,-0.68035924,-0.7006146,-0.9568176,-0.8046287,-0.77013975,-0.6453229,-0.7416728,-1.015394,-1.1358314,-1.2316337,-1.2535313,-1.0203209,-1.0914885,-0.84185475,-0.9174018,-0.78930026,-0.8429496,-0.5697759,-0.4351051,-0.39459434,-0.5763452,-0.6781694,-0.43619996,-0.1564569,-0.26977748,-0.38966736,-0.39514178,-0.71430063,-0.6059071,-0.7805412,-0.6978774,-0.5287177,-0.15481457,-0.2905803,-0.38583526,-0.4433167,-0.6288997,-0.6967825,-0.64806014,-0.5281702,-0.10061779,-0.30262402,-0.22598207,-0.16138387,-0.28072634,-0.22379231,-0.29112774,-0.34915662,-0.41703948,-0.28127378,-0.10007034,-0.2522593,0.2743802,-0.110471755,-0.2352886,-0.34641942,-0.09076382,-0.29003283,-0.07434056,0.22948995,0.34500027,0.14408895,0.04116978,-0.0070051462,-0.23090905,-0.18273413,0.2793072,-0.07434056,0.21142437,0.15284804,0.048833974,-0.096785694,-0.09788058,-0.47233114,-0.397879,-0.38857245,-0.4110176,-0.06996102,-0.10226012,-0.053537745,0.05704561,0.20923458,-0.0015307224,-0.015216781,0.41562033,0.48459807,0.5223716,0.5366051,0.70193267,0.4731018,0.37346727,0.2404388,0.15065826,0.093176804,0.23824903,0.112337284,0.011607895,-0.09459592,-0.14003363,-0.12415781,0.020366972,-0.20298949,-0.28127378,-0.16083644,0.081133075,0.17091362,0.48624042,0.30448952,0.19828573,0.23496437,0.22292066,0.48569298,0.589707,0.6543052,0.9493766,1.0654343,1.3243746,1.5263809,1.1486456,0.52018183,0.71288157,0.51580226,0.44408733,0.2831393,0.31598583,0.22018345,0.12219125,0.086060055,0.26178905,0.05485584,-0.016859107,-0.020143762,0.9165301,0.5015688,0.5699991,0.6887941,0.60832,0.56014514,0.42547432,0.51525486,0.57273626,0.54481673,0.6887941,0.61269957,0.69372106,0.76598346,0.9012017,0.8004723,0.75503457,0.91762495,1.0418944,0.80813646,0.50321114,0.36689797,0.33624122,0.24919789,0.38058403,0.5820428,0.40029195,0.40686125,0.5420795,0.694816,0.5048534,0.67839265,0.69372106,0.6203638,0.8880631,0.9170775,0.9198147,1.1196313,1.0512009,1.1037554,1.003026,1.1059451,1.0484637,0.9838655,1.1825871,1.0626972,1.2077695,1.3599584,1.5192642,1.2636086,0.9712744,1.0095953,1.0457264,1.2844113,1.4661622,1.7743722,1.8926198,1.7398833,1.6413437,1.292623,1.3451774,1.2345941,1.3906151,0.4243794,0.2678109,0.081680514,-0.37598127,-0.2927701,-0.3332808,-0.40116364,-0.44441158,-0.6464178,-0.7093737,-0.76630765,-0.9130222,-0.6376587,-0.5621117,-0.6650309,-0.8851027,-1.0460508,-0.8905771,-0.9551753,-0.71977514,-0.8402124,-0.85006636,-0.706089,-0.44605392,-0.7559063,-0.7559063,-0.7471472,-0.8801757,-0.7805412,0.03405303,0.6362396,1.0725511,1.2340466,1.4546659,1.3807613,1.3834984,1.2805792,0.7090494,0.60832,0.5908019,0.4112408,0.4501092,0.63678706,0.651568,0.941165,0.60065585,0.6170791,0.7687207,0.77528995,1.2783895,1.4333156,1.4798483,1.4464543,1.2526598,1.2559443,1.4409798,1.4360528,1.8772913,1.6402489,1.0714563,1.0282084,0.9543036,0.8623333,0.8158007,0.55686045,0.4085036,0.8650705,0.6647066,0.3477375,0.3439054,0.2847816,0.24919789,0.1539429,0.3400733,0.25795695,0.49280968,0.17857783,0.13095032,0.1769355,0.17200851,0.26507372,-0.08145731,-0.12087315,-0.45207578,-0.40663806,-0.35079893,-0.3475143,-0.16904807,-0.48437488,-0.43674737,-0.47671068,-0.43838972,-0.5528052,-0.80189145,-0.4821851,-0.6798118,-0.37433898,-0.18766111,-0.13236944,-0.3009817,-0.24404769,-0.7181328,-0.71265835,-0.4121125,0.2338695,-0.1252527,-0.33054358,-0.41813436,-0.34915662,-0.2533542,-0.28072634,-0.2626607,-0.28346354,-0.36503243,-0.34313473,-0.19204065,-0.2418579,-0.019048877,-0.3398501,-0.31740496,-0.22652952,-0.38966736,-0.29167518,-0.45536044,-0.6009801,-0.50736743,-0.36448503,-0.29769707,-0.392952,-0.6212355,-0.5090098,-0.3984264,-0.35189384,-0.16193132,-0.18273413,-0.35627338,-0.21558067,-0.2467849,-0.27360955,-0.2648505,-0.2927701,-0.2982445,0.5869698,0.7944504,0.46653247,0.14080429,0.42383197,0.694816,0.04609676,-0.052990306,0.1473736,0.3296719,0.12876056,0.19883318,0.12711823,0.086060055,0.011607895,-0.09459592,-0.42798832,-0.5697759,-0.6267099,-0.3502515,-0.4701414,-0.8637524,-0.8243366,-0.78546816,-1.1456852,-1.0334595,-1.1281672,-1.0405763,-1.1883857,-1.0066348,-1.0022553,-0.88674504,-0.63875365,-0.42579854,-0.55061543,-0.5199586,-0.6847388,-0.48601723,-0.41703948,-0.7301765,-0.6683155,-0.35298872,-0.16740574,-0.44222185,-0.24733232,-0.19696765,0.07346888,0.12219125,0.26562116,0.67456055,0.8951798,1.4234617,1.3988268,1.530213,1.4360528,1.3845934,1.5548478,1.692256,1.8230946,1.6435336,1.8028393,1.947364,1.9599552,2.1521075,1.8712696,1.547731,1.6084971,1.7289345,1.7897006,1.577293,1.5115999,1.734409,1.4207245,1.2247401,1.2187183,1.5564902,1.1136093,1.39171,1.2176234,1.0780256,0.97401154,1.0725511,1.0867847,1.0555804,1.3101411,1.6829493,1.7612337,2.4920692,2.4373252,2.2725449,2.4723613,2.3415227,2.1521075,2.0628743,1.8471822,1.8039342,1.9232765,1.8444449,1.8072189,1.7809416,1.7316718,1.8460872,1.9681668,2.0327652,1.8455398,2.118166,1.970904,2.1340418,2.4011939,2.174005,2.34426,2.6639662,2.6820319,2.405026,2.282399,2.0951734,2.1395164,2.161414,2.0864143,1.7371463,1.6889713,1.69992,1.5937163,1.2532072,1.4979138,1.4645199,1.3035718,1.4371477,1.3889728,1.3041192,1.1448135,0.9756538,0.95485103,0.9400701,0.92255193,0.879304,0.98605525,0.69810057,0.60886747,0.7692681,0.5667144,0.64828336,0.4008394,0.5908019,0.7358741,0.680035,0.70193267,0.81525326,0.8497421,0.79609275,0.68715173,0.90941334,0.7150713,0.6143419,0.4703646,0.41507292,0.53222555,0.4243794,0.11890659,-0.023428416,0.074016325,0.10631542,0.22730018,0.333504,0.4955469,0.4911674,0.2223732,0.09153447,0.26945326,0.14025685,-0.054632634,-0.12361036,-0.08802661,0.053760953,0.0105130095,-0.15755178,-0.19696765,-0.21229602,-0.131822,-0.17890203,-0.0891215,0.11069496,0.078395866,0.007775798,0.015987433,-0.2133909,-0.17671227,-0.17671227,-0.25390163,-0.28182122,-0.30262402,-0.69185555,-0.63984853,-0.43565252,-0.44222185,-0.34149244,-0.36010545,-0.38966736,-0.4329153,-0.45262325,-0.45043346,-0.32835382,-0.3086459,-0.22269742,-0.1991574,-0.2982445,-0.22817184,-0.43236786,-0.44660136,-0.47397348,-0.5314549,-0.6037173,-0.72032255,-0.881818,-0.9847372,-0.9458688,-1.6088214,-1.6991495,-1.8469589,-2.2017014,-1.9854618,-1.756631,-2.2192194,-2.0319943,-1.7413025,-2.1009722,-2.0473228,-2.1496944,-1.7423974,-2.108089,-2.4256055,-2.6741443,-2.6035242,-2.536736,-2.6029768,-2.4945831,-2.3867369,-2.4792545,-2.2268836,-2.228526,-2.286555,-2.2673945,-2.201154,-2.3402045,-2.447503,-2.5027947,-2.5914805,2018-04-17
USNA_CALM,-0.24492612,-0.32518706,-0.7193939,-1.055862,-0.6373585,-0.75501996,-0.77713263,0.80911297,-0.37746587,-0.30143636,-0.8141237,-0.69973814,-0.72062236,-0.5663794,-0.6264387,-0.5512281,-0.5676079,-0.20970958,-0.2981604,-0.44639745,-0.36367956,-0.4025815,-0.39957857,-0.45649832,-0.37719285,-0.21830897,-0.11375134,-0.17558503,-0.09819054,-0.1553833,-0.0713004,0.03612368,0.16852695,0.033257224,-0.059152063,0.28250295,0.17412336,0.16061005,0.18135777,0.25138134,0.29560676,0.2635297,0.3014762,0.27909052,0.47346395,0.2713101,0.72175413,0.59876925,0.5968583,0.64954656,0.2467404,-0.0035972924,0.104918785,0.26625964,0.21712029,0.025476826,0.16893643,-0.06611347,-0.37036797,-0.49239737,-0.38278928,-0.5236554,-0.46455175,-0.66138214,-0.5412637,-0.598866,-0.6022785,-0.6197502,-0.520243,-0.3449793,2.8052626,1.576506,1.7786598,2.032956,1.878167,1.8392651,1.9671638,1.9619769,1.8735261,1.8581017,1.8239772,1.7446717,1.4668978,0.72107166,0.9831482,1.1798422,1.1551361,0.927184,0.90397924,0.60709566,0.31471652,0.35730398,0.32413492,0.21493633,0.19978502,0.3088471,0.37996265,0.099731855,0.2483784,0.5026746,0.73881644,0.48929775,0.5221938,0.5451255,0.4445263,0.36644936,0.03393971,0.060556863,0.2876899,0.004865596,-0.055739608,-0.057514083,0.18108478,-0.11921127,-0.79255694,-0.47765556,-0.43820757,-0.23782821,-0.6428184,-0.8167171,-0.77126324,-0.7570674,-0.8741828,-0.9545803,-0.936153,-1.0498561,-0.7185749,-0.6631566,-0.5595545,-0.32737103,-0.3299645,-0.35658163,-0.27918717,-0.35194072,-1.3360927,-0.34293184,-0.215579,-0.43206513,-0.05696809,-0.25052255,-0.15238035,-0.27864113,-0.7110675,-0.7739932,-0.57265836,-0.5611925,-0.42442125,-0.6263021,-0.1930568,0.04526906,0.112153195,-0.026392493,0.25165436,0.3007937,0.0736607,0.22954164,0.1334469,0.028752781,0.032438233,-0.063793,-0.18159096,-0.13600054,-0.0794903,-0.059698056,0.03967264,-0.12098574,0.017286932,0.22435471,0.30789164,0.1334469,-0.14610143,0.17589785,-0.118528776,-0.18363844,-0.26621985,-0.2913355,-0.2745462,-0.50877714,-0.7737202,-0.827091,-0.4506289,-0.6548302,-0.3677745,-0.92236674,-0.83746487,-0.7211684,-0.7170734,-0.42305627,-0.42291978,-0.5108246,-0.76771426,-0.49048635,-0.40148956,-0.03485538,-0.751471,-0.5700649,-0.65046227,-0.7424621,-0.46291375,-0.84115034,-2.5262208,-2.2696042,-1.8120619,-1.8314447,-1.5132674,-1.8405901,-1.8459135,-1.3756772,-1.5688221,-1.4073448,-1.5764661,-1.1886747,-1.4650835,-1.5053505,-1.5439795,-1.3841401,-1.1126451,-1.1125087,-1.0199629,-1.246004,-1.2445024,-1.0347047,-0.91663384,-0.98884135,-1.0468531,-0.9525328,-0.99744076,-0.8703609,-0.8165806,-1.1232921,-1.3031967,-1.2771255,-1.0344318,-0.9326041,-0.822996,-0.79214746,-0.788462,-0.8628535,-0.71502596,-0.78054506,-0.79214746,-0.86435497,-0.83746487,-0.76211786,-0.71256894,-0.7297678,-0.5651509,-0.43370312,-0.38197032,-0.6841774,-0.7027411,-0.66233766,-0.58944756,-0.6501893,-0.85207015,-1.0033102,-1.0755178,-1.1934521,-0.56951886,-0.6953702,-0.61510926,-0.5352578,-0.45144787,-0.6601537,-0.5321183,-0.7703077,-0.68718034,-0.7685333,-0.670937,-0.7394591,-0.6525098,-0.6022785,-0.33160245,-0.52229047,-0.65046227,-0.6455484,-0.6441834,-0.561875,-0.30976275,-0.38524628,-0.35357866,-0.2760477,-0.4509019,-0.4360236,-0.5570975,-0.6671151,-0.68349487,-0.8425153,-0.8167171,-1.0826156,-0.85875857,-0.91335785,-1.0276068,-0.81344116,-1.209013,-1.3792262,-1.3853686,-1.4256356,-1.2672976,-1.2406805,-1.3355467,-1.2619742,-1.3152086,-1.1903126,-1.160829,-0.8213581,-0.8302304,-0.5441302,-0.33883688,-0.36995846,-0.32546005,-0.27304474,-0.2468371,-0.10870091,-0.09982853,-0.24451663,0.9102582,0.6136475,0.57911354,0.580069,0.56368923,0.52069235,0.5818435,0.5638257,0.59317285,0.5467635,0.32249692,0.41982016,0.22735767,0.19023016,0.1475062,0.10341731,0.17562483,0.25984424,0.38351163,0.617333,0.6783477,0.5094995,0.4469833,0.42227712,0.5228763,0.40548784,0.44220585,0.57419956,0.59112537,0.61405706,0.65500647,0.5219208,0.5220573,0.34215266,0.36713186,0.5028111,0.49161822,0.42241362,0.35129803,0.48247284,0.53215814,0.5239683,0.45749366,0.51605135,0.6241579,0.5778851,0.76161164,0.95639455,1.1023113,1.1372547,1.1362993,1.2949102,1.4240375,1.3065125,1.415984,1.197314,1.3647972,1.385272,1.4329098,1.3744886,1.3989217,1.3324472,1.2763464,1.0699611,0.48110786,0.09222445,0.12566651,0.084853545,0.0810316,-0.13408957,-0.30689627,-0.37596437,-0.28642157,-0.32573304,-0.16398269,-0.24451663,-0.10460596,-0.21830897,-0.31699717,-0.20384017,-0.19292031,-0.1713536,-0.1628907,-0.16794114,-0.13559105,-0.11457033,-0.107335925,-0.13040411,-0.43329364,-0.61920416,-0.5352578,-0.53826076,-0.5079581,-0.6282131,-0.39329967,-0.35521665,-0.29884288,-0.23223178,-0.43670607,-0.3219111,-0.34729975,-0.1634367,-0.074303366,-0.0150631415,-0.26499134,-0.24001218,-0.23619024,-0.3599941,-0.369003,-0.51464653,-0.36395252,-0.3194541,-0.3894777,-0.25898543,-0.42483073,-0.37241542,-0.50331724,-0.43984553,-0.40735897,-0.40012455,-0.35712764,-0.44462296,-0.42401174,-0.52092546,-0.34552526,-0.14637442,-0.31918114,-0.32696152,-0.33201194,-0.2821901,-0.30089036,-0.2735907,-0.23659974,-0.15811327,-0.14664741,-1.1295708,-0.7532455,-0.9089899,-1.0250133,-0.7199399,-0.5950441,-0.6074653,-0.74778557,-0.5771628,-0.59599954,-0.61347127,-0.61510926,-0.5775722,-0.73795766,-0.5110976,-0.7674413,-0.7810911,-0.7602068,-0.82081205,-0.8812807,-0.89752406,-0.82750046,-0.8399218,-0.8403313,-0.7562484,-0.69100225,-0.6811744,-0.6564682,-0.94993937,-0.7116135,-0.71639097,-0.7521535,-0.7026046,-0.71802896,-0.7218509,-0.65878874,-0.7611624,-0.8145332,-0.89766055,-1.0089066,-0.9210018,-0.9179988,-0.9103549,-0.8927466,-1.0463071,-1.2776715,-1.0736067,-1.0617313,-1.0292448,-0.943524,-1.0027642,-1.1482712,-0.6945512,-1.0562714,-0.9776485,-0.8950671,-1.0084971,-0.92195725,-0.49881276,-0.2611694,-0.011241192,-0.009466714,0.047999028,0.3018857,0.18627171,0.0732512,0.09085947,0.20510846,0.12716798,0.052503467,0.04950051,0.038580652,0.02192787,0.026978305,-0.0011403246,0.03257473,0.1338564,0.15351214,0.21575531,0.23841402,0.10915023,0.18722719,0.19541709,0.20770192,0.28113797,0.15951806,0.16593347,0.18818267,0.18599871,0.23745853,0.2089304,0.05154798,0.033120725,0.014010976,0.14409377,0.11351817,0.033257224,0.11433716,0.06014737,0.032984227,0.041447114,0.06492481,0.014829965,-0.017520111,0.018105922,0.094544925,0.068883255,0.10519178,0.08430755,0.09236094,0.1570611,0.1401353,0.094544925,0.020289894,0.14982669,0.20633693,-0.80497825,-0.97341704,-0.94229543,-0.87445587,-0.9376545,-0.9001175,-0.99948823,-0.8741828,-0.8037498,-0.75515646,-0.6856788,-0.67666996,-0.5808482,-1.2064195,-1.1062298,-0.92455065,-0.9467999,-0.85466367,-0.7105215,-0.57020134,-0.58726364,-0.49048635,-0.4358871,-0.47847456,-0.5334833,-0.4889849,-0.53129935,-0.559418,-0.7441001,-0.6826759,-0.65701425,-0.74014163,-0.713661,-0.7720822,-0.86080605,-0.8352809,-0.92946464,-0.85561913,-0.8883787,-0.9803785,-1.1579626,-1.0423486,-1.0645978,-0.89738756,-0.8871502,-0.89056265,-0.8904261,-0.92195725,-0.92905515,-0.9857019,-0.92059225,-0.75433743,-0.71802896,-0.5341658,-0.51764953,-0.4156854,-0.45322236,-0.36627302,-0.45745382,-0.50004125,-0.51587504,-0.520516,-0.47779205,-0.37801185,0.53147566,0.18135777,0.2564318,0.122800045,0.072159216,0.057553902,0.026841806,-0.023799026,0.0036371127,-0.03799484,0.008960543,0.07502568,0.06274083,0.124165036,0.12962496,0.12116207,0.08499005,0.07993962,0.055642925,0.02206437,0.20074052,0.4992621,0.5253333,0.83682215,0.79177773,0.73376596,0.56983167,0.6939085,0.6779382,0.8046085,0.76147515,0.73390245,0.7295345,0.76693505,0.9064362,0.999801,1.1328869,1.2528687,1.1887145,1.27621,1.2195632,1.3576993,1.4502451,1.4183046,1.3275332,1.23021,1.3845896,1.3998772,1.3133374,1.4469692,1.2706136,1.190489,1.2262516,1.2516402,1.2727975,1.3065125,1.3875926,1.312928,1.5261381,1.5789629,1.6365651,1.6195029,1.6128145,1.5786899,1.4898297,1.4843696,1.3751711,1.422809,1.2785304,0.9585785,0.91421664,1.4496992,1.3617944,1.6074911,1.5426544,1.5447019,1.5388325,1.6754671,1.7132772,1.6126779,1.5582153,1.6450281,1.7142327,1.6852951,1.6285118,1.6126779,1.5512538,1.6917105,2.0759528,1.8615142,2.2027597,2.2363384,2.2112226,2.1413355,2.1037986,2.2953055,2.3135962,2.3384387,2.2719643,2.278789,2.3926284,2.4177442,2.4353523,2.3961775,2.521483,2.721043,2.8728294,2.8724198,3.500994,3.653326,3.7565186,3.7832723,3.8647616,4.113871,4.27644,4.254191,4.1838946,4.4178524,4.531692,2018-04-17
WDFC_CASY,-0.20419854,-0.124330044,-0.06818071,-0.28490663,-0.28511655,-0.23075138,-0.32867163,-0.107012965,-0.08591761,-0.14311646,-0.2073471,-0.27052823,-0.22602856,-0.123280525,-0.8032647,-0.5501205,-0.5108684,-0.5359519,-0.52650625,-0.5670177,-0.6573814,-0.39783502,-0.36718905,-0.34305006,-0.43834653,-0.38156745,-0.3600523,-0.46017656,-0.39594588,-0.3615216,-0.7518382,-0.7072336,-0.6958988,-0.7331568,-0.7951834,-0.63303256,-0.58811307,-0.618864,-0.6830946,-0.71961796,-0.6764827,-0.85521597,-0.77608216,-0.7350459,-0.706394,-0.72633487,-0.6886571,-0.73672515,-0.80127066,-0.87987965,-0.7175189,-1.235667,-1.0667992,-0.9729721,-0.90548795,-0.8007459,-0.92805266,-0.8652913,-0.7477451,-0.8306572,-0.7995914,-0.77429795,-0.736935,-0.78836155,-0.89803636,-0.88869566,-0.88376284,-0.96342146,-1.0992293,-1.0959759,-1.1123484,-0.97884935,-0.9785346,-1.0093905,-1.0535752,-1.1924268,-1.2748141,-1.3560469,-1.4253154,-1.4343412,-1.4262599,-1.5387684,-1.4924846,-1.6762556,-1.7832017,-1.7764848,-1.7071117,-1.7441596,-1.7966356,-1.8787081,-1.6965115,-1.6948322,-1.7733363,-1.9553232,-1.9944702,-2.010633,-2.083155,-2.0002427,-2.0293143,-1.9486061,-1.9275107,-1.9327585,-1.853205,-1.7204405,-1.5819037,-1.4156598,-1.2157261,-1.216041,-1.0985997,-1.0698428,-1.1293505,-1.1006987,-0.8853371,-0.82740366,-0.8721132,-0.83747905,-0.8430415,-0.7571908,-0.74868965,-0.78132975,-0.7727237,-0.80148053,-1.0939817,-0.9719225,-1.1108791,-1.0134835,-0.91157514,-0.8387385,-0.8473446,-0.65160906,-0.57677823,-0.68519366,-0.79812205,-0.9572293,-0.9418013,-1.0290165,-1.2493109,-1.1793078,-1.3061948,-1.1455132,-1.1811969,-1.0678488,-1.1127682,-1.1599966,-1.0512663,-1.0674288,-1.0414008,-1.0092854,-1.01044,-1.0805478,-1.1223189,-1.1445687,-1.205231,-1.342823,-1.2923411,-1.3401992,-1.2867786,-1.6872756,-1.7007096,-1.8582425,-1.9525944,-2.1322722,-1.8082854,-1.4072636,-1.3803959,-1.216146,-1.1651393,-1.3835443,-1.434656,-1.4204875,-1.4528128,-1.4183885,-1.4411631,-1.4736981,-1.3776671,-1.294755,-1.4814646,-1.5944979,-1.2512,-1.2112132,-1.2118429,-1.1639848,-1.084746,-1.2679923,-1.0800232,-1.1230536,-1.1406854,-1.2174054,-1.159262,-1.2115281,-1.1979892,-1.095766,-1.0301709,-1.0543098,-1.1491865,-1.0426602,-0.9177673,-0.71930313,-0.42470276,-0.32122004,-0.42428297,-0.3921676,-0.43813664,-0.50173753,0.3649563,0.40935102,0.42908195,0.3719881,0.25696066,0.25727552,0.25853497,0.44020686,0.5709771,0.5239586,0.47368658,0.63090473,0.30796736,0.46214184,0.31646848,0.18895173,0.11349123,0.310906,0.063429125,0.03729607,0.1223072,0.23607522,0.21424519,0.1689059,-0.050548773,0.23775446,0.26903015,0.3060782,0.3592889,0.08620372,-0.017488886,0.17048018,0.23114246,0.16617715,0.056817148,0.118738845,-0.27588075,-0.1530869,-0.07426793,-0.28375217,-0.2843819,-0.5300746,-0.43078998,-0.35008183,-0.5534789,-0.60595495,-0.40749058,-0.5208388,-0.38177735,-0.4834759,-0.34168568,-0.43782175,-0.37673965,-0.35092148,-0.306002,-0.21364422,-0.021057256,-0.36571968,-0.415362,-0.13618962,-0.1546612,-0.21857695,-0.082769044,-0.37831396,-0.12957765,-0.12569442,-0.20787185,-0.19055478,-0.24838334,-0.08948597,-0.11561903,-0.1581246,-0.19433305,-0.43519795,-0.51727045,-0.5739445,-0.46962222,-0.10522879,0.07161538,0.22851868,0.18454376,0.27007967,0.560167,0.38636652,0.3667405,0.2658816,0.18108034,0.24531098,0.42687798,0.3253894,-0.3318202,-0.42543742,-0.2638113,-0.6559121,-0.47350547,-0.40350243,-0.3449392,-0.76758105,-0.6826748,-0.5635543,-0.20461836,-0.12936775,-0.06072912,-0.11614379,-0.11037144,-0.1603286,-0.20608768,-0.36603454,-0.45902207,-0.47130147,-0.78804666,-0.9458944,-0.8120807,-0.74239254,-0.84503555,-0.83642954,-0.7613889,-0.8031598,-0.6728093,-0.83076215,-0.76800084,-0.61456096,-0.6015469,-0.6208581,-0.64394754,-0.6551774,-0.7025108,-0.67543316,-0.7517333,-0.7947636,-0.7331568,-0.4587072,-0.5595661,-0.39311218,-0.34724814,-0.4008786,-0.35711366,-0.35071155,-0.31555262,-0.31051496,-0.29949498,0.62985516,0.71350193,0.21644919,0.32465473,0.10037223,0.119893305,0.16397317,0.21193625,0.17698722,0.13563612,0.16554745,0.4253037,0.51167923,0.5803178,0.49047887,0.29222453,0.2745926,-0.067865856,-0.017069079,0.14067382,0.18013577,0.088197805,0.10540993,0.05471811,0.22820382,0.14697093,0.03551189,0.1614543,0.14413723,-0.1060684,-0.3237389,0.055032965,-0.048554685,-0.20377874,-0.1012406,-0.2241394,-0.30369306,-0.3298261,-0.056740943,-0.27913427,-0.4229186,-0.23694356,-0.30873075,-0.48546997,-0.5320687,-0.34105596,-0.34284016,-0.12821327,-0.55998594,-0.6602151,-0.6751183,-0.6591656,-0.5898972,-0.51464665,-0.3348638,-0.51643085,-0.3526007,-0.35511956,-0.17502189,-0.505201,-0.42365327,-0.417566,-0.4727708,-0.4986939,-0.54728675,-0.31534272,-0.30369306,-0.33937675,-0.2305415,-0.3667692,-0.43456823,-0.41525707,-0.40843517,-0.2624469,-0.26685488,0.024177067,0.15830575,0.3585542,0.3625424,0.4424109,0.4821877,0.5161922,0.7173852,0.7796217,0.85812587,0.6621804,-0.51160306,-0.6744886,-0.80998164,-0.7585552,-0.6799461,-0.6963186,-0.6838293,-0.6570666,-0.62054324,-0.43813664,-0.121601306,-0.05411714,-0.1296826,-0.20461836,-0.31639227,-0.26171222,-0.29886526,-0.19464791,-0.2460744,-0.32762212,-0.411059,-0.45975673,-0.40916982,-0.3031683,-0.29918012,-0.082244284,0.11338629,0.031523712,-0.0019559863,-0.024730576,0.01861461,-0.05831522,0.053878494,0.16806628,0.16785638,0.18769231,0.3024049,0.17814168,0.5509313,0.49604133,0.55030155,0.58818924,0.71853966,0.70080274,0.68002224,0.7630393,0.5762247,0.6288057,0.34648475,0.39339828,0.37954462,0.5240635,0.4170125,0.3953924,0.32811815,0.35771462,0.25454676,0.18601309,0.16029984,0.22432059,0.07591841,-0.3904884,-0.20335892,-0.17901005,-0.2073471,-0.27483124,-0.22162056,-0.2067174,-0.16473658,-0.11782303,-0.1780655,-0.12107655,-0.055271614,-0.09137511,-0.08812159,-0.0986168,-0.07594716,-0.17239808,-0.1625326,-0.22980683,-0.2313811,-0.27892438,-0.3871299,-0.40192813,-0.3915379,-0.36477515,-0.47885802,-0.5060406,-0.67742723,-0.66441315,-0.5829704,-0.36718905,-0.2959266,-0.26055777,-0.3033782,-0.38859925,-0.24334563,-0.3479828,-0.20965606,0.017984899,-0.034596067,0.6482218,0.6333186,0.5173466,0.6025677,0.7730097,0.78350496,0.7536986,0.796414,0.892865,0.97997516,1.0069479,1.089545,0.9873218,0.8135212,0.8855184,0.83933944,0.8895066,0.8531931,0.818349,0.96391755,0.9407232,0.9155346,1.0658259,1.1932378,0.81855893,0.67802817,0.5948012,0.69293135,0.79473484,0.72336745,0.70216715,0.6745648,0.70185226,0.5441094,0.520915,0.49845526,0.45437542,0.5250081,0.5128337,0.46707457,0.31321496,0.23072265,0.12377654,0.25160813,0.31730807,0.31468427,0.40452322,0.26703605,0.52574277,0.5695078,0.584306,0.5544996,0.56803846,0.663125,0.5641552,0.5788485,0.89443934,0.7816158,0.8177193,0.83933944,0.81478065,0.8400741,0.8784866,0.7345973,0.60634595,0.43233547,0.6208293,0.7551679,0.72945464,0.7076247,0.921307,0.94313705,0.9400934,1.015344,0.8595952,0.71350193,0.72871995,0.5764346,0.54683816,0.71990407,0.78875256,0.818349,1.0677152,0.978296,0.8762826,0.85875565,0.7735345,0.8699854,0.94848955,0.9440816,0.610544,0.59899926,0.70384634,0.72011393,0.912596,0.79704374,0.5549195,0.2509784,0.17530797,0.30429402,0.43810782,0.45647445,0.17383865,0.34805903,0.43076122,0.3450154,0.32853797,0.36988905,0.5512461,0.59585077,0.573496,0.4819778,0.5273171,0.5000295,0.49520174,0.4143887,0.20721339,0.22306116,0.43086615,0.31164068,0.34428075,0.49499184,0.6252373,0.5461035,0.7112979,0.6890481,0.78686345,0.65137035,0.49383736,0.57412565,0.48586103,0.68222624,1.621232,1.6805297,1.721671,1.7623924,1.5529083,1.4162608,1.2676487,1.2885342,1.1544055,1.2174816,1.2460285,1.2458186,1.2538999,1.0905946,0.5073762,0.40305388,0.60823506,0.5128337,0.45332587,1.1603878,1.3003938,0.89758784,1.1212406,1.2589377,1.1906139,1.3893931,1.4831152,1.3554935,1.2375275,1.4534137,1.0707587,1.107492,1.109276,1.1418111,1.1468489,1.2719518,1.236373,1.2945163,1.2084558,1.0576396,1.4873133,1.5730591,1.4563525,1.6638426,1.7589291,1.6640525,1.7755114,2.025822,2.1125124,2.3054142,2.2583957,2.126576,1.9160422,1.7914642,2.1801014,2.5277026,2.6316051,2.5909886,2.9701803,2.7290006,2.6556392,2.688489,2.723438,2.710949,2.894615,2.7235432,2.8687966,2.6327596,2.7538743,2.6763146,2.7701416,2.8021522,2.988022,2.8030968,2.4976864,2.7533493,2.7483118,3.0955982,2.7034974,2.9159203,2.9571664,3.0743976,2.944782,3.393452,3.859019,3.87896,2018-04-17
CVGW_CELH,-1.7923032,-1.3834625,-1.307537,-1.0852641,-1.7064989,-1.4768876,-1.4938227,-1.4018087,-1.1174408,-1.8079681,-1.7248452,-1.4472512,-1.5458981,-1.1156062,-1.2101603,-0.99000436,-0.85494727,-0.5941472,-1.0806069,-1.1174408,-1.0430676,-1.0118788,-0.96403724,-0.95288837,-1.0966953,-0.45753774,-0.2596797,-0.2132494,-0.3514113,-0.3164122,-0.33334726,-0.34887105,-0.13619484,-0.3010295,-0.22496282,-0.14748488,-0.44060266,-0.7983559,-1.0027057,-1.1774192,-0.73372036,-0.8364598,-1.0224632,-1.0451845,-1.2046565,-1.2736667,-0.9890165,-0.98774636,-0.7862191,-0.9228286,-1.0303663,-0.9653074,-0.8439394,-0.79045284,-0.803013,-0.5985221,-0.56620437,-0.6565247,-0.40532127,-0.37864858,-0.07805112,-0.7045074,-0.76490915,-0.8803498,-0.48533946,-0.665839,-0.5924537,-0.7011204,-0.7856546,-0.4839282,-0.2977836,-0.5798936,-0.83772993,-0.6603351,-0.54362434,-0.657936,-0.56620437,-0.5831394,-0.364536,-0.25601044,-0.30244073,-0.21790655,-0.13196108,0.090593904,0.12601641,0.5045151,0.7075948,0.5424779,0.45483893,0.21774802,0.49421296,-0.85466504,-0.7953923,-0.6994269,-0.7630745,-0.64311785,-0.77027196,-0.88881737,-1.2639291,-1.0931672,-1.0353057,-0.9551464,-0.9620615,-0.9846417,-1.0014356,-1.0734096,-1.1312711,-1.1724797,-1.4317275,-1.5021491,-1.5529542,-1.7248452,-1.5484383,-1.613356,-1.3541085,-1.1482061,-1.0393983,-1.0226043,-1.2427603,-1.296388,-1.1664114,-1.0815948,-0.9997421,-0.8642615,-0.695052,-0.7513611,-0.8504312,-0.78819484,-0.7431758,-0.55689013,-0.594994,-0.44398966,-0.55110395,-0.5158226,-0.35635072,-0.44808233,-0.45937237,-0.3662295,-0.3761083,-0.29030395,-0.42013946,-0.3467542,-0.40306327,-0.29453772,-0.21832992,-0.14353338,0.094686545,0.26107356,0.4177229,0.5770537,0.5982225,0.6603177,0.540361,0.307645,0.29762506,0.51622856,0.43733934,0.47544324,0.46697572,0.21436101,0.08029174,-0.24133338,-0.17077062,0.16087443,-0.23653512,-0.6034615,-0.7177732,-0.6768468,-0.38203558,-0.4314295,-0.3595966,-0.549975,-0.51892734,-0.6768468,-0.77704597,-0.7190433,-0.51328236,-0.7235593,-0.6501741,-0.5302174,-0.47517845,-0.41886932,-0.3749793,-0.36792302,-0.16046844,-0.14085199,-0.2860702,-0.5592893,-0.6949108,-0.5763654,-0.73019224,-0.70761216,-0.4015109,-0.17571001,-0.49747628,-0.41026068,-0.5640875,-0.83349615,-0.5966875,-0.5302174,-0.77718705,-0.671484,-0.34562516,-0.23159572,-0.08623641,-0.13111433,0.1425281,-0.26221997,-0.11403814,0.2629082,0.04966749,0.14563286,0.06378005,-0.009464113,-0.638884,-0.73329705,-0.89827275,-0.6401541,0.07252983,-0.05716455,-0.06845459,0.050090864,-0.07282948,-0.0022667092,0.044445846,-0.021600908,-0.035713464,-0.051237274,-0.066761084,-0.17274636,-0.28973946,0.06011078,0.11232724,0.13928221,0.14210472,0.2633316,0.1336372,0.13222593,0.20137747,0.008035456,0.13645971,0.06589693,0.027934158,-0.025693549,-0.096256316,-0.048414763,0.06730818,-0.024423419,0.016502988,-0.17528662,-0.06097494,-0.09202255,0.092710786,-0.022729913,-0.08609528,-0.100207835,0.05474801,-0.19320956,-0.21296714,-0.17500438,-0.21028577,-0.049402643,0.045151472,-0.105711736,-0.024000043,-0.11855415,-0.067607835,-0.3556451,-0.39374897,-0.24838966,-0.22580957,-0.20464075,-0.062103942,-0.23554724,-0.1607507,-0.14946066,-0.20449962,-0.17923814,-0.18333079,-0.30469877,0.6548138,0.9341013,1.0118614,1.2941126,0.87369955,0.8511195,0.92873853,0.75092036,0.99083376,0.8045481,1.085388,1.2236907,1.1346407,1.0951256,1.0018415,1.142967,1.1062745,1.1711922,1.3559254,1.3107654,1.3672155,1.3713082,1.365522,1.603883,1.6151731,1.4741887,1.5827143,1.3909246,1.3866909,1.4135047,1.5290866,1.454431,1.3866909,1.4149159,1.5446103,1.448786,1.382457,1.4120934,1.382457,1.1484709,1.2358277,1.320503,1.1837523,1.2133887,1.2358277,0.9633143,0.8377125,0.75727105,0.75741214,0.7023732,0.6558017,0.5019748,0.5612476,0.5977991,0.7375134,0.723542,0.63308054,0.5273774,0.67400694,0.6023152,0.53556275,0.51862764,0.40869084,0.49195495,0.5117125,1.8607316,1.8580502,1.6237817,1.6505957,1.5885004,1.8663766,1.8439376,1.9496406,1.8790778,1.7337185,1.7097272,1.6970259,1.6222293,1.5798917,1.5940043,1.531909,1.43171,1.3556433,1.399251,1.2639117,1.3286883,1.3117532,1.1820589,1.2060502,1.100206,1.1594787,1.0381109,1.0352883,1.1764139,1.0804485,1.0084745,0.8193663,0.8927516,0.9984545,0.8389827,0.80652386,0.6147342,0.5286476,0.6047143,0.56237656,0.59765804,0.5876381,0.6440883,0.99393857,0.9912572,0.9024892,0.88837665,1.1637125,1.087787,1.1964536,1.3940294,1.2895964,1.1076857,0.69842166,0.22875582,-0.17077062,0.042187836,-0.16371432,-0.2976425,-0.33602864,-0.4163291,-0.6360615,-0.5242901,-0.3298191,-0.31288406,-0.27167538,-0.056035545,-0.11798966,-0.09145805,-0.24500264,-0.053213034,-0.06746671,-0.17345199,1.0120026,0.8538009,0.7804156,0.90742856,0.61953247,0.55884844,0.43776274,0.57296103,0.27716187,0.59158957,0.30242333,-0.06718446,-0.08524852,-0.061257187,-0.069865845,-0.22496282,-0.28409445,-0.5941472,-0.5096131,-0.8607334,-0.8267221,-1.1635889,-1.2622356,-1.1182874,-1.0791957,-1.3809222,-1.3653984,-1.3288469,-1.0739741,-1.1556859,-0.7380953,-0.96516633,-0.9708113,-0.9692589,-0.88049096,-1.1466538,-1.3354799,-1.1844754,-1.2848158,-1.286227,-1.0789135,-0.9250866,-0.99706066,-1.0069395,-1.181794,-0.99000436,-1.2609656,-1.330117,-1.5488616,-1.7422036,-1.9171993,-1.1273196,-1.513439,-1.2622356,-1.8961716,-1.6483551,-1.3336451,-1.6448269,-1.334492,-1.5281162,-1.2094547,-1.2788885,-1.3648338,-1.1802417,-1.060426,-1.1053039,-0.97998446,-0.761381,-0.8572052,-0.9641784,-0.85000783,-0.7088823,-0.58624417,-0.5479992,-0.44667107,-0.54687023,-0.55660784,-0.3590321,-0.25332904,0.08381987,0.03724844,0.1668017,0.027369658,0.032873552,0.11740776,-0.0640797,-0.29369098,-0.2104269,-0.29524335,-0.36862865,-0.41350657,-0.33899227,-0.51370573,-0.35437495,-0.30356976,-0.30342865,-0.11587277,-0.33320615,0.090735026,-0.0065004756,0.015938485,0.058276147,-0.008052857,-0.012004373,0.10795234,-0.07635762,-0.0917403,-0.07212385,0.2746216,-0.14381564,-0.18050827,0.03682507,0.17639823,-0.009746363,0.44623026,0.53528047,0.9257749,0.7243887,0.65791863,0.69178873,0.726929,0.48983803,0.16383806,-0.22510394,-0.54235417,-0.6872901,-0.5379793,-0.46191263,-0.5127178,-0.3916321,-0.22524506,-0.24923642,-0.17740351,-0.17458099,-0.1154494,-0.32008144,-0.21014462,-0.3639715,-0.32572648,-0.13958186,-0.12405805,0.08212637,0.12714542,0.2640372,0.54473585,0.55461466,0.70406663,1.0323247,1.0295022,0.9435567,1.1281489,1.0618199,0.8169671,0.85916364,0.84208745,0.92535156,0.9578104,1.1127663,0.79960865,0.7939636,0.19516793,0.4856043,0.5254017,0.32937834,-0.045733377,-0.21536629,-0.041781865,-0.14903727,-0.34618968,-0.51398796,-0.63662606,-0.59273595,-0.73075676,-0.89446235,-0.9962139,-1.01329,-1.0834295,-1.7615379,-1.34804,-1.9795768,-2.4173481,-2.4975076,-2.3693655,-2.2423525,-1.5859777,-1.378523,-1.3501569,-1.1671171,-1.2066321,-1.2293534,-1.1576616,-1.1717743,-1.3490279,-1.1936487,-1.3217906,-1.2582842,-0.97476286,-0.79327536,-0.9115386,-0.75813514,-0.9075871,-0.8641204,-0.817549,-1.033471,-1.550414,-1.3237664,-1.0278261,-1.0223222,-1.1998581,-1.438078,-1.1012113,-1.1308477,-1.1253438,-1.2379621,-0.7955334,-0.6232191,-0.4022165,-0.5313464,-0.4329819,-0.78254986,-0.64452904,-0.7856546,-1.1141949,-1.2194746,-1.2349985,-1.0405273,-1.1446781,-0.8316615,-0.85000783,-0.76646155,-0.40997842,-0.35479832,-0.2729455,-0.3590321,-0.32939574,-0.34788316,-0.17698012,0.6543905,0.37115148,0.32048738,0.6107827,0.06815494,-0.28028402,-0.4369334,-0.57523644,-0.84732646,-0.44384855,-0.08270827,-0.30695677,-0.12081216,0.015938485,0.28972203,0.5508043,0.61120605,0.48588654,0.34080946,0.32528567,0.98307186,1.0436147,1.4638865,1.2862095,1.5556182,1.5485618,1.7205939,1.5180787,1.3346155,1.2838104,1.5011437,1.3545141,1.5041074,1.0516589,0.991116,0.86424416,0.8485792,0.6850147,0.8372892,0.78083897,1.0739567,1.0513766,1.0118614,0.88936454,0.82571685,0.38836882,0.5406433,0.83672464,0.7716658,1.2054856,1.3466111,1.4963454,1.7334363,1.3166926,1.4236658,1.2852217,1.2979228,1.0539169,1.2033688,1.4559835,1.0838355,1.0834122,0.85196626,0.7689844,0.84886146,1.0606909,0.9380528,1.2458476,1.620677,2.01851,2.1088302,2.3955977,2.1795342,2.090625,1.9634709,2.118709,2.0903428,2.007079,2.0293765,2.7622416,2.8412719,3.1555586,2.989595,2.9701195,3.4864979,3.3709161,2.9478219,2.5145664,2.9260883,2.8405664,2.0717144,2.2718303,2.3340666,2.5005949,2.661478,2018-04-17
CVGW_CHD,0.04948991,0.17245878,0.20691442,0.29834968,0.16137941,0.14798675,0.20813194,0.3899067,0.19534804,-0.013090288,-0.01138577,0.02343512,0.10403451,0.2484316,0.1559006,0.2452661,0.096729435,0.15492658,0.012599248,-0.08212331,-0.18062015,-0.1416597,-0.15651338,-0.11730945,-0.24539189,0.30127168,0.5157976,0.663482,0.6670128,0.6037021,0.5195719,0.42533633,0.38856742,0.40622136,0.5285815,0.5203024,0.38759342,0.3465632,0.32915276,0.3010282,0.3533813,0.43860722,0.4261886,0.33000502,0.40853465,0.40597787,0.23637825,0.28970534,0.32367393,0.12278422,-0.06897416,0.06531758,0.04218483,-0.065443374,-0.019664861,0.09137237,-0.025143672,0.010772978,0.08491955,0.17306754,0.40804765,-0.022708645,0.09733819,0.10026022,0.24502258,0.06324781,0.059838776,0.038532287,-0.12497978,-0.069948174,-0.17173229,-0.30480656,-0.33439213,-0.3707958,-0.37724862,-0.55330104,-0.52773327,-0.5921397,-0.5831301,-0.5625541,-0.43191496,-0.2856916,-0.0498592,0.21385424,0.5448962,0.7410376,0.64290607,0.46161824,0.42411882,0.51896316,0.5446527,-0.6582507,-0.4173048,-0.5682764,-0.5105663,-0.4107302,-0.44068104,-0.459796,-0.7753755,-0.65861595,-0.6700606,-0.54964846,-0.6636077,-0.5805734,-0.5238372,-0.6690866,-0.8128749,-0.8149447,-0.85402685,-0.8004563,-0.85025257,-0.9889274,-0.98624897,-0.95398474,-1.0451765,-1.0389673,-0.95763725,-1.0545515,-1.1831208,-1.1131139,-1.0561341,-1.0231396,-0.8705851,-0.7824371,-0.64291006,-0.7544343,-0.8364947,-0.62866515,-0.58020806,-0.53321207,-0.43848956,-0.320756,-0.19669133,-0.019786611,0.105739035,0.16028365,0.27594742,0.37724453,0.12473225,0.08881559,0.08491955,0.13106333,-0.008220234,0.0397498,-0.037805814,-0.0901589,0.0022503824,0.0056594205,0.06507408,0.121201456,0.1343506,0.35703382,0.10634779,0.08102351,0.053872958,0.025626643,-0.058503542,0.0022503824,0.15103056,0.060691036,0.10062548,-0.13386762,-0.13106735,-0.0093159955,-0.02404791,-0.07700976,-0.2921444,-0.46892738,-0.45991775,-0.45821327,-0.26596788,-0.51275784,-0.4920601,-0.39368504,-0.27984753,-0.11560493,0.0011546203,-0.011020516,-0.07250495,-0.055338006,-0.10671708,0.48572502,0.6443671,0.55317533,0.72947127,0.79339075,0.61332047,0.43130216,0.45991373,0.43702444,0.2509884,0.12607151,0.031348955,0.06470883,-0.30164102,-0.49193835,-0.6001753,-0.7866984,-0.7202221,-0.80410886,-0.99745005,-0.748712,-0.82785034,-0.9759001,-0.8725331,-0.74493766,-0.5546403,-0.89030874,-0.8595057,-0.55500555,-0.8306506,-0.74384195,-0.6668951,-0.70098543,-1.2825917,-1.3714702,-1.4485389,-1.1327158,-0.570955,-0.4666141,-0.50995755,-0.5390561,-0.6121069,-0.71888286,-0.6604422,-0.56681544,-0.5541533,-0.58653915,-0.53345555,-0.67846143,-0.72874475,-0.5473352,-0.54964846,-0.43605453,-0.45054293,-0.59104395,-0.5021655,-0.6750524,-0.70195943,-0.77099246,-0.702203,-0.6685996,-0.706099,-0.7191264,-0.7132823,-0.81689274,-0.636579,-0.86035794,-0.7059772,-0.5596321,-0.55524904,-0.5976185,-0.44238555,-0.47903273,-0.50106966,-0.504844,-0.5985925,-0.64485806,-0.72070915,-0.8856822,-1.1181055,-1.0354364,-1.0477333,-0.9972065,-1.1222452,-1.0644132,-0.975413,-1.121393,-1.3316575,-1.5376607,-1.1485435,-1.285392,-1.1705805,-1.216846,-1.2605547,-1.2650596,-1.3540598,-1.4330765,-1.4045866,-1.4478083,-0.63779646,-0.5400301,-0.38857147,-0.29263142,-0.57582504,-0.5181149,-0.4806155,-0.5399084,-0.42229658,-0.44360307,-0.33840993,-0.27449045,-0.46588358,-0.51616687,-0.35107204,-0.36105567,-0.53369904,-0.47793695,-0.73239726,-0.7248487,-0.8234673,-0.6102807,-0.55756235,-0.5372299,-0.56036264,-0.35922942,-0.3608122,-0.45541298,-0.50070447,-0.4533432,-0.5013132,-0.39039776,-0.42107907,-0.5104445,-0.4521257,-0.2954317,-0.21398002,-0.30249327,-0.27777773,-0.43142796,-0.31661642,-0.17416732,-0.6958719,-0.5956705,-0.5776513,-0.98600537,-1.1440387,-1.085111,-1.0618565,-1.0539427,-1.0225308,-1.1469607,-1.1873821,-1.106174,-1.0411587,-1.0281314,-1.0424981,-1.1604751,-0.9987893,-1.1006951,-1.2392483,-1.2510581,-1.31376,-1.2640855,-1.3441979,0.013938513,0.28313074,0.33244005,0.34242365,0.3958725,0.6660388,0.57752556,0.7321498,0.6267131,0.37651402,0.21933305,-0.010046504,0.09453791,0.096851185,0.12010569,-0.056068517,0.07992774,-0.05180722,0.20460114,0.31868213,0.3351186,0.27314714,0.07335317,0.06921363,-0.011020516,-0.18451619,-0.22992945,-0.27704725,-0.25805402,-0.3272088,-0.28703088,-0.36093393,-0.33719242,-0.21580629,-0.57278126,-0.52870727,-0.6352397,-0.8399037,-0.85634017,-0.69538486,-0.6018798,0.1341071,0.29713216,0.38150585,0.05849951,0.10208649,0.6416885,0.9067412,0.8349079,0.81335795,0.9642079,0.92975223,0.7551608,0.37675753,0.07371843,-0.26353285,-0.28447407,-0.3073633,-0.38333616,-0.25805402,-0.030013727,-0.17039303,-0.09782923,-0.22725092,-0.22031109,0.18025087,0.13690738,0.10415626,0.018443312,-0.11158714,-0.03914508,-0.11597019,-0.21495403,0.77999806,0.6453411,0.59591,0.6527679,0.3240392,0.49899593,0.33049202,0.5000917,0.461253,0.51348436,0.30772454,0.053872958,0.28739205,0.48523802,0.4323979,0.4143787,0.31697765,0.079318985,-0.0052982015,-0.18792523,-0.2854481,-0.34936753,-0.5105663,-0.41389576,-0.5425869,-0.46137878,-0.48219827,-0.47099715,-0.5316293,-0.61478543,-0.38613644,-0.4196181,-0.87886417,-0.9536195,-1.014617,-1.0249659,-1.1244366,-1.0304447,-1.2004095,-1.3216739,-1.3764621,-1.2642072,-1.3456589,-1.3291007,-1.3954552,-1.3063332,-1.5866048,-1.7403767,-1.9265347,-2.0045774,-2.1425216,-1.5750384,-1.684493,-1.4754459,-1.5549495,-1.5662724,-1.3209434,-1.351503,-1.1266283,-1.4355114,-1.3189954,-1.5025964,-1.5262161,-1.5025964,-1.4198055,-1.3362842,-1.3614866,-1.2338911,-1.203088,-1.109096,-1.143917,-0.98612714,-0.8756986,-0.81604046,-0.7836546,-0.99014497,-0.9722475,-0.79607326,-0.7345888,-0.64181423,-0.7763495,-0.8038654,-0.66543406,-0.706099,-0.7543125,-0.5966445,-0.44323784,-0.39417204,-0.44335958,-0.45395195,-0.28009102,-0.321243,-0.87362885,-0.7847504,-0.67383486,-0.57083327,-0.595427,-0.72168314,-0.6751742,-0.70208114,-0.5597539,-0.60979366,-0.6671386,-0.55683184,-0.52822024,-0.481346,-0.5091053,-0.6679908,-0.57083327,-0.72801423,-0.8042306,-0.7607654,-0.74043286,-0.89797914,-0.48925984,-0.4410463,-0.21166675,-0.17441083,-0.3174687,-0.26328933,-0.38954547,-0.6827227,-0.88093394,-1.1054436,-1.150735,-0.989658,-0.9242774,-0.95374125,-1.019974,-0.91794634,-0.8345467,-0.66409475,-0.7039075,-0.74603343,-0.70208114,-0.93146074,-0.8929873,-1.106174,-0.9435141,-0.7787845,-0.81871897,-0.7250922,-0.9373048,-0.9252514,-0.52249795,-0.55062246,-0.55062246,-0.43739378,-0.5671807,-0.662025,-0.70902103,-0.61892503,-0.5094705,-0.46089178,-0.41194773,-0.09904675,0.23820451,0.26925108,0.2196983,0.17647658,0.24197881,0.27838245,0.32903102,0.32598722,-0.00030639596,-0.15760915,-0.09454195,-0.26158482,-0.2533057,-0.18707298,-0.13118911,-0.08687161,-0.08687161,-0.14713852,-0.28824836,-0.529316,-0.4308192,-0.6800442,-0.22469415,-0.29798847,-0.07092219,-0.15992242,-0.11000437,0.038410537,-0.09064591,-0.11134363,-0.06593038,-0.13788542,0.092224635,0.3178299,0.23016892,0.25403216,0.3125946,0.680649,0.6584902,0.61879927,0.93961406,1.0077947,0.949963,0.82882035,0.8842172,0.865224,0.7941212,0.64485407,0.54952276,0.46867982,0.51348436,0.49169084,0.54952276,0.5305295,0.92232543,0.86838955,0.9442406,0.9236646,0.9821053,1.3381063,1.3555167,1.5327866,1.1073873,1.2409486,1.6006021,1.6512507,1.3987384,1.3742664,1.4859123,1.3490639,1.1532876,1.2101455,1.4926087,1.5520234,1.6899676,1.7908995,1.8282772,1.7991786,1.816589,1.6690264,1.7062824,1.494435,1.4107918,1.5159849,1.1657063,0.9975677,0.9437536,0.6687173,0.53978264,0.5547581,0.6897803,1.0254488,0.82261103,0.7400636,0.72874075,0.96749514,1.1177362,1.03665,0.90345395,0.926465,0.9067412,1.5175678,1.5386306,1.9080243,1.9002322,1.8455659,1.8061185,1.8320515,1.9831449,1.9829015,2.0414639,2.3205178,2.218125,2.2089934,2.1538403,2.098565,1.970361,1.9553857,2.0877295,2.0729973,2.1279073,2.1811128,2.123037,2.1895134,2.2716956,2.7341073,2.1706421,2.066301,2.3074903,2.2060716,1.8982842,1.9836318,2.1865914,2.2691388,2.169668,2.1150017,2.2962894,2.389551,2.2031498,2.014557,1.9596469,1.9786402,1.848975,1.7367202,1.492,1.2202508,1.3624564,1.5297428,1.5943928,1.790656,2.074215,2.0793285,2.6900332,2.5416183,2.3230746,2.1237679,2.3737233,2.4812295,2.5190945,2.704887,2.849771,2.7526133,2.5254254,2.343529,2.8144631,3.0090218,2.7696588,2.6845543,2.4419038,2.547219,2.6732316,2.8643813,3.1045966,3.1363738,3.0034213,3.0924215,2018-04-17
CVGW_CL,-0.7956783,-0.620942,-0.6443072,-0.45726028,-0.59154713,-0.59355706,-0.5086385,-0.39683747,-0.5072567,-0.7221911,-0.59833056,-0.5901653,-0.5176831,-0.47359076,-0.54896224,-0.38553172,-0.586648,-0.44796446,-0.61039007,-0.6567435,-0.49595097,-0.5119046,-0.45663217,-0.36844754,-0.4501,0.068204716,0.38677493,0.5478187,0.56075746,0.5272172,0.346828,0.079133585,0.20362218,0.2029941,0.4154161,0.32095045,0.13993327,-0.026260901,0.019715715,-0.054776456,-0.02186423,0.102624364,0.11794991,0.010671133,0.10953342,0.11556315,-0.0203568,-0.04548064,-0.00540812,-0.29169422,-0.2901868,-0.142333,-0.14924207,-0.34621292,-0.2649373,-0.07085571,-0.2214731,-0.2665704,-0.16205522,-0.09095477,0.18980408,-0.30827594,-0.21092108,-0.25991255,-0.24559197,-0.44934627,-0.18567163,-0.26481172,-0.38653672,-0.25752583,-0.31418008,-0.37045744,-0.361036,-0.43691,-0.43490008,-0.46680734,-0.3434493,-0.38766727,-0.26054066,-0.21569462,0.030895822,0.2083957,0.42797798,1.1671212,1.6033965,1.6473633,1.5526464,1.347259,1.3563036,1.4982532,1.4380816,0.18427682,0.6215572,0.22321877,0.35021973,0.5279709,0.38237825,0.23176087,-0.05980122,-0.0537715,-0.064951606,0.06632043,-0.023999756,0.17083557,0.2570103,0.15839928,-0.07726228,-0.013824605,-0.2497374,-0.3675682,-0.4887907,-0.5847637,-0.66315013,-0.61114377,-0.7096292,-0.75912315,-0.6990771,-0.69179124,-0.80648154,-0.81251127,-0.8651457,-0.8469309,-0.7416621,-0.61993706,-0.54770607,-0.9706658,-1.2330843,-1.0482985,-1.1314584,-0.9364974,-1.0632472,-0.3295056,-0.5532333,-0.658879,-0.4414323,-0.5232103,-0.098115064,-0.057414457,-0.20413765,-0.23139702,-0.076257326,0.12460772,-0.11256127,-0.021738611,-0.088568,-0.111179456,0.05928575,-0.045983113,0.07687244,0.26241195,0.26957223,0.5265891,0.37659976,0.23892117,0.16606204,0.15927862,0.115311906,0.19520569,0.24670957,0.008535608,0.119080484,-0.25438532,-0.3898028,-0.490675,-0.31769738,-0.2293871,-0.42673483,-0.5899141,-0.52157724,-0.5257227,-0.44922066,-0.7562339,-0.7283464,-0.5802414,-0.20514259,-0.19358563,0.07184767,0.1448324,0.31630257,0.34444124,0.30738363,0.36089736,0.3268546,0.36680147,0.33388925,0.7672754,0.3067555,0.13917954,0.116191246,0.111292094,-0.04673683,-0.19999222,-0.5613985,-0.07889533,-0.17160228,-0.353122,-0.4997196,-0.71440274,-0.5735836,-0.45173302,-0.6469452,-0.26317868,-0.37661278,-0.41580597,-0.56692576,-0.52107483,-0.39470193,-0.67546076,-0.44796446,0.16216785,-0.29998508,-0.013322128,0.08880626,-0.3051355,-0.7981907,-0.9631287,-1.1644962,-0.8519557,-0.22725156,-0.3232246,-0.40927377,-0.37950203,-0.47459573,-0.5468267,-0.45625532,-0.6189321,-0.78361887,-0.76917267,-0.581372,-0.7752024,-0.8709242,-0.6121487,-0.7123928,-0.6660393,-0.65636665,-0.72847205,-0.78336763,-0.77042884,-0.79630643,-0.7554802,-0.75962555,-0.7817346,-0.8494433,-0.804346,-0.85032266,-0.9462957,-0.8592416,-1.0381234,-0.7875131,-0.58890915,-0.5057492,-0.5716993,-0.36254343,-0.45110494,-0.83826315,-0.7950502,-1.1258056,-1.0341035,-1.0833462,-1.0004376,-1.0938982,-0.9638823,-0.96300304,-1.0205367,-1.1746714,-0.9954128,-0.99729705,-0.9888806,-0.8555986,-0.85949284,-0.70862424,-0.69430363,-0.7417877,-0.81590295,-0.70686555,-0.738396,-0.74480253,-0.94931054,-0.9332313,-1.0661365,-0.320461,-0.092462204,-0.06608218,0.079133585,-0.15426683,-0.088442385,-0.07349371,-0.15301064,-0.032165006,-0.0327931,0.11933172,0.20525524,-0.023999756,-0.13982062,0.21028,0.41227558,0.13176802,0.010922372,-0.17022046,-0.17838572,-0.2227293,-0.27172077,-0.3296312,-0.42196128,-0.44997436,-0.39809367,-0.46479744,-0.6210677,-0.6274742,-0.58828104,-0.53376234,-0.5546151,-0.5564994,-0.7038507,-0.5420532,-0.5250946,-0.42221254,-0.4055052,-0.6902838,-0.8822299,-0.8426599,-0.58413565,-0.8177873,-0.7524653,-0.7593744,-1.1456534,-1.2619767,-1.3089582,-1.2835832,-1.2715238,-1.2491635,-1.4471394,-1.3970172,-1.3580754,-1.2363504,-1.2480329,-1.2974014,-1.4087,-1.2848394,-1.3494077,-1.4951259,-1.473017,-1.4759061,-1.5451223,-1.6266491,-0.18692781,0.10526238,0.3578825,-0.04033025,0.08064101,0.31667942,0.2469608,0.35549575,0.23075593,0.03504125,-0.13479586,-0.2444614,-0.24471264,-0.2504911,-0.3175718,-0.4337695,-0.42221254,-0.6627732,-0.5219541,-0.41367042,-0.43088025,-0.5289888,-0.5448168,-0.422715,-0.4213332,-0.42158446,-0.42196128,-0.4678123,-0.29784957,-0.3576443,-0.38615984,-0.43527696,-0.40512833,-0.35500628,-0.5808695,-0.5965719,-0.5703175,-0.78763866,-0.84404165,-0.76779085,-0.80786335,-0.7348786,-0.42459932,-0.39407384,-0.59682316,-0.34809723,0.3852675,0.6914014,0.9194002,1.0661234,1.1987772,1.2897254,1.236086,0.7719233,0.44129366,0.12146725,0.078254245,0.024238005,-0.083794475,0.073229484,0.071345195,0.18013139,0.476467,0.40737647,0.2365344,0.4166723,0.37144938,0.27158213,0.11141771,0.31969428,0.3459487,0.2982134,0.14709355,1.1226519,1.0202724,0.8779459,1.0148708,0.81965864,0.85860056,0.80106694,0.91085815,0.88962847,0.86802197,0.56929964,0.18226694,0.49166694,0.74579453,0.704089,0.53525686,0.51239413,0.17799588,-0.03266748,-0.06608218,-0.21569462,-0.19446497,-0.3792508,-0.28214717,-0.40412337,0.31793562,0.3223323,0.30034894,0.21178742,-0.025004711,0.21618411,0.1984718,-0.043847587,0.022479337,0.019841334,-0.2104186,-0.26179686,-0.14409168,-0.45525038,-0.5846381,-1.1384931,-1.3267962,-1.4652286,-1.6908406,-1.5275357,-1.2598412,-1.5542924,-1.7184768,-1.9884324,-2.1259854,-2.364662,-1.7920897,-1.7864368,-1.58419,-1.7727443,-1.7453593,-1.4597013,-1.4457576,-1.2202712,-1.55781,-1.3774207,-1.5030398,-1.5392182,-1.5535388,-1.4411097,-1.2848394,-1.3933744,-1.2713981,-1.1655012,-1.1008073,-1.1734152,-1.1088469,-1.0037037,-0.8137675,-0.9118761,-1.1026917,-1.0445299,-0.9289602,-0.8430367,-0.7024689,-0.81301373,-0.71766883,-0.627223,-0.635137,-0.8015824,-0.79743695,-0.60096854,-0.50549805,-0.3276213,-0.33453035,-0.039953392,-0.18227991,-0.39558128,-0.2894331,-0.22574414,-0.1258769,-0.065705314,-0.20790622,-0.1467297,-0.25853077,-0.30161813,-1.2644892,-0.915519,-0.99717146,-0.7628917,-0.53376234,-0.6313684,-0.8470565,-0.79668325,-0.995664,-1.1008073,-0.978203,-0.9696608,-1.1470351,-0.6152892,-0.48803696,-0.04221454,0.04722631,-0.075629234,-0.0773879,-0.15263379,-0.46630487,-0.75736445,-0.9783286,-0.95496345,-0.7667859,-0.7135234,-0.7824883,-0.8285905,-0.71013165,-0.58350754,-0.38540614,-0.41191176,-0.37309545,-0.34822285,-0.46479744,-0.38427556,-0.46014953,-0.16758247,-0.042842634,-0.044852544,0.061170038,0.007028178,0.11845238,0.35888746,0.43677136,0.22711298,0.5605063,0.5190519,0.2845209,0.2864052,0.34054706,0.5471906,0.6252001,0.6199241,0.6905221,0.6957981,0.6383901,0.44053993,0.4848835,0.46629184,0.6358777,0.73750365,0.59492594,0.36089736,0.23829308,0.4239582,0.20550647,0.19746684,0.28075233,0.32157856,0.31429264,0.37534356,0.1604092,0.11707057,-0.14170492,0.05363289,-0.10979765,0.115311906,-0.06771523,0.005520748,0.00049598096,0.019087618,0.20374781,0.054260984,0.20701389,0.27597883,0.09219798,0.1558869,0.3467024,0.3302463,-0.114948034,-0.07600609,0.1893016,0.17334795,0.29268616,0.45975965,0.49505866,0.40913513,0.2817573,0.3269802,0.27761188,0.17146367,-0.41203737,-0.52810943,-0.74480253,-0.6688029,-0.54569614,-0.43854305,-0.18202868,0.022981813,0.002003411,0.039186683,0.12749697,0.23829308,0.68198,0.8519428,0.83222055,0.6385157,0.4803612,0.6362546,0.5043545,0.20450151,-0.2026302,-0.122736424,-0.13529833,-0.23956224,-0.019226229,0.14784727,0.36943948,0.5837458,0.6254514,0.6637652,0.73386073,0.7079832,0.63009924,0.6367571,0.90771765,0.79516286,0.6945419,0.3892873,0.17724214,0.072350144,0.1323961,0.04157345,-0.022994803,0.392679,0.46327698,0.36918822,0.25336736,0.30926788,0.33991897,0.64303803,0.53073454,0.42521438,0.40084428,0.37835842,1.0960207,1.040497,1.2957553,1.270757,1.323517,1.2960064,1.3963761,1.514207,1.5473704,1.559681,1.737181,1.5007657,1.3488922,1.2051839,1.0558226,0.9114862,0.9415092,0.89879864,0.82443213,1.7232373,1.6737432,1.4501412,1.5536513,1.7614255,1.8697093,2.2175486,2.084141,2.2568674,2.449693,2.2532246,2.257747,2.4435375,2.8191388,2.554836,2.4601192,2.611616,2.8028085,2.6123698,2.4548433,2.4499443,2.6080987,2.6253085,2.507352,2.4141426,2.0458272,2.3905263,2.3347511,2.3552272,2.398817,2.7198997,2.8242893,3.4236183,3.2909646,3.180922,2.91775,3.1285388,3.2922208,3.133438,3.1367042,3.3513873,3.2029054,2.896897,2.8001704,3.2658405,3.4703486,3.2765183,2.9855843,2.674928,2.8310726,2.9438787,3.1432364,3.3398304,3.2534044,3.2262704,3.4287689,2018-04-17
USNA_COKE,-0.48039603,-0.43074715,-0.8339767,-1.161391,-0.7266277,-0.8828205,-0.937971,0.63428897,-0.5320577,-0.4728816,-0.7761424,-0.6127036,-0.5613103,-0.3620438,-0.42108575,-0.19377425,-0.25751272,0.03903883,-0.05046338,-0.16572934,-0.20464334,-0.14774838,-0.15808073,-0.19873914,-0.09420809,0.04467465,0.117671944,0.083051905,0.14974247,0.077952825,0.12907778,0.26930237,0.35652342,0.25507864,0.15980643,0.5115085,0.38644695,0.35115597,0.3722232,0.44575724,0.47916964,0.4473675,0.4842687,0.496748,0.57108724,0.40992954,0.8915239,0.7527754,0.7326474,0.8021559,0.3838974,0.14558269,0.32109824,0.47366798,0.42482418,0.2058323,0.35786527,0.14075199,-0.15821491,-0.29843953,-0.18290518,-0.35627377,-0.33426723,-0.4269899,-0.31749395,-0.35788402,-0.3580182,-0.38525802,-0.2593913,-0.06321107,3.070708,1.7739325,1.9855441,2.2519035,2.1108742,2.0237873,2.1053724,2.0912828,2.0058062,1.9761511,1.8925531,1.8057346,1.5185761,0.71882623,0.9888089,1.1966634,1.2369193,1.009071,1.073212,0.7376123,0.46709284,0.5349911,0.50023687,0.48453707,0.44293934,0.58625025,0.670385,0.38966742,0.55498487,0.8157087,1.0627456,0.75787437,0.7993379,0.8366417,0.7880663,0.69816154,0.39020416,0.19979392,0.46534842,0.27051005,0.2670212,0.36323273,0.6067807,0.2768168,-0.39398012,-0.19176146,-0.11218905,0.08909028,-0.29830533,-0.45409554,-0.40766713,-0.28072694,-0.3097112,-0.4570476,-0.48401907,-0.52695864,-0.24530175,-0.30380696,-0.30165997,-0.019063806,-0.052744545,-0.07716644,0.038502082,0.046955813,-1.0030513,0.049102794,0.17953181,-0.05542827,0.28325775,0.05071303,0.14987664,-0.008328907,-0.4429581,-0.49059418,-0.23765315,-0.24382572,-0.05824618,-0.2410078,0.1278701,0.37920088,0.45246655,0.26554516,0.490978,0.4504538,0.19979392,0.34028688,0.22421582,0.20784509,0.15484154,0.016763916,-0.14976119,-0.12265556,-0.026444046,0.03179277,0.080368176,-0.05931967,0.12961452,0.32002476,0.4287156,0.24957702,-0.070322946,0.23105931,-0.056233387,-0.15888584,-0.2031673,-0.2954874,-0.26851597,-0.46268344,-0.75078124,-0.7836569,-0.40082362,-0.62706155,-0.33144933,-0.8028455,-0.77010405,-0.6561799,-0.6123011,-0.33426723,-0.31977513,-0.35090634,-0.6335025,-0.33359632,-0.22222173,0.07902631,-0.6406144,-0.44550762,-0.548831,-0.7032793,-0.37519404,-0.7266277,-2.3886585,-2.1711426,-1.7350372,-1.6988069,-1.3675011,-1.6899506,-1.6772028,-1.1807139,-1.3562295,-1.1438127,-1.2588102,-0.9340796,-1.1746755,-1.2064776,-1.2040622,-1.0312304,-0.92321056,-0.90187496,-0.805395,-0.99057204,-1.020093,-0.81411713,-0.7172347,-0.8092865,-0.82512045,-0.70757324,-0.7404489,-0.6516176,-0.61350876,-0.9428017,-1.134688,-0.9695048,-0.7596375,-0.72152865,-0.60424984,-0.5681538,-0.56855637,-0.6420904,-0.49126512,-0.55393004,-0.5933808,-0.6604739,-0.5994192,-0.53903544,-0.50857514,-0.5100512,-0.33748773,-0.22919941,-0.16398492,-0.52400655,-0.5253484,-0.49730352,-0.412632,-0.46791673,-0.6509467,-0.8043215,-0.81733763,-0.9525973,-0.32916817,-0.44188458,-0.38807592,-0.39612707,-0.33319375,-0.5395721,-0.40538594,-0.6459818,-0.5783519,-0.7228705,-0.63752806,-0.7381677,-0.659803,-0.61163014,-0.33292538,-0.54829425,-0.65792435,-0.6451767,-0.68717694,-0.58532965,-0.3561396,-0.434236,-0.4193413,-0.3755966,-0.56439656,-0.53313124,-0.6832856,-0.8394783,-0.8609481,-1.0175434,-0.9497794,-1.2235193,-1.0085529,-1.0500165,-1.1634039,-0.9313959,-1.3147659,-1.483438,-1.4857191,-1.4727031,-1.284574,-1.2519667,-1.348044,-1.252101,-1.306178,-1.1683687,-1.1369691,-0.8076762,-0.8086155,-0.5595659,-0.3804273,-0.40941155,-0.4428239,-0.40458083,-0.37908545,-0.26583225,-0.24771711,-0.38807592,0.73814905,0.43690097,0.44763586,0.4386454,0.41824907,0.41140556,0.47970638,0.48104823,0.50989825,0.45488194,0.23468234,0.30070195,0.119282186,0.08841935,0.03112184,0.03179277,0.118611254,0.20046484,0.32552642,0.5697453,0.6302633,0.47004494,0.3965109,0.40362275,0.5379432,0.41569954,0.39221695,0.51405805,0.55015415,0.5845058,0.6208703,0.4483068,0.46762958,0.27735353,0.27252284,0.3934246,0.37369925,0.327405,0.23723188,0.38228717,0.41851744,0.40737998,0.3031173,0.354779,0.444147,0.37463856,0.5225118,0.70232135,0.8363733,0.87609243,0.88642484,1.0424834,1.1794875,1.0549628,1.1433914,0.94224626,1.1046116,1.1094422,1.1479537,1.0917296,1.0907904,1.030675,1.0077292,0.80443704,0.20677161,-0.1689498,-0.117422305,-0.14493048,-0.16492422,-0.38525802,-0.5743264,-0.66892767,-0.5550036,-0.61055666,-0.39465106,-0.42578226,-0.23295663,-0.31440768,-0.47046626,-0.37183937,-0.35466352,-0.33144933,-0.32527676,-0.32916817,-0.30528304,-0.26395366,-0.23684803,-0.29146183,-0.5694957,-0.7464873,-0.70743906,-0.7052921,-0.6787233,-0.7706408,-0.5626521,-0.5044154,-0.4370539,-0.31655467,-0.5642624,-0.43329668,-0.39089385,-0.21685429,-0.1184958,-0.079447605,-0.3501012,-0.22664988,-0.2051801,-0.3598968,-0.393175,-0.5207861,-0.38579476,-0.33198607,-0.40632525,-0.3075642,-0.43866414,-0.40632525,-0.50777,-0.49569327,-0.46147576,-0.44443414,-0.389552,-0.49824283,-0.46456206,-0.5508438,-0.38807592,-0.21363382,-0.40404406,-0.4381274,-0.43946925,-0.38190335,-0.38914943,-0.36808217,-0.35291913,-0.32594767,-0.3317177,-1.304031,-0.8983861,-1.0655822,-1.1868864,-0.8936895,-0.7659443,-0.78553545,-0.9313959,-0.76674944,-0.7874141,-0.81398296,-0.8237785,-0.78432775,-0.94924265,-0.71897906,-0.9944634,-1.0077479,-0.97487223,-1.0544447,-1.0881255,-1.0759144,-1.0098948,-1.0372688,-1.0302911,-0.9340796,-0.8506158,-0.855849,-0.80781037,-1.0965791,-0.9280412,-0.92562586,-0.96038014,-0.904827,-0.91583025,-0.93582404,-0.8808077,-0.9793003,-1.0524318,-1.1171095,-1.2333149,-1.1133524,-1.1263685,-1.0882596,-1.0551156,-1.2039281,-1.432313,-1.2263372,-1.2196279,-1.1854104,-1.0832946,-1.1279787,-1.2919543,-0.85074997,-1.2051358,-1.1232822,-1.0745727,-1.2107716,-1.1392503,-0.72582257,-0.476773,-0.20786381,-0.20853475,-0.16988912,0.072987944,-0.028591026,-0.15257908,-0.11970348,-0.0048400653,-0.065492235,-0.12439999,-0.11514114,-0.07931343,-0.085351795,-0.06965201,-0.07153062,-0.05583083,-0.040801972,-0.04724291,0.036355104,0.08372284,-0.042143837,0.025351834,0.02870649,0.040917438,0.119818926,0.04078325,0.043466974,0.0743298,0.056617223,0.045613952,0.040514875,-0.12762046,-0.14157581,-0.16331398,-0.020137295,-0.04858477,-0.1348665,-0.028993586,-0.07139643,-0.086559474,-0.09058507,-0.07662969,-0.15083466,-0.17539075,-0.20933986,-0.14144163,-0.15727562,-0.11245742,-0.14090489,-0.15325001,-0.09528158,-0.10668741,-0.12869395,-0.16975492,-0.118361615,0.008981115,-0.96695524,-1.1126814,-1.0755119,-1.0155306,-1.0826237,-1.0505532,-1.1580365,-1.0637035,-0.98654646,-0.95984334,-0.937971,-0.91408587,-0.815459,-1.4042681,-1.3222804,-1.1668928,-1.1984265,-1.121001,-1.0065402,-0.8410886,-0.86913353,-0.7891585,-0.73373955,-0.7173689,-0.78124154,-0.7256884,-0.7574905,-0.8117018,-0.94790083,-0.8859068,-0.86577886,-0.93314034,-0.8769163,-0.9460222,-1.0347192,-1.0098948,-1.05686,-0.9678945,-1.0077479,-1.0361954,-1.2247269,-1.1169754,-1.1426051,-0.9818499,-0.96601593,-0.97084665,-0.9568913,-0.9682971,-0.9136833,-0.93246937,-0.9046928,-0.77963126,-0.73105586,-0.5609077,-0.55822396,-0.46509883,-0.51219815,-0.38982034,-0.48482418,-0.5246775,-0.5520514,-0.5461473,-0.49971884,-0.3793538,0.5260006,0.21804325,0.29748148,0.14840059,0.12558894,0.07124352,0.037428595,0.010322977,0.010457164,-0.016648453,0.03461068,0.08090492,0.0587642,0.12478382,0.14008106,0.122771025,0.14692456,0.1454485,0.16020899,0.14960828,0.3080822,0.5965826,0.63777775,0.9745852,0.97176725,0.92198414,0.7553249,0.8052421,0.7639128,0.85099965,0.802961,0.8229547,0.7782708,0.8079259,0.931243,1.0034353,1.1462094,1.2787853,1.1761329,1.2837503,1.2178648,1.3503065,1.44786,1.4285371,1.3321915,1.2369193,1.3540637,1.3654696,1.2885809,1.318907,1.244702,1.1678133,1.2009573,1.2803955,1.2571814,1.285092,1.3880129,1.2728812,1.4779177,1.5305187,1.5710429,1.5569533,1.5561483,1.5248829,1.4265243,1.4140451,1.3061594,1.3468177,1.1624459,0.80899936,0.7667307,1.3465494,1.2279288,1.4691956,1.4008948,1.4098853,1.4369909,1.5892922,1.6310241,1.5326656,1.4836878,1.5570875,1.656922,1.6333053,1.563126,1.5267615,1.4654382,1.6382701,2.0160043,1.8306932,2.162938,2.1795774,2.1653535,2.1045673,2.0700815,2.2623703,2.2584786,2.321412,2.2583447,2.2580762,2.363144,2.3690484,2.3970933,2.4141347,2.513835,2.703172,2.789051,2.7734857,3.4813178,3.6993704,3.7722335,3.7839077,3.851135,4.092536,4.2663074,4.2447033,4.2181344,4.461817,4.609824,2018-04-17
PEP_CVGW,-1.257497,-1.3921863,-1.3206457,-1.104975,-0.98853785,-0.9583272,-1.0252522,-1.215118,-1.1844877,-0.8095816,-0.881332,-0.92496955,-0.8979059,-0.9031507,-0.7917489,-0.97846764,-0.9153189,-1.0384694,-0.9478374,-0.9870693,-0.9253891,-0.89685684,-0.78881174,-0.86266005,-0.88363963,-1.339947,-1.6238015,-1.835696,-1.9343003,-1.9059778,-1.844927,-1.7091888,-1.6449909,-1.64583,-1.8323393,-1.7274411,-1.5577157,-1.3647029,-1.4127463,-1.2893859,-1.2721827,-1.329457,-1.4169422,-1.3072187,-1.3674302,-1.434775,-1.2665182,-1.2188944,-1.2581264,-0.9365084,-0.8828005,-1.1391717,-1.0726663,-0.77601415,-0.8311906,-1.072876,-0.99168485,-0.9404945,-1.0174898,-1.0456026,-1.2935818,-0.8666462,-1.0690998,-1.1769351,-1.359458,-1.2081947,-1.2446994,-1.2155377,-0.99797875,-1.0711976,-0.9211932,-0.77622396,-0.7575521,-0.7424467,-0.71769077,-0.66859835,-0.6427934,-0.5544691,-0.54355973,-0.6098554,-0.7703496,-0.947208,-1.2298038,-2.0289185,-2.4741066,-2.4501898,-2.3610263,-2.2275958,-2.2196233,-2.2859192,-2.258016,-1.1104296,-1.421348,-1.2209923,-1.3783396,-1.4085504,-1.1689628,-1.1370738,-0.77496517,-0.7495798,-0.7325863,-0.7881823,-0.6774098,-0.886367,-0.9535019,-0.8781849,-0.67510206,-0.68894863,-0.56411976,-0.32096568,-0.33712,-0.31320322,-0.19445843,0.09548025,0.31681547,0.3159763,0.24716306,0.20163724,0.16848938,0.14834894,0.15422323,0.25492552,0.20520377,0.14499219,0.038205814,0.5291295,0.60717374,0.49451306,0.5912292,0.39527932,0.438917,0.26268798,0.09275289,-0.004592658,-0.15082078,-0.09879125,-0.26809698,-0.44013005,-0.43992025,-0.3260008,-0.3954434,-0.4902714,-0.22403972,-0.38222626,-0.2374667,-0.17222,-0.4193602,-0.36565232,-0.50537676,-0.62433136,-0.61803746,-0.7728672,-0.5045376,-0.48712447,-0.45964113,-0.28446108,-0.30858767,-0.43845168,-0.6438424,-0.46362728,-0.5569867,-0.30753872,-0.13005093,-0.09291695,-0.18984291,-0.27523008,-0.052006654,0.17625186,0.124222346,0.1504469,0.11939703,0.3852091,0.33150125,0.1800282,0.042191945,0.08331205,0.022051489,-0.12417663,-0.2511035,-0.29851747,-0.35809967,-0.49698487,-0.72356504,-1.044134,-0.90818584,-1.2629516,-1.0489593,-0.86601675,-0.6709061,-0.69188577,-0.59705776,-0.34802943,-0.24438998,-0.4615293,-0.32369304,-0.2085148,-0.28592968,-0.1325685,-0.20872459,-0.15375793,-0.060398504,-0.2506839,-0.14998159,-0.11893171,-0.088301435,-0.15900284,-0.3436237,-0.052216448,-0.23809609,-0.6121631,-0.23725691,-0.6591575,-0.7080401,-0.48418733,0.045129094,0.22933038,0.44919702,0.14562158,-0.37215602,-0.29977626,-0.17201021,-0.13991137,-0.13109991,-0.0549438,-0.21900462,-0.14431709,-0.22403972,-0.18375881,-0.30439177,-0.16298898,-0.116204366,-0.3192873,-0.28697866,-0.15040119,-0.18208043,-0.0096277725,0.058136478,-0.07298629,0.03526866,0.11268354,0.27611497,0.19261599,0.2983534,0.20646256,0.09359208,0.19114742,0.082053274,0.2840872,-0.070258945,-0.21501848,-0.14263871,-0.015921665,-0.15249915,-0.14012116,-0.12061009,-0.11053986,-0.034803346,0.015338003,0.13806891,0.18149677,0.32520732,0.26541534,0.39024422,0.34912413,0.41164348,0.12611052,0.039045,-0.007949401,-0.22634749,-0.22152217,-0.48964205,-0.46006075,-0.47747383,-0.36061722,-0.28530028,-0.2672578,-0.3557919,-0.13340767,-0.12312765,0.057716884,-0.6975503,-0.89916456,-0.898745,-1.0330147,-0.8154559,-0.822589,-0.9018919,-0.8032877,-0.8146167,-0.7621676,-0.9635721,-0.9583272,-0.8985352,-0.7575521,-1.0569315,-1.0923871,-1.0756034,-0.9535019,-0.5850994,-0.57439977,-0.468033,-0.5081041,-0.2026405,-0.17075144,-0.08662306,-0.03627192,0.10932681,0.21611318,0.16723062,0.09862719,0.088976555,0.01261065,0.013030242,0.09527045,-0.0062710294,-0.108232096,-0.17641595,-0.071727514,0.07533979,0.10932681,0.09002553,-0.101099014,0.031492326,0.05624831,0.006526553,0.32940328,0.5247237,0.49954817,0.47730976,0.5463328,0.4869604,0.7047291,0.6195517,0.5859843,0.426539,0.4154198,0.54465437,0.5519973,0.39360097,0.4733236,0.5496895,0.6147264,0.72969484,0.75801736,0.75780755,-0.42985004,-0.59789693,-0.8586739,-0.559714,-0.714334,-0.8681147,-0.7795807,-0.89014333,-0.75293654,-0.51502734,-0.32159507,-0.2145989,-0.23327078,-0.25089368,-0.18354902,-0.12249826,0.00610696,0.22513442,0.11184435,-0.0060612326,-0.22110258,-0.12858234,-0.1319391,-0.110749654,-0.13403706,-0.09543452,-0.06207688,0.11058558,0.00044245642,0.10932681,0.06757732,0.13743952,0.063800976,0.28681457,0.42821735,0.42926636,0.48444283,0.63696486,0.67116165,0.5962643,0.5912292,0.64556646,0.42569983,0.37597808,0.6457763,0.42003533,-0.27250272,-0.63461137,-0.97972643,-1.0443438,-1.2329507,-1.1674943,-1.1408502,-0.5991557,-0.19026251,-0.038369887,-0.0075298077,0.17772044,0.21611318,0.061283424,-0.09396594,0.16156611,-0.08872103,0.0388352,0.22072871,-0.01864902,0.13974729,0.33926368,0.62374765,0.44017577,0.48863876,0.6361257,0.74123365,-0.38201645,-0.2368373,-0.057461355,-0.21438909,0.042821333,0.005477571,0.066528335,-0.004592658,-0.00039672936,-0.10991047,0.022261284,0.25702348,-0.025572302,-0.30208403,-0.27040476,-0.22550832,-0.25865614,-0.09879125,0.027296398,0.094221465,0.18758087,0.39402056,0.5350038,0.38206217,0.46388277,0.46325338,0.53059804,0.55619323,0.47269422,0.66423833,0.55346584,0.5861941,0.758437,0.70305073,0.7513039,0.73997486,0.86837035,0.81676036,0.8876716,1.1687988,1.0288646,1.1518053,1.2250243,1.2481018,1.3905536,1.1935549,1.6011893,1.669583,1.9379126,2.1863112,2.2072911,1.6085321,1.7281162,1.4329325,1.5103474,1.5378307,1.302649,1.5384601,1.3322302,1.6932899,1.5090886,1.7665088,1.8512666,1.7686068,1.7765791,1.6257355,1.7652498,1.6909821,1.6186024,1.5090886,1.53867,1.4555906,1.3664271,1.1906177,1.2204088,1.4134215,1.3114604,1.4662901,1.294467,1.1740438,1.3865676,1.3110409,1.2627877,1.2822987,1.452024,1.2906905,1.1184477,0.94788325,1.1801279,1.0655789,1.0190041,0.99487764,1.2107581,1.1868414,1.1167693,1.0093535,0.9010986,1.1176085,1.1203359,1.3209013,1.3515315,1.3320204,1.4507653,1.264466,1.3404123,1.2804105,1.3796443,1.6762964,1.6733593,1.7390254,1.7186753,1.5858742,1.5609084,1.7438508,1.2443256,0.96319836,0.6386432,0.56458503,0.7867595,0.7741717,0.99236006,1.1610364,1.3907635,1.5495794,1.773642,1.6488131,1.401673,1.5252429,1.6053852,1.3995749,1.4203447,1.2338357,1.3137681,1.3093625,1.3013902,1.4589473,1.4732134,1.3848891,1.1627147,1.2537664,1.1318747,1.0385152,1.0678868,0.9871151,0.82053673,0.86711156,0.9984441,0.9164137,0.96697474,1.1052306,1.1436234,1.0540402,0.9323582,0.84697115,0.8159212,0.87571317,0.9115884,1.0125005,1.1704772,1.1434134,1.1228535,1.0475365,1.1402665,1.4027219,1.6238472,1.7639912,1.5065712,1.7004228,1.639582,1.5434953,1.4142607,1.2661444,1.2115973,1.3827912,1.5269213,1.7239201,1.6322392,1.8426648,1.6198612,1.8988903,1.4123725,1.488109,1.3643291,1.1528543,1.1362804,1.0750198,1.0068359,0.9978148,0.83207554,0.780046,0.66570693,0.6927707,0.54045844,0.22555403,0.32206038,0.23772222,-0.3667013,-0.28236312,-0.2618031,-0.013613904,0.04596828,0.11079538,0.22597362,0.5031147,0.6854278,0.7341006,0.8889304,0.7032605,0.67640656,0.85934913,0.56395566,0.63025135,0.5071008,0.39548913,0.4561203,0.18821026,0.1330338,-0.03627192,0.10848762,0.15778977,0.22366585,0.15527222,0.5136045,0.6331885,0.5457034,0.71668744,0.9392816,1.0886567,1.0368369,0.80648035,0.67221063,0.6317199,0.76598966,0.6325591,0.74501,0.81277424,0.7953611,0.7215128,0.8157114,0.8201171,0.8971125,1.1117342,1.5340544,1.3257265,1.3565667,1.6051754,1.3588744,1.1604071,1.3183837,1.4625139,1.2065622,1.0773276,0.9340367,0.8717271,0.9237566,0.92207825,1.0433406,0.4034614,0.48779958,-0.027040876,0.010932278,-0.050118484,0.018904543,-0.22907485,-0.3557919,-0.30502117,-0.3612466,-0.4604803,-0.33040655,-0.2368373,-0.10613413,0.038205814,0.36003354,0.40262222,0.44038558,0.34975353,0.511087,0.12527134,0.17604207,0.24947082,0.2618488,0.07303202,-0.41684264,-0.5949598,-0.71727115,-1.2283353,-1.0416164,-1.0088881,-1.1788232,-1.9393355,-1.7175807,-1.6651313,-1.7652043,-2.0104566,-1.6550611,-1.6389068,-1.5872968,-1.4775734,-1.483028,-1.4884827,-1.3254709,-1.0831561,-1.2900153,-1.1970755,-1.1207097,-1.1314093,-1.3716261,-1.2671475,-1.8285629,-1.7106574,-1.6808662,-1.7622671,-1.9640915,-2.1019278,-2.1245856,-2.3530538,-2.397321,-2.356201,-2.1319284,-2.2513027,-2.732156,-2.9121614,-2.5238283,-2.2040985,-2.0937455,-2.179972,-2.3589284,-2.6031313,-2.760898,-2.656,-2.7071905,-3.0491586,2018-04-17
PRMW_CVGW,-1.59177,-1.7566969,-1.7463024,-1.6437428,-1.4559481,-1.2993369,-1.1551992,-1.4808949,-1.6991804,-1.3977385,-1.0969896,-1.022149,-1.0713499,-1.3173541,-1.2910213,-1.4143697,-1.3270557,-1.2141016,-1.0969896,-1.1032264,-0.9930442,-1.2106367,-1.112928,-1.0297716,-1.0380872,-1.366555,-1.5605866,-1.6000857,-1.500991,-1.4206065,-1.4289222,-1.3478448,-1.1995492,-1.0755076,-0.98334265,-0.98334265,-0.77545166,-0.7595134,-0.85860807,-0.82603854,-0.91543156,-0.96809727,-0.9486941,-0.929984,-0.96740437,-1.0436311,-0.97433406,-1.0228419,-0.9771059,-0.84682757,-0.76020634,-0.90503705,-0.73595244,-0.5793412,-0.54399973,-0.7941619,-0.67843586,-0.5578591,-0.6479452,-0.3125478,-0.66180456,-0.37006426,-0.5793412,-0.78238136,-1.0249208,-0.89602846,-0.47054493,-0.30215326,-0.23562816,-0.11089356,-0.33402985,-0.27027664,-0.2758204,-0.30284622,-0.33402985,-0.18226948,0.0013675443,-0.117823265,-0.13514751,-0.28898683,-0.47193086,-0.54538566,-0.7643642,-0.99858797,-1.0041318,-1.2182595,-1.2591447,-1.1607429,-1.1108491,-1.2092508,-1.3520026,-0.32363534,-0.5342982,0.18708347,0.06789265,0.23836324,0.38665882,0.3686416,0.49129725,0.5411911,0.48575348,0.42962295,0.635435,0.4718941,0.3984393,0.36032593,0.38111505,0.22658274,0.13926855,0.34854546,0.42061433,0.34646654,0.40606198,0.2730117,0.027700398,0.033937126,-0.0048691845,-0.022886401,0.128874,0.12610212,0.21203037,0.051954344,0.08868176,0.3242915,0.20302178,0.26331013,0.48298162,0.44971904,0.28756407,-0.32571423,-0.5959725,-0.54399973,-0.75396967,-0.8274244,-0.927905,-0.9244402,-1.0762006,-1.2466712,-1.3083456,-1.4448605,-1.3720988,-1.3963526,-1.342994,-1.3714057,-1.3998175,-0.9819567,-0.94384336,-1.042245,-1.0228419,-1.0055177,-1.0276928,-1.1073843,-0.7712939,-0.6451733,-0.77475876,-0.94592226,-0.9930442,-0.6680413,-0.7110055,-0.68051475,-0.7574345,-0.57518333,-0.49479884,-0.5876568,-0.68190074,-0.48579022,-0.25087348,-0.20929529,-0.22731252,-0.14277019,-0.20860232,0.080366105,0.100462236,-0.022886401,0.056112163,-0.00071136537,0.06789265,0.23420541,0.11847946,-0.21691796,-0.2439438,-0.48371136,-0.6555678,-0.86138,-1.1427257,-1.0041318,-1.0179912,-0.9937372,-0.8731604,-0.80594236,-0.72902274,-0.6964531,-0.7712939,-0.97502697,-0.6597257,-0.5329122,-0.61537564,-0.5959725,-1.0353154,-1.1662867,-0.9466153,-1.1683656,-1.1378748,-0.91958946,-0.8932566,-0.48232538,-0.25572428,0.0062183333,-0.018035613,-0.11851624,0.5141652,0.335379,0.3797291,0.6188037,0.86550087,1.1475396,1.2514851,1.0796286,0.50307775,0.7809586,0.60217243,0.7324507,0.8287735,0.8204579,0.75739765,0.73175776,0.63127714,0.6285053,0.60494435,0.6063302,0.71789837,0.6326631,0.6714694,1.072699,1.1544694,1.3103876,1.2708883,1.1891178,1.2015913,1.2785109,1.4212629,1.3062297,1.2216874,1.232775,1.0824006,0.9937004,0.88213223,1.0179542,0.92648226,0.84194,0.6555311,0.6423647,0.8495626,0.7366085,0.8842111,0.7213632,0.77818674,0.704039,0.8363962,1.2812828,1.5279801,1.5300591,1.5723304,1.7019157,1.5681725,1.4205698,1.6811266,1.5640146,1.7504236,1.7441868,1.6783546,1.5868826,1.552927,1.5390676,1.4919459,1.5806458,1.5931194,1.6520219,1.7920017,1.8862455,1.0900232,1.9569285,2.017217,1.9042628,1.8522902,1.7233977,1.5487692,1.8716933,1.5875756,1.7005297,1.5889615,1.4475957,1.1731795,1.2154506,0.5980146,-0.09149041,0.5585153,0.30350238,0.24737184,0.3014235,0.38527286,0.54327,0.65830296,0.5093145,0.45249093,0.91331583,0.7809586,0.76502025,0.73383665,0.70819676,0.58346224,0.55366457,0.519709,0.5404981,0.4760519,0.47466597,0.58484817,0.84817666,1.0214192,0.88213223,0.9666745,0.6693905,1.695679,2.201547,2.2070906,2.7732468,2.8286843,2.816904,2.7254322,2.86264,2.7372127,2.8349211,3.048356,2.8834288,2.658214,2.4323058,2.3588512,2.2957907,2.2396603,2.2063978,2.4246833,2.3463776,2.4038942,2.6000047,2.4815068,1.3083087,1.002709,0.9722183,0.9729113,0.8454048,0.5612872,0.8897549,0.7511609,0.6707764,0.8793604,0.9666745,1.0449802,0.94657844,0.7206702,0.6825569,0.84609777,0.5571294,0.5980146,0.34508058,0.2619242,0.5758396,0.44278935,0.37626424,0.35894,0.29726565,0.48298162,0.38250098,0.26677498,0.17183813,0.45664874,0.8828252,0.7075038,0.78650236,0.565445,0.6326631,0.51693714,0.3845799,0.44001746,0.42823696,0.3963604,0.41299167,0.34508058,0.24806482,0.038094945,0.17807485,0.2688539,0.6742413,-0.44906285,-0.7082336,-0.73941725,-1.1108491,-1.0775865,-0.9819567,-0.65833974,-0.26611882,-0.08733259,-0.20375153,-0.12683187,-0.12752484,-0.33333692,-0.5391489,-0.5239036,-0.76089936,-1.203014,-0.9875004,-1.3450729,-1.318047,-1.3235909,-0.9791848,-0.96740437,-0.9313699,-0.6916023,-0.7026899,-1.435159,-1.1461906,-1.1836109,-1.2889423,-1.0048248,-1.0166053,-0.9937372,-1.0678849,-1.0470959,-1.2231102,-0.8849409,-0.72971565,-1.1212437,-1.0755076,-1.1448046,-0.9861145,-1.0824374,-0.91958946,-1.0817443,-1.1163929,-1.0443239,-0.9653254,-0.7643642,-0.88216907,-0.90573007,-1.0034387,-1.0339295,-0.9625536,-1.0367013,-0.97849184,-1.0990686,-1.068578,-1.0852093,-1.0741217,-1.0186841,-1.019377,-0.9618606,-1.0914459,-0.8939495,-0.7948548,-0.89602846,-0.80524933,-0.53083324,-0.5724115,-0.9466153,-1.1739093,-1.0269997,-1.0464029,-0.88840574,-0.57518333,-0.26750478,-0.6971461,-0.22869846,-0.35551193,-0.0076410635,-0.27027664,-0.46915898,-0.3354158,-0.41233546,-0.22107579,-0.32294235,-0.22246173,-0.20305857,-0.23632112,-0.28760087,-0.33402985,-0.3173986,-0.2647329,-0.20513748,-0.29730245,-0.3423455,-0.5481575,-0.6638835,-0.61676157,-0.52806145,-0.21968985,-0.25572428,-0.35689786,-0.40332684,-0.48648325,-0.4178792,-0.3693713,-0.4386683,-0.42065108,-0.376301,-0.23770706,-0.3056181,-0.26126805,-0.23354925,-0.014570762,-0.108814664,-0.48509726,-0.23770706,-0.5107372,-0.7421891,-0.7560485,-0.91196674,-0.72001415,-0.5876568,-0.44282612,-0.27027664,-0.59805137,-0.49479884,-0.31462672,-0.31809157,-0.32987207,-0.25849617,-0.2578032,-0.29522356,-0.4573785,-0.42411593,-0.24879457,-0.2869079,-0.103963874,-0.40055496,-0.12752484,-0.43936127,-0.67358506,-0.4566855,-0.25918913,-0.31809157,-0.17464681,-0.022193432,0.17668891,0.2917219,0.16421546,0.1836186,0.046410587,0.22173195,0.22658274,0.29587972,0.18846941,0.28409925,0.33745793,0.01938476,0.036016036,0.23420541,0.56059426,0.33676496,0.39081663,0.36656266,0.3887377,0.41299167,0.16906625,0.008297243,0.106006,-0.07000835,0.05264731,0.69225854,0.5723747,0.50515664,0.60840917,0.54188406,0.5758396,0.49822694,0.83986104,0.81075627,0.6673116,0.7532398,0.66661865,0.4850605,0.41091275,0.4552628,0.49753398,0.70334595,0.72482806,0.6278123,0.7740289,0.81560713,0.726214,0.63404906,0.5453489,0.5314895,0.8433259,0.9174737,0.9666745,1.2833618,1.5640146,1.1967405,1.2632656,0.9652886,0.86134315,0.8336243,0.7275999,0.7449242,0.6298912,0.5453489,0.38388693,0.38388693,0.47120112,0.50515664,0.41160572,0.34646654,0.1219443,0.26746798,0.26331013,0.1358037,0.36379078,0.42546514,0.4919902,0.61256695,0.68186396,0.47535893,0.49891993,0.55089265,0.48921832,0.6271193,0.60355836,0.56267315,0.57168174,0.39497444,0.42407915,0.4005182,0.41784242,0.6111811,0.39428148,0.27647656,0.20856552,0.41368464,0.22381087,0.25222263,0.22242492,0.22103898,0.14550528,0.51000744,1.2313889,1.3318697,1.3090017,1.4067105,1.1690217,1.4441309,1.5286732,1.4067105,1.4961035,1.5161997,1.6277678,1.3997808,1.139224,1.3103876,1.5390676,1.347808,1.5397606,1.7261696,1.923666,2.0497866,2.084435,1.5868826,1.3408782,1.36929,1.0359715,1.0567605,1.0740849,0.8301594,0.80313367,0.6832499,0.5342614,0.6915656,0.076208286,0.17876782,-0.009719973,0.0062183333,-0.17326087,-0.07763102,-0.056148954,-0.12475297,-0.054763015,-0.045754407,-0.16078739,-0.36174867,-0.13098969,-0.09356932,0.023542581,0.22588977,0.20371474,0.06373483,0.24667887,0.28687114,-0.03050907,-1.8395469e-05,-0.07624508,-0.059613805,-0.019421553,-0.2252336,-0.24255785,-0.56409585,-0.674971,-0.723479,-0.8322752,-0.6791288,-0.9888864,-1.0103685,-0.96047467,-0.8932566,-1.2203383,-1.1565851,-1.3048806,-1.4032824,-1.4926754,-1.3277487,-0.5038075,-0.3832307,-0.18573433,-0.34719628,-0.54399973,-0.6015162,-0.7706009,-1.1808391,-1.322205,-1.6915578,-1.5827614,-1.4559481,-1.3076525,-1.1766812,-1.1898477,-1.1212437,-1.4538691,-1.6118662,-1.8502479,-1.9826051,-1.8897471,-2.078928,-2.2639508,-2.18911,-2.010324,-1.7670914,-1.8994486,-2.1142695,-2.1163483,-2.1551545,-2.3810627,-2.4739206,-2.7504158,2018-04-17
USNA_CVGW,0.13040428,0.13782918,-0.29266158,-0.6356002,-0.11554626,-0.31137857,-0.36536393,1.365571,0.056309745,0.1795944,-0.18530957,-0.002316201,0.05290666,0.1727882,0.1344261,0.3327334,0.29050416,0.5981744,0.5661544,0.48200527,0.4939161,0.5307313,0.51696426,0.48231465,0.6164273,0.5868823,0.55981225,0.51371586,0.6255537,0.56924814,0.6390114,0.8121049,0.9092476,0.81643605,0.70753723,1.0910035,0.9745251,0.92873806,0.95472527,1.0311401,1.0767725,1.0391837,1.0753802,1.1251891,1.269511,1.078938,1.6163169,1.4682823,1.4455436,1.5201021,1.1129689,0.80468,0.95750964,1.134625,1.0594475,0.7619867,0.95085806,0.72068554,0.31633672,0.17186008,0.1893396,0.18593651,0.17356163,0.05275197,0.075954854,0.063115925,0.03635527,0.033416238,0.192588,0.36011282,3.937997,2.507462,2.761147,3.0759327,2.9554324,2.8929393,2.9690447,2.9563603,2.8157508,2.762539,2.6584356,2.5589724,2.2370713,1.2944155,1.5709939,1.6252886,1.6378182,1.4310032,1.5527409,1.248938,0.8732058,1.3742334,1.2987467,1.2526503,1.2523409,1.3881551,1.5422223,1.2588377,1.535416,1.7757978,2.0409296,1.6939691,1.7378999,1.787554,1.7001566,1.6092012,1.263633,1.103533,1.4197111,1.2062445,1.2292926,1.3238058,1.5355707,1.1768541,0.38130474,0.59044003,0.6164273,0.85139513,0.4759725,0.3217507,0.32206008,0.41177788,0.32499912,0.12313404,0.053370714,0.004799349,0.40559044,0.28942138,0.3044259,0.55795604,0.53413445,0.47922093,0.59941185,0.6063727,-0.6108504,0.61441636,0.75487113,0.4786022,0.8749074,0.60714614,0.7746709,0.5768277,0.07966731,0.013307072,0.26513568,0.23822033,0.39429837,0.14865722,0.53784686,0.78395206,0.8484561,0.6164273,0.9216225,0.9428144,0.6931514,0.7879739,0.6690204,0.6337521,0.5641435,0.49608168,0.35052228,0.4620508,0.5421781,0.5066003,0.5901307,0.5602763,0.8182923,1.0462993,1.0927051,0.90878356,0.5143346,0.91512567,0.58208704,0.48865676,0.47009447,0.33118656,0.33195996,0.18423496,-0.17401752,-0.24146055,0.16134146,-0.07223421,0.22507204,-0.31369886,-0.35376248,-0.22722945,-0.13766634,0.16397111,0.24935772,0.17928502,-0.08306223,0.25136864,0.29499003,0.5758996,-0.12993205,0.10534516,0.049967628,-0.056765627,0.275809,-0.16721132,-1.9963717,-1.7723867,-1.3417411,-1.2965728,-0.97343415,-1.3773189,-1.4425963,-0.76429886,-1.0218508,-0.93832046,-0.99307925,-0.62492687,-0.88510853,-0.92393464,-0.6996401,-0.48895794,-0.33349863,-0.37990442,-0.51076865,-0.7271743,-0.75037706,-0.534745,-0.37046856,-0.4764284,-0.54356205,-0.4499771,-0.47704715,-0.37186074,-0.32004097,-0.6431798,-0.8342169,-0.74248815,-0.52360755,-0.5158733,-0.374181,-0.35716558,-0.33396268,-0.41903993,-0.26110566,-0.27997732,-0.36598268,-0.41903993,-0.34989536,-0.2615697,-0.2048,-0.20773904,-0.050114132,0.10952168,0.17603661,-0.19103296,-0.23403563,-0.20959526,-0.15096933,-0.21191555,-0.43651944,-0.60945827,-0.6320424,-0.77435344,-0.040987663,-0.16844882,-0.101160474,-0.15638332,-0.1251368,-0.29931307,-0.14864904,-0.4063557,-0.34974065,-0.40651038,-0.2957553,-0.43064135,-0.36412647,-0.31926754,-0.050887562,-0.24996829,-0.3998589,-0.38609186,-0.411615,-0.28724757,-0.048876647,-0.10317139,-0.40233386,-0.41641027,-0.6823153,-0.7319695,-0.792761,-0.9604405,-1.0326788,-1.1527151,-1.1565822,-1.4209403,-1.2523327,-1.3471551,-1.4286746,-1.154262,-1.5432968,-1.7634147,-1.7590835,-1.7658899,-1.6048617,-1.5385016,-1.6627142,-1.5320048,-1.5815042,-1.4657992,-1.4410495,-1.0334523,-1.055727,-0.7285664,-0.51819354,-0.54773855,-0.61456287,-0.5605775,-0.5059734,-0.3873293,-0.39382613,-0.5384574,0.7887473,0.43575418,0.453079,0.45354307,0.43931195,0.401878,0.5079925,0.5025785,0.5528514,0.6088477,0.38331568,0.4748897,0.24425308,0.22630954,0.19104114,0.24796556,0.3262366,0.41626376,0.51278776,0.79261446,0.89888364,0.7329057,0.61534446,0.61874753,0.85882,0.72393394,0.70196855,0.8121049,0.85031235,0.46236017,0.46328825,0.36258778,0.364444,0.18686461,0.08848441,0.2321876,0.18191467,0.15592745,0.10147802,0.28741044,0.3185023,0.3338162,0.23265164,0.2833886,0.420595,0.36800176,0.54975766,0.7517774,0.94157696,0.98055786,1.0008216,1.209957,1.3593836,1.2540425,1.3338604,1.1268907,1.3200934,1.2789469,1.3592288,1.324734,1.3804208,1.299056,1.2410488,1.0685741,0.39166874,0.01485393,0.10070459,0.077192344,0.058475345,-0.19876724,-0.38763872,-0.5260826,-0.49622816,-0.5774383,-0.33148772,-0.36536393,-0.29142407,-0.3939808,-0.6321971,-0.5848632,-0.53165126,-0.4728706,-0.315091,-0.2003141,-0.015619187,-0.002316201,0.059248775,0.030477203,-0.22846694,-0.4151728,-0.37820286,-0.48617357,-0.46467227,-0.5891944,-0.39831203,-0.37387165,-0.2990037,-0.110441625,-0.3877934,-0.2802867,-0.21516396,0.06095032,-0.24517302,-0.12621959,-0.41006815,-0.31524572,-0.19134232,-0.34803912,-0.38918558,-0.5386121,-0.38392624,-0.38021377,-0.40217915,-0.18113306,-0.36304364,-0.32932213,-0.4216696,-0.38995898,-0.34432667,-0.3024068,-0.22862163,-0.2986943,-0.285546,-0.3580937,-0.16550979,-0.018248847,-0.16906758,-0.16086921,-0.14911309,-0.08275286,-0.06929518,-0.041606408,-0.1480303,-0.065273345,-0.07795759,-1.227583,-0.76352537,-0.9706498,-1.0886751,-0.797711,-0.6088395,-0.6176566,-0.8465917,-0.69747454,-0.6954636,-0.7264008,-0.69716513,-0.69020426,-0.7915236,-0.5078296,-0.7449631,-0.69283396,-0.5792945,-0.8895944,-0.8793851,-0.96214205,-0.894235,-0.90135056,-0.99849325,-0.9226972,-0.9143441,-0.7957001,-0.7978657,-1.0716597,-0.8620603,-0.87830234,-0.9381658,-0.9157363,-0.9199128,-0.9712685,-0.92068624,-1.0578927,-1.1234795,-1.250167,-1.4073279,-1.3125055,-1.3185383,-1.2309861,-1.2130425,-1.4557446,-1.7211856,-1.5828964,-1.5589201,-1.5033878,-1.4042342,-1.431923,-1.6203305,-1.163543,-1.5828964,-1.5088018,-1.407792,-1.5368,-1.4704397,-0.9653905,-0.6767466,-0.395373,-0.4235258,-0.38408092,-0.15746613,-0.20093286,-0.32978618,-0.28477257,-0.13008673,-0.20402656,-0.24702924,-0.28956786,-0.30070525,-0.35762966,-0.3825341,-0.36876702,-0.38129658,-0.347111,-0.33860326,-0.3251456,-0.3130801,-0.3939808,-0.5036531,-0.5692399,-0.60064113,-0.5409324,-0.5656822,-0.5774383,-0.534745,-0.4784393,-0.36876702,-0.34401727,-0.49545476,-0.5222154,-0.5528432,-0.39970422,-0.40944943,-0.49978596,-0.4074385,-0.44208813,-0.4481209,-0.4456459,-0.42337114,-0.43342572,-0.48555484,-0.47039562,-0.4444084,-0.5050453,-0.44610998,-0.58780223,-0.59151465,-0.55934,-0.6660733,-0.6900496,-0.7646082,-0.70025885,-0.55578226,-1.6825141,-1.8481827,-1.7855349,-1.764807,-1.8259078,-1.7778006,-1.9272271,-1.8095112,-1.7269089,-1.614143,-1.5572186,-1.5245798,-1.4480103,-2.1874087,-2.0709302,-1.8135331,-1.7369635,-1.6910218,-1.528911,-1.343288,-1.367419,-1.2489296,-1.2118051,-1.1963365,-1.2268096,-1.1155905,-1.117292,-1.2235612,-1.2964181,-1.3505582,-1.2617685,-1.3929422,-1.3477739,-1.4251169,-1.5700574,-1.5273641,-1.6540519,-1.59094,-1.604707,-1.6356443,-1.8167814,-1.6698298,-1.6958171,-1.5620137,-1.6215678,-1.6293021,-1.6325506,-1.7230418,-1.6280646,-1.6582284,-1.6084195,-1.4334699,-1.3254992,-1.1415777,-1.083261,-0.970031,-1.017365,-0.88495386,-0.96755606,-1.0071557,-1.0169009,-1.0510864,-0.97621846,-0.8182842,0.23079541,-0.14864904,-0.15406305,-0.27734768,-0.4182665,-0.41455406,-0.42754763,-0.44456312,-0.40217915,-0.37696537,-0.3627343,-0.29884902,-0.34525478,-0.28059608,-0.32978618,-0.31803006,-0.3964558,-0.41084155,-0.4283211,-0.47240654,-0.2705415,0.048266083,0.12514496,0.43838388,0.3950718,0.33567244,0.12560901,0.16876638,0.19831137,0.36459872,0.37821105,0.42554492,0.41146854,0.35052228,0.3884203,0.52083147,0.6448895,0.7828692,0.5745074,0.6105492,0.5636794,0.7140341,0.80823773,0.8043706,0.43498078,0.31943044,0.3874922,0.44101351,0.28926668,0.3304131,0.18779273,0.04594579,0.14881189,0.2628154,0.16366175,0.211305,0.2682294,0.19831137,0.40667325,0.4991754,0.5786839,0.58935726,0.57064027,0.5344438,0.4236887,0.4125513,0.28880262,0.3401583,0.17433506,-0.108740084,-0.1599411,0.46019456,0.36877522,0.64720976,0.5273282,0.45168686,0.3998671,0.522533,0.5833245,0.5509952,0.506291,0.6421051,0.7335245,0.63143176,0.60157746,0.6379286,0.62508965,0.81643605,1.3259714,1.0145887,1.4201751,1.3004482,1.2469269,1.0657897,1.0059263,1.0783193,1.1709762,1.2786375,1.2707486,1.2234147,1.3776366,1.4351796,1.5143788,1.4631777,1.5343332,1.7272266,1.7824494,1.7289281,2.3846416,2.6415746,2.8262696,2.9794087,3.016224,3.2211826,3.3774154,3.318635,3.259081,3.4689896,3.579435,2018-04-17
SJM_GIS,-0.17321652,-0.44871432,-0.34266827,-0.2989183,-0.26293558,-0.1039458,-0.32348803,-0.24676713,-0.39006403,-0.517985,-0.4314362,-0.48739177,-0.34377784,-0.25944826,-0.31397715,-0.22298998,-0.14674464,-0.09094763,-0.13263687,0.0851617,0.09609918,0.032693483,0.03364457,-0.06653643,-0.116943955,0.0022587474,-0.004557365,-0.4314362,-0.59518147,-0.6936188,-0.56807554,-0.7276994,-0.7070925,-0.7204077,-0.63481003,-0.6246651,-0.6146787,-0.68252283,-0.73086965,-0.8102853,-0.9212452,-1.0640665,-1.1529931,-1.3005698,-1.3825216,-1.2980336,-1.5235994,-1.5744823,-1.5568873,-1.6415339,-1.697014,-1.7130239,-1.8910353,-1.8046451,-1.7594686,-1.7101705,-1.6966969,-1.6938436,-1.7180963,-1.9022899,-1.9993005,-1.9295543,-2.0665104,-2.0235531,-1.8124123,-1.6572268,-1.7134994,-1.5789208,-1.7304604,-1.7192059,-1.6370955,-1.9013387,-2.0183222,-2.0286257,-2.1752512,-2.0168955,-2.0634987,-2.054305,-2.109785,-2.0300524,-1.5446817,-1.3852165,-1.2333598,-1.0562994,-1.2962899,-1.2549177,-0.57314795,-0.4441174,-0.33601063,-0.52210635,-0.62434804,-0.65351474,-0.5710873,-0.61531276,-0.5086327,-0.53684825,-0.47803944,-0.44744617,-0.5278129,-0.44903132,-0.63655365,-0.44126412,-0.4309607,-1.0226943,-1.0472641,-0.95041186,-0.9442298,-0.62878644,-0.7250046,-0.65969676,-0.68870485,-0.5758427,-0.58028114,-0.45664,-0.41875508,-0.47819793,-0.3588367,-0.45378673,-0.26055786,-0.070340775,-0.10584796,-0.30700254,-0.28718826,-0.7773143,-0.7777899,-0.98306584,-0.76082885,-0.8844699,-0.8911276,-0.96594626,-0.93249977,-0.8248686,-0.78872734,-0.65145403,-0.58963346,-0.62514067,-0.76146287,-0.7367346,-0.72960156,-0.7757292,-0.80077446,-0.9161728,-1.0261817,-0.9608738,-1.0323638,0.08278399,0.2709404,0.028572112,-0.066060886,-0.025481245,-0.026590845,-0.1396115,-0.3155623,-0.22505067,-0.13644122,-0.067487516,-0.011849021,-0.14357436,-0.15609698,-0.28385946,-0.30494186,-0.4418982,-0.22267295,-0.1096523,0.31833613,0.111475065,0.18898854,-0.06463426,0.062177133,0.10117164,0.06265268,0.06360376,0.030949824,0.17234454,0.094038494,0.28029272,0.2756958,0.2909132,0.21213162,0.1507866,0.16013893,0.091819294,0.2298852,0.112109125,0.1396906,0.30502096,0.39870286,0.58162826,0.5752877,0.6364742,0.8847075,1.0631945,1.0102508,1.0773023,1.1871526,1.361043,1.0406855,0.9162519,0.85712606,1.022615,1.1373793,0.9419311,0.8165464,0.7301561,0.5748122,0.47320452,0.47352156,0.439124,-0.073035516,0.4124936,0.36081794,0.39046013,0.41534683,0.37571827,0.27807352,0.28045127,0.07723598,0.12130295,-0.039271984,-0.048782837,0.11955929,0.12589987,0.13493517,-0.06051289,-0.006142508,-0.000118966316,-0.14595208,-0.09205722,-0.049258377,0.036973365,-0.058452204,-0.066377915,-0.28179878,-0.34552154,-0.40401328,-0.4464951,-1.2092657,-1.1493472,-0.9087226,-0.74418485,-0.76415765,-0.67364603,-0.79538494,-0.56807554,-0.53034914,-0.48469704,-0.3719934,-0.31381866,-0.2623015,-0.41146344,-0.31017283,-0.27355602,-0.19239675,-0.21474725,-0.2667399,-0.3964046,-0.52194786,-0.4953175,-0.33965647,-0.39402688,-0.27989662,-0.41732845,-0.42192537,-0.5099008,-0.5473102,-0.62403107,-0.6016805,-0.6194341,-0.60707,-0.6893389,-0.6384558,-0.6550998,-0.44681212,-0.32174438,-0.35503238,-0.3899055,-0.3775414,-0.4000504,-0.32063478,-0.25881422,-0.20222463,-0.23567113,-0.31048986,0.873453,0.99408233,1.1318312,1.062719,1.0257852,1.0555859,0.95588046,0.99883777,0.9485888,1.1273929,0.9620624,0.9552464,1.134526,1.2711654,1.0321258,0.6073076,0.34623465,0.37207243,0.37983966,0.41613942,0.42390662,0.47574076,0.38887498,0.36668298,0.17060088,0.35590398,0.288694,0.20896132,0.3882409,0.56102145,0.5879689,0.7051109,0.538988,0.5920902,0.47257048,0.57893354,0.66056836,0.8677465,0.9241776,1.206967,1.0612924,0.93955344,0.7835754,0.8680635,0.71113443,0.6829189,0.6095268,0.650582,0.8964376,0.86552733,0.8518951,1.0424292,-0.5427132,-0.69995934,-0.9760912,-1.1155838,-0.91411215,-0.91870904,-0.7226269,-0.69488686,-0.79522645,-0.7383198,-0.19493297,-0.1740091,-0.05337975,-0.1096523,-0.1261378,-0.025005704,0.05758022,0.058055762,0.054885477,0.0009906334,-0.052745692,0.20499846,0.21482636,0.47859403,-0.07763243,0.02587737,0.14032465,0.18692784,0.16790614,0.07802856,0.12019335,0.10608558,0.15902933,0.27728096,0.10133015,0.111475065,0.2687212,0.32752997,0.2688797,0.11718158,0.28568223,0.019061256,0.12589987,0.061543077,0.049495995,0.15490797,0.022865597,0.14016615,-0.023737589,0.017951656,0.040936224,0.04632571,0.040143654,0.037607424,-0.1908116,-0.1305762,-0.20745559,-0.2597653,-0.06114695,-0.08936249,0.07691896,-0.6424187,-0.61737347,-0.49087906,-0.6982157,-0.573782,-0.66302556,-0.5354216,-0.6444794,-0.3853086,-0.45949325,-0.47724685,-0.4244616,-0.29955238,-0.54033554,-0.39466095,-0.34472895,-0.55650395,-0.4697967,-0.5867802,-0.6598553,-0.6021561,-0.45933476,-0.071450375,-0.40131855,-0.32967007,-0.21807605,-0.3098558,-0.35376427,-0.31413567,-0.30811214,-0.26911762,-0.3230125,-0.28116474,-0.22203891,-0.12677185,-0.00027748058,0.121937,0.03412011,0.14444603,0.08405209,0.16045596,0.2509676,0.15046957,0.2176796,0.21466783,0.19517058,0.38443658,0.34639314,0.17805105,0.4438794,0.68117523,0.87725735,0.7807222,1.0064465,1.1313556,0.7934033,0.650265,0.7697847,0.8400065,0.67261547,0.72999763,1.0574881,1.3938553,1.7500368,1.6963005,1.6636466,1.557759,1.8971381,1.890639,1.7040677,1.6451005,1.6302001,1.6371747,1.5715498,1.5186061,1.5458705,1.5330307,1.4948289,1.4834158,1.3320348,1.3657984,1.3826009,1.4764413,1.0722299,1.1535476,0.9742681,1.0178595,1.0880812,1.0665234,0.8809032,0.79261076,0.784368,0.90341216,0.9091187,0.8327148,0.7753327,0.77992964,0.5797261,0.6158674,0.633938,0.62934107,0.60223514,0.47257048,0.47304603,0.45418283,0.3760353,0.3487709,0.289011,0.378096,0.43357596,0.45132956,0.5719589,0.5808357,0.589237,0.41661498,0.4158224,0.41296914,0.5759218,0.6694452,0.6469361,0.60889274,0.58543265,0.6528012,0.80941325,0.85506535,0.78944045,0.79435444,0.8813787,0.85363877,0.90563136,0.8041823,0.94288224,0.9100698,1.0284799,1.0665234,1.0931537,1.0712788,1.0765097,0.8831224,0.7257177,0.80719405,0.5914562,0.33656526,0.27347663,0.38665575,0.30264324,0.15712717,0.18074578,0.19120772,0.13699587,0.26142955,0.17060088,-0.11345665,0.0149398865,-0.051794607,-0.020884333,-0.18050818,-0.21236955,-0.124235615,-0.19952987,-0.22917204,-0.10584796,0.09657473,0.03475417,0.1786851,0.017000573,0.008123774,0.12811907,0.112743184,0.23368955,0.26285616,0.21688704,0.3178606,0.39822733,0.23923753,0.20119414,-0.017714048,-0.004557365,0.049178965,0.14333643,0.19215882,0.36002538,0.15887082,0.15839528,0.046959765,0.05932388,0.03633931,-0.04450295,-0.03800387,-0.08492409,-0.41399968,-0.6004124,-1.6486671,-1.8029014,-1.5740069,-1.5798719,-1.5979426,-1.396788,-1.5077479,-1.3365525,-1.5725801,-1.5885901,-1.614745,-1.7337891,-1.5839932,-1.6118916,-1.3495506,-1.3042156,-1.3544647,-1.292961,-0.85038936,-0.8266123,-0.89144456,-1.024438,-0.8763857,-0.89857775,-1.0878437,-0.98163915,-1.0242795,-0.9545332,-1.0347414,-0.974189,-1.1127305,-0.9789445,-1.0699316,-0.9672144,-0.83263576,-1.0236455,-0.97989553,-1.1339713,-1.3476485,-1.3119829,-1.2739394,-1.1055973,-1.1875492,-1.1869152,-1.2194105,-1.2295555,-1.2373227,-0.9952714,-1.1423726,-1.3604882,-1.3730108,-1.3565252,-1.3378205,-1.4508412,-1.3317971,-1.5137714,-1.101159,-1.168686,-0.98369986,0.13128935,-0.22520919,-0.38673523,-0.2623015,-0.41415817,-0.59961987,-0.44284925,-0.41796255,-0.43191177,-0.6294205,-0.7502084,-0.5916941,-0.7015445,-0.5393845,-0.41336563,-0.16735148,-0.3685061,-0.31714746,-0.39830676,-0.25516838,-0.32713386,-0.40480584,-0.24217021,-0.26689842,-0.40211108,-0.37960207,-0.3685061,-0.450775,-0.27212942,-0.29352883,-0.30082047,-0.26372814,-0.3043078,-0.27720186,-0.17036326,-0.071608886,-0.25770462,-0.25485137,-0.14943938,-0.22520919,-0.15150006,-0.051636092,0.08468615,-0.11282259,-0.022469476,-0.15736508,0.09451404,0.28805995,0.22576384,0.21910623,0.16029745,0.2042059,-0.10838419,-0.078425,-0.088411406,0.19945048,0.27965868,0.24732175,0.17662442,0.2522357,0.105927065,0.107195176,0.4830324,0.52884305,0.49222627,0.6507405,1.4158889,2.1762817,2.2945333,2.306422,2.3842523,2.5059912,2.8108141,2.647386,2.5126488,2.4736543,2.5774813,2.492042,2.660067,2.6102934,2.0033426,2.258709,2.3956654,2.3503304,2.7870371,2.805583,2.9347723,3.0574625,3.1573262,3.534432,3.4464564,3.108821,3.3250344,3.3191693,3.3448486,3.327412,3.5017776,3.516044,3.3096585,3.2516425,3.222317,2.8385541,2.7767336,2018-04-17
MGPI_HSY,-0.91396475,-0.85562617,-0.63498074,-0.706258,-0.8443719,-0.91718024,-0.91794586,-0.9262909,-0.9190177,-0.92866427,-0.8178822,-0.8478171,-0.84276414,-1.0148706,-1.0223734,-0.90393543,-0.89727473,-0.81405425,-0.7273885,-0.6489912,-0.5568132,-0.67747146,-0.67800736,-0.6148455,-0.57779056,-0.58391535,-0.48109552,-0.4464139,-0.41425878,-0.49839807,-0.42497718,-0.41908205,-0.3854723,-0.4201539,-0.42214444,-0.52014107,-0.61545795,-0.58958083,-0.1868761,-0.2455975,-0.24835365,-0.15548657,-0.1459166,-0.25930172,-0.12915,-0.20984405,-0.29130372,-0.36043724,-0.22385451,-0.51118356,-0.44120786,-0.49326852,-0.5673784,-0.6153049,-0.63069344,-0.5427262,-0.6009882,-0.51769114,-0.54280275,-0.481708,-0.5134803,-0.4429687,-0.4344706,-0.5390513,-0.68757737,-0.7972876,-0.8759145,-0.82507885,-0.8115277,-0.83855337,-0.84605616,-0.6647625,-0.40055457,-0.6241858,-0.5914948,-0.7067173,-0.4424328,-0.5623255,-0.6692795,-0.8403142,-0.7195794,-0.7156748,-0.5517602,-0.14966804,0.011031041,-0.32437757,-0.51853323,-0.49380443,-0.41931176,-0.1960633,-0.36365274,-0.5820779,-0.5142459,-0.7230246,-0.5470135,-0.5663066,-0.6304637,-0.5102648,-0.5665363,-0.90071994,-0.8193368,-0.8026468,-0.8496545,-0.7306805,-0.74078643,-0.7278478,-0.785727,-0.6324543,-0.7639075,-0.68681175,-0.69791293,-0.9638818,-1.0412072,-0.9055432,-1.053763,-1.2122418,-1.1532142,-1.2272476,-1.0986271,-0.9370858,-0.9847826,-1.0329387,-1.0204595,-0.8871688,-0.86825854,-1.0794871,-1.0491694,-0.9790406,-0.9221567,-0.16367848,-0.25279412,-0.22094522,-0.12126434,-0.115063,-0.03704853,-0.062313274,0.16024613,0.27577493,0.20824915,0.09264382,0.24584003,0.3979644,0.30310678,0.44489557,0.26505652,0.28764167,0.35723457,0.15695406,0.05865125,0.061713643,0.06929307,0.24530411,0.36312968,0.41878864,0.5264318,0.32171082,0.25594592,0.17831425,0.3150501,0.2747031,0.18160632,-0.12264241,-0.008185476,-0.17194694,0.09432813,0.15259016,0.13375644,0.06891026,0.013404395,0.17839082,0.122884944,0.1381969,0.13911563,0.263066,0.30969092,0.35999075,0.3539425,0.5151775,0.5575151,0.61133665,0.5304129,0.6209832,0.5281927,0.6243518,0.46686825,0.4223104,0.4667917,0.45530772,0.58921087,0.45722172,0.4899893,0.20786634,0.13942187,0.010342003,-0.017372655,0.09471093,0.0290226,0.10841514,-0.13496855,-0.12333145,-0.10679453,0.1132384,0.04410488,-0.045546673,-0.12294865,-0.06920365,-0.19323057,-0.12654696,-0.079922035,-0.14522757,-0.2877054,-0.14147614,-0.18159348,-0.28203997,-0.29015532,-0.37789285,-0.3547718,-0.28893036,-0.19958505,-0.1575537,-0.3893003,-0.5051353,-0.40193266,-0.48431104,-0.47267392,-0.34099105,-0.20770039,-0.20777693,0.00689681,-0.05450417,-0.07127077,-0.10641173,-0.28127438,-0.2210218,-0.2547081,-0.43378153,-0.32866493,-0.22814186,-0.27514958,-0.15472098,-0.14576349,-0.11069908,-0.19483833,-0.18641675,-0.15893178,-0.3074578,-0.32054955,-0.38195053,-0.01055883,0.12633014,0.057196613,-0.04156556,0.19385591,0.0446408,-0.043173317,-0.21650477,-0.28043222,-0.19904912,-0.11521611,-0.0738738,0.04548296,0.034458347,-0.043326434,-0.016607055,-0.16735336,-0.0967652,-0.11735979,0.04272681,0.15243705,0.082384795,0.09585933,0.057579413,0.052832704,0.31581572,0.3243904,0.21751289,0.20005724,0.28121066,0.2445385,0.16438037,0.25357258,0.28603393,0.23060462,-0.09041073,-0.11146468,-0.008644834,-0.113914594,-0.057872802,-0.07930955,-0.2585361,-0.11988626,-0.24169295,-0.26244065,0.07526473,-0.13328424,0.03920506,0.2426245,0.06714939,-1.8457743,-1.67941,-1.4221689,-1.236741,-1.421633,-1.506155,-1.4423807,-1.259173,-1.2733365,-1.2280898,-1.5183281,-1.3227942,-1.2551919,-1.1522189,-1.1922598,-1.1704402,-1.3012044,-1.081248,-0.9074572,-1.2432486,-1.1767946,-1.2138495,-1.3818219,-1.7424952,-1.7976183,-1.9137595,-1.820969,-1.7319299,-1.9211859,-1.979601,-1.9090128,-1.950891,-1.9168985,-2.0870144,-1.9685763,-2.0739992,-2.073693,-1.9927692,-1.685841,-1.6488626,-1.5635749,-1.5540049,-0.12340801,-0.17324845,-0.10993348,-0.05549945,-0.11667075,-0.04133588,-0.0127790645,0.14991055,0.043568965,0.20541644,0.27914354,0.318725,0.3707091,0.36113912,0.3607563,0.22478609,0.3103034,0.35294724,0.33166358,0.359072,0.3299027,0.39183962,0.37959006,0.4247603,0.52520686,0.61187255,0.5533043,0.49351108,0.45676234,0.51111984,0.5399063,0.4453549,0.3537128,0.38762882,0.43287566,0.4840942,0.38870066,0.28396684,0.20533986,0.13322052,-0.010635389,0.01600743,-0.8237773,-0.8229351,-0.80900127,-0.4170915,-0.3382349,-0.24567406,-0.390219,-0.33854112,-0.114450514,0.22233616,0.28167,0.22945622,0.22509232,0.3204093,0.40248144,0.5544527,0.6192988,0.6626317,0.687284,0.6030682,0.5436577,0.49243924,0.67824996,0.71614707,0.61945194,0.56348675,0.5502419,0.4743711,0.6075852,0.4221573,0.33082142,0.32837152,0.3988831,0.30861908,0.303413,0.3120643,0.21713008,0.05467014,-0.04057028,0.046554796,0.13367988,0.10252003,0.023433732,0.058038775,-0.03758445,0.013098157,0.051531184,-0.10687109,-0.08466874,-0.22125147,-0.3256791,-0.50995857,-0.49502942,-0.521366,-0.59555244,-0.623803,-0.7100859,-0.7327477,-0.86565554,-0.7864161,-0.76589805,-0.73473823,-0.72800094,-0.737724,-0.6215828,-0.66070485,-0.7059517,-0.83380663,-0.87629735,-0.91189766,-0.9061557,-0.86642116,-0.9358609,-1.0431978,-1.0932679,-0.89727473,-0.8309739,-0.9706191,-0.95921165,-1.0703765,-1.1108,-0.9600538,-1.0216079,-1.0500882,-0.99312764,-0.85218096,-0.99703217,-0.9644177,-0.689032,-0.77424306,-0.6715764,-0.57281417,-0.50597745,-0.46371645,-0.46540076,-0.35186255,-0.33080858,-0.34344095,-0.32774618,-0.30232832,-0.27040288,-0.3003378,-0.45606044,-0.39129084,-0.32759306,-0.40239203,-0.4060669,-0.3090656,-0.40453568,-0.3172575,-0.54663074,-0.40361696,-0.38838157,-0.47611913,-0.4422797,-0.49855116,-0.61009884,-0.410048,-0.37360552,-0.27514958,-0.31970742,-0.31166863,-0.2436835,-0.28318837,-0.41165575,-0.28150406,-0.31044364,-0.26894826,0.013787195,-0.15648185,-0.16605183,-0.109550685,-0.11307244,-0.098985426,-0.19560394,-0.24421942,-0.15724745,-0.40859336,-0.62541074,-0.7642138,-0.83503157,-0.9499479,-1.1156234,-1.3573227,-1.3262395,-1.4534053,-1.421633,-1.4968147,-1.5326446,-1.6242868,-1.5506363,-1.5514019,-1.352576,-1.377458,-1.3544899,-1.3766924,-1.3255503,-1.3903965,-0.96127874,-1.0591222,-1.1518362,-1.1108767,-1.0650173,-0.87905353,-0.9403779,-0.66568124,-0.51929885,-0.37850532,-0.46677884,-0.3759023,-0.35829353,-0.43362844,-0.3387708,-0.25057387,-0.09462152,-0.09592304,-0.05052306,-0.009716672,-0.10756013,0.084222235,0.17096452,0.21001002,0.19339654,0.32507944,0.11997567,0.28434962,0.20426804,0.21422082,0.34973168,0.21980968,0.15595879,0.2730953,0.36550304,0.26421437,0.29805383,0.30900186,0.31742346,0.3785182,0.31711724,0.43050233,0.45882946,0.0018438617,0.101524755,0.021060377,-0.014080581,-0.085281216,0.23343733,0.13352676,0.28756514,0.20955066,0.3438366,0.18084073,0.16828492,0.36259377,0.2825122,0.03246779,0.025960205,-0.19545081,-0.23097457,-0.16406128,-0.16413784,-0.28188685,-0.18312468,-0.21627508,-0.09982759,-0.003055967,0.1626195,0.0617902,0.0068202503,-0.022731842,0.11163065,-0.013314983,0.11752576,0.303413,0.31757656,0.19454493,0.16499284,0.33556813,0.16116486,0.1323018,0.044028323,-0.03245494,0.07044146,0.0004657849,0.13482828,0.135747,0.17326131,0.23688254,0.22784847,0.34169292,1.0563023,0.941922,0.96864134,0.892694,0.45752794,0.9942889,1.2849866,1.5210205,1.3770114,1.238132,1.276029,1.1409775,1.1356949,0.85678744,1.1234453,0.8933065,0.9400845,0.8232542,0.9166572,0.9553199,1.1273499,0.8661277,0.82976186,0.7318418,0.7067302,0.7385791,0.59280914,0.5237522,0.3893897,0.37844163,0.3847961,0.45178595,0.3849492,0.43838796,0.37269965,0.2110053,0.33388382,0.41687468,0.47138527,0.44834074,0.1852812,0.19760734,0.3123705,0.42208076,0.57734406,0.9204852,0.7496037,0.63453424,0.7169126,0.5488638,0.56272113,0.8641372,0.97384745,0.98885316,1.1075208,1.1539927,1.3442439,1.2331556,1.0874622,1.148021,1.2576547,0.99252796,1.0495651,1.1736685,1.2961643,1.9033602,2.4728122,2.2705412,2.5632293,2.4950912,2.6969795,2.9055283,2.688328,2.6755426,2.7742283,2.9655514,2.9261997,2.8621953,2.860511,3.0656915,3.0537484,3.2515788,3.0384362,2.977954,2.8873837,2.3967118,2.7259955,2.6910844,2.15907,2.293892,2.3337796,2.2099824,2.1484282,2.090549,2.1873207,2.2210069,2.2123556,2.4837604,2.6021981,2.6052606,3.1476104,3.2714841,3.1467686,3.123877,3.203346,3.2265437,3.2032695,3.1119337,2.7942104,2.8850868,2.9621828,2.7645051,3.2450714,3.29116,3.4432845,3.3255355,3.374687,3.5873702,2018-04-17
USNA_IMKTA,-0.44445384,-0.39010528,-0.78490394,-1.108714,-0.6771462,-0.8291879,-0.8809868,0.6873382,-0.47988105,-0.42190924,-0.75323415,-0.57851356,-0.5277883,-0.33079153,-0.38943428,-0.17405298,-0.23900285,0.053808395,-0.03462543,-0.14506707,-0.18076268,-0.12721927,-0.13540511,-0.17311361,-0.074749425,0.060920674,0.12667572,0.0939324,0.16344488,0.100373715,0.15096483,0.28623235,0.3718481,0.27093425,0.17726684,0.52898926,0.39721078,0.36044163,0.38177848,0.44820446,0.47920328,0.45330384,0.48470524,0.49597755,0.5700526,0.40673852,0.8837981,0.74705446,0.72531503,0.7885204,0.36755392,0.12694411,0.2940156,0.44484964,0.396003,0.17874297,0.3431306,0.12278411,-0.16814844,-0.3067708,-0.18975367,-0.3554832,-0.33213347,-0.42888734,-0.320727,-0.3607168,-0.36138776,-0.3934601,-0.27966365,-0.08937657,3.0351958,1.7469338,1.9637913,2.2304347,2.087384,2.0016341,2.0794666,2.0518224,1.95735,1.9352078,1.8561677,1.7725648,1.4923679,0.7037098,0.97035325,1.1677526,1.2168676,0.98967713,1.0590554,0.72544926,0.44739932,0.5106047,0.48430264,0.46242905,0.42820957,0.56991845,0.6564736,0.37225068,0.53596735,0.79831654,1.035974,0.7416867,0.7789926,0.8201902,0.7728197,0.6689536,0.3654068,0.16827585,0.4257941,0.22866313,0.23134701,0.3191099,0.55636483,0.2293341,-0.4519687,-0.2493358,-0.17646848,0.022004427,-0.369842,-0.5146373,-0.46471712,-0.33803803,-0.37762523,-0.5293986,-0.5499303,-0.5947511,-0.3090521,-0.3605826,-0.3557516,-0.084679775,-0.11943602,-0.14359094,-0.03328349,-0.028720895,-1.0489976,-0.007786636,0.113122135,-0.102930166,0.2318838,-0.0024188769,0.10614405,-0.047910634,-0.489543,-0.5417445,-0.28811786,-0.29429078,-0.119972795,-0.31468827,0.062531,0.30394596,0.37265328,0.19739594,0.4261967,0.37748426,0.13432477,0.2720078,0.15391709,0.13955833,0.08977239,-0.04536095,-0.18129945,-0.1488245,-0.058914542,-0.005371144,0.05904196,-0.071126185,0.11419569,0.2983098,0.40593338,0.23738575,-0.08575333,0.21417019,-0.074078456,-0.17754202,-0.1933769,-0.29227787,-0.2649023,-0.45143193,-0.7416935,-0.7756446,-0.39439946,-0.6108544,-0.315896,-0.7785968,-0.7474638,-0.6352777,-0.5899201,-0.31106502,-0.29751143,-0.3293154,-0.6111227,-0.31898248,-0.21417697,0.089503996,-0.6163563,-0.41788343,-0.51826054,-0.66131127,-0.3336096,-0.69298106,-2.3521552,-2.136103,-1.7046694,-1.6712551,-1.3420773,-1.6625324,-1.653944,-1.1504482,-1.3360386,-1.1250856,-1.2445183,-0.9153405,-1.1478986,-1.1839968,-1.1798368,-1.0008221,-0.89413786,-0.8754849,-0.77846265,-0.96740776,-0.9929046,-0.79174787,-0.6940546,-0.78141487,-0.8039595,-0.6877475,-0.7192831,-0.6240054,-0.583613,-0.9091676,-1.099052,-0.93198055,-0.73297083,-0.697812,-0.57851356,-0.5442942,-0.5412077,-0.61286724,-0.46511972,-0.5224205,-0.56187356,-0.62360275,-0.5664362,-0.5111482,-0.4762578,-0.48135716,-0.30636823,-0.19941562,-0.13741803,-0.489543,-0.4918243,-0.46860877,-0.38661623,-0.44190413,-0.6232002,-0.77363163,-0.7926872,-0.92580765,-0.30516046,-0.41707826,-0.3670239,-0.3895685,-0.32220313,-0.503365,-0.37494135,-0.6146118,-0.5385238,-0.6733888,-0.58683366,-0.68224555,-0.6056208,-0.55516386,-0.2810056,-0.4920927,-0.6003872,-0.5943485,-0.62937313,-0.53315604,-0.30395275,-0.38098007,-0.36662135,-0.32247153,-0.5138321,-0.4788075,-0.62856793,-0.78315943,-0.8065092,-0.96781033,-0.9076914,-1.178629,-0.9667368,-1.0053847,-1.1197178,-0.8906488,-1.2755171,-1.4431252,-1.4395021,-1.4315846,-1.2480073,-1.2153982,-1.3125546,-1.218753,-1.272699,-1.1399812,-1.1099217,-0.7811465,-0.78289104,-0.5332902,-0.3521284,-0.38178524,-0.41560212,-0.37910137,-0.35011545,-0.23927124,-0.22410733,-0.3647426,0.7700016,0.46927294,0.48188716,0.47396973,0.46001354,0.45504838,0.51919305,0.5189247,0.5505945,0.49490398,0.26422453,0.33333445,0.14760998,0.114464074,0.06333617,0.066288434,0.15123321,0.23416509,0.35789195,0.5991727,0.65607095,0.49799043,0.42780697,0.43505347,0.56857646,0.44686252,0.4209631,0.539188,0.574481,0.6091031,0.6468116,0.47732455,0.49597755,0.30837438,0.30609304,0.4259283,0.40928823,0.36071,0.27120262,0.41599792,0.44699675,0.43720055,0.33521312,0.38553587,0.47544584,0.4099592,0.54898417,0.7325615,0.867829,0.9071479,0.91426015,1.0766349,1.2106948,1.086968,1.1708392,0.9729029,1.1338016,1.1402428,1.1779513,1.1151487,1.1163564,1.0551639,1.0299354,0.8259605,0.22987089,-0.14332254,-0.09501272,-0.1131289,-0.13983352,-0.35910648,-0.5397315,-0.63608277,-0.5283251,-0.5853575,-0.39104465,-0.43412086,-0.25228807,-0.3336096,-0.49101913,-0.3917156,-0.37547815,-0.35266516,-0.3451503,-0.3491761,-0.3251554,-0.28489718,-0.25631386,-0.30958888,-0.58079493,-0.75551546,-0.7127076,-0.7148547,-0.6915049,-0.7881246,-0.587102,-0.5320825,-0.46028873,-0.34192964,-0.5869678,-0.46163067,-0.42606926,-0.2600713,-0.16720909,-0.122254096,-0.38406655,-0.2650365,-0.24651772,-0.39909625,-0.4318396,-0.55583483,-0.4270086,-0.37520975,-0.44552737,-0.34139284,-0.47062165,-0.4405622,-0.53745025,-0.5212128,-0.489543,-0.4699507,-0.41493115,-0.51678437,-0.48175973,-0.5720723,-0.4096976,-0.23484284,-0.42003053,-0.4496874,-0.44727188,-0.3977543,-0.40540338,-0.39292333,-0.3804433,-0.34582123,-0.34957868,-1.3244978,-0.925405,-1.0962338,-1.2140561,-0.9196347,-0.79308975,-0.8117427,-0.960698,-0.8010072,-0.822344,-0.84998804,-0.8588448,-0.8173789,-0.9742517,-0.7446457,-1.0197434,-1.031955,-0.9967962,-1.0732868,-1.1065669,-1.0883164,-1.0208169,-1.0483267,-1.0542313,-0.96110064,-0.8844759,-0.8940037,-0.8438151,-1.130185,-0.96083224,-0.96177155,-0.99344134,-0.9416425,-0.95533025,-0.97908264,-0.92446566,-1.0202802,-1.0895243,-1.1552793,-1.2680023,-1.1501799,-1.1648071,-1.1339424,-1.1029435,-1.2463969,-1.471977,-1.2740409,-1.2686732,-1.2367349,-1.1401154,-1.1811787,-1.3518734,-0.90500754,-1.2662576,-1.1857413,-1.1354185,-1.2686732,-1.1924509,-0.77416843,-0.5126244,-0.24437061,-0.24544416,-0.19887885,0.042938683,-0.055291303,-0.17056394,-0.14130963,-0.026037017,-0.08159331,-0.14130963,-0.13459995,-0.10776114,-0.1154102,-0.10816372,-0.108432114,-0.09112109,-0.075554594,-0.08280106,-0.008860188,0.039986417,-0.07917783,-0.00724986,-0.0065788897,0.007108895,0.083733656,0.0038882396,0.0038882396,0.02992187,0.01744183,0.014757952,0.009792774,-0.15070322,-0.1646594,-0.186533,-0.044555783,-0.078372665,-0.15835227,-0.057975184,-0.09809918,-0.11017663,-0.11259212,-0.091255285,-0.160231,-0.1889485,-0.21686086,-0.1509716,-0.17378458,-0.12547475,-0.15862067,-0.17338201,-0.1108476,-0.12547475,-0.15177678,-0.18827753,-0.13392897,-0.011141485,-0.9898181,-1.1374314,-1.0954287,-1.0351757,-1.1022726,-1.0649668,-1.1746032,-1.0828146,-1.0064582,-0.9719703,-0.91627985,-0.8957482,-0.79751813,-1.386898,-1.3077235,-1.1511192,-1.1746032,-1.0958314,-0.97706974,-0.8142924,-0.83911824,-0.75524706,-0.6992882,-0.6766094,-0.7396806,-0.6890895,-0.7237115,-0.7781942,-0.9107779,-0.8533429,-0.83482414,-0.90151846,-0.84998804,-0.91896373,-1.0072633,-0.9798878,-1.0290028,-0.9437896,-0.9837794,-1.0110208,-1.1971477,-1.08939,-1.1158261,-0.95787996,-0.9470103,-0.95157284,-0.9397637,-0.9526464,-0.9012501,-0.9229895,-0.8978953,-0.7685323,-0.7165992,-0.55167484,-0.5492593,-0.45438418,-0.5021573,-0.37722266,-0.47089005,-0.51275855,-0.53865796,-0.53315604,-0.48672494,-0.36554778,0.54026157,0.23322573,0.31481567,0.17136231,0.1426448,0.087356895,0.05058774,0.024017336,0.026567021,0.0014727482,0.06964329,0.12345507,0.101581454,0.16317648,0.17538814,0.16371326,0.17914556,0.1779378,0.19108883,0.17713267,0.33521312,0.6276218,0.66452515,0.99477655,0.97907585,0.93022925,0.7616816,0.80958885,0.7760404,0.8565567,0.7916069,0.80878365,0.7541667,0.7912043,0.91627306,0.99423975,1.1241395,1.2544419,1.1508442,1.2622252,1.1898946,1.3254305,1.4195005,1.4042023,1.309193,1.218478,1.3317376,1.3485118,1.2767181,1.3110719,1.2285424,1.1614455,1.194323,1.2722898,1.2547103,1.2814149,1.3764242,1.264909,1.4645896,1.5167912,1.5601358,1.5449718,1.541617,1.5068609,1.4153405,1.4066179,1.3022151,1.342339,1.1698998,0.8358909,0.79066753,1.3681042,1.2556497,1.4899523,1.4284916,1.4330541,1.458551,1.6022726,1.6434702,1.5519499,1.5016272,1.5770442,1.6776897,1.6472276,1.5813385,1.5426906,1.4789485,1.6464225,2.0283384,1.8372463,2.1739392,2.191921,2.1742074,2.1134174,2.0817478,2.2774026,2.2767315,2.3363137,2.2744503,2.2765975,2.3832817,2.3906624,2.4247477,2.4356172,2.53841,2.724537,2.810958,2.800759,3.5052774,3.7170355,3.791245,3.803859,3.8714929,4.1139812,4.2862864,4.2642784,4.2394524,4.476439,4.62365,2018-04-17
WBA_IMKTA,0.11346357,0.23297551,0.06294523,-0.1853163,-0.18589363,0.10451461,-0.034627315,-0.12758105,0.102782555,0.25809035,-0.68934494,-0.4422381,-0.47456986,-0.22053477,0.049666133,-0.28750765,-0.3461089,-0.63305306,-0.101888865,-0.16626364,-0.28635293,-0.21938007,-0.21476126,-0.15875807,-0.076196685,-0.066959046,-0.36689362,-0.44281545,-0.6916543,-0.61948526,-0.45378515,-0.2626815,-0.20032744,-0.37988403,-0.48727158,-0.10506431,-0.20841038,0.3215991,0.59526414,0.39780962,0.17321956,0.0912355,0.045624666,0.19284953,-0.38046136,-0.37064642,-0.07792875,-0.066959046,-0.16799572,0.045624666,-0.32647896,0.47084472,1.3178205,1.6864601,1.710709,1.7003165,2.104463,2.130444,2.150074,2.1425683,2.4168108,2.2355223,2.273916,2.1370835,2.5152495,2.570098,2.6515048,2.604739,2.0617392,1.9612799,1.9540629,1.4159706,1.4797679,1.6252607,1.3336978,1.432425,1.1284491,0.7118893,0.773666,0.7615416,0.68157834,0.32304248,-0.57012165,-1.0074661,-1.2793992,-0.5019941,0.1654253,0.12587664,-0.01615204,-0.08427962,0.25462624,0.3221765,0.21536627,0.86373305,0.68533117,0.7730887,1.104489,0.98670906,1.1206548,1.1755033,0.78232634,0.20959276,0.5756341,0.35133275,0.6238431,0.13828972,0.25202817,-0.48351878,-0.8036607,-0.63045496,-0.16251087,0.28464857,0.4030058,-0.23352522,-0.17925408,-0.36140874,-0.20667833,-0.04963848,-0.45118704,-0.48265278,0.3874173,0.5727474,0.3729835,0.36057037,0.29446355,0.41801694,0.8383295,0.82158625,2.2031906,-0.32792234,-0.6483529,-0.49766392,-0.23583461,-0.011821897,-0.12556031,-0.5597293,-1.0403752,-0.95117426,-1.1035953,-1.4511614,-1.6318728,-1.8027691,-1.3986223,-1.3140403,-0.9381838,-1.3319381,-1.4941742,-1.702021,-1.3481041,-1.3885187,-1.1991471,-1.0340242,-0.9529063,-1.3440627,-1.4878232,-0.9104709,-0.8538903,-1.0894501,-1.1298648,-1.1033065,-0.8169398,-0.28144547,-0.49391112,0.0020345605,-0.024812326,-0.11256988,0.34353852,0.46507117,0.44370914,0.70063096,0.5646645,0.73584944,0.64174104,0.31265014,0.41657355,-0.23179314,-0.43559852,0.07420361,-0.0043163155,-0.16712968,0.022819247,-0.28664163,0.16369323,-0.13653001,0.12414459,-0.1853163,-0.30309615,0.08863742,-0.37006903,-0.22313286,-0.4202987,-0.6642301,-0.38421416,-0.29010573,-0.66942626,-0.8391679,-0.74361604,-1.0115075,-1.5426718,-1.0969557,-0.8579318,-1.0063114,-0.69915986,-0.7788345,-0.35217112,-0.68761283,-0.36140874,-0.10044549,-0.30915835,-0.13768472,-0.05801009,-0.09409461,0.004632646,0.30312383,0.020798512,0.40213978,0.24048111,0.12414459,0.42725462,0.6125847,0.49769157,0.48960865,0.47402012,0.4572769,0.5762115,0.8083072,0.9376341,0.92031354,0.7488399,0.6928367,0.67262936,0.7609643,0.7141987,0.75547945,0.86055756,1.4592719,1.4869848,0.77741885,0.8218749,0.4174396,0.49191806,0.5138574,0.4624731,0.2719468,0.41974902,0.3253519,0.37125143,0.57217,0.2635752,0.22402656,0.13511428,0.093544915,0.20583996,0.25953373,-0.030874526,-0.17694466,0.07824507,0.28609195,0.2733902,0.3276613,-0.25200048,-0.30598292,-0.14230354,-0.1232509,-0.28895104,-0.5724311,-0.43790793,-0.87554103,-0.8068361,-0.922884,-0.68270534,-0.78547406,-0.7745044,-0.5995666,-0.82819813,-0.8686128,-0.66480744,-0.619774,-0.388833,-0.46908498,-0.44541353,-0.38017273,-0.3611201,-0.42347413,0.4113774,0.9604395,0.9783374,0.7052498,0.6838877,0.6405863,0.6654125,0.7762641,0.85709345,1.0863024,0.28320518,-0.24622695,0.008385437,0.7133327,0.7243024,0.6163375,0.7069818,0.16484794,-0.089187115,0.09989578,0.12703136,-0.057721414,0.06409994,0.539261,0.23788302,0.30023706,0.19111748,0.27021474,0.13598031,0.03811908,-0.008069106,-0.09409461,-0.32503557,-0.3720898,-0.40615356,-0.32301483,-0.27047575,-0.067247726,-0.12382826,-0.006048373,0.07478096,0.12096915,0.50548583,0.6550201,0.7381588,0.7820377,0.6567522,0.68908393,0.69312537,0.67060864,0.6394316,0.54994196,0.2017985,-0.025101,-0.15154116,0.053418923,0.07420361,0.13193884,0.3166916,0.40906802,0.24914138,0.5736134,0.9633263,0.5753455,0.7277665,0.4177283,0.1654253,0.23874906,0.28205046,0.07535832,0.084595956,0.06323391,0.46333912,0.36980805,0.0066533796,0.13251619,0.022241894,-0.27913603,-0.06869111,-0.09496064,-0.13681869,-0.13681869,-0.24709299,-0.19946142,-0.32965437,-0.7153258,-0.753431,-0.6864582,-0.7343784,-0.74303865,-0.7199446,-1.0721295,-0.12758105,-0.01672939,0.31871235,0.15994045,0.15647633,0.117216356,-0.13393192,0.41686225,0.17321956,0.107978724,0.034943648,-0.13855074,-0.045597017,-0.38969904,-0.23698932,-0.6555698,-0.7395746,-0.63103235,-0.2251536,-0.20841038,-0.05021583,-0.22053477,0.07564699,-0.045597017,-0.019616155,0.072760224,0.33949703,0.39434552,0.30629927,0.18043645,0.46333912,0.3784683,0.21305686,0.20555128,-0.15529396,0.38683996,0.57447946,0.7707793,0.3799117,0.31524825,0.2748336,0.043026578,0.063811265,0.08690536,-0.11083783,-0.15529396,-0.146345,-0.31522056,-0.31926203,-0.39778197,-0.4967979,-0.54067665,-0.43300045,-0.3198394,-0.501128,-0.5672349,-0.04501966,-0.089475796,-0.1656863,-0.08658904,-0.07157787,-0.072732575,-0.45551717,-0.5802253,-0.61833054,-0.41741192,-0.5239335,-0.36285213,-0.30511692,-0.30742633,-0.5476049,-0.8613959,-0.9168218,-0.6261248,-0.39633858,-0.42347413,-0.31752998,-0.18069746,0.017334398,0.08315256,0.16629131,0.5467666,0.5577363,0.65357673,0.5935321,0.7390249,0.83024657,0.76731515,0.6772482,0.8152354,0.8065751,0.63567877,0.67580485,0.81379205,0.620379,0.7878112,0.8761461,0.85420674,0.82707113,0.90039486,0.76240766,0.74046826,0.52453846,0.24279052,0.24221316,0.20410791,0.25433755,0.3426725,0.3802004,0.2855146,0.20237584,0.27165812,0.1896741,0.11865974,-0.16482027,-0.12613767,0.0031892653,-0.02741041,-0.057432737,0.029747475,0.07593567,0.14059913,0.02859277,0.1533009,0.19111748,0.14319721,0.12414459,0.62875056,0.47402012,0.4682466,0.7141987,0.72054964,0.62932795,0.6873519,1.1148813,1.0715798,1.0334746,1.2361252,1.1552958,1.1957107,1.2843341,1.0981381,1.1119945,0.5765002,0.52338374,0.32131046,0.49740294,0.4477506,0.30514458,0.33978572,0.5672626,0.36345714,0.5522514,0.6509787,0.92637575,1.038382,0.7046724,0.723725,0.73700416,0.5153008,0.7277665,0.7277665,0.9656357,1.0958287,0.21478893,0.5923774,0.42638856,0.36692128,-0.102177545,-0.07937213,0.017334398,-0.036359377,-0.083702266,0.22980009,0.25347152,0.14319721,0.48239174,0.39405683,0.2803184,0.36114776,0.36057037,0.3403631,0.49567086,0.723725,0.7520153,0.6867745,0.86806315,0.94485104,0.8282258,1.0135559,0.99508065,0.68966126,0.7127554,0.966213,1.2115878,1.3241714,1.4009594,1.3478429,1.290685,1.4679322,1.5732989,1.6766452,1.317532,1.4866962,1.7095542,1.5773406,1.7690214,1.7707535,1.5144091,1.7814345,1.9944775,2.068956,1.949444,1.9835079,2.2450485,2.4162335,2.422007,2.3201041,2.2317693,2.3333836,2.3247232,2.2329242,2.2029018,2.360519,2.4217184,2.3893867,2.22946,2.2889273,2.2617917,1.9286594,1.3438015,1.236414,1.2987679,1.4419513,1.3850821,1.0906326,0.99652404,0.8816309,0.7465305,0.7292099,0.4526581,0.6755161,-0.18069746,-0.6096703,-0.93298763,-1.0946463,-1.0478808,-1.4179637,-1.365136,-1.3391551,-1.2993177,-1.4015092,-1.2271487,-1.3761057,-1.419407,-0.91711044,-1.4199845,-2.0256271,-1.4794518,-1.5296813,-1.3945808,-1.538919,-1.5100514,-1.6647819,-1.1370816,-0.873809,-0.71215034,-0.31031308,-0.428093,-0.4055762,-0.45234177,-0.31319985,-0.35996538,-0.4783226,-0.4021121,-0.44281545,-0.59206104,-0.90007854,-0.3498617,-0.67173564,-0.33600527,-0.6783752,-0.8068361,-0.9607006,-0.7499669,-1.4067054,-1.0152603,-1.1477628,-1.0190132,-1.1529589,-1.3717755,-1.1038839,-1.0640466,-1.2314788,-0.9913002,-1.0071775,-1.0998424,-1.1365043,-1.1139876,-1.1203384,-1.1113895,-0.74852353,-0.5204693,-1.4199845,-1.0773257,-0.90383136,-0.82386804,-0.68241674,-0.43530986,-0.19744068,-0.2118745,-0.4240515,-0.30136412,-0.23006108,-0.045885686,-0.05021583,-0.025101,0.1105768,0.29186547,0.631926,-0.24882504,-0.37757462,-0.1899351,-0.5597293,-1.0989764,-0.903254,-0.9552157,-1.720785,-1.8555968,-1.7028872,-1.8062332,-1.6948041,-1.4826272,-1.176053,-1.1131215,-1.520155,-1.465884,-1.2984518,-1.3348249,-1.6633384,-1.6800817,-1.4491407,-1.3625379,-1.387364,-1.6587195,-1.6985569,-1.7037531,-1.4214277,-1.5455586,-1.5605698,-1.8561741,-2.1581295,-2.1338806,-2.4115872,-2.4901073,-2.4514244,-2.5449555,-2.6269398,-2.19508,-2.5074277,-2.1558201,-2.6973765,-3.192745,-3.1754243,-2.6829426,-2.8821294,-3.192745,-3.3295774,-3.0807385,-3.055335,-3.122308,-3.1188438,-2.6589828,-2.729997,2018-04-17
WDFC_K,-1.1835759,-1.1231273,-1.2370021,-1.4172088,-1.4092376,-1.358943,-1.4322972,-1.2250452,-1.287961,-1.3059912,-1.3844699,-1.3850392,-1.3682426,-1.2976404,-1.4414072,-1.168962,-1.0954179,-1.1028197,-1.1365077,-1.102535,-1.2000878,-0.9932153,-0.9591478,-1.1197112,-1.0556567,-1.074446,-1.0138077,-1.1115501,-1.0090629,-0.99302554,-0.9865727,-0.9593376,-0.9805942,-1.0073549,-1.0128587,-0.96939653,-0.95079696,-0.90249515,-0.8919617,-0.8932902,-0.9400738,-0.97679836,-0.82752764,-0.87582946,-0.93798614,-0.87639886,-0.8020007,-0.8813335,-0.88474965,-1.0042232,-0.8284766,-1.3278172,-1.1355587,-1.0596422,-1.0222534,-0.8616901,-0.82031554,-0.82961535,-0.70587146,-0.84280586,-0.8180381,-0.8993636,-0.95203066,-0.97471076,-0.956301,-0.98866034,-1.0085884,-0.9644619,-0.9529796,-1.0402836,-1.1004474,-1.0996882,-1.1967664,-1.2239065,-1.2772379,-1.3225031,-1.3147216,-1.362549,-1.3203204,-1.3200358,-1.3169042,-1.4347645,-1.3820974,-1.5472157,-1.6091825,-1.5196961,-1.5129585,-1.5363976,-1.5258641,-1.6103214,-1.5522453,-1.5727427,-1.5547125,-1.6087081,-1.536018,-1.5511065,-1.5552819,-1.5320324,-1.5448433,-1.4762338,-1.4603863,-1.4412174,-1.3685274,-1.313393,-1.2901436,-1.2163148,-1.1491288,-1.146282,-1.108039,-1.0967464,-1.0858334,-1.122558,-0.99055827,-0.96114063,-0.93276685,-0.9352341,-0.8816181,-0.80484754,-0.83711207,-0.93105876,-0.9506072,-0.9094225,-1.0319327,-0.9641773,-1.0262389,-1.0838406,-1.044364,-1.0338306,-1.0482547,-0.8343602,-0.81186986,-0.88977915,-0.7911827,-0.54312557,-0.5985446,-0.66183996,-0.5712147,-0.5904785,-0.50706524,-0.50896317,-0.5309789,-0.49444413,-0.47442117,-0.35276502,-0.24648197,-0.26878244,-0.23006505,-0.3403337,-0.25084716,-0.32496062,-0.37848172,-0.4956778,-0.49178708,-0.45923784,-0.5124743,-0.56770355,-0.5364829,-0.55223554,-0.55157125,-0.63972926,-0.7366177,-0.75863343,-0.63451004,-0.47859657,-0.43342626,-0.6273929,-0.6148667,-0.80010283,-0.8841803,-0.8137678,-0.8147167,-0.74800515,-0.72447103,-0.8464119,-1.0284216,-0.88655263,-1.0015662,-1.0110557,-0.86083597,-0.73490953,-0.6195165,-0.74373484,-0.7506622,-0.7598671,-0.7001777,-0.6564309,-0.67901605,-0.72475576,-0.72722304,-0.67474574,-0.8094026,-0.7885255,-0.52253324,-0.4612307,-0.45582163,-0.4604715,-0.36301374,-0.57197386,-0.3534293,-0.2631836,-0.23983929,-0.56760865,-0.6151513,-0.48391074,-0.56751376,-0.53600836,-0.3388154,-0.25701538,-0.27931583,-0.18688755,-0.20510751,-0.19495367,-0.22370702,-0.31974137,-0.39347523,-0.46151537,-0.5622945,-0.6312836,-0.6000629,-0.6718989,-0.75237036,-0.64257616,-0.72001094,-0.6980901,-0.6711397,-0.5812736,-0.4560114,-0.470056,-0.38284692,-0.3830367,-0.3703207,-0.44035363,-0.3385307,-0.35485274,-0.46967638,-0.3663351,-0.5414175,-0.5223434,-0.6162901,-0.6083188,-1.0428457,-1.1096523,-1.1036738,-1.0168443,-1.032502,-1.1125939,-1.1036738,-1.0576495,-1.0090629,-0.9010718,-0.90989697,-0.91179496,-0.762619,-0.9247956,-0.8629237,-0.9503225,-0.7877664,-0.77856153,-0.72798216,-0.5682729,-0.43181303,-0.37952557,-0.4623694,-0.44604737,-0.43959448,-0.5034592,-0.40581167,-0.55584157,-0.4817281,-0.38417545,-0.19343534,-0.21744391,-0.019112153,-0.0438799,0.010495271,0.028905014,0.024729608,-0.015411224,0.019605247,-0.06285901,0.006604552,-0.00668083,0.049592253,0.018371603,-0.041602407,0.092485055,0.2846486,0.1881398,0.18671638,0.0003414427,0.05452682,0.032511048,0.089827985,0.11810687,-0.19912906,-0.15946272,0.049782045,-0.131943,-0.1661054,-0.18223767,-0.13308175,-0.40989214,-0.3619699,-0.1597474,0.25826764,0.1668832,0.04873819,-0.2886156,-0.35361907,-0.32685855,-0.47461095,-0.044828855,-0.19542816,-0.14427944,-0.40258524,-0.4069504,-0.34821004,-0.37383184,-0.4497483,-0.40761468,-0.40305966,-0.32524532,-0.4096075,-0.44120768,-0.43304667,-0.32429636,-0.29051352,-0.42725804,-0.4541135,-0.43143347,-0.41321352,-0.3660504,-0.34014392,-0.3815184,-0.2972511,-0.14371006,-0.14333047,-0.031543475,0.0042321617,-0.09645205,-0.063523285,-0.1576597,-0.06342839,-0.006585935,-0.0083889505,0.17105861,0.23046324,0.06657856,-0.037427,-0.11827804,-0.20577177,-0.10299985,-0.085633956,-0.08013001,-0.07424649,-0.038755536,0.1368962,0.14477251,0.118960924,0.0034729969,-0.18888035,-0.22180912,-0.20349427,-0.2072901,-0.08686759,-0.083830945,-0.04065345,-0.15538222,-0.16287896,-0.05545716,-0.10945275,-0.14959359,-0.13317664,-0.16563094,-0.27846178,-0.43769658,-0.12150449,-0.25559193,-0.31604043,-0.18925993,-0.34602743,-0.48723206,-0.4864729,-0.43883532,-0.69400954,-0.74743575,-0.60566175,-0.58041954,-0.6809139,-0.82762253,-0.42127967,-0.30892327,0.014765572,-0.14892931,-0.21336341,-0.18688755,-0.1514915,-0.037711687,-0.10309475,-0.1039488,0.009831001,0.050825894,0.10757346,0.21452078,-0.06997619,0.13490339,0.11810687,0.11260292,0.1215231,0.08840455,0.20066601,0.15578042,0.00015165156,0.063352115,0.07578343,0.14382356,0.16811684,0.28407922,0.40592515,0.37043422,0.29707992,0.35031638,0.4866813,0.4764326,0.480608,0.54466254,0.61336696,0.8071437,0.8010704,0.8071437,0.7379648,-0.24391979,-0.46578568,-0.522723,-0.44699636,-0.43769658,-0.49548796,-0.5843103,-0.5400889,-0.583646,-0.43541908,-0.2953532,-0.2519859,-0.4085636,-0.3360634,-0.33615828,-0.30303973,-0.3639627,-0.21668476,-0.123117715,-0.16136064,-0.20804925,-0.47603437,-0.37126967,-0.36320353,-0.39319056,-0.2438249,0.002998519,0.1390788,-0.030974098,-0.04084324,-0.124256454,-0.18423048,0.030423343,-0.10736504,-0.08354625,-0.114766896,-0.071968995,-0.13887037,-0.10129172,-0.19969845,-0.21896225,-0.11087619,-0.028506814,-0.01768872,-0.070355766,0.099222645,-0.02755786,-0.009622593,-0.08601353,0.0073637166,-0.02366714,0.030802926,0.0058453865,-0.04473396,-0.06485182,-0.032777116,-0.043500315,-0.1903987,-0.18081424,-0.27238846,-0.1989393,-0.65538704,-0.40381888,-0.39651188,-0.43731698,-0.47299773,-0.4434852,-0.48400563,-0.43949962,-0.39575273,-0.4023005,-0.37535018,-0.19770564,-0.11144555,-0.10973743,-0.19799033,-0.138301,-0.1404836,-0.15870355,-0.24316064,-0.17160936,-0.4260244,-0.27068037,-0.28633812,-0.23803626,-0.29013395,-0.36244437,-0.36557594,-0.47176406,-0.39489865,-0.44898915,-0.34754577,-0.4004975,-0.368233,-0.35722512,-0.36453208,-0.2609061,-0.23547408,-0.2740017,-0.044164583,-0.080699384,-0.1363082,-0.10821911,-0.0062063527,0.11886603,0.1215231,0.080718,0.057753272,0.122946545,0.27762634,0.36844143,0.3711934,0.5243549,0.3427247,0.2401426,0.28398433,0.3454767,0.4325908,0.42471454,0.39140615,0.5807228,0.53365463,0.53507805,0.7151899,0.7497319,0.50357276,0.4326857,0.3555356,0.43439385,0.43591216,0.4246196,0.49379846,0.50993073,0.48506808,0.3965305,0.41019547,0.30751845,0.31966507,0.24242008,0.25599015,0.30998573,0.23264584,-0.07073535,-0.071399614,-0.045493122,0.022547008,-0.012659253,0.03915374,-0.06485182,-0.0023156335,-0.042171776,-0.023951825,-0.097495906,-0.06504162,-0.07310774,-0.02622932,-0.0033594854,0.34414816,0.41759732,0.5521593,0.5383994,0.5447574,0.6615739,0.70266366,0.42907968,0.28170687,0.25143516,0.28104258,0.29328412,0.36189362,0.38210636,0.50376254,0.5551959,0.6194402,0.92898965,1.0028185,0.8897978,0.9473045,0.9008057,0.984978,1.1827404,1.2235456,1.2377799,1.3432089,1.3979636,1.3259379,1.3285,1.3053455,1.4481634,1.4846982,1.5109842,1.2751688,1.4258629,1.4790044,1.4883991,1.5441029,1.4151397,1.2809573,1.127606,1.1155543,1.2864612,1.3769917,1.4468348,1.3623778,1.1706887,1.1927044,1.2792493,1.3575381,1.5420151,1.4580325,1.3231859,1.244897,1.1314019,1.2813369,1.1364315,1.1933687,1.1075832,0.99665016,1.074085,1.3483332,1.2460358,1.2498316,1.2752635,1.3906567,1.4549959,1.5044364,1.4863113,1.4958959,1.4515797,1.3721521,1.4702741,1.5469496,1.4734056,1.4016646,1.5163933,1.4192202,1.5627972,1.4245343,1.3182513,1.2009604,1.1301683,1.0303382,1.0520692,1.1041669,1.2187059,1.1931789,1.07864,1.1301683,1.0984731,1.1745794,1.1724918,1.1202042,1.7765969,2.1584568,2.069445,2.0595756,2.116608,2.1706984,2.166523,2.1956558,2.2375996,2.15115,2.2480383,2.093833,1.942854,1.8394179,1.7370255,1.6395677,1.8546011,1.6610141,1.7403469,1.773086,1.2835196,1.4880196,1.5447671,1.4845084,1.7355072,1.7041916,1.747559,1.7450918,1.997514,2.0118432,2.1168926,2.1499162,2.2125473,2.0180113,1.8424546,2.0192451,2.1514347,2.1459305,2.270908,2.3326852,2.1714575,2.2205184,2.2396874,2.3513796,2.4866056,2.7405465,2.6886384,2.6813314,2.7859063,2.818266,2.6346428,2.6414754,2.5932684,2.8305075,2.7107491,2.5900419,2.791695,2.6564689,2.8732104,2.518396,2.7032526,2.8364859,2.9627917,2.8961751,2.8721664,3.2343826,3.2560189,2018-04-17
USNA_KR,-0.34871688,-0.31448254,-0.72991383,-1.0611176,-0.60180664,-0.7627896,-0.84402835,0.76933396,-0.39898163,-0.32290527,-0.6292485,-0.46935225,-0.4163705,-0.19833022,-0.24859497,-0.019007364,-0.078917496,0.22416529,0.13871524,0.028540362,-0.013437486,0.042940535,0.029763019,-0.02865276,0.071740866,0.20188577,0.2794565,0.23856547,0.28950948,0.2128897,0.26587144,0.41557887,0.5098592,0.40593344,0.310838,0.67423844,0.55034274,0.52140653,0.54463696,0.6174529,0.6397324,0.60087913,0.636472,0.648291,0.7168956,0.5502069,1.0438881,0.9036902,0.8886108,0.9864233,0.5593089,0.32333627,0.5029308,0.66255534,0.60318863,0.38392565,0.5613466,0.33800814,0.05462369,-0.09114406,0.026910156,-0.1537712,-0.14385411,-0.24723646,-0.121167056,-0.15825428,-0.15675993,-0.17971867,-0.04617749,0.124179214,3.3110993,1.9913106,2.1787844,2.4412477,2.2942574,2.2221208,2.3168087,2.3044462,2.2232075,2.1934562,2.0762172,1.9713405,1.6341593,0.7901191,1.055843,1.3056724,1.3649032,1.1156173,1.1710443,0.8128061,0.5571352,0.62016994,0.5757468,0.5809091,0.52412355,0.6970614,0.83522147,0.55387485,0.7134993,0.97772884,1.2313621,0.90477705,0.9422718,0.9717514,0.91904134,0.8054702,0.4945081,0.28842264,0.55210876,0.36816698,0.38460493,0.49138352,0.76145464,0.39329934,-0.28473124,-0.060034256,0.018351566,0.22565965,-0.18746217,-0.37412095,-0.3066032,-0.16518266,-0.18583196,-0.3396149,-0.3538792,-0.3924608,-0.120623656,-0.18420175,-0.19751512,0.10257896,0.06875215,0.04986892,0.17947043,0.17756853,-0.8788061,0.17974213,0.3232004,0.08002775,0.43038657,0.18436106,0.27660364,0.10285067,-0.32181844,-0.3538792,-0.082449615,-0.09549128,0.07812585,-0.11233676,0.26138836,0.5129838,0.60644907,0.41163918,0.6552194,0.61188304,0.41123164,0.57085615,0.4765758,0.45986617,0.40335232,0.2628827,0.09850345,0.14116055,0.24943352,0.3111097,0.3513215,0.17811193,0.38609928,0.60318863,0.71947676,0.5470823,0.21941052,0.53064436,0.22905591,0.11168096,0.05462369,-0.013845038,0.009521273,-0.21286625,-0.5128245,-0.5276322,-0.14276731,-0.42588004,-0.13189925,-0.6213691,-0.6013991,-0.49706578,-0.4712542,-0.18827727,-0.18882068,-0.2168059,-0.48415998,-0.17618658,-0.03354338,0.310838,-0.40645343,-0.20879072,-0.3457282,-0.53632665,-0.22808151,-0.5933839,-2.2659771,-2.0579896,-1.5644443,-1.5242325,-1.1658584,-1.5312967,-1.5326551,-1.0090868,-1.1750963,-0.9641203,-1.0616611,-0.730593,-0.961675,-0.9766186,-0.9688751,-0.87989295,-0.7977033,-0.77107656,-0.6743509,-0.83886606,-0.87106264,-0.63427496,-0.5409456,-0.6378071,-0.64473546,-0.5402663,-0.55779105,-0.4764165,-0.44095948,-0.78289557,-0.97254306,-0.7909108,-0.5867272,-0.5457004,-0.41881582,-0.3825437,-0.3924608,-0.45889178,-0.2832369,-0.37357756,-0.42098942,-0.50969994,-0.44897467,-0.36746427,-0.3591774,-0.3637963,-0.19642831,-0.103506476,-0.014660142,-0.38838527,-0.41704977,-0.35550943,-0.2792972,-0.337713,-0.5322511,-0.70383054,-0.7201326,-0.86114556,-0.23813446,-0.35591695,-0.3123089,-0.28310105,-0.2379986,-0.44028023,-0.30225596,-0.5461079,-0.47166172,-0.6217767,-0.538772,-0.6204182,-0.54896075,-0.4951639,-0.19153768,-0.42424983,-0.5143188,-0.5011413,-0.53931534,-0.4180007,-0.18542442,-0.26951596,-0.26272345,-0.20865487,-0.39341173,-0.3578189,-0.5033149,-0.6830453,-0.7186382,-0.88288164,-0.82867724,-1.1143711,-0.91168195,-0.9597731,-1.0810877,-0.8328886,-1.2077005,-1.3362153,-1.3540117,-1.3317322,-1.1356996,-1.1073068,-1.1824323,-1.0774198,-1.1393676,-0.9850413,-0.96303356,-0.6346825,-0.63345987,-0.38566828,-0.21965878,-0.26000643,-0.29926726,-0.2570177,-0.24261753,-0.12918223,-0.11573303,-0.23867786,0.88195413,0.5408332,0.54721814,0.5310519,0.4714135,0.48160228,0.53227454,0.535535,0.55632013,0.5003497,0.27252814,0.338144,0.15882114,0.1305642,0.057884105,0.05435199,0.15800603,0.24685235,0.38175204,0.6084868,0.69230664,0.52276504,0.4470962,0.44505847,0.57601845,0.44750375,0.42074117,0.5586296,0.6003358,0.59490174,0.63402665,0.46733797,0.46842477,0.27986404,0.26886016,0.4068844,0.38433322,0.32822686,0.24467874,0.38419735,0.41422036,0.39588052,0.28312448,0.32673252,0.41748077,0.3397742,0.49043256,0.66337043,0.79242855,0.8299234,0.85478395,1.002997,1.143195,1.0489146,1.1680557,0.9629211,1.1330062,1.1243118,1.1567801,1.1090964,1.1065154,1.0404918,1.0284011,0.8140288,0.20922172,-0.16518266,-0.10907634,-0.1416805,-0.16762798,-0.35021126,-0.5754516,-0.67312825,-0.5485532,-0.61539173,-0.3712681,-0.38458148,-0.17713752,-0.2245494,-0.37561533,-0.310407,-0.2980446,-0.27685192,-0.26788574,-0.27359146,-0.24248168,-0.19656417,-0.17564316,-0.2462855,-0.54800975,-0.69391334,-0.65478843,-0.6655206,-0.6344108,-0.7132042,-0.48619774,-0.41460446,-0.3629812,-0.23487404,-0.47763917,-0.31217307,-0.27209714,-0.097121485,-0.013573337,0.019030819,-0.25959885,-0.13434456,-0.11138581,-0.28160667,-0.31828633,-0.44951808,-0.33703372,-0.29668608,-0.37208322,-0.2731839,-0.40781194,-0.36596993,-0.47139004,-0.4447633,-0.3938193,-0.3517056,-0.29546344,-0.42316306,-0.394091,-0.49883184,-0.33975074,-0.16083544,-0.343147,-0.38824943,-0.38104936,-0.3162486,-0.33839223,-0.29872385,-0.2873124,-0.2696518,-0.29451248,-1.286358,-0.85978705,-1.0298721,-1.1567565,-0.86182475,-0.71999675,-0.7276043,-0.8750023,-0.70586824,-0.75531787,-0.7894164,-0.7873786,-0.77800494,-0.953524,-0.71469855,-1.0340834,-1.0782348,-1.051744,-1.1496923,-1.178085,-1.1693906,-1.1017369,-1.1328467,-1.1393676,-1.039925,-0.944422,-0.9446937,-0.9076065,-1.207157,-1.0363929,-1.0278343,-1.0664159,-1.0169662,-1.0272908,-1.0388381,-0.9887093,-1.0821745,-1.1526809,-1.2120477,-1.3386605,-1.2105534,-1.2139496,-1.1702057,-1.1545829,-1.29546,-1.5231457,-1.3184187,-1.3171961,-1.2792938,-1.1841983,-1.218161,-1.3824043,-0.9429276,-1.3022525,-1.2121836,-1.1794436,-1.3336341,-1.2647578,-0.8266395,-0.5804781,-0.30524468,-0.31774294,-0.27304807,0.00041927982,-0.08638928,-0.2355533,-0.2127304,-0.10676689,-0.1741488,-0.22088143,-0.21014923,-0.18134889,-0.19303204,-0.1859678,-0.1827074,-0.16287321,-0.14005029,-0.14616357,-0.050932266,-0.007052506,-0.13054076,-0.07090232,-0.073755175,-0.04576994,0.052721784,-0.05066056,-0.042237822,-0.01629035,-0.20471519,-0.27834627,-0.2746783,-0.4523709,-0.465956,-0.48076373,-0.3371696,-0.36393216,-0.4408236,-0.3219543,-0.36569822,-0.37697384,-0.370453,-0.36596993,-0.4436765,-0.47016737,-0.52016044,-0.45155582,-0.4670428,-0.41596296,-0.4472086,-0.4651409,-0.41311008,-0.4152837,-0.43321598,-0.4739712,-0.4203102,-0.2782104,-1.2685616,-1.4114765,-1.36094,-1.2928789,-1.358223,-1.3235811,-1.4489713,-1.351838,-1.26992,-1.24995,-1.2011796,-1.1916702,-1.0884236,-1.6835853,-1.6157959,-1.4602468,-1.4943453,-1.4128349,-1.304562,-1.1316241,-1.1585225,-1.13176,-1.0518799,-1.0387024,-1.1039107,-1.038159,-1.0819029,-1.119941,-1.2553841,-1.1909909,-1.1640924,-1.2824183,-1.219927,-1.2806523,-1.3643363,-1.3512945,-1.3896044,-1.3052412,-1.3552343,-1.391914,-1.5994937,-1.4927151,-1.5261344,-1.355506,-1.34097,-1.3468115,-1.339068,-1.3556418,-1.283641,-1.3049695,-1.2725012,-1.1457525,-1.1081219,-0.93138033,-0.92390853,-0.8221564,-0.8608738,-0.7641482,-0.85802096,-0.89320624,-0.9137197,-0.9033951,-0.8460661,-0.7201326,0.18667051,-0.13488796,-0.06057766,-0.20811146,-0.23324384,-0.2817425,-0.30755413,-0.32521474,-0.33037704,-0.35795474,-0.27427074,-0.21694176,-0.23337969,-0.1706167,-0.15675993,-0.1824357,-0.14208806,-0.1086688,-0.10133286,-0.1274162,0.04647265,0.33366093,0.3802577,0.7314316,0.7488205,0.73836,0.56297684,0.6533175,0.59299976,0.68008006,0.6292719,0.65426844,0.603732,0.63022286,0.7700132,0.8212289,0.97338164,1.1256703,1.0221521,1.1419723,1.0808395,1.2373395,1.3259141,1.3028195,1.2060939,1.1051569,1.2525548,1.2528265,1.1521611,1.1963125,1.1340929,1.0535336,1.0940171,1.1781086,1.1593612,1.1897918,1.3041781,1.200524,1.4239984,1.4753498,1.5065955,1.4981728,1.521539,1.5059162,1.4245417,1.3956054,1.2730683,1.3093402,1.0999945,0.72776365,0.70494074,1.2839363,1.1290665,1.3763146,1.2945327,1.3284953,1.367892,1.5290109,1.5669132,1.4358174,1.3859601,1.4551082,1.5628376,1.5484375,1.4631233,1.4181567,1.3672128,1.5337656,1.9398233,1.7503115,2.0369565,1.9531366,1.972699,1.9085776,1.8752941,2.0552962,2.061138,2.123901,2.0470092,2.054617,2.1642485,2.1694107,2.2001128,2.231087,2.3211558,2.5159657,2.613778,2.5804949,3.3029485,3.5349815,3.6015482,3.6137748,3.6747715,3.9171293,4.0942783,4.077569,4.0543385,4.311911,4.4629774,2018-04-17
MGPI_MED,-1.626372,-1.6057411,-1.5551252,-1.4681172,-1.4701674,-1.4936174,-1.4993838,-1.425318,-1.4815722,-1.5995904,-1.5348788,-1.5022029,-1.5056627,-1.5625576,-1.5378263,-1.5469242,-1.5898516,-1.4952831,-1.390079,-1.324855,-1.2397691,-1.3838001,-1.452484,-1.3315184,-1.3707297,-1.4210893,-1.3949484,-1.3734207,-1.3884132,-1.3853378,-1.3597095,-1.2992268,-1.3367722,-1.4023807,-1.4298029,-1.3362597,-1.4494085,-1.4517152,-1.4440266,-1.480547,-1.5489745,-1.5403891,-1.5870326,-1.6140703,-1.4490241,-1.4477428,-1.4910545,-1.4734992,-1.2929479,-1.2919227,-1.2575808,-1.2864126,-1.2655256,-1.3489457,-1.2727015,-1.236053,-1.2400254,-1.2160629,-1.2762895,-1.2997392,-1.3456141,-1.302174,-1.2958951,-1.3821343,-1.4615821,-1.4892606,-1.5571756,-1.4983586,-1.5197582,-1.5107883,-1.5701178,-0.95170707,-1.0457629,-1.054861,-1.0410216,-1.137384,-0.97695094,-1.080233,-1.0607555,-1.0909969,-1.1332835,-1.1908191,-1.1321303,-0.927232,-0.9197998,-1.0036043,-0.97925746,-0.9592674,-0.9347924,-1.0036043,-1.0148808,-1.1279016,-1.0763887,-0.97695094,-1.048582,-1.0282075,-1.0628057,-1.0068079,-1.055886,-1.0292326,-0.997838,-1.0651124,-1.1162407,-1.0244914,-1.0011697,-0.91903096,-0.93030745,-0.8054976,-0.8919931,-0.8007564,-0.7642361,-0.8144675,-0.9831017,-0.8984002,-0.9572171,-0.9591393,-0.9431216,-0.9690061,-0.987843,-0.9646493,-1.0356396,-0.9855364,-0.9617021,-0.92044055,-0.89122427,-0.8995535,-0.94952863,-0.9684936,-0.86047035,-0.87008095,-0.7946056,-0.7933242,-0.96567446,-0.94952863,-0.94030243,-1.1403314,-1.1937664,-1.1145749,-1.1460977,-1.1614747,-1.140972,-1.0218004,-1.0868963,-0.98041075,-1.0566549,-1.0048858,-1.0360241,-1.1526328,-1.1181629,-1.0801048,-1.0444815,-0.67915016,-0.57535547,-0.60508436,-0.49372935,-0.45003313,-0.41876656,-0.39557296,-0.37353262,-0.42235455,-0.36148736,-0.38955033,-0.40300518,-0.31945693,-0.24218762,-0.38096485,-0.31304988,-0.3585401,-0.43081188,-0.12993568,-0.15248859,0.084445015,-0.079704225,-0.11276472,-0.038570806,-0.07573184,-0.12160649,-0.12455375,-0.13377993,-0.37635174,-0.44926426,-0.48258105,-0.42517367,-0.4434979,-0.48296547,-0.47322673,-0.41556305,-0.4169726,-0.37827387,-0.44926426,-0.43978179,-0.41428164,-0.35892454,-0.29818544,-0.3304771,-0.15787052,-0.25436106,-0.3361153,-0.34816062,-0.30305484,-0.34418824,-0.17529777,-0.1982351,-0.24257204,-0.166456,-0.287806,-0.41184694,-0.4546462,-0.37724873,-0.40979668,-0.4515708,-0.40351775,-0.41799775,-0.45298037,-0.35918078,-0.29280353,-0.2805019,-0.37366077,-0.26256213,-0.10289783,-0.612901,-0.4178696,-0.22834833,-0.34764805,-0.26704708,-0.17363192,-0.26640636,-0.23975293,-0.24346903,-0.24949169,-0.27755466,-0.25064495,-0.32983637,-0.28152707,-0.31984136,-0.28268033,-0.35879636,-0.38006786,-0.34239426,-0.2705069,-0.17055653,-0.12173463,-0.18234554,-0.24385346,-0.15863937,-0.1439031,-0.12199092,-0.083292186,-0.06855592,-0.09918173,-0.14287797,-0.13416435,-0.14749107,-0.23065488,-0.23308958,-0.24141876,-0.29523817,-0.32048205,-0.33022082,-0.3361153,-0.3999298,-0.31855994,-0.37596732,-0.475277,-0.6209739,-0.58355653,-0.6299438,-0.6823536,-0.60072756,-0.57202387,-0.55382776,-0.5369131,-0.48847556,-0.05202566,0.19003361,0.33073297,0.47156045,0.52794266,0.45643976,0.39928865,0.49103796,0.55228955,0.54331964,0.5452418,0.5023144,0.5877847,0.54742014,0.58265907,0.6460891,0.48463088,0.6005989,0.5515207,0.4964199,0.94581205,0.88673884,1.0921496,1.1926125,1.024619,0.9160833,0.85342205,1.0075762,1.038202,0.8828946,0.8060097,0.7621853,0.8221555,0.7284841,0.8054971,0.817158,0.8320224,0.96926194,1.121494,1.1422529,1.2461758,1.212987,1.2377185,1.2302861,1.3197289,1.2222133,1.1753135,1.1951753,0.2156619,0.21950616,0.13749559,0.12557843,0.19426228,0.18183255,0.089442536,0.060482558,-0.04023665,-0.019093301,0.078294225,0.1365986,0.06868362,0.12775683,0.22745092,0.34418783,0.38814035,0.5466513,0.68196875,0.646858,0.6369911,0.694014,0.6806873,0.66748875,0.62174225,0.4859123,0.48873138,0.48463088,0.56241274,0.6691546,0.6837627,0.6336594,0.53024924,0.5170506,0.3901906,0.4438819,0.4769424,0.4022359,0.39954492,0.36686885,0.45618346,0.5303773,0.5267894,0.500136,0.553571,0.5092341,0.48732185,0.50769633,0.4210727,0.43017077,0.4040299,0.35943666,0.44003764,0.35328585,0.24000879,-0.011661095,-0.114558704,-0.32855496,-0.3841684,-0.4693825,-0.5871445,-0.57240826,-0.57420224,-0.63942623,0.053819202,-0.01729932,0.26038328,0.29664734,0.3147153,0.5478046,0.55075186,0.5545961,0.75475305,0.7766653,0.8969901,0.8771282,1.0068073,1.1162403,1.043584,1.0806168,1.0517851,1.095225,1.0325638,1.1760824,1.2045296,1.2275952,1.2106805,1.3284425,1.2422034,1.1985071,1.2206756,1.2738543,1.2078613,1.2149092,1.1418686,1.1514791,1.1587832,1.1200845,0.8457335,1.081642,1.044481,1.1955597,1.0253879,1.1063733,1.0984285,0.98194796,1.0262849,1.072544,1.067162,1.0271819,0.91941494,0.8263842,0.55972177,0.49347267,0.51435965,0.49231938,0.46310312,0.31394643,0.20874226,0.18990546,0.23244844,0.16773699,0.16555859,0.085342005,0.09943757,0.19605625,0.29703176,0.4361934,0.3323988,0.19720954,0.055741325,0.21989056,0.02498737,0.08649528,-0.057920173,-0.18055157,-0.0913651,-0.11058632,-0.12711658,-0.12724471,-0.0944405,-0.107510924,-0.13365178,-0.051256817,0.0042284494,0.009482251,0.11302057,0.012173221,0.008713402,0.693117,0.77282107,1.024491,1.2024795,1.261937,1.309862,1.3319024,1.3821338,1.3688071,1.2665502,1.2117057,1.2958946,1.3770082,1.3167816,1.1908185,1.365988,1.3122967,1.1856929,1.1837708,1.2976886,1.2597587,1.4437699,1.1627556,1.1959443,1.0980442,1.1369991,1.0347422,0.96926194,0.91736466,1.1086799,1.1352051,0.99296814,1.0556293,0.9549101,0.7978086,0.7246399,0.67966217,0.59367925,0.77999693,0.8016529,1.3199852,0.93338233,0.7333535,0.757444,0.8092132,0.8607261,0.877897,1.018212,1.0608832,1.1235442,1.2851307,1.3561211,1.387772,1.4633756,1.4732424,1.3426661,1.5227051,1.2930754,1.2179846,1.083308,1.0507599,0.91211087,1.0287195,1.0420463,1.0779259,0.9897646,0.9586262,1.0116768,1.0797199,1.0447372,1.1776199,1.169419,0.88097245,0.95157844,0.8498341,0.9904053,0.9746439,1.0221844,1.1176498,1.2058111,1.1868461,1.1496851,1.220163,1.2018387,1.1828738,1.2266982,1.2730855,1.4431292,1.5269338,1.6486682,1.5801125,1.8847047,2.0364242,2.0459065,2.001826,2.0102832,1.9517227,1.9268632,1.9175088,1.852413,1.9595393,1.7634829,1.7063317,2.0511606,1.9377552,1.962871,1.6122758,0.8252309,0.8872514,0.80831623,0.9172365,0.8703367,1.0057822,0.009097826,0.06701778,0.014864192,-0.02767878,-0.0074324254,0.11212358,-0.1877275,0.0024344686,-0.0016660589,0.047412127,-0.2752481,-0.019605866,0.22975746,0.17427221,0.22360668,0.31279314,0.23116703,0.18734264,0.39723837,0.30356696,0.1094326,-0.11789039,-0.17196609,-0.1605615,-0.02934462,0.006534996,-0.233474,-0.2739667,-0.3468792,-0.27806723,-0.1756822,-0.04561859,-0.0039726053,-0.057151325,0.032547716,-0.11840296,0.10366624,-0.16004892,-0.21450906,-0.2890874,-0.42107314,-0.21399648,-0.40403032,-0.25769272,-0.27998936,-0.36802256,-0.30625838,-0.24077806,-0.3101026,-0.22796392,-0.057407606,0.30113226,0.29139352,-0.23680568,0.6248176,1.023722,1.1402026,1.2345148,0.053819202,0.24372488,0.2051543,0.45003268,0.19708139,0.2888307,0.6392976,0.29575035,0.02319339,-0.0679152,0.043824166,0.21643075,-0.030882318,0.1365986,0.097002886,0.1983628,0.5454981,0.80242175,0.4984702,0.68235314,-0.22501667,-0.5037244,-0.52166426,-0.26755965,-0.4099248,-0.32958013,-0.69503963,-0.45618388,0.0553569,0.12621914,-0.0499754,-0.51384765,-0.49642032,-0.23001418,0.106613494,0.25910187,0.15287258,-0.018965159,0.020502418,0.338934,0.21066439,0.0847013,-0.04023665,-0.12352861,-0.366613,-0.28460243,-0.23988107,0.027037634,0.020502418,-0.05253823,0.26038328,0.41786915,0.17555362,0.38006744,0.39646956,0.5850938,1.9842706,1.6936457,1.3493296,1.3656034,1.4496644,1.2883343,1.3426661,1.4017395,1.4825966,1.4972049,1.4218576,1.6690426,1.5542278,1.7666863,1.6604571,1.7252966,1.9518509,1.7179925,2.180199,2.005286,1.1573735,1.6098412,1.4340311,0.47348255,-2.2324812,-1.6444399,-2.3612633,-2.2355564,-2.3845851,-2.301037,-2.27323,-2.356522,-2.1152318,-2.0009296,-2.3070595,-1.6071507,-1.4440266,-1.4089159,-1.452484,-1.5819069,-1.6757064,-1.889959,-1.879067,-2.2113378,-2.5680838,-2.7000694,-2.835771,-3.192389,-2.930596,-2.6512477,-2.84551,-2.9321337,-2.97032,2018-04-17
PEP_MGPI,-0.92418844,-0.9607693,-0.96181446,-0.7938038,-0.76976496,-0.68798053,-0.7496455,-0.76950365,-0.87375915,-0.5766702,-0.68118703,-0.7386712,-0.6905935,-0.4029112,-0.35483348,-0.40735313,-0.4347888,-0.565696,-0.70679355,-0.92418844,-1.0618894,-0.857559,-0.7018291,-0.83796215,-0.96181446,-0.90772706,-0.9268013,-1.1536027,-1.3665557,-1.4073173,-1.3790976,-1.2604711,-1.1658834,-1.236171,-1.4441593,-1.3061973,-1.1353123,-0.88891405,-1.0038824,-0.80503935,-0.7833521,-0.8384847,-0.8938786,-0.836917,-1.1640544,-1.2690938,-1.0211277,-0.97540164,-1.0386343,-0.599664,-0.72168726,-0.9377756,-0.7919747,-0.4185887,-0.45935023,-0.6257931,-0.53068286,-0.5419184,-0.37234002,-0.44210497,-0.40656927,-0.4927956,-0.5865993,-0.634677,-0.5489733,-0.39350468,-0.32504618,-0.45072758,-0.18342601,-0.11444494,0.20746666,0.0420689,0.058791578,0.035536606,-0.052518763,-0.079431824,-0.062709145,0.053043157,0.18159875,0.21399896,0.093543395,-0.05617685,-0.41257897,-1.4052268,-1.8742458,-1.2975746,-1.1159767,-1.1541253,-1.2774551,-1.543189,-1.3393812,-1.1974999,-1.4663692,-1.2390453,-1.5371792,-1.5118339,-1.3869364,-1.4823079,-1.3048908,-1.1039573,-1.0796572,-1.0475183,-0.89518505,-1.173461,-1.1755513,-1.2105644,-0.99421465,-1.2113483,-1.0874959,-0.8400524,-0.947966,-0.8753268,-0.59914136,-0.30753964,-0.02847991,0.069504544,0.1672277,0.114446744,-0.11157072,-0.19988738,-0.03292187,0.2513637,0.34307712,0.34542876,0.34281585,0.9369936,0.79955405,0.837964,0.94117427,0.8377027,0.85729957,0.72560847,0.54061383,0.41362593,0.30518982,0.33340934,0.0901466,-0.07995441,-0.10556102,0.051736698,-0.15990973,-0.22471012,0.08152397,-0.07917054,0.20015047,0.34516746,0.15337923,0.32557058,0.27487996,0.186302,0.2160893,-0.025605699,0.122808084,-0.075512454,-0.1967519,0.19936661,0.103733785,-0.013586272,-0.22444883,-0.24796508,-0.46849543,-0.4151919,-0.16591944,0.101904735,-0.18551633,-0.597051,-0.47946972,-0.22601658,-0.065322064,-0.28480726,-0.19805835,-0.13378054,-0.14579996,-0.37129486,-0.49305686,-0.3634561,-0.3566625,-0.67308694,-0.6926838,-0.6129898,-0.5821574,-0.7316163,-0.90589803,-1.2474066,-0.84527826,-1.27641,-1.1316543,-0.9064206,-0.83796215,-0.78204566,-0.81078774,-0.5100408,-0.18786795,-0.26599422,-0.42956296,-0.35457218,-0.5390442,-0.5163118,-0.50481504,-0.33053333,-0.48182133,-0.72508407,-0.47450516,-0.43870816,-0.31276548,-0.20511323,-0.13900638,-0.06035752,-0.20772615,-0.20981647,-0.0031345966,-0.4883536,-0.5965284,-0.3381108,-0.40082085,-0.27017492,-0.09171255,-0.22836821,-0.17297432,-0.20093255,0.29735106,0.44315192,0.23098293,0.40735495,0.2889897,0.37417087,0.32374153,0.3935065,0.18499555,0.18525684,0.15834378,0.22758612,0.306235,0.51892656,0.47842634,0.7467731,0.79955405,0.6892889,0.8502447,0.7496473,0.9492743,0.76637006,0.9247129,0.74860215,0.49541032,0.617695,0.54714614,0.6770082,0.24300236,0.023255883,0.21112475,0.39089358,0.31459633,0.3213899,0.38801935,0.3890645,0.48156184,0.5348654,0.63415635,0.6600242,0.71881485,0.67622435,0.9503195,0.8685351,1.0002263,0.60254,0.5808528,0.29108006,-0.039454166,0.026130093,-0.27513945,-0.22052944,-0.17506465,-0.50011176,-0.4496824,-0.37181744,-0.55681205,-0.42668873,-0.25319093,-0.14736772,-0.18865183,-0.26129097,-0.1188869,-0.010712061,-0.060096227,-0.12986116,-0.099290006,-0.17271303,-0.038147707,0.039194692,-0.07133178,0.11549191,0.07995622,-0.1444935,-0.5515862,-0.61769307,-0.7219485,-0.4277339,0.15886636,0.11052737,0.17166966,0.016723586,0.47633597,0.6534919,0.79667985,0.74807954,1.0705137,1.0603234,0.97827774,0.82646716,0.819151,0.5913045,0.49959096,0.55315584,0.5251976,0.28663808,0.11392416,0.2064215,0.3835774,0.41310334,0.38488385,0.9260193,1.0399426,1.0987332,1.011723,0.9952617,1.1277366,1.0838395,1.1063107,1.1324399,0.9803681,1.0135521,0.878203,0.9043321,0.8188897,0.7313569,0.7253472,0.6114239,0.4337454,0.42381632,0.25606695,0.3449062,0.43897125,0.5325138,0.5466235,0.3961194,0.44001642,-0.10294809,0.2706993,-0.02586699,-0.01201852,0.03135593,0.0010460736,0.099553116,0.2286313,0.45569393,0.5322525,0.42015827,0.45438746,0.6127304,0.5620398,0.6409499,0.7376279,0.59548515,0.27618644,-0.022208905,0.07603684,0.04468182,0.08570464,0.01593971,0.046772156,0.023255883,0.22262159,0.1416211,0.17010193,0.05513349,0.15991153,0.19701499,0.67570174,0.66943073,0.761928,0.7253472,0.8444963,0.8638319,0.80922186,0.3511772,0.4050033,0.21060215,0.40787753,0.79093146,0.29996398,-0.525457,-0.60776395,-1.1831287,-1.105525,-1.278239,-1.3798816,-1.5460631,-1.3932073,-1.297836,-1.543189,-1.3835397,-1.19149,-1.2265031,-1.607728,-1.8389714,-1.490408,-1.5175824,-1.402614,-1.1300864,-1.333633,-1.06607,-0.815491,-0.5816348,-0.7917135,-0.6041059,-0.53669256,-0.6939903,-0.85886544,-0.78701025,-0.71358716,-0.75696164,-0.88212043,-0.86069447,-0.8042555,-0.845017,-0.7938038,-0.84109765,-0.8220233,-0.81758136,-0.9968276,-1.2960068,-1.2204934,-0.9500563,-1.0558796,-0.9288917,-0.7891005,-0.77525204,-0.5249345,-0.28768143,-0.14945805,-0.23855858,-0.2730491,-0.43426618,-0.3310559,-0.35849154,-0.6192608,-0.4162371,-0.32373974,-0.3503915,-0.03710254,0.056178663,-0.055915557,-0.0047023473,0.08831756,0.28872845,0.24038944,0.47476825,0.46118107,0.71829236,0.7041825,0.7648023,0.8405769,0.6952986,0.9351646,0.83718014,0.8933578,0.88969976,0.86879647,0.8243768,0.42381632,0.34804168,0.41049045,0.28533164,0.21426024,0.44315192,0.42381632,0.41022918,0.3543127,0.6174336,0.6780534,0.5714463,0.62474984,0.55472356,0.7530441,0.600711,0.57223016,0.54192024,0.59444,0.6046303,0.58921415,0.42956477,0.6237047,0.71437293,0.62004656,1.051178,0.92889357,1.0645039,1.3012345,1.0339329,0.9568518,1.0091102,1.1057881,1.0587555,0.9322904,0.8444963,1.0247877,0.8120961,0.8458027,0.73318595,0.5693559,0.7953734,0.88813204,0.7924992,0.791454,0.8303865,0.84371245,1.0174716,0.9712228,1.0386361,1.0749556,0.98872936,1.1844369,1.2562922,1.5034744,1.9837288,1.9332995,2.177085,2.100265,2.1906722,2.3254986,2.5525613,2.4122477,2.2669692,2.0129936,2.0224,2.122475,2.079623,2.2259464,2.195898,2.0453937,2.1906722,2.5588324,2.391867,2.2063496,2.267492,2.3069472,2.0176969,2.0140388,1.727924,1.7958599,1.778876,1.7757405,1.8131052,1.8583087,1.6121718,1.4394578,1.5570393,1.3391217,1.392164,1.3911188,1.2317308,1.1716337,1.1324399,1.3869382,1.2782408,1.2821602,1.4590547,1.5249003,1.4067963,1.3534927,1.3043699,1.3244894,1.341996,1.3453928,1.485184,1.4689839,1.4141126,1.3425186,1.3111635,1.5735005,1.6950012,1.6673044,1.7992568,1.5784651,1.7817501,1.7276628,1.62393,1.2795472,1.3712606,1.2189275,1.3111635,1.2539406,1.5063485,1.4428545,1.3550606,1.4658483,1.5403165,1.056404,1.2505437,1.1496851,0.96730345,0.9247129,1.0407265,1.0637201,1.0433394,0.8413608,0.67857593,0.4204195,0.5108265,0.49122962,0.21765704,0.23307326,0.13717914,-0.49331817,-0.5411346,-0.59914136,-0.29865572,-0.23594566,-0.41675964,-0.20119384,-0.073944695,0.17794067,0.2957833,0.25528306,0.046510864,-0.057222012,0.20798925,-0.026128283,-0.100596465,-0.33758822,-0.51683444,-0.38775623,-0.4567373,-0.80112,-0.7940651,-0.36606902,-1.021389,-1.2369549,-1.5128791,-1.3030617,-1.052744,-1.217358,-0.8912657,-0.5293764,-0.052518763,-0.1640904,-0.19440027,-0.2835008,-0.23881987,0.04363665,-0.16121618,-0.087793164,0.08256914,0.111833826,0.15076633,0.22680224,0.23385713,0.29526073,0.41937438,0.7310956,0.28036708,0.29055747,0.4536036,0.44890037,0.51134914,0.6114239,0.96651953,0.5312073,0.37652248,0.4734618,0.37887415,0.7344924,0.7762991,0.7919766,0.70392126,0.76898295,0.1384856,0.34804168,0.5022039,0.3987323,0.28507033,0.32766092,0.2675638,0.10843703,0.32452542,0.43635833,0.58398825,0.49436513,0.64591444,1.0404652,0.7893637,0.69738895,0.8280349,0.97644866,0.5615172,0.4828683,-0.2892492,-0.0007829696,-0.0010442615,-0.8957076,-1.1873095,-1.1086606,-1.9157912,-1.7216513,-1.5499825,-1.5873473,-2.4336715,-2.2267284,-2.1159406,-2.3537164,-2.6366951,-2.3124323,-2.4396813,-2.0527081,-2.017434,-2.1820474,-1.6952608,-2.050879,-2.006982,-1.3064585,-1.4914532,-0.9908179,-0.8421428,-0.8157523,-0.6712579,-0.9989179,-1.0689442,-1.1507285,-1.6317669,-1.9207556,-1.9100428,-2.5415852,-2.9546874,-2.9463263,-2.692873,-2.5068333,-2.650544,-2.811761,-2.5562174,-2.134231,-2.021092,-2.2766352,-2.0924244,-2.1462505,-2.4877589,-2.5964565,-2.291006,-2.329416,-2.8151577,2018-04-17
WDFC_MKC-V,0.13760121,0.30452532,-0.032553695,-0.36683267,-0.4109868,-0.3468018,-0.7172656,-0.08963098,-0.11547729,-0.58437246,-0.60117257,-0.728681,-0.6769884,-0.68237305,-0.93932855,-0.44609472,-0.4734487,-0.43920234,-0.5727416,-0.47000253,-0.62960356,-0.27960137,-0.22166258,-0.5102797,-0.30437076,-0.43144846,-0.28800145,-0.26904747,-0.0846771,-0.07283087,-0.014676663,0.16409369,0.15117052,0.07147771,-0.036215257,-0.07950783,-0.03599987,-0.1365851,0.20092468,-0.22166258,-0.3142785,-0.7375119,-0.56908005,-0.622065,-0.5669262,-0.5604646,0.05101605,-0.11806191,-0.111169554,-0.28110906,0.0012618969,-1.124345,-0.7971738,-0.61237264,-0.5412953,-0.13292354,0.022800492,0.11886263,0.28406364,-0.054092288,-0.01790745,-0.2055086,-0.27873984,-0.17169301,-0.313417,-0.27572444,-0.17664689,-0.30113998,-0.3664019,-0.29726303,-0.38427895,-0.3498172,-0.5671416,-0.9548363,-1.0002828,-1.0720063,-1.1478221,-1.1088372,-1.0698524,-1.1344682,-0.8824667,-0.8725589,-1.2257918,-0.7157579,-0.62335736,-0.46440247,-0.5654185,-0.58049554,-0.80277383,-0.76098895,-0.601388,-0.95612866,-0.7493581,-0.9811134,-0.97874415,-0.9722825,-0.843051,-0.8473587,-1.2081302,-1.0946218,-1.0700678,-0.9647441,-0.75366586,-0.8981898,-0.82043546,-0.78963524,-0.66298836,-0.4566486,-0.2871399,-0.23975499,0.31637153,0.34415632,0.2689866,0.22160172,0.3952028,0.33984858,0.3366178,0.595081,0.43440303,0.290956,0.44646466,0.48329565,0.16452445,0.17960146,0.086554736,-0.102554135,0.03141593,0.022800492,0.022800492,0.48372644,0.51086503,0.23086332,0.47123405,0.407049,0.3288639,0.11283182,0.5166805,0.49535728,0.65474284,0.47209558,0.58883476,0.6467736,0.7755744,0.85311335,0.8143438,0.70837396,0.74714345,0.93603694,0.8957597,1.0185298,1.0249913,0.51108044,0.4766187,0.44431078,0.78225136,0.5772039,0.5556653,0.58797324,0.5405883,0.68618923,0.77686673,0.7650205,1.1419458,1.2916392,1.4062244,1.2225002,1.1234227,0.782036,0.39907974,0.49923423,0.4970804,0.576127,0.7406818,0.26252505,0.2696328,0.6487121,0.4044644,0.021077404,0.61231184,0.9116983,0.89511365,0.48803416,0.667666,0.69932777,1.6125642,1.5901641,1.7736728,1.5742254,1.4335785,1.3892089,1.2401619,0.780959,0.9483139,0.9730833,0.8259747,1.1361305,1.443917,0.9401292,1.1372074,0.9974219,0.3260639,0.15957057,0.7010509,0.7962515,0.4962188,0.69372773,0.7977591,0.6082195,0.40618747,0.655389,0.44883394,0.24658647,0.43741843,0.2521865,0.5028958,0.08526242,-0.10190797,-0.22747798,-0.21843179,-0.33990943,-0.51437205,-0.19990857,-0.50360274,-0.4400639,-0.20033935,-0.3252632,0.116062604,0.054892994,0.14470895,0.2804021,-0.19517009,-0.5458184,-0.6830192,-0.7622813,-0.9300669,-0.58114165,-0.94299,-1.1799146,-1.0149289,-1.1570837,-2.1133974,-2.3277063,-2.1013355,-1.7702875,-1.338654,-1.2300996,-1.17733,-1.099791,-1.0276368,-0.44092542,-0.4385562,-0.6283112,-0.57231086,-0.51114124,-0.5281567,-0.6530806,-0.37264812,-0.38621742,-0.16372374,-0.5335414,-0.3603711,-0.5132951,-0.54495686,-0.6905578,-0.42563304,-0.72114253,-0.5257875,-1.2688689,-0.3931098,-0.19775471,0.124678046,-0.060553867,0.44129542,0.40683365,0.33467934,0.15569362,0.022800492,0.048646804,0.30861762,0.07815468,0.12640114,0.19790928,0.52960366,0.269202,0.24443261,0.42104912,0.851821,0.3874489,0.46434167,-0.08553864,0.1528936,-0.015753591,0.11993956,0.011815808,-0.73191184,-0.54668,-0.44092542,-0.7465581,-0.747635,-0.7467735,-0.7558197,-1.3352078,-1.3797928,-0.83917403,0.12209341,-0.12344656,0.35018712,0.007077317,-0.022861328,0.044339087,0.02710821,0.10249329,-0.13163123,0.0686777,-0.69163465,-0.4764641,-0.25526276,-0.18332386,-0.2610782,-0.24169345,-0.25741664,0.10637023,0.1070164,0.0471391,0.20264776,0.42061833,0.30969456,0.14040123,0.09301631,0.17335528,0.2248325,0.18498611,0.34975633,0.06350843,0.15569362,0.35320252,0.37409496,0.7337895,0.8268362,0.7001893,0.62458885,0.5703116,0.72603565,0.9248369,0.8274824,1.2578236,1.3655165,1.1033919,1.0351145,0.62071186,0.42449525,0.615758,1.2052693,1.1059765,0.8029284,1.0532068,1.4195784,1.3205009,1.2393004,0.95305246,0.51538813,0.25412497,-0.31363237,0.29483292,0.5134497,0.5498499,1.0456684,0.5082804,0.59615785,0.97480637,1.142592,0.9099752,0.73228186,0.5041881,0.25477114,-0.14304668,0.52938825,0.36181796,0.08246239,-0.03664603,-0.42218688,-0.6541575,-0.54107994,-0.34292486,-0.66751146,-0.8695435,-0.80061996,-0.59729564,-0.56908005,-0.7181272,-0.060338486,0.14341663,1.0060374,0.63988125,0.61985034,0.71957403,0.9933296,1.1753306,0.96403706,0.98471415,1.3592703,1.4391785,1.4118245,1.5591484,0.634712,1.6547798,1.6334566,1.5720716,1.5479484,1.4029937,1.5087482,1.4667479,1.0224067,1.1477613,1.2718236,1.416563,1.4714863,1.6502568,1.9948742,1.6892415,1.7467495,1.8458271,2.241922,1.973551,1.9638586,2.153829,2.217368,2.592355,2.7493713,3.0308805,2.955711,0.6691738,0.18261686,-0.016184365,-0.19129314,-0.22661646,-0.5079105,-0.8359433,-0.7073578,-0.6479113,-0.54043376,-0.5367722,-0.6530806,-0.74268115,-0.61172646,-0.65975755,-0.50747967,-0.5863109,-0.24729349,-0.15101595,-0.11030802,-0.42778692,-0.46591023,-0.44889474,-0.43769467,-0.36274037,0.04089291,0.4010182,0.20027852,-0.25117043,-0.18633926,-0.34766334,-0.575757,0.07126233,-0.1979701,-0.3655404,-0.5027412,-0.46117172,-0.6700961,-0.708004,-0.85231256,-1.0661908,-0.841974,-0.65781903,-0.64360356,-0.70778865,-0.36295572,-0.8555434,-0.83400476,-1.3442541,-1.2854537,-1.1964993,-0.99575967,-1.2384996,-0.57984936,-0.42886385,-0.34443256,-0.392679,-0.8232355,-0.983698,-1.5964711,-1.5381014,-2.394045,-1.8965037,-1.8697958,-2.0339198,-2.073551,-2.0853972,-2.2872138,-2.0698893,-1.9673656,-2.130628,-1.9585348,-1.6987793,-1.4472085,-1.5549015,-1.723118,-1.5641632,-1.8247801,-2.0614893,-2.060628,-2.0388737,-2.1648746,-2.1749976,-1.9822273,-1.91675,-1.9729656,-2.093582,-2.2208748,-2.4694302,-2.5426617,-2.378322,-2.2994907,-2.6326928,-2.6949394,-2.693647,-2.8948174,-2.4125683,-2.5717385,-2.6783547,-2.1485052,-2.0922894,-2.3447218,-2.41343,-2.228198,-1.677887,-1.5766555,-1.6016402,-1.8456726,-1.7285025,-0.7586197,-0.68689615,-0.7926507,-0.17707767,-0.47732568,-0.8596357,-0.76637363,-0.7239426,-0.29553995,0.33877167,-0.15381597,0.09409324,-0.254832,-0.18375462,0.21686321,0.22052479,-0.67720383,-0.7482812,-0.858128,-0.8116046,-0.7316965,-0.8716973,0.6017579,0.59723485,0.47554177,-0.03449217,0.0716931,-0.3069554,-0.1949547,-0.3758789,-0.3194478,-0.26603207,-0.4202484,-0.4396331,-0.4331715,-0.450187,-0.4997258,-1.0377599,-0.6724653,-1.1971455,-1.1316682,-0.8850513,-1.030006,-1.3253001,-1.2843767,-0.8281894,-1.1049603,-1.0748062,-0.079723224,0.04089291,0.14750896,-0.09415408,-0.014461277,0.11477029,0.16775523,-0.40409446,-0.43618697,-0.5320337,-0.30157074,-0.735358,-0.6448959,-0.8176355,-0.48680264,-0.42089456,-0.19366238,-0.12473887,0.155909,-0.2856322,-0.2856322,0.047569875,0.0062157735,0.36806417,-0.8109585,-1.0961295,-0.07433857,-0.11310803,-0.17880075,0.32024848,0.16237059,0.26187888,0.51237273,0.1806784,-0.23523188,0.19338617,0.16947833,0.16603215,0.2847098,-0.168893,-0.5253567,-0.80363536,-0.8587742,-0.5568031,-0.22790875,-0.30329382,-0.38794053,-0.62701887,-0.52966446,0.15117052,0.23086332,1.1886847,0.9872988,1.1380689,0.8175747,0.46391094,0.56514233,0.21750937,0.4055413,0.14449355,-0.29683226,-0.28369373,0.064154595,0.22892483,0.2892329,0.13372426,0.44151077,0.27803284,0.49686497,0.5700962,0.78225136,0.60563487,0.46886483,0.640312,0.640312,1.2063463,0.5677269,0.74477416,0.55071145,0.27437127,0.30538684,0.05532377,0.15849364,0.051662207,-0.068953924,0.050154503,-0.3821251,-0.31040156,0.51431125,0.32111004,0.14793973,0.013108124,0.06910847,0.08138546,-0.16716991,1.3986859,1.6487491,1.144746,1.9511509,1.7700114,1.6412104,2.5445392,2.7383864,2.9664803,2.7902944,1.7685037,0.9440062,0.16840139,0.124462664,-0.35627878,-0.17535457,-0.16910839,0.32800236,0.6484967,0.4089875,-0.7810198,0.6941585,0.61855805,0.7402511,0.88025194,1.2263771,1.003022,1.2866852,1.0999455,1.1910539,1.3663781,1.5365329,0.64440435,-0.014676663,-0.11353881,0.595081,0.836744,0.9928988,1.1350535,1.356901,1.2688081,0.5412345,0.3112023,1.0224067,0.8587134,2.240845,1.9115199,1.8705966,1.6616722,1.6616722,1.1736076,1.7340418,1.3741319,2.0713363,2.0605671,1.8036114,2.318384,2.153829,2.023736,1.6104103,2.0842595,2.0090897,1.6015794,1.6937647,2.0183513,3.2981746,2.5311852,2018-04-17
USNA_MNST,-0.28741512,-0.15914428,-0.5677721,-0.88144034,-0.49964237,-0.69544005,-0.72498304,1.0441297,-0.3463504,0.124076545,-0.3657945,-0.123873584,-0.013388809,0.13703927,0.078857675,0.3625307,0.31595528,0.6758974,0.5506412,0.44347247,0.4472407,0.4460349,0.45809326,0.46306732,0.57475793,0.75819576,0.8436594,0.77221364,0.89113927,0.8129106,0.88782316,0.9873047,1.0797019,0.9336449,0.8668718,1.1182886,0.9705737,0.88480854,0.9083224,0.98941493,1.029509,1.0068995,0.9437439,0.8833013,1.100804,0.92897236,1.4526069,1.3231301,1.2658529,1.3047413,0.9028961,0.64439493,0.7594016,0.8388361,0.74131405,0.5141646,0.71478564,0.45251626,0.052178547,-0.13864508,-0.11060938,-0.31906837,-0.30761287,-0.41448015,-0.32389167,-0.4031754,-0.43106037,-0.50054675,-0.41854984,-0.09252183,3.3656664,2.1578705,2.2792077,2.6985373,2.5918207,2.5131402,2.4187834,2.3651235,2.2567492,2.2308235,2.2282612,2.2042952,2.0395477,1.232391,1.5599263,1.678249,1.6916639,1.4226117,1.551184,1.2663052,0.92023003,1.0135316,1.0174506,0.920833,0.9996645,1.1635075,1.2423391,0.9428395,1.1193438,1.3730217,1.6233835,1.2881609,1.3149908,1.3742274,1.3217736,1.1344167,0.8089916,0.6499719,0.9340972,0.6994112,0.7236787,0.8349171,1.0724669,0.72714543,-0.058004756,0.13538125,0.18738297,0.41121635,0.13266812,0.043888424,0.041928936,0.14005388,0.09468428,-0.25892726,-0.26661447,-0.41236994,-0.07172115,-0.13020422,-0.104580194,0.18647859,0.27616268,0.2594317,0.42689222,0.44618562,-0.6515778,0.5364726,0.19567308,-0.02981833,0.27646413,0.0071104104,0.22220148,0.09106676,-0.41598743,-0.41719326,-0.22667111,-0.24068898,-0.013087349,-0.28545567,0.08428394,0.24963427,0.3231903,0.16989833,0.35288402,0.37308177,0.13945095,0.19868767,0.09573938,0.052781466,0.116389334,-0.031024167,-0.15537605,-0.19170186,-0.103826545,-0.058456946,0.082475185,0.052027818,0.22009128,0.4318663,0.5547109,0.32243663,-0.0230355,0.2621448,-0.06358175,-0.14346842,-0.061471537,-0.21370839,-0.19305843,-0.37875724,-0.67705107,-0.7570884,-0.36293066,-0.5139617,-0.14844249,-0.6398209,-0.7058404,-0.45171034,-0.34725475,-0.19682667,-0.07428355,-0.08076493,-0.3697135,-0.018664343,0.16597936,0.44211593,-0.31982198,-0.069008015,-0.008565463,-0.05001609,0.47919536,0.04449134,-1.762153,-1.5735903,-1.1803371,-1.1936013,-0.8556656,-1.2342982,-1.2694181,-0.76236403,-0.9354015,-0.7955245,-0.9476107,-0.5175792,-0.64615154,-0.799142,-0.738398,-0.5677721,-0.4569859,-0.41010898,-0.33790955,-0.56611407,-0.6411775,-0.46723548,-0.30489975,-0.40438128,-0.53988713,-0.40724513,-0.45171034,-0.29359505,-0.25078785,-0.57093745,-0.7408097,-0.6056053,-0.38840392,-0.37951088,-0.20270513,-0.20285586,-0.2036095,-0.27942646,-0.1000583,-0.11196594,-0.17482015,-0.19562083,-0.11558346,-0.012333702,0.03439246,0.036804132,0.2482777,0.32153225,0.467137,0.12573457,0.16386916,0.14231482,0.26953056,0.21737815,-0.10473092,-0.71835095,-0.8380302,-0.9436917,-0.24656743,-0.36428723,-0.36277992,-0.38960978,-0.4355823,-0.5748564,-0.42066005,-0.6485632,-0.6191709,-0.7379458,-0.6300234,-0.7258874,-0.62474793,-0.58179,-0.31665668,-0.5401886,-0.6735843,-0.6767496,-0.7067448,-0.6316815,-0.40212032,-0.50009453,-0.52526635,-0.4595483,-0.70915645,-0.6666507,-0.7959767,-0.8995279,-0.98559445,-1.184256,-1.1752123,-1.4867703,-1.2528379,-1.3423712,-1.4447166,-1.1969173,-1.5215887,-1.747683,-1.740448,-1.8194304,-1.6896522,-1.6237833,-1.7645648,-1.6649325,-1.7219082,-1.5779616,-1.530331,-1.1554667,-1.1835024,-0.91203845,-0.69483715,-0.565059,-0.6535373,-0.6321336,-0.6012341,-0.54380614,-0.5089876,-0.6262552,0.6742394,0.28113675,0.26335067,0.2390832,0.2656116,0.2992243,0.35424057,0.25008646,0.37850803,0.3126392,0.0057538445,0.059413563,-0.13487683,-0.17753328,-0.18944092,-0.188838,-0.11166448,0.008316247,0.15723705,0.47693443,0.55847913,0.3629829,0.29289365,0.33178186,0.53978866,0.4002131,0.36026978,0.5088891,0.5488324,0.6324873,0.67695254,0.6089735,0.6098779,0.5165763,0.5394872,0.58244514,0.56360394,0.4802505,0.38740107,0.550189,0.5363219,0.53873354,0.44904947,0.49924242,0.6267596,0.59013236,0.71267545,0.9451004,1.1110536,1.1594378,1.1295934,1.3302145,1.4734075,1.4177884,1.4608971,1.2130977,1.4211044,1.4467283,1.4235162,1.3385047,1.3618677,1.2764041,1.1725513,0.9515818,0.38076898,0.036804132,0.074938715,0.036502674,0.032432977,-0.23390615,-0.33534712,-0.30685925,-0.20300658,-0.2622433,0.05489168,0.16808958,0.41061342,0.40639302,0.17110416,0.2457153,0.27254516,0.32153225,0.17502314,0.035749026,0.104783155,0.1412597,0.13583344,0.076446004,-0.18989311,-0.29630816,-0.3156016,-0.3519274,-0.27987865,-0.393378,-0.04519275,-0.06478759,-0.007962544,0.0687588,-0.13095787,-0.009620571,0.018716587,0.26546088,0.3976507,0.2951546,-0.00057679694,0.113224015,0.13914949,0.015852725,-0.031627085,-0.119050235,-0.06523977,-0.043534722,-0.14015236,0.018867316,-0.02605009,0.08428394,-0.06825437,0.01781221,-0.05740184,0.011180108,0.110058695,-0.0016319037,0.023238473,-0.07564011,0.090011664,0.33268625,0.15874435,0.15090641,0.14050606,0.18708152,0.24239926,0.26576233,0.21391137,0.23682225,0.20109935,-0.9393205,-0.49602482,-0.7029766,-0.79100263,-0.45623222,-0.3106275,-0.34122556,-0.5216489,-0.3697135,-0.3882532,-0.41598743,-0.39458385,-0.23149447,-0.36006677,-0.14979906,-0.89108706,-0.96012115,-0.8369751,-0.9048034,-0.9965977,-0.95243394,-0.8618455,-0.86048895,-0.85506266,-0.8157223,-0.7084028,-0.68277884,-0.6567026,-0.97187805,-0.8188876,-0.77291507,-0.84134626,-0.7777384,-0.8001971,-0.8420999,-0.7035795,-0.8093916,-0.85159594,-0.9479121,-1.0687972,-0.91867054,-0.94173217,-0.9016381,-0.8268763,-0.9959948,-1.2118394,-0.99463826,-1.0113692,-0.9566544,-0.8953075,-0.9121892,-1.1070825,-0.6016863,-0.98016816,-0.9042005,-0.8586802,-0.94323945,-0.86998487,-0.422921,-0.22471164,-0.045946393,-0.12899838,-0.044288367,0.23832954,0.122870706,0.008165518,0.058810648,0.23938467,0.17231001,0.103728056,0.04027091,0.017962938,-0.077448875,-0.106991865,-0.17723183,-0.1734636,-0.14301623,-0.13849434,-0.081066385,-0.052578494,-0.17527235,-0.070967495,-0.07895617,-0.034038756,0.09106676,-0.0470015,-0.03976648,-0.025748633,-0.092672564,-0.02032237,-0.072173335,-0.2581736,-0.30233738,-0.29751402,-0.23119302,-0.22350581,-0.21551713,-0.16291252,-0.11618637,-0.112719595,-0.11588491,-0.08393024,-0.23300177,-0.29299214,-0.3153001,-0.19712813,-0.25530973,-0.23405688,-0.34107485,-0.34559673,-0.3020359,-0.3484606,-0.3899112,-0.45216253,-0.40392908,-0.31394354,-1.42889,-1.631772,-1.536511,-1.415475,-1.5206842,-1.4765205,-1.6050929,-1.4649143,-1.3949759,-1.3455366,-1.2367098,-1.2537422,-1.245452,-1.9192132,-1.8335989,-1.6845273,-1.6661383,-1.6031333,-1.5000343,-1.4014573,-1.413817,-1.3089093,-1.2603744,-1.240478,-1.3328754,-1.3193097,-1.3465917,-1.4278349,-1.6002694,-1.5307832,-1.5105854,-1.582785,-1.5499258,-1.5785644,-1.7006555,-1.6866375,-1.7071369,-1.6486536,-1.6608628,-1.6659877,-1.8464109,-1.7451206,-1.723717,-1.5452532,-1.5044055,-1.5603262,-1.5267135,-1.5328934,-1.483002,-1.5015416,-1.4860165,-1.3404117,-1.2891638,-1.0983402,-1.125773,-1.0412136,-1.0835687,-0.9794146,-1.1090419,-1.1357211,-1.1417502,-1.1720469,-1.111303,-1.0134795,0.03062422,-0.3362515,-0.24581379,-0.41809765,-0.53702325,-0.58676404,-0.59626,-0.64404124,-0.6319829,-0.69438493,-0.6255016,-0.6200753,-0.84270287,-0.8588309,-0.8784258,-0.810296,-0.8200934,-0.8336591,-0.73719215,-0.76115817,-0.5802826,-0.29495162,-0.25124004,0.099658355,0.10824994,-0.014896104,-0.22350581,-0.19788177,-0.2188332,-0.14618155,-0.12824474,-0.17979422,-0.21009088,-0.16984607,-0.07518793,0.03846216,0.11819808,0.26726964,0.13975242,0.2757105,0.21722741,0.37112227,0.47859246,0.42448056,0.42463127,0.28927615,0.47180966,0.4537221,0.35152745,0.37865877,0.2446602,0.044792797,0.2350135,0.2956068,0.28822103,0.25475907,0.16522571,0.085640505,0.28023237,0.2671189,0.2574722,0.25611565,0.29485312,0.1676374,0.11216891,0.1284477,-0.018664343,0.05067125,-0.047905874,-0.20798066,-0.28229034,0.33841395,0.41679338,0.6154549,0.4440754,0.5073818,0.49637854,0.5242635,0.5798827,0.54536563,0.45869616,0.54898316,0.58530897,0.5608908,0.61771584,0.63700914,1.3073037,1.5005388,1.8026009,1.5973073,1.9837779,1.895601,1.781348,1.6836753,1.6250415,1.8402833,1.8838441,1.9153466,1.8773627,1.844353,2.013321,2.125765,2.2376065,2.1712854,2.334224,2.5461497,2.5658956,2.6789427,3.4615304,3.6187413,3.650093,3.7845438,3.8356411,4.099719,4.3036566,4.2561765,4.2138214,4.461018,4.570297,2018-04-17
THS_PPC,0.40979746,0.4671076,0.3361849,0.25452876,0.4045548,0.43428713,0.33611307,0.28497925,-0.3946266,-0.28984532,-0.23677246,-0.26370388,-0.2520695,-0.25465494,-0.29322076,-0.25084862,-0.29875067,-0.31067234,-0.31727952,-0.337101,-0.25587583,-0.29709888,-0.39441115,-0.35383445,-0.44346228,-0.55937517,-0.4696755,-0.5842957,-0.60526633,-0.6092162,-0.67119443,-0.6222151,-0.611299,-0.5712968,-0.6189834,-0.47082463,-0.45667663,-0.45351666,-0.053566862,-0.0043002893,0.15585199,0.1525484,0.030890122,-0.19447215,-0.41322726,0.032541916,0.11103808,0.033331905,-0.13256574,-0.040998857,-0.16840252,-0.124881305,-0.039131615,0.033188272,0.086548425,-0.07863106,-0.05471594,-0.07719471,-0.2005048,-0.28402814,-0.13931656,-0.32790846,-0.41552538,-0.43491605,-0.38730124,-0.31045687,-0.031734448,-0.05845043,0.040369987,0.021625707,0.034480978,-0.19813482,-0.122080445,-0.05801953,-0.20474201,-0.27864188,-0.315915,-0.21917726,-0.2152273,-0.24862228,-0.32043946,-0.4385787,-0.48324898,-0.60935986,-0.7345372,-0.46091384,-0.32561028,-0.3373883,-0.32266578,-0.5633251,-0.33781922,-0.15109459,-0.14010654,-0.13457662,-0.24395418,-0.20495747,-0.14111198,-0.18125778,-0.15260275,-0.1093688,-0.101828,-0.24021968,-0.13723387,-0.23253524,-0.18858314,-0.18010871,-0.09902713,-0.36338612,-0.5013469,-0.45998022,-0.5524089,-0.35088995,-0.23512065,-0.35864618,-0.30636328,-0.1352948,0.00762136,-0.06204129,-0.26111847,-0.3674797,-0.41581264,-0.28000638,-0.29429802,-0.26298574,-0.30449602,-0.13213484,0.15391292,0.08496845,0.019040288,0.08683569,-0.05169962,-0.109656066,-0.42787796,-0.1787442,-0.04810876,0.18113163,0.042596318,-0.057875894,-0.0017148716,-0.024696365,-0.20352112,-0.23512065,-0.13831112,-0.20467018,-0.11130786,-0.15059185,-0.2570967,-0.06484216,0.039508183,0.18285523,0.19922954,0.25151244,0.20849398,0.11520347,0.19628505,0.2600587,0.27542755,0.41051567,0.29323822,0.16188462,-0.06261583,-0.2512077,-0.29336438,-0.18951677,-0.21386278,-0.25846124,-0.25221315,-0.15554725,-0.07432202,-0.121434085,-0.0901218,-0.053279594,-0.1707725,-0.25673765,-0.4507158,-0.49710968,-0.5689269,-0.69417596,-0.8128179,-0.79787993,-0.69697684,-0.85389733,-0.8593554,-0.8059952,-0.8110225,-1.1496403,-0.67126626,-0.55420434,-0.658411,-0.55190617,-0.531151,-0.46005204,-0.18154506,-0.07891832,-0.28079638,-0.35053086,-0.43843505,-0.40123376,-0.33530563,-0.31864402,-0.1553318,-0.3055733,-0.06663758,0.08633298,0.21230029,0.17883347,0.17725348,0.19772139,0.32684866,0.31212616,0.47335568,0.44103792,0.45102054,0.41259834,0.47881377,0.6488051,0.53554934,0.5554427,0.5575972,0.45066145,0.31219795,0.41769737,0.4215755,0.35126647,0.43636984,0.58065057,0.63149714,0.59953845,0.4847746,0.41037202,0.38056788,0.44951236,0.63609344,0.71408683,0.7310357,0.97305954,0.89011073,0.7158105,0.8745264,0.85542303,0.87186915,0.770966,0.85915756,0.8910443,0.7653643,0.86468744,0.82734257,0.7549508,0.6695602,0.5251358,0.5614035,0.600113,0.61813915,0.60284203,0.8912598,1.029795,1.1561934,0.93075925,0.85391486,1.0998168,1.4139451,1.4551681,1.5880299,1.5182236,1.6399536,1.4951704,1.6819668,1.3852183,1.2677253,1.3185,1.3082302,1.3205109,1.4053988,1.4017361,1.600957,1.5940624,1.5843673,1.5740974,1.6877122,1.6288939,1.6015315,1.5926981,1.6662388,1.8271811,1.7250571,1.5700039,1.6150333,1.5893226,1.7476795,1.6653051,1.729797,1.7704456,1.7669983,1.9377078,1.8037686,1.7685783,1.7811463,1.7614684,2.2361798,2.1143062,2.0540514,2.1588328,2.281281,2.3864214,2.3582692,2.2327328,2.2190156,2.1971114,2.1283104,2.0957773,2.1334813,2.1289568,2.1504302,2.2286391,2.2338817,2.166948,1.9782844,1.9810852,1.9792898,2.015342,1.8276838,1.8490136,1.5047938,1.7228308,1.6361474,1.6900822,1.6224303,1.5289962,1.540415,1.5187263,1.4036034,1.430535,1.5042193,1.6140279,1.6218559,1.5623912,1.4842541,1.3985044,1.2649245,1.3379625,1.3460062,1.3492379,1.2835251,1.3908199,1.2919278,1.2352641,1.1624415,0.70288336,0.7656516,0.59185404,0.5094079,0.5844568,0.42071366,0.5175232,0.44656786,0.5186723,0.6029857,0.47493565,0.4403916,0.39873764,0.49303356,0.4731402,0.54783005,0.6079411,0.49360812,0.58898133,0.56018263,0.39974308,0.5318149,0.5871141,0.5988921,0.5471119,0.48621094,0.5136451,0.62395626,0.6069356,0.38932958,0.41690737,0.5137169,0.52219135,0.5033034,0.5456756,0.6749465,0.6641021,0.6574949,0.4994253,-0.7200301,-1.0070833,-0.93634343,-0.9066111,-0.9245654,-1.314389,-1.4751877,-1.2794858,-1.2618905,-1.1730528,-1.1594794,-1.0750223,-1.1119363,-1.1084174,-1.1817427,-1.1389396,-1.1460496,-1.0828505,-1.2008461,-1.3943933,-1.3461322,-1.1826763,-1.1279516,-0.9249963,-0.8458538,-0.6957559,-0.8463565,-0.8256014,-0.98446095,-0.87063074,-0.8250987,-0.826535,-0.811597,-0.7996035,-0.7405699,-0.72448283,-0.7277146,-0.8071444,-0.7577341,-0.81181246,-0.72010195,-0.61165804,-0.705164,-0.8151161,-0.9090529,-0.96722484,-0.91479826,-0.9326808,-0.927079,-0.7827265,-0.6556101,-0.78358835,-0.8047744,-0.8386721,-0.6859888,-0.74064165,-0.8151879,-0.82430863,-0.6400976,-0.5269138,-0.55858517,-0.5529834,-0.45459393,-0.618337,-0.63600403,-0.59657645,0.32088783,0.28260928,0.34049392,0.27794117,0.2844047,0.21280299,0.20957121,0.32167783,0.27061582,0.3211033,0.29553634,0.2709749,0.2981936,0.3998867,0.386026,0.4584895,0.36577356,0.34817836,0.37676156,0.43601075,0.47953194,0.4345744,0.46919027,0.5346157,0.5219041,0.611532,0.508977,0.38703144,0.4216473,0.44003248,0.47278115,0.4542523,0.53914016,0.60449386,0.5257104,0.5504155,0.58086604,0.5999694,0.65806943,0.7139432,0.7229922,0.8486004,0.86023474,0.8529812,0.8242544,0.99855465,0.9891466,0.96566236,0.978374,1.2562346,1.2367722,1.2775643,1.2907069,1.1832683,1.2189615,1.0960104,1.0525612,1.0905524,0.37913153,0.30257443,0.372668,0.27621755,0.24016534,0.24626978,0.23061365,0.21028939,0.16482913,0.15987375,0.14859845,0.1747399,0.21481387,0.15807831,0.2342045,0.18551247,0.17071813,0.06988684,0.11398258,0.17215449,0.12590423,0.18084435,0.25531876,0.4551141,0.34860927,0.2952491,0.32986498,0.4655994,0.4672512,0.34063753,0.41690737,0.59034586,0.4773774,0.36541447,0.2979063,0.27672026,0.34408477,0.14838299,0.20389767,0.19685958,0.2589096,0.3086789,0.27700755,0.17983891,0.1329423,-0.093569025,-0.026707245,0.09760827,0.26609132,0.3529901,0.30415443,0.31471154,0.41633284,0.43550804,0.4847028,0.53303576,0.75423265,0.791793,0.8299279,0.85470486,0.79861563,0.6053556,0.80069834,0.16095099,0.20914032,0.3328813,0.2617105,0.2734885,0.21165392,0.15025024,0.32993677,0.2949618,0.38387147,0.20353858,0.26522952,0.29043737,0.37776703,0.36900532,0.20741671,0.11972796,0.07462678,0.06371057,0.11692709,0.2015277,0.27988023,0.08238303,0.100911856,0.073262244,0.065362364,0.030387402,0.15850922,0.13883132,0.118507065,0.23190637,0.2349945,0.13782588,0.10270728,0.017819397,0.027011994,0.07204136,0.15240476,0.17150812,0.13258323,0.116783455,0.29266366,0.14558212,0.30501625,0.24576707,0.13172142,0.20756035,0.23269635,0.23549722,0.26314682,0.25187153,0.30982798,0.30286172,0.3894732,0.4011794,0.45468318,0.39909673,0.3120543,0.33805212,0.3776952,0.5318149,0.36282906,0.46660486,0.4399607,-1.2315121,-1.3245152,-1.4104085,-1.4061713,-1.033512,-0.958894,-0.8421193,-0.8941868,-0.95817584,-0.9807265,-0.7983109,-0.73683536,-0.65280926,-0.62788874,-0.65180385,-0.64964926,-0.6252315,-0.5929856,-0.425508,-0.34729907,-0.2628421,-0.22628716,-0.30241334,-0.17321427,-0.19375397,-0.22549717,-0.40123376,-0.45840022,-0.4984024,-0.82215416,-0.8731443,-0.63787127,-0.7336036,-0.72534466,-0.86258715,-0.8630899,-0.87572974,-0.8891595,-0.8371639,-0.8439866,-0.98654366,-1.0287004,-1.0231704,-1.0428482,-0.9135056,-0.9879081,-1.0354512,-1.0753096,-1.0679843,-0.9982498,-1.0162041,-1.0478036,-0.8826242,-0.79407364,-0.825745,-0.9449615,-1.0446436,-1.1032466,-1.2058015,-1.1785109,-1.4453834,-1.414933,-1.6426651,-1.9542081,-1.9603125,-2.063873,-2.1703777,-2.143949,-2.1807194,-2.2084408,-2.032417,-2.3089132,-2.185172,-2.1165867,-2.348987,-2.3798685,-2.3513572,-2.3156638,-2.4195113,-2.442493,-2.4947758,-2.3481252,-2.3434572,-2.3047476,-2.2795398,-2.2635963,-2.2149043,-2.2400405,-2.1770568,-2.030837,-2.2605083,-2.1685104,-2.1733222,-2.2776725,-2.4426367,-2.5747085,-2.6841578,-2.531331,-2.5033941,-2.475816,-2.5027475,-2.6233287,-2.5935962,-2.4324386,-2.5836136,-2.5819619,-2.5472744,-2.519553,-2.5318336,-2.5377946,-2.5290327,-2.480987,-2.546197,2018-04-17
WDFC_PRMW,-0.7505843,-0.61013657,-0.76225555,-1.0396103,-1.0746238,-1.1197349,-1.4425943,-1.0532484,-0.84185565,-1.0063014,-1.3510607,-1.4370865,-1.3732228,-1.1484541,-1.235529,-0.9406018,-0.914899,-1.0607233,-1.1203907,-1.0288571,-1.2477248,-0.8059241,-0.8648046,-1.103474,-0.9998757,-1.1258985,-1.0558712,-1.1693047,-1.1568466,-1.1745502,-1.1175057,-1.0519372,-1.1787467,-1.2868035,-1.4226614,-1.2924424,-1.328505,-1.2398565,-1.107408,-1.1278654,-1.1032118,-1.1243248,-1.0108913,-1.0042033,-1.0253164,-0.8729351,-0.80435044,-0.8434293,-0.93352044,-1.0300373,-0.7911056,-1.4331524,-1.3407009,-1.292967,-1.3038512,-1.015481,-0.9462407,-1.0276768,-0.92263603,-1.3665347,-1.1960567,-1.235529,-1.1719276,-1.0390857,-0.9440114,-0.98610634,-1.2936226,-1.3038512,-1.3337505,-1.4494134,-1.2596581,-1.1833365,-1.2875904,-1.2827382,-1.2380205,-1.3998437,-1.5636337,-1.4111214,-1.4230549,-1.3758454,-1.2933604,-1.4321033,-1.3480445,-1.6516267,-1.8666914,-1.6293334,-1.5961556,-1.5892055,-1.6432339,-1.625137,-1.3911886,-1.4536098,-1.4323657,-1.9760597,-1.8938367,-2.06838,-2.0113356,-1.9329154,-1.8096467,-1.7258502,-1.6176622,-1.7383082,-1.7720103,-1.6379884,-1.5602242,-1.3994502,-1.1672065,-1.1683868,-1.0372498,-1.1544863,-1.1968435,-1.0541664,-0.9353563,-0.8128744,-0.51125926,-0.43283933,-0.4008419,-0.2218399,-0.33487996,-0.52122563,-0.626791,-0.4578865,-0.7655339,-0.9889914,-0.96328855,-0.766583,-0.80212116,-0.8667717,-0.808678,-0.15482889,0.11701812,-0.1400104,0.15019578,0.20540446,0.22297682,0.26061314,0.3019213,0.32762414,0.478694,0.6276656,0.4380415,0.4549582,0.55737615,0.60458547,0.74621344,0.38007897,0.30637997,0.4907586,0.4372547,0.4362056,0.4347631,0.23359892,0.13091865,0.12200133,0.16094902,0.33365646,0.4864311,0.22481273,0.21222359,0.22756661,0.13695095,0.23399234,0.35529408,0.54006606,0.66254807,0.33234507,0.26703888,0.14731076,0.034926355,0.06797288,0.0829225,0.12055882,0.09380686,-0.061983887,-0.42457768,-0.19928433,-0.4355932,-0.6799015,-0.2744258,0.113346286,0.22494388,0.1988476,0.3568677,0.37221074,0.63369787,0.4283374,0.44748336,0.5521307,0.42282963,0.48000538,0.3868981,0.54714745,0.91983885,1.0747116,0.8550572,0.76076967,0.98986596,0.7947341,1.2959398,1.4863507,1.4077996,1.4654999,1.4352072,1.4841214,1.3365923,1.011897,0.9559015,0.79184914,0.7374273,0.6586139,0.40512612,0.4127321,0.4453852,0.14875327,0.32788643,0.005945078,-0.11430755,-0.22774106,-0.13686313,-0.4096281,-0.35900918,-0.3082592,-0.4876546,-0.43913388,-0.35061643,-0.16597554,0.06102262,-0.047821093,-0.044280395,0.12488634,0.15373649,-0.010578183,0.20029011,-0.16243483,-0.41867653,-0.2555421,-0.39887485,-0.48372045,-0.5134886,-0.566468,-1.321817,-1.3245709,-1.2032692,-1.1527815,-1.0511503,-0.9496503,-0.89916253,-0.8886716,-0.8882782,-0.8356922,-0.7269797,-0.66009974,-0.7457322,-0.7336676,-0.77733624,-0.7181935,-0.45605054,-0.4472644,-0.4298232,-0.8164151,-0.8166774,-0.777074,-0.84815025,-0.8846063,-0.6204964,-0.5793194,-0.69196606,-0.8847375,-0.9580431,-0.8346431,-0.68068826,-0.6448879,-0.39887485,-0.33330634,-0.1839413,-0.26983604,-0.27049172,-0.28727725,-0.44005185,-0.48896596,-0.3622876,-1.0769844,-0.9994824,-0.8764758,-0.6796392,-0.5356508,-0.20846392,-0.56555,-0.36713967,-0.66495186,-0.6163,-0.5496824,-0.17502399,-0.093063354,-0.049788147,0.45312226,0.1534742,0.26218677,0.73178834,0.70293826,0.7737522,0.32906666,0.29680696,0.67461264,1.1501155,0.6869395,0.8109951,0.72024834,0.74857396,0.76116306,0.7982748,0.79302937,0.67946476,0.7690313,0.50688845,0.4368613,0.2557611,0.07898839,-0.029855324,0.11177264,-0.004021334,0.17996387,-0.51165265,-0.92119354,-0.8602148,-0.9504371,-0.8855243,-0.97233695,-0.9579119,-1.0205954,-0.98217225,-0.89142543,-0.99449915,-0.9291929,-0.71386594,-0.37277856,-0.30511186,-0.004939293,-0.027625995,-0.049394738,-0.14748521,-0.14919,-0.12270032,-0.14315769,-0.040870834,0.19412668,0.33300078,-0.10748843,-0.008873403,-0.09581724,-0.1512882,-0.2349536,-0.18459699,-0.04887019,-0.24282181,-0.19010475,0.07007107,0.12868932,0.25012216,0.11046127,-0.16990964,-0.028150544,0.021550382,0.1686861,0.30349493,0.053023264,0.2034374,0.19202848,0.19989671,0.39843816,0.20160148,0.17248908,0.2527449,0.1399671,-0.12847035,-0.68776965,-0.11968417,-0.37120494,-0.33868295,-0.12466738,-0.25134572,-0.2455757,-0.17463058,-0.024609843,-0.33317518,-0.4397896,-0.3005221,-0.2800647,-0.24334636,-0.30642325,-0.07837602,-0.5361753,0.5403283,0.50124955,0.46112165,0.663466,0.76260555,0.84850025,0.7904066,0.8263382,0.94645965,1.1469681,1.1781788,1.4131763,1.0522872,1.3752778,1.3546891,1.4258965,1.8096033,1.6633856,1.9408716,1.93838,1.8177339,1.7373469,1.6456821,1.6875149,1.5477228,1.7863921,1.9053334,1.7315769,1.7718359,1.8429123,2.0115542,1.9827043,2.039749,2.1476748,2.1799343,2.4645016,2.283926,2.3443804,2.3584118,0.89361143,0.7088394,0.53941035,0.65612227,0.6609744,0.7205106,0.6832677,0.7066101,0.6418284,0.7435907,0.9012174,1.0556968,1.1166755,1.2137169,1.1716219,1.1966691,1.1954888,1.3773758,1.4236672,1.447403,1.4182905,1.4104223,1.4740238,1.4213067,1.4429444,1.5793269,1.6825316,1.6060787,1.4946123,1.2729907,1.2333874,1.5599186,1.8557637,1.71348,1.901137,1.8882856,1.7360356,1.4897602,1.5155942,1.0532051,1.0002258,0.8761702,1.2284042,1.2642046,1.1073648,1.2676142,1.1945709,1.1902434,0.9088233,0.9261334,0.9379357,1.0037665,0.88089114,0.83132136,0.77493244,0.67985815,0.7111998,0.52918166,0.6103555,0.5986843,0.54557383,-0.11430755,0.026271313,0.014337846,-0.055033628,-0.124798514,-0.120864406,-0.11116026,-0.10368546,0.002010968,-0.042051066,0.016173765,0.0089612305,0.046859823,-0.09017835,-0.15155047,-0.3179633,-0.43336388,-0.13476492,-0.23888771,0.069153115,0.13091865,0.0889548,0.13327911,0.117936075,-0.022380516,-0.19862865,-0.39297366,-0.26616418,-0.26065645,-0.42470884,-0.31127533,-0.41172627,-0.3494362,-0.29108024,-0.32570037,-0.083621494,-0.060016837,-0.19128497,0.09341346,-0.00900454,-0.17108987,-0.41146398,-0.22551173,0.13511503,0.13721322,-0.06067252,-0.001005183,0.050531656,0.16409631,0.17025974,0.058137603,0.26651433,-0.021593694,-0.051624067,-0.032346927,-0.17922036,-0.12427397,-0.15010795,-0.14787863,-0.021855967,0.025353355,-0.02526553,0.029418603,-0.18158084,-0.5026042,-0.6486909,-0.6885565,-0.7137348,-0.65865725,-0.6140707,-0.5268646,-0.5130952,-0.39100662,-0.6599686,-1.0397414,-1.1206529,-0.9930566,-1.1572402,-1.1173745,-1.1173745,-1.1518636,-1.471969,-1.5376686,-1.3258823,-1.291131,-1.3051627,-1.1181614,-1.2572978,-1.1550108,-1.2111374,-1.1820251,-1.1235379,-1.098622,-1.13993,-1.1356025,-1.0362006,-0.72055393,-0.63098735,-0.56502545,-0.8179887,-0.74783045,-0.64751065,-0.9114894,-1.2419546,-1.1554042,-1.1564534,-0.87005013,-0.75438726,-0.67767215,-0.710063,-0.5879744,-0.44451052,-0.31061962,-0.09017835,-0.15050137,-0.43008545,-0.4193322,-0.3079969,-0.31035736,-0.035887625,-0.12453624,-0.19495681,-0.021200282,-0.16912282,-0.2719342,-0.25029662,-0.37238514,-0.33474883,-0.07850715,0.0037157494,-0.19390771,0.012501929,-0.0396906,0.008043271,0.13655753,-0.02788827,-0.177909,-0.37553245,-0.38326955,-0.25357506,-0.30786577,-0.24190386,-0.38641682,-0.25895166,-0.2147585,0.0047648447,0.053285535,0.15176941,0.21878043,0.26730114,-0.055951588,-0.614333,-0.62600416,-0.7125546,-0.8683454,-0.748355,-1.1278654,-1.1118667,-0.8547071,-0.98977816,-0.9908273,-0.97364837,-0.63216764,-0.27639288,-0.35114098,-0.60646474,-0.25396848,-0.2811138,-0.39467844,-0.4139556,-0.4734918,-0.533946,-0.49040845,-0.3338309,-0.5250287,-0.12388056,-0.2655085,-0.5996456,-0.5142754,-0.43074113,-0.41762742,-0.29986638,-0.29999754,-0.118503936,-0.25239483,-0.3799911,-0.30642325,-0.1637462,-0.09896453,-0.1662378,-0.33265063,0.3731287,0.7804402,0.44105765,0.79027545,0.6743504,0.7184124,0.698873,0.7087082,0.8039137,0.8871857,0.93570644,0.7552619,0.7088394,0.5745551,0.5173794,0.40696204,0.33470556,0.2190427,0.481579,0.5695719,0.29602015,0.80863464,0.8668595,0.5889802,1.0787768,1.2724663,1.2929237,1.3632131,1.7870479,1.8326836,2.0932527,2.1589525,2.1332498,1.7373469,1.0440255,1.3781626,1.7361667,1.8009484,2.071353,2.033323,1.9685414,2.1158085,2.1914744,2.296384,2.261633,2.4951878,2.4056213,2.2022276,2.0268974,2.0539117,2.0650582,2.2596657,2.3430688,2.6663218,2.513678,2.1635423,2.3687716,2.3622148,2.6303902,2.127873,2.454142,2.564428,2.630521,2.4054902,2.5667887,3.1386771,3.2826655,2018-04-17
USNA_RAD,-0.22091292,-0.16609776,-0.59937227,-0.9562921,-0.4833905,-0.63002455,-0.7099691,0.9003814,-0.2938157,-0.22284594,-0.5386199,-0.37900698,-0.31162718,-0.11293951,-0.14013997,0.10618304,0.021267882,0.3371799,0.25723538,0.14719085,0.11377708,0.18198536,0.16859223,0.12758443,0.22147436,0.3497446,0.43921617,0.3725267,0.43880194,0.36755607,0.43245056,0.5937203,0.7119112,0.6073896,0.4916841,0.8697291,0.7330364,0.66455203,0.69368553,0.7599608,0.813119,0.7617557,0.7901988,0.79613596,0.8498466,0.6855392,1.1826035,1.0399736,1.008631,1.1040397,0.6490878,0.44142535,0.6153978,0.78550434,0.726547,0.4916841,0.68471074,0.45040014,0.14111562,-0.0132504795,0.11847157,-0.05922893,-0.0463881,-0.1591941,-0.031200025,-0.06005737,-0.0557771,-0.09084775,0.03286605,0.25364548,3.4998899,2.1503603,2.3447676,2.6250565,2.4708288,2.3879845,2.4853263,2.4724855,2.388813,2.3281987,2.2359657,2.1201222,1.785156,0.94691217,1.2165697,1.4486711,1.521712,1.2856064,1.3556095,0.98709154,0.7189529,0.7879896,0.75857997,0.74159694,0.6917525,0.87069565,0.9665186,0.66261894,0.83990526,1.1124623,1.2744224,0.95119244,0.9745269,0.9968947,0.92868644,0.809253,0.48616114,0.23155373,0.4941694,0.29120144,0.30003816,0.4027648,0.6593052,0.28761154,-0.40496483,-0.1836331,-0.10203171,0.10176469,-0.30789918,-0.47275886,-0.40165105,-0.26951477,-0.28318405,-0.452324,-0.48739466,-0.54317635,-0.24673265,-0.31259367,-0.06889407,0.15878902,0.10880643,0.08533395,0.21015234,0.21747024,-0.8318879,0.23403905,0.36603725,0.12910323,0.47704828,0.23210602,0.3319331,0.16155049,-0.2714478,-0.32018772,-0.05922893,-0.070827104,0.10963488,-0.0822872,0.31729734,0.57425195,0.63997495,0.45399004,0.68691987,0.64549786,0.39061433,0.5332442,0.41450104,0.39986524,0.34739736,0.20131564,0.028309627,0.04529266,0.14567204,0.21429455,0.26759088,0.12578946,0.32337257,0.51612306,0.6316905,0.44943362,0.11474359,0.42734188,0.12855093,0.02361513,-0.0093844235,-0.10700234,-0.08311564,-0.2870501,-0.58846444,-0.6193929,-0.2262978,-0.4606084,-0.15684685,-0.64245117,-0.6134557,-0.503135,-0.4440396,-0.14704365,-0.14303951,-0.16830695,-0.46433637,-0.16651198,-0.04031287,0.2837455,-0.4512194,-0.25294596,-0.35650104,-0.50548226,-0.18349501,-0.5511846,-2.2559774,-2.03506,-1.5825931,-1.5457275,-1.2051003,-1.5346816,-1.5254308,-1.0043416,-1.1889458,-0.971204,-1.0918802,-0.754981,-1.0043416,-1.0412072,-1.0315422,-0.8575696,-0.74020714,-0.72129107,-0.62284476,-0.81145304,-0.84459066,-0.6325098,-0.5303355,-0.6224305,-0.6412085,-0.5187373,-0.5524273,-0.45522353,-0.414768,-0.7498723,-0.9380664,-0.7607801,-0.55035615,-0.5132144,-0.38522032,-0.346974,-0.34932122,-0.42609003,-0.27379507,-0.34241754,-0.39170974,-0.45522353,-0.39405704,-0.33468544,-0.30389506,-0.3066565,-0.1243996,-0.015735801,0.057995412,-0.31259367,-0.31535515,-0.284979,-0.19744043,-0.2522556,-0.44238272,-0.6002007,-0.6191168,-0.756776,-0.11929089,-0.2376198,-0.18694685,-0.18418539,-0.11777207,-0.3204639,-0.18418539,-0.4368598,-0.35636297,-0.5092102,-0.4231905,-0.5328208,-0.45977995,-0.40910703,-0.12564227,-0.34241754,-0.43699783,-0.43478867,-0.47952446,-0.37224144,-0.13337438,-0.21801338,-0.19964962,-0.1582276,-0.36216202,-0.3313717,-0.46185106,-0.62394935,-0.64963096,-0.8162856,-0.7551191,-1.0395503,-0.8237416,-0.86516356,-0.9821118,-0.7395168,-1.1399297,-1.328814,-1.3227389,-1.30976,-1.1355113,-1.1164572,-1.2166985,-1.1070682,-1.1734815,-1.05032,-1.0389981,-0.70168465,-0.7048603,-0.43230337,-0.23002577,-0.27724686,-0.30748495,-0.28691202,-0.2621969,-0.1513239,-0.122604646,-0.26164457,0.9023144,0.5902685,0.60559464,0.5963437,0.5760469,0.5663818,0.6312763,0.63818,0.6722841,0.619402,0.4209905,0.49748316,0.30597532,0.27849868,0.23155373,0.22782575,0.32461524,0.41298223,0.54083824,0.7820525,0.8287213,0.6630332,0.5847456,0.59220153,0.7330364,0.6148456,0.58944005,0.71840066,0.752919,0.80511075,0.88795483,0.70694053,0.7235093,0.53117305,0.52233636,0.6448075,0.6239584,0.57383776,0.48270932,0.6374896,0.6724222,0.6599956,0.551746,0.6042139,0.66565657,0.58267444,0.7414589,0.92841035,1.059442,1.1012783,1.0914751,1.256749,1.3910944,1.2668284,1.3351748,1.1335875,1.2890583,1.2914054,1.3281331,1.2353476,1.2771839,1.2085614,1.1827416,0.97093695,0.33607534,-0.057019755,-0.012974332,-0.030371584,-0.069584444,-0.2974056,-0.4981644,-0.59302086,-0.4699974,-0.49554098,-0.30610424,-0.30610424,-0.092780784,-0.17521062,-0.31494093,-0.18252851,-0.18404731,-0.1550519,-0.14165877,-0.15408538,-0.11528675,-0.069308296,-0.04997801,-0.078283064,-0.36975607,-0.5473185,-0.503135,-0.4984405,-0.46530288,-0.56568235,-0.34517902,-0.26288724,-0.20876245,-0.07621197,-0.33440927,-0.19951154,-0.17203493,0.0019375989,0.13945875,0.16790187,-0.111006476,0.008565123,0.02278669,-0.1424872,-0.17700556,-0.30914187,-0.17672943,-0.11307758,-0.19647393,-0.07331243,-0.19992575,-0.17741978,-0.25501707,-0.23182073,-0.20103034,-0.17935282,-0.12605648,-0.24120972,-0.31259367,-0.4545332,-0.28415057,-0.10934959,-0.31383634,-0.33427122,-0.44680107,-0.40096068,-0.44044968,-0.4215336,-0.40593132,-0.37638363,-0.38328728,-1.3805916,-0.952426,-1.1130054,-1.2288489,-0.9231544,-0.7854953,-0.7987503,-0.94414157,-0.777625,-0.79736954,-0.8296787,-0.8309214,-0.7867379,-0.952426,-0.72515714,-1.0221531,-1.0656462,-1.0517008,-1.1549797,-1.2229118,-1.208138,-1.1233609,-1.1602265,-1.1541513,-1.0528054,-0.9589155,-0.98349255,-0.94814575,-1.266405,-1.0965747,-1.0863572,-1.119909,-1.0619183,-1.0822151,-1.1076206,-1.0579141,-1.1773477,-1.2519073,-1.319149,-1.4318169,-1.2768985,-1.2897393,-1.2542545,-1.2067572,-1.375345,-1.6128311,-1.4029596,-1.4053069,-1.4071018,-1.3137642,-1.3710647,-1.5501459,-1.0721357,-1.4352689,-1.3571193,-1.304099,-1.4198046,-1.3560146,-0.93268156,-0.6847016,-0.39640427,-0.4019272,-0.35871023,-0.10645006,-0.21925604,-0.34918314,-0.29975286,-0.21304274,-0.2853932,-0.36989415,-0.36022902,-0.31949735,-0.33206204,-0.3139744,-0.31024644,-0.29920056,-0.30499965,-0.31645975,-0.22256981,-0.16029869,-0.27793726,-0.24051934,-0.24051934,-0.21566613,-0.18211429,-0.2630253,-0.25474092,-0.23071614,-0.2626111,-0.26495835,-0.23831017,-0.41932443,-0.44058776,-0.4715162,-0.32377765,-0.26385376,-0.3755552,-0.2543267,-0.3925382,-0.40068454,-0.42484736,-0.43064648,-0.5177708,-0.544419,-0.58169883,-0.52108455,-0.5417956,-0.49526483,-0.52053225,-0.53613454,-0.44901025,-0.4581231,-0.4940222,-0.5411052,-0.48490936,-0.35843405,-1.3710647,-1.5294348,-1.4917408,-1.4333357,-1.490222,-1.4529421,-1.5643674,-1.473239,-1.387081,-1.3677509,-1.3125215,-1.3011994,-1.1919835,-1.7977116,-1.7166624,-1.5607775,-1.5929486,-1.5110711,-1.3909472,-1.2262255,-1.2528738,-1.1690632,-1.1059637,-1.0931228,-1.1547035,-1.0976793,-1.1265366,-1.1817659,-1.3198394,-1.2577064,-1.2277445,-1.298576,-1.2443132,-1.3227389,-1.4013027,-1.3745165,-1.4108298,-1.3116931,-1.3839054,-1.4077922,-1.6028899,-1.4953307,-1.5237739,-1.3665082,-1.3536674,-1.3837674,-1.3764495,-1.3819724,-1.3220485,-1.3437262,-1.3169398,-1.196954,-1.1551178,-0.98528755,-0.9927435,-0.9082425,-0.94814575,-0.81269574,-0.9140416,-0.9517357,-0.98128337,-0.97893614,-0.93061036,-0.8055159,0.1256514,-0.20213494,-0.12867987,-0.27683267,-0.30071935,-0.3531873,-0.39599004,-0.42829922,-0.42457125,-0.45688042,-0.38881022,-0.34186527,-0.34959736,-0.2855313,-0.28014642,-0.2957487,-0.26951477,-0.26482028,-0.25391248,-0.26026386,-0.08988124,0.20228216,0.24287574,0.61222214,0.63044786,0.5612731,0.3802588,0.43176022,0.37915424,0.46475977,0.4095304,0.44045883,0.39033815,0.4183671,0.5513318,0.62547725,0.7672787,0.9118415,0.809253,0.91971165,0.85619795,0.99620444,1.100588,1.0790485,0.98143053,0.8820177,1.0210576,1.03307,0.9543682,0.98419195,0.8966534,0.8272025,0.87014335,0.97162735,0.9556108,0.9683136,1.078358,0.96196216,1.1690724,1.2223687,1.2665523,1.2434939,1.2444605,1.2099421,1.1132907,1.0855379,0.9843301,1.0210576,0.82816905,0.47055885,0.43562627,1.0303085,0.90549016,1.1549889,1.0849856,1.0956173,1.1240604,1.2788408,1.3248193,1.2347953,1.1696247,1.2557826,1.3556095,1.3271666,1.2534353,1.2064903,1.1359348,1.311288,1.7085253,1.510528,1.8464607,1.8565401,1.8409377,1.7750767,1.7413869,1.9342754,1.9380034,1.9944754,1.9295809,1.9239199,2.0363116,2.0432153,2.0730393,2.0868466,2.189573,2.4005492,2.4911253,2.4727616,3.1994424,3.4175982,3.4963002,3.5063794,3.575416,3.8276763,4.006205,3.9846656,3.9616075,4.212901,4.364782,2018-04-17
WDFC_SJM,-1.6838067,-1.5119785,-1.6501902,-1.8374958,-1.8227085,-1.8235959,-1.8865896,-1.6855812,-1.6732585,-1.6982982,-1.7765722,-1.7983588,-1.813639,-1.7485751,-1.841242,-1.6241646,-1.6235731,-1.6590626,-1.6892287,-1.7383225,-1.859874,-1.6428952,-1.6057298,-1.7037203,-1.652162,-1.7165359,-1.6249532,-1.4985714,-1.3478397,-1.3015062,-1.3324609,-1.2493563,-1.2646366,-1.2775508,-1.3113644,-1.2591159,-1.2234293,-1.1756171,-1.1490985,-1.1547177,-1.1525489,-1.1399305,-0.99866253,-1.01414,-1.0083237,-0.9356687,-0.8687316,-0.91516376,-0.9213744,-1.00024,-0.79183775,-1.3105757,-1.058206,-0.9939307,-0.95331484,-0.807808,-0.7086346,-0.7257878,-0.59792715,-0.71740836,-0.65678054,-0.7220417,-0.6862565,-0.71652114,-0.8013016,-0.8508883,-0.8570004,-0.85138124,-0.8599579,-0.81924355,-0.8372841,-0.72795665,-0.73397017,-0.7789235,-0.73140705,-0.86646426,-0.82180667,-0.8233839,-0.7765575,-0.8042591,-0.9863398,-1.1250446,-1.1000048,-1.3498113,-1.413298,-1.2561585,-1.5760567,-1.650486,-1.7223521,-1.67592,-1.5958716,-1.6218971,-1.6134193,-1.6127292,-1.5823659,-1.5782255,-1.5983362,-1.5755638,-1.5463836,-1.4492804,-1.3451779,-1.457857,-1.3860894,-1.1927704,-1.1598439,-1.0856118,-0.9627788,-1.0603749,-1.0027044,-1.0614592,-1.0564315,-1.0828515,-0.9355702,-0.85877484,-0.82220095,-0.7728114,-0.75477093,-0.65323156,-0.7544752,-0.94848436,-0.9307397,-0.8009073,-0.9300496,-0.7231261,-0.76068586,-0.7177042,-0.707846,-0.6623011,-0.71721125,-0.46720752,-0.4555749,-0.61961514,-0.50910485,-0.49303597,-0.51373816,-0.52773684,-0.424423,-0.4855438,-0.4373372,-0.43802726,-0.4936275,-0.39386263,-0.37138593,-0.27211398,-0.19936055,-0.6176435,-0.6574706,-0.54725605,-0.5054573,-0.4907686,-0.50457007,-0.568254,-0.48337495,-0.48830405,-0.56421214,-0.6028562,-0.564705,-0.539961,-0.51521695,-0.5627334,-0.6500769,-0.55543834,-0.4808118,-0.37808952,-0.344966,-0.52083606,-0.5559312,-0.63262796,-0.7301255,-0.6725536,-0.6450493,-0.5407496,-0.50397855,-0.6912842,-0.897419,-0.77221996,-0.8295947,-0.89603883,-0.6142917,-0.5132453,-0.44975856,-0.5053587,-0.49421898,-0.49875373,-0.45626497,-0.50664026,-0.5388766,-0.608574,-0.6680189,-0.59960306,-0.7807965,-0.73249143,-0.49668354,-0.45902523,-0.5338489,-0.59812427,-0.3689214,-0.5605646,-0.39829877,-0.38242713,-0.4724324,-0.43940747,-0.40076333,-0.282958,-0.2982382,-0.26738206,-0.1010744,-0.14139439,0.02382887,-0.10560916,-0.11852339,-0.10659499,-0.07307713,-0.1924598,-0.15342139,-0.27566293,-0.30149138,-0.36399233,-0.30937794,-0.39307398,-0.54725605,-0.4571522,-0.5825483,-0.50397855,-0.4570536,-0.32189783,-0.16456114,-0.219767,-0.20409249,-0.19768466,-0.14040858,-0.2377089,-0.05838843,-0.061050143,-0.19098108,-0.09042755,0.007760022,-0.018857092,-0.09742686,-0.16682851,-0.61379886,-0.7033112,-0.6707791,-0.66210395,-0.6568791,-0.6812288,-0.71100056,-0.6786657,-0.6670331,-0.52162474,-0.583337,-0.59989876,-0.48721963,-0.58018243,-0.49924666,-0.5142311,-0.3171659,-0.32288367,-0.3221936,-0.36852708,-0.27753597,-0.19827615,-0.27576151,-0.27132532,-0.20517687,-0.23445569,-0.14169014,-0.3194333,-0.22716065,-0.12512837,0.0038167455,-0.027926626,0.14971794,0.08869576,0.16913858,0.16696978,0.15395696,0.13542357,0.09855395,0.004506819,0.0032252544,0.02442036,0.16637829,-0.25367916,-0.32574254,-0.3096737,-0.105116256,-0.23465288,-0.2611714,-0.44571668,-0.40362218,-0.42195845,-0.4174237,-0.31174392,-0.6410074,-0.71198636,-0.57485896,-0.73140705,-0.5238921,-0.50476724,-0.41249457,-0.725985,-0.7053814,-0.50378144,-0.123353906,-0.16258949,-0.16495547,-0.22814646,-0.29350626,-0.3036602,-0.32081345,-0.33441773,-0.4870225,-0.40717116,-0.70055085,-0.668216,-0.71632403,-0.7223375,-0.8018931,-0.7992314,-0.8617323,-0.766305,-0.8973204,-0.8494096,-0.77961355,-0.6299662,-0.6426833,-0.6722579,-0.6927629,-0.6419932,-0.68113023,-0.7231261,-0.707846,-0.7612773,-0.75802416,0.030138114,0.06690916,0.3002525,0.3973557,0.23617427,0.277973,0.116594434,0.22099265,0.31336388,0.30656174,0.4011018,0.40908694,0.13640939,0.13463491,0.021068577,-0.100778654,-0.0150123965,0.012196207,0.032898407,0.019294102,0.053304862,0.22059833,0.21172597,0.124086656,0.21783805,0.00766144,-0.08816016,-0.086977184,-0.10718648,0.02175865,0.032996986,0.057248134,-0.017082617,-0.087963,0.09766671,0.06158574,-0.119804956,-0.111524075,-0.17215194,-0.20744427,-0.44798407,-0.03127841,-0.17175762,-0.2339628,-0.12591703,-0.31785598,-0.39208815,-0.48278347,-0.3499937,-0.5870831,-0.6396273,-0.58452,-0.53927094,-0.62819177,-0.6730465,-0.39198956,-0.30671623,0.037531756,-0.2235131,-0.1996563,-0.24717276,0.078344665,0.1591818,0.03763034,0.12586112,0.20196636,0.27718434,0.28083187,0.40198904,0.009633078,0.17860244,0.15504137,0.16135061,0.16273075,0.09766671,0.15021086,0.11767883,0.04246085,0.103877366,0.16342083,0.2974922,0.22049975,0.28930992,0.46182826,0.44723812,0.38927194,0.42160684,0.62409407,0.6188692,0.61482733,0.7128178,0.70098794,0.90593964,0.8574373,0.8737034,0.7517576,-0.35521853,-0.66486424,-0.7141552,-0.7149438,-0.70498705,-0.80968106,-0.91565657,-0.86271816,-0.89485586,-0.76246035,-0.67472243,-0.6954246,-0.7510248,-0.6325294,-0.71928144,-0.7510248,-0.83432657,-0.6841863,-0.6525415,-0.7266751,-0.61626333,-0.61695343,-0.5702256,-0.64258474,-0.5967441,-0.46139124,-0.30592757,-0.25032738,-0.5555369,-0.5282298,-0.5879704,-0.6253329,-0.47647426,-0.6412046,-0.481009,-0.50841475,-0.49707788,-0.56608516,-0.49057147,-0.58363277,-0.64554214,-0.5121609,-0.41052294,-0.38124415,-0.39307398,-0.19334705,-0.2796062,-0.27221256,-0.2878871,-0.23149824,-0.19660026,-0.14632349,-0.20902158,-0.26403025,-0.21168329,-0.1630824,-0.1587448,-0.33619222,-0.32130635,-0.32455954,-0.25210187,-0.70577574,-0.38637042,-0.39563707,-0.44216773,-0.4756856,-0.4411819,-0.41909957,-0.37247035,-0.31085667,-0.30977225,-0.27664876,-0.12325533,-0.12138227,-0.1495767,-0.2530877,-0.23613158,-0.29035166,-0.33343193,-0.30346304,-0.22331595,-0.28719702,-0.2785218,-0.30642048,-0.27743742,-0.30178714,-0.35886607,-0.43122515,-0.5780136,-0.55100214,-0.51383674,-0.43053508,-0.4848537,-0.367837,-0.3532469,-0.37631506,-0.2905488,-0.27714166,-0.30484316,-0.07721757,-0.11704466,-0.18723497,-0.1473093,-0.0065343534,0.23942748,0.2381459,0.20945859,0.24642679,0.2903943,0.45364594,0.56573355,0.5937308,0.73273134,0.5544952,0.49012128,0.5099362,0.50116247,0.63069904,0.6307976,0.6603722,0.79345775,0.73292845,0.6774268,0.8459033,0.866014,0.5537066,0.48272762,0.3692598,0.46626446,0.40977702,0.4577864,0.52482206,0.5040213,0.5142738,0.32046178,0.33702356,0.21961251,0.19467129,0.09638514,0.17456058,0.23716009,0.15060519,0.121917844,0.02796931,0.046995617,0.06641625,-0.05326217,-0.0045627155,-0.13547948,-0.0006194397,-0.04192525,-0.009886138,-0.055923883,0.004309655,0.024518942,0.15987189,0.22818913,0.9938747,1.1767441,1.2044456,1.1782229,1.2400337,1.2706927,1.3077595,1.0575587,1.0507565,1.0192102,1.0639664,1.1127645,1.1188766,1.1242,1.1338611,1.1684632,1.2198244,1.3350667,1.4444926,1.2821282,1.3539944,1.3233354,1.3188006,1.4453799,1.5551014,1.5325261,1.6911445,1.6963694,1.6242075,1.6257846,1.6442195,1.7206204,1.7607434,1.7340277,1.5156686,1.6750757,1.6788218,1.7412242,1.8326097,1.696665,1.5187247,1.3316163,1.309041,1.4371974,1.5270057,1.5918726,1.4545479,1.4195514,1.5387368,1.67478,1.7601519,1.8859423,1.7705029,1.7528569,1.7213105,1.6698508,1.596506,1.5042332,1.5032474,1.0240408,1.0519395,1.1628441,1.3455163,1.3223495,1.4225087,1.3610922,1.4813622,1.4904317,1.5856619,1.6064627,1.5756065,1.6809907,1.536568,1.5705788,1.5625937,1.5622979,1.3871179,1.4814608,1.2767061,1.3694717,1.2317529,1.0561785,0.97721434,0.9604554,0.83397484,0.85852176,0.9534561,1.0402081,1.0439543,0.95217454,0.98825556,1.0172386,1.0555869,1.0156614,0.9135304,1.5510596,1.8921531,1.645994,1.7385625,1.7590675,1.7480264,1.7298874,1.8272861,1.8094429,1.8183153,1.8424677,1.6453038,1.5166545,1.5344977,1.4783062,1.4459713,1.6858212,1.5329205,1.5465249,1.4834324,1.2011924,1.4948679,1.5333148,1.4994026,1.7138184,1.8142734,1.7428014,1.7749392,2.0575736,1.9565271,2.0019732,1.9442043,1.8361585,1.5530312,1.413735,1.6525991,1.8681977,1.9557383,2.073445,2.1230319,2.0077896,1.9910306,1.9241921,2.0082824,2.2623281,2.411877,2.3325183,2.3608115,2.4736876,2.5765085,2.3148723,2.2872694,2.225557,2.3714583,2.3274906,2.231472,2.3605156,2.2791855,2.448352,2.0492926,2.2017002,2.2876637,2.4329734,2.337349,2.3492773,2.912377,2.9527955,2018-04-17
WDFC_TSN,-0.2958718,-0.23116584,-0.49760213,-0.9181908,-0.9600594,-0.9143846,-1.1713053,-0.7335886,-0.7640384,-0.9353189,-1.0761496,-1.0247654,-1.0114435,-0.80971324,-1.0399903,-0.61749846,-0.68429786,-0.76993805,-0.8993499,-0.79277545,-1.1505613,-0.6213047,-0.5432769,-0.8420662,-0.7164605,-0.83826,-0.6117891,-0.74120104,-0.6213047,-0.58133924,-0.6003704,-0.4823772,-0.48047408,-0.5965642,-0.7012356,-0.5090208,-0.45383045,-0.3187092,-0.37028363,-0.39692727,-0.6176888,-0.86128765,-0.60436696,-0.49017996,-0.59294826,-0.39673698,-0.24277486,-0.37408987,-0.39673698,-0.4597301,-0.111269504,-1.1389524,-0.7737443,-0.6633636,-0.6519449,-0.31509328,-0.075300604,-0.037238277,0.19113567,-0.061788477,-0.039141398,-0.21422811,-0.23896863,-0.22165024,-0.23325926,-0.29796523,-0.30367455,-0.19519694,0.5414994,0.37021893,0.50343704,0.43111867,0.28457868,0.07694871,0.15897301,-0.044660434,-0.033241734,0.0048205913,-0.0010790696,-0.060075678,-0.17235954,-0.49779242,-0.33774036,-0.74881345,-0.9277064,-0.5718237,-0.73168546,-0.80781007,-0.87632227,-1.0095404,-0.7944883,-0.8346441,-0.85158175,-0.88412505,-0.9562532,-1.0078276,-0.981184,-0.97357154,-0.92979985,-0.59294826,-0.47685817,-0.5834327,-0.35886496,-0.24068142,-0.18549106,-0.19329382,0.07694871,0.0048205913,0.07142966,-0.10004113,-0.23325926,-0.20280941,0.10359233,0.116914146,0.2958071,0.25964785,0.35099745,0.45928478,0.5698558,0.4385408,0.5660496,0.5336966,0.105495445,0.13404219,0.10930168,0.29751986,0.27277938,0.6573992,0.5793714,0.95809156,1.2035936,0.8705482,1.0170882,0.93335104,0.965704,0.89909494,0.81916404,0.7658768,0.8762576,0.998057,0.9009981,1.0189914,1.0399256,1.1503063,1.2245278,1.3177805,1.487158,0.9731262,0.84561735,0.8265862,0.69146496,0.4516723,0.46880037,0.4516723,0.12224287,0.23833296,0.4058072,0.2992327,0.19075505,-0.028103322,-0.18986821,-0.081390575,0.044215098,0.46290067,0.64559984,0.15078962,0.1260491,-0.09471239,-0.12896849,-0.049037594,0.01757147,0.21359245,0.21930179,-0.12706538,-0.5609759,-0.115646675,-0.30976453,-0.63329434,-0.13848408,0.0556338,0.12795222,-0.15370901,0.01757147,0.042311985,0.57537484,0.39648193,0.14527057,0.3391981,0.10892106,0.14698339,0.0556338,0.21359245,0.7426588,0.73694944,0.7331432,0.72743386,0.98625773,-0.29472992,-0.47191006,-0.39007604,-0.57277524,-0.4205259,-0.28730777,-0.2568579,-0.4148166,-0.43575084,-0.09509301,-0.4530692,-0.5539344,-0.5082596,-0.5349032,-0.5082596,-0.3826539,-0.6852494,-0.6890556,-0.9117202,-0.86033607,-1.1800597,-1.0925163,-1.2733123,-1.5226207,-1.4217554,-1.610164,-1.4464959,-1.35134,-1.039229,-0.8394018,-0.92694515,-0.94787943,-0.9554919,-0.7575678,-0.95358884,-0.6072216,-0.56725615,-0.70237744,-0.47800004,-0.7347304,-0.8888829,-0.98613214,-1.0677758,-1.9586245,-2.0307527,-2.1051645,-1.6025513,-1.5112019,-1.5701985,-1.6063577,-1.4483991,-1.2504749,-1.2464784,-1.2293503,-1.3018591,-1.1971877,-1.4217554,-1.3132778,-1.4731396,-1.1667378,-1.2105095,-1.1305786,-1.1458036,-1.0259072,-1.0241944,-1.1593157,-1.0318068,-0.82627034,-0.99564767,-0.72350204,-1.0696789,-0.84130496,-0.5120658,-0.25895134,-0.33126977,0.09122208,0.11405946,0.27963057,0.2358589,0.4204612,0.35385212,0.63950986,0.4891637,0.9021399,1.0087146,1.4844936,1.4844936,1.5682306,1.705255,2.0249786,1.7071582,1.655774,1.2751507,1.3893378,1.2884725,1.3246318,1.360791,0.56319493,0.28914618,0.7535066,0.662157,0.9666556,1.054199,1.170289,0.49468273,0.5498731,0.81611913,1.5412064,1.2938013,1.2785764,0.9284029,0.977884,0.90366244,0.6771916,0.6771916,0.34034,0.30399048,-0.23839769,-0.29358804,-0.37732518,-0.47819033,-0.54099315,-0.6380521,-0.5923773,-0.5067371,-0.51054335,-0.52957445,-0.5447994,-0.38303453,-0.34877843,-0.51054335,-0.68563,-0.62092406,-0.6266334,-0.5333807,-0.5010277,-0.55431503,-0.504834,-0.20414157,-0.23459145,0.0052012145,0.050876006,-0.16227302,-0.18130419,-0.30881298,-0.20794784,-0.11107919,-0.027342074,0.119388185,0.17648168,-0.3107161,-0.38493764,-0.668502,-0.8055263,-0.6513739,-0.6056992,-0.7313048,-0.9501632,-1.0091598,-0.71056086,-0.7143671,-0.7636578,-0.9710975,-1.3174646,-1.2965304,-1.1899558,-1.3155615,-1.0510284,-1.0548346,-1.1119281,-0.15066402,-0.6036057,-0.6207338,-0.67782724,-0.9710975,-0.919523,-1.0793848,-1.2354404,-1.4542987,-0.8472046,-1.0489349,-1.2316341,-0.8586233,-1.1364783,-1.4447831,-1.4885548,-1.4828454,-2.0176213,-2.0176213,-1.899628,-1.4369804,-1.7568942,-1.8063751,-1.2735026,-0.93646073,-0.36552584,-1.016582,-1.0280006,-1.0375162,-0.5406126,-0.4968409,1.0831263,1.0698044,1.1307042,1.1990261,1.4808776,1.6005837,1.0717076,1.3819156,1.2429881,1.2924691,1.3514657,1.1782821,0.8222091,0.8793025,0.6661535,0.723247,0.68518466,0.8355309,0.8526589,1.0296487,1.4159814,1.3094069,1.3036975,1.2542166,1.6043899,1.6329366,1.6633865,1.8213451,1.7395113,1.9372449,1.8554108,1.954373,1.7261893,-0.09128678,-0.536616,-0.6793497,-0.6869622,-0.59370947,-0.79163355,-0.94197977,-0.8068585,-0.73834634,-0.48142564,-0.30633894,-0.10651172,-0.4167197,-0.30633894,-0.33298257,-0.6871525,-0.78230834,-0.4054913,-0.040092953,-0.27227315,-0.30272302,-0.3103355,-0.12953943,-0.2323077,-0.18092357,0.087415844,0.38810822,0.23966514,0.59745103,0.54226065,0.50438863,0.4929699,0.772728,0.5005824,0.42426744,0.5841292,0.47374848,0.56338525,0.641413,0.38068607,0.3273988,0.3500459,0.49848896,0.6927972,0.62028843,1.1495451,0.9934895,0.91355866,0.49867925,0.43016708,0.5139042,0.559579,0.54625714,0.4682294,0.5024855,0.49867925,0.477745,0.08950927,0.07428434,0.0076752654,-0.02658083,-0.8277928,-0.47191006,-0.51758486,-0.8013395,-0.8146613,-0.8527236,-0.9307514,-0.8013395,-0.7556647,-0.86033607,-0.78040516,-0.4625848,-0.36171964,-0.4797128,-0.5881905,-0.5748686,-0.694765,-0.650803,-0.580578,-0.43974742,0.11044354,0.32187977,0.3028486,0.325686,0.21530527,0.1391806,0.034509204,-0.17102736,-0.075871535,-0.11583699,0.16392112,0.12205255,0.36755458,0.47793528,0.40942314,0.56357557,0.7005999,0.7005999,1.2696317,1.1268979,0.805081,0.73085946,0.7498906,1.0448736,1.0448736,0.82030594,0.7898561,0.9344929,1.0581955,1.2237666,1.1229014,1.3075037,0.8716901,0.5118108,0.6945099,0.6623473,0.8964306,0.7099252,0.6183853,0.86598074,0.72895634,0.73085946,1.0848391,1.181898,0.70231277,0.40923283,0.14660275,0.2931427,0.32359257,0.34262374,0.45110136,0.59954447,0.48155123,0.2703053,0.25869632,-0.053414766,-0.009643093,-0.10860514,-0.07244593,0.0055818376,-0.2779825,-0.22850147,-0.3902664,-0.8548171,-0.57677174,-0.62244654,-0.6148341,-0.9250421,-0.63957465,-0.7461491,-0.6053185,-0.6186403,-0.62434965,-0.58438426,-0.50445336,-0.41120064,0.0017756049,0.2130215,0.41303906,0.35213932,0.33101472,0.3062742,0.1749592,-0.16950487,-0.25133887,-0.27988562,-0.20376097,-0.13334565,-0.10670203,-0.19234227,-0.085767746,0.06629125,0.15954395,0.42807367,0.4128487,0.100737646,0.087415844,0.08931896,0.10264076,0.3614646,0.5232295,-0.39616603,-0.20604469,-0.2992974,-0.4134844,-0.2536226,-0.2895915,-0.27817282,-0.028864568,-0.0060271723,-0.37732518,-0.063120656,-0.02315522,-0.10708266,-0.08805148,-0.34306908,-0.6837269,-0.9844193,-1.0034504,-0.7960108,-0.636149,-0.51054335,-1.0377066,-0.9197134,-0.84549177,-0.7731734,-0.64376146,-0.52767134,-0.7198861,-0.7427235,-0.7731734,-0.76746404,-0.9065818,-0.9884158,-1.1920493,-1.2301116,-1.5574477,-1.5308039,-1.2453365,-1.475804,-1.5671535,-1.6185377,-1.1941427,-1.0780526,-1.0894713,-1.184627,-1.0496961,-1.013537,-1.1277239,-1.0268588,-1.1657863,-1.133243,-1.411098,-1.2133641,-1.2245926,-1.0476028,-1.4607693,-1.4700946,-1.3939699,-1.346392,-1.3597138,-1.4986414,-1.3216516,-1.1560804,-1.1351461,-1.2892985,-1.0970838,-1.0247654,-0.93341583,-1.0418934,-1.3235546,-0.15313807,0.5795617,0.14374807,0.59668976,0.7280048,0.7546484,0.68803936,0.7375204,0.73371416,0.8669323,1.1847527,0.89928526,0.6956518,0.5281776,0.8385759,0.7453231,0.8062229,0.36108395,0.56852365,0.5761361,-0.13372628,0.3913435,0.5112399,0.44272766,0.80431974,1.1659119,1.1963617,1.1754274,1.5236976,1.6645284,1.8662586,1.9081273,1.856743,1.2534552,1.2155832,1.801743,2.391709,2.4468997,2.490481,2.610377,2.2887504,2.3705845,2.3096848,2.4409997,2.5820208,2.8825228,2.8006887,2.783751,2.5001867,2.671467,2.4183526,2.260394,2.2013977,2.766623,2.7133358,2.8676784,3.0979555,2.8731976,3.3299453,2.701917,3.0920558,3.1053777,3.3013988,3.1129904,3.1548586,3.8456903,3.8552055,2018-04-17
UCBI_ASB,-0.3442449,-0.48347107,-0.74216837,-0.81366295,-0.68290323,-0.83718085,-0.91243833,-0.826833,-0.8738689,-0.95853347,-1.0845896,-1.1824242,-1.2529781,-1.2059422,-0.9303119,-1.1918314,-0.97452563,-0.8804539,-0.88139457,-0.9143197,-0.97640705,-0.8908018,-0.92372686,-0.6565631,-0.57283926,-0.81648505,-1.0723603,-1.0168579,-1.2454523,-1.4373586,-1.59634,-1.9143027,-2.0083745,-1.9660419,-1.4119593,-1.6969967,-1.4599359,-1.3319983,-0.92748976,-1.123159,-1.1692542,-1.0714196,-1.079886,-1.0507238,-0.84188443,-0.64903736,-0.666911,-0.4994633,-0.47124174,-0.15327924,-0.07049609,-0.23324023,-0.1993744,-0.35835567,-0.24076597,-0.2962683,-0.31508267,0.12046958,-0.023460211,0.32742742,0.095070206,-0.15610139,-0.1570421,0.06684868,0.1646833,-0.1401092,0.0104056215,-0.017815905,-0.013112318,0.077196576,-0.11470981,-0.049800303,-0.16362712,-0.47594532,-0.2097223,-0.23512167,-0.15045708,-0.18620434,-0.15798283,-0.06861465,0.09883307,0.32084242,0.6576193,0.91537595,0.95112324,0.85046643,0.33119032,0.40268484,0.30485022,0.6905445,0.75733536,0.62657565,0.72535104,0.8213042,0.8062527,0.7601576,0.891858,0.7836755,0.72441024,0.762039,0.8401185,1.1054008,0.9896927,1.1618439,1.1674883,1.3556317,1.3048329,1.4816879,1.4355928,1.5117909,1.4882729,1.1308002,0.9398346,0.79402333,0.7582761,0.72158813,0.45348358,0.5428518,0.5240374,0.81660056,0.84105927,0.65009356,0.54191107,0.39233693,0.53626674,0.54191107,0.31425738,0.52968174,0.3358939,-0.2097223,0.052737914,-0.26804677,-0.29438686,-0.34612635,-0.3602371,-0.21724804,-0.50604826,-0.4354945,-0.49664113,-0.59635717,-0.25581747,-0.3649407,-0.660326,-0.7205319,-0.8973868,-1.01968,-1.0939968,-1.0187393,-1.0140357,-0.94818556,-0.9952214,-1.1128111,-0.8917425,-0.95477057,-1.0121543,-1.3912635,-1.1024632,-0.8183665,-0.55684704,-0.64527446,-0.6894882,-0.72711694,-0.81366295,-0.80331504,-0.64527446,-0.5916536,-0.42608735,-0.36964428,-0.47218242,-0.44302022,-0.36305925,-0.37152573,-0.30285332,-0.21912946,-0.052622456,-0.12787987,-0.07708111,0.23523712,0.19572698,0.21454133,0.04615289,0.15621683,0.048975043,0.33401245,0.37540403,0.4732387,0.68772227,0.792142,1.2342793,0.42620277,0.13175818,-0.10059905,-0.037570972,0.12611388,0.15621683,-0.18526363,-0.23794381,-0.3000312,-0.32448983,-0.31978625,0.051797193,-0.1354056,-0.1457535,-0.5239219,-0.6274009,-1.2153494,-0.88139457,-0.7816785,-0.42702803,-0.4317316,-0.34142277,-0.6584445,-0.40162867,-0.5718985,-0.673496,-0.9162011,-0.9905178,-0.8447066,-0.6358673,-0.6123494,-1.0253245,-1.3423462,-1.043198,-0.93125266,-0.7873229,-0.8183665,-0.92560834,-0.7054804,-0.52674407,-0.5276848,-0.49005613,-0.5991793,-0.12882057,-0.30661622,-0.21818875,0.15151325,0.21171917,0.70747733,0.608702,0.9022059,0.958649,1.1054008,0.9802855,0.90314656,0.8429407,0.83353347,0.86269575,0.76956475,0.53156316,0.72346956,0.8043713,0.8175413,0.6971295,0.898443,0.8363557,0.8222449,0.81377846,0.75545394,1.0828236,1.0310842,1.0310842,1.0734165,0.86363643,0.78743833,0.86739933,1.0865865,0.9605304,0.9689968,0.46100932,0.5014602,0.26816222,0.4694758,0.27004367,0.2662808,0.35000467,0.27098438,0.17691262,0.18161622,0.15433541,0.16092043,0.11952886,0.13740249,0.13269891,0.32930887,0.29073945,0.24276285,0.45160213,0.43372852,0.5964727,0.53156316,0.4760608,0.6736115,0.6642043,0.36693755,0.6783151,1.0640093,0.59270984,0.62187207,0.47417942,0.38387048,0.7526318,0.55602187,0.6463307,0.71312165,0.7563947,0.5748362,0.6444493,0.61810917,0.608702,0.64162713,0.44407642,0.20607486,0.19572698,-0.32731196,-0.5766021,-0.57566136,-0.31226048,-0.26146176,-0.3978658,-0.24829172,-0.33295628,-0.5342698,-0.5850685,-0.62457865,-0.65750384,-0.5540249,-0.4467831,-0.40915442,-0.42326516,-0.69419175,-0.93407476,-0.99428076,-1.093056,-1.2614444,-0.94630414,-1.0356722,-1.0770638,-0.76380485,-0.56060994,-0.45242742,-0.4514867,-0.48911536,-0.42890948,-0.413858,-0.26052105,-0.43267235,-0.56343204,-0.46559748,-0.56343204,-0.4947597,-0.35082993,-0.2370031,-0.23794381,-0.2849797,-0.3179048,-0.19561154,-0.28309825,-0.27839467,-0.22853664,-0.15327924,-0.22195162,-0.054503888,-0.099658325,-0.18996723,-0.07237752,0.05085648,0.14492823,0.239,0.26816222,0.26251793,0.2342964,0.5372075,0.3782262,0.5183931,0.16656473,0.055560064,0.017931363,-0.020638058,-0.05168174,0.13081746,-0.1833822,-0.26710606,-0.16456784,-0.4580717,-0.4580717,-0.17397502,-0.15516068,-0.07990326,-0.14763494,0.11482528,-0.0018237064,-0.17585647,-0.26616535,0.082840875,0.1919641,0.6783151,0.9605304,0.7799126,0.7140624,1.0292027,1.0301435,1.0668315,1.514613,1.3753868,1.1703104,1.1157488,1.4816879,1.704638,1.4073713,1.1044602,0.9200795,0.97652256,0.7479282,0.83823705,0.762039,0.28979874,0.5268596,0.22771138,0.5814212,0.57201403,0.5626069,0.5626069,0.8071934,0.82506704,0.885273,1.1486739,0.9191388,0.68113726,0.7592168,0.5052231,0.20701559,-0.052622456,0.11670671,0.07625586,-0.15233852,0.2606365,0.21924491,-0.0065272944,-0.3658814,-0.25393602,-0.5229812,-0.54367703,-0.56249136,-0.5784836,-0.88515747,-0.8146036,-0.45430887,-0.37622932,-0.37717,-0.51827765,-0.6546816,-0.5474399,-0.710184,-0.7007768,-0.9669999,-1.5558891,-1.499446,-1.3583384,-1.0159173,-0.9171419,-0.7619235,-0.7525163,-0.5662542,-0.62175655,-0.8249515,-1.1410327,-0.49287823,-0.54367703,-0.46465674,-0.3009719,-0.51827765,-0.22759593,-0.31226048,0.20513415,-0.13258345,-0.053563174,-0.08554757,0.027338536,0.28415442,-0.17491575,-0.23606236,-0.20313728,-0.07614039,-0.07708111,-0.014053035,-0.41197655,-0.31414193,-0.1890265,-0.6226973,-0.71676904,-0.550262,-0.3188455,-0.27745393,-0.28686115,-0.52486265,-0.82589227,-0.5954165,-0.6819625,-0.58789074,-0.32354912,-0.65374094,-1.3987893,-1.3216504,-1.1099889,-1.0479016,-0.73370194,-1.0610716,-1.1852463,-1.4966239,-1.3639828,-1.226638,-1.2078236,-1.38656,-1.1391512,-1.2040607,-0.9669999,-0.7280576,-0.6753774,-0.58036494,-0.81648505,-0.76944923,-1.3272947,-1.1485584,-1.1513805,-0.9265491,-0.88515747,-1.0356722,-1.1081074,-1.3103619,-1.3649234,-1.4552324,-1.5304897,-1.4514694,-1.352694,-1.6255022,-1.3959671,-1.4618174,-1.066716,-1.123159,-0.9735849,-0.64997804,-1.1099889,-0.9575927,-1.0008657,-0.9218455,-1.0544866,-1.1617285,-0.89832747,-0.90020895,-0.950067,-1.0911746,-1.2482744,-0.9575927,-0.9971028,-1.1457363,-1.2360451,-1.0676566,-0.88515747,-0.98769563,-0.6876068,-0.42044303,-0.06861465,0.005702034,0.058382217,1.5607082,1.4487628,1.557886,2.0056674,1.2512121,0.5974134,0.33119032,0.47229794,0.90879095,1.0433135,0.80813414,0.76486117,0.44219497,0.55225897,0.6143463,0.6604415,0.7008923,0.70465523,1.0658908,1.0348471,1.2126427,1.2267535,1.2690858,1.2888408,1.1721919,1.1919469,1.2568563,1.2512121,0.9558268,1.205117,1.0320249,1.1223338,0.88809514,0.7309953,0.5390889,0.8090749,0.72723246,0.077196576,-0.0977769,-0.016875187,-0.20784086,0.17691262,0.07155226,-0.041333843,-0.06108891,-0.116591245,0.12799533,0.4497207,0.615287,0.57859904,0.58518404,0.6783151,0.41867703,0.2935616,0.37728545,0.30202806,0.13928393,0.02639782,0.030160692,0.03862715,0.22771138,0.13552105,0.12329172,0.03486428,-1.37339,-1.2068828,-1.1720763,-0.76380485,-1.4636987,-1.2953103,-1.406315,-1.6207986,-1.7769578,-1.7713134,-1.5511855,-1.6452572,-1.2181715,-1.4439436,-1.2717924,-1.3404647,-1.3216504,-1.5794071,-1.3875006,-1.0676566,-0.97734785,-1.0177987,-0.79202646,-0.9839328,-0.81742585,-0.8917425,-0.9622963,-0.8973868,-0.88515747,-1.1203369,-0.9923992,-0.82589227,-0.7562792,-1.1269219,-0.8973868,-1.0629531,-1.3621012,-1.1890093,-1.3545756,-0.9472448,-0.856936,-1.1203369,-0.93783766,-1.3715084,-1.5784663,-1.3216504,-1.4909797,-1.462758,-1.1918314,-1.2953103,-1.2492151,-1.2388673,-1.3555162,-1.3084804,-0.44113883,-0.7487534,-0.29156473,-0.23512167,-0.011230882,0.06402653,0.17973478,0.2615772,0.67925584,1.1392667,1.2408643,2.3264523,2.4195833,2.2220325,2.5399952,2.6190152,1.6510171,1.7582588,1.5550638,2.3810136,2.1289015,2.3913617,2.5155363,2.3377407,2.4129982,2.5907938,2.5023665,2.6246595,2.524003,2.32363,2.4111166,2.2878826,2.3255112,1.8589156,1.834457,1.8626785,1.977446,1.8335162,1.4271263,1.3537503,1.508028,1.7084008,1.3057737,1.2625008,1.2004133,1.1270373,1.428067,2.176878,2.040474,2.0414147,2.4073539,2.3114007,1.880552,2.1157315,2.623719,2.3857174,2.5089514,2.4355755,2.5588095,2.790226,2.6876879,2.8015144,3.0103538,2.8636017,3.1853273,3.1166549,3.019761,3.016939,2018-04-17
WSBC_ASB,0.27992555,0.33608034,-0.47862387,-0.34422073,-0.29358938,-0.506241,-0.6056625,-0.28898653,-0.26044884,-0.44916567,-0.5844894,-0.6673407,-0.83028156,-0.7087663,-0.80082333,-0.6802287,-0.74466854,-0.6360413,-0.5209701,-0.6415648,-0.6682613,-0.5117644,-0.38840804,-0.5559517,-0.3994549,-0.39577264,-0.4970353,-0.32396817,-0.34053844,-0.4574508,-0.6157888,-0.7492714,-0.8523752,-0.95639956,-0.69956064,-0.55871344,-0.54398435,-0.3046362,-0.14721878,-0.0524001,-0.16747132,-0.21165867,-0.080937766,-0.2807014,-0.27609855,-0.10211087,0.34252432,0.14920467,0.31490722,0.595681,1.1903691,1.1176441,1.2502062,0.8433143,1.0311105,0.9206422,1.0467602,1.3505483,1.0522836,1.1461817,0.67024714,-0.1380131,-0.48967072,0.058068268,0.13079329,-0.058844093,0.04241858,-0.05792352,-0.63512075,-0.9168151,-0.7962205,-0.6608967,-0.82751983,-1.2555847,-0.5292552,-0.6967989,-0.85697806,-1.1036907,-0.85605747,-0.8864363,-0.7004812,-0.4086606,-0.2107381,-0.09106403,-0.044114973,-0.10026973,-0.4905913,-0.53385806,-0.43167484,-0.024783008,0.16761607,0.13079329,0.066353396,-0.013736171,0.14091954,0.1878686,0.17129835,0.11514359,-0.0072921827,0.11974644,0.4428664,0.77058923,0.7116728,0.8212206,0.6711677,0.8755342,0.5625405,0.83871144,0.7972858,0.6895791,0.5395263,0.5643816,0.40604365,0.19799487,0.26427588,0.40604365,0.20167714,0.4281373,0.2605936,0.4042025,0.7135139,0.3949968,0.2946547,0.29189298,0.18326576,0.17129835,0.06267112,0.33515975,0.14736353,0.19063032,0.4134082,0.007436934,-0.11499885,-0.09750802,-0.14353651,-0.2807014,-0.43995994,-0.55963403,-0.45837134,-0.36815554,-0.22914949,-0.2871454,-0.4151046,-0.26044884,-0.5292552,-0.6590556,-0.645247,-0.5808071,-0.40958115,-0.40958115,-0.50716156,-0.5283347,-0.4887502,-0.5743632,-0.6507704,-0.7778091,-1.0825176,-1.2160002,-1.1524808,-1.1082935,-1.3586885,-1.3863057,-1.5381997,-1.4940122,-1.331992,-1.0705502,-1.0364891,-1.1524808,-1.383544,-1.6560326,-1.3724971,-1.4194461,-1.227047,-1.2601875,-1.2160002,-1.4479837,-1.1681306,-0.58817166,-0.41694573,-0.11039599,-0.6010597,-0.9333854,-0.90024483,-0.8496135,-0.519129,-0.14445709,0.036895163,0.17682177,0.49902117,-0.19140613,-0.42154858,-0.85329574,-0.6038214,-0.5172878,-0.53017575,-0.81923467,-0.8026644,-0.7529537,-0.30279508,-0.3110802,-0.63143843,-0.38472578,-0.6093448,-0.67286414,-0.96652573,-1.02176,-0.8680249,-1.0097926,-0.79990274,-0.68114924,-0.89380085,-1.1515603,-0.89932424,-1.0337274,-1.5667373,-1.6413034,-1.8963012,-1.5317557,-1.0539799,-1.1046113,-1.1939065,-1.5860692,-1.5648962,-1.7066638,-1.629336,-1.6265743,-1.5381997,-1.2749166,-1.3872261,-1.5207087,-1.4360163,-1.3375154,-0.8440901,-0.6682613,-0.4795445,-0.015577311,0.12895215,0.4953389,0.5947605,0.7328459,1.1995748,1.1452612,0.99244654,1.0209843,0.99889064,1.109359,1.0651716,1.0274283,1.492316,1.0541247,1.0347928,1.0808213,0.9841615,1.0716157,0.8580434,1.017302,1.2345564,1.1452612,1.4803486,1.4877132,1.4591755,1.4665401,1.1866869,1.216145,1.2299535,1.447208,1.460096,1.241921,0.9648295,0.9372124,0.9335302,0.8672491,0.79544467,0.85067886,0.7613836,0.8203,0.7650658,0.6831351,0.48705375,0.6868174,0.6306626,0.8718519,1.051363,0.98968494,0.9344507,0.81845886,1.0752978,0.9049924,1.1728783,1.1544669,1.2640147,1.2262714,1.2575707,0.9537827,1.5779289,1.909334,1.5190125,1.3275341,1.5374238,1.4959983,1.7031264,1.5226948,1.3717214,1.5254564,1.7924217,1.6865562,1.8605438,1.6359248,1.6331632,1.5300593,1.2483649,0.7438927,0.5579376,0.02492776,-0.23007005,-0.29358938,-0.18956499,-0.23927575,-0.28806594,-0.15642448,-0.15182164,-0.2659723,-0.38564634,-0.4850679,-0.57068086,-0.5274141,-0.4795445,-0.42523086,-0.54306376,-0.6783875,-0.86434263,-0.97204924,-0.949035,-1.1395929,-1.0005869,-0.8413283,-0.85329574,-0.59921855,-0.60474193,-0.6857521,-0.71705145,-0.48782957,-0.37367892,-0.4777033,-0.29819223,-0.37459952,-0.38932863,-0.4114223,-0.3175242,-0.47217992,-0.19232671,-0.09014346,0.12158758,0.15841037,0.20351829,0.10777903,0.16853663,0.20259772,0.06267112,0.08476479,0.027689468,0.13171385,0.11974644,-0.0072921827,0.04702143,0.08292365,0.10685846,0.12803157,0.26427588,0.26243475,0.36369744,0.5091474,0.37842655,0.5984427,0.46864238,0.39131454,0.50454456,0.4981006,0.51559144,0.8515994,-0.7879353,-0.2503226,-0.1619479,-0.7069252,-0.92786187,-0.53385806,-0.23927575,-0.4418011,-0.21626152,0.012960352,-0.09566688,0.27348158,0.7678275,0.64631236,0.20720056,0.92616564,1.1811634,1.3965766,1.387371,1.4564137,1.4877132,1.7970246,2.1311915,1.9157782,1.5309799,1.4416846,1.3164871,1.2686175,0.9675912,0.62513924,1.1866869,1.545709,1.5742468,1.0789802,0.8663285,0.6776117,0.9372124,0.6932614,1.1747195,1.4140675,1.6469717,1.5705644,1.678271,1.9443157,1.9387922,2.0115173,1.624878,1.5263771,1.2106217,1.2630941,0.9740352,0.78992116,1.1369761,1.1526257,0.93260956,1.2327152,1.4223527,1.1737988,0.94089466,0.9767969,0.62421864,1.0486014,1.0393956,0.52387655,0.10133504,0.06267112,0.22561197,0.15472808,0.32227176,-0.22086436,-0.6673407,-0.76492107,-0.81094956,-0.65445274,-0.6360413,-1.3476417,-1.464554,-1.4949328,-1.3678942,-1.1948271,-1.0760736,-0.94719386,-0.81187016,-1.2537435,-1.5197883,-1.5529288,-1.1948271,-1.3605297,-1.1552426,-1.1782569,-1.2647903,-1.2233647,-1.8125293,-1.821735,-1.9533765,-1.7002199,-1.6956171,-1.7048228,-1.7720243,-2.2654498,-2.4753394,-2.256244,-2.2019303,-2.1973276,-2.0647655,-1.6394624,-1.6716822,-1.4571894,-1.3568474,-1.7158695,-1.5096619,-1.5262322,-1.1257844,-1.1819391,-1.2666316,-1.4461427,-1.1580043,-1.0493771,-0.8256787,-0.07909663,-0.45284796,-0.6415648,-0.52649355,-0.33409443,-0.24019633,-0.4510068,-0.7124486,-0.92049736,-0.72901887,-0.8864363,-0.86342204,-0.90024483,-1.1055318,-0.9610024,-1.2058738,-1.2472996,-1.4176049,-1.4489044,-1.4884888,-1.160766,-0.8321227,-1.7370427,-1.5253116,-1.4820448,-1.4010347,-1.5584521,-1.4608718,-1.6090835,-1.6808879,-1.6578736,-0.7152103,-1.3780204,-1.496774,-1.4341753,-1.4820448,-0.7327011,-1.1681306,-1.0576622,-0.9932223,-0.9517967,-0.93798816,-1.2445378,-1.3273891,-1.5851487,-1.5133443,-1.16721,-1.4166844,-1.4535072,-1.0447742,-0.8790717,-1.2196826,-0.8155524,-0.7336217,-0.566078,-0.75203305,-0.9131328,-0.8873568,-0.578966,-0.6489293,-0.7851736,-0.52281123,-0.21257924,-0.034909274,-0.9131328,-0.3230476,-0.21165867,0.09489106,0.046100862,-0.4418011,-0.75571537,-0.7529537,-0.7621594,-0.5375404,-0.56239575,-0.35618812,-0.39761376,-0.4970353,-0.47125936,-0.3635527,-0.46297422,-0.25492546,-0.34882358,-0.23743461,-0.14813936,0.032292314,0.36553857,0.437343,0.4318196,0.48337147,0.548732,0.8055709,0.9593061,0.8166178,1.3919739,1.2989963,1.7224585,1.5760878,1.0605687,1.2041776,1.3790859,1.2004954,0.6481535,0.272561,0.04057744,-0.19140613,0.12250815,0.40880534,0.5929193,0.78900063,0.80465037,0.8414731,1.6101489,1.393815,1.1737988,1.2722998,1.4739045,1.2658558,1.2842672,1.4370818,1.6672242,1.7924217,1.6755095,1.4195911,1.5199331,1.6037049,1.7408699,1.7592812,1.043078,-1.3273891,-0.9674464,-0.9407498,-0.632359,-0.7161309,-0.1619479,-0.55134887,-0.6121065,-0.55319005,-0.15734506,-0.14813936,-0.037670985,0.12711099,-0.42799255,-0.24295804,-0.5080821,-0.5688397,-0.18312101,0.23205595,0.32411292,0.1455224,-0.1619479,-0.06712922,-0.25492546,0.17590119,-0.0072921827,-0.2834631,-0.23927575,0.32595405,0.028610038,0.2578319,0.17866291,0.1519664,-0.3202859,-0.12696625,-0.32765046,-0.37552008,-0.15734506,-0.43811885,-0.13893364,0.19155088,-0.08185834,0.10041447,-0.24571973,-0.724416,-0.7124486,-0.6360413,-0.506241,-0.48230615,-0.5375404,-0.43075427,-0.2770191,-0.4657359,-0.6001391,-0.91221225,-0.9996663,-0.4850679,-0.31936532,-0.38196406,-0.13617195,-0.24940203,0.050703708,-0.33133274,0.0083575025,0.1455224,0.23849994,0.39315563,0.12158758,0.63250375,0.60856897,-0.123283975,0.02216605,0.34988886,1.3735625,1.1968131,2.0879245,2.2913706,1.896446,1.6359248,1.5015217,1.3717214,1.7095704,1.4821898,1.4582549,1.5401856,1.1388172,1.1544669,0.9777175,0.64447117,0.75493956,0.99152607,1.1793222,1.0071757,1.0145403,1.0522836,1.096471,0.7236402,0.8230617,0.65459746,0.39223507,0.75678074,1.6147517,1.3275341,1.2971553,1.4766662,1.2815055,0.83871144,1.346866,2.074116,1.5604382,1.6957619,1.9360305,2.0105968,2.0363727,2.1956313,2.0151994,2.1634111,2.219566,2.3981566,2.4856107,2.5500505,2.720356,2018-04-17
CBSH_AUB,-0.76645625,-0.74680126,-0.5400857,-0.59023964,-0.64717114,-0.38216856,-0.43842232,-0.39572367,-0.5597406,-0.47908768,-0.289316,-0.24932839,-0.18087503,-0.094122276,-0.30693766,-0.20459649,0.16071397,0.020418482,-0.008047268,0.013640922,0.0848053,0.05905057,0.23662265,0.34438586,0.28271005,0.31185356,0.42165,0.4690929,0.8357589,0.9868985,1.2098802,1.0045202,1.0899174,1.0851731,1.0858508,1.3067993,0.97537667,1.0323081,0.46570414,0.7002077,0.7544282,0.76052797,0.84863627,0.72121817,0.5816004,0.5863447,0.58566695,0.58770025,0.4907811,0.38098463,0.24001142,0.3464191,0.33218622,0.4975587,0.6209103,0.9109898,1.054674,0.9279337,1.152271,1.0600961,0.78289396,0.48061478,0.2495,0.020418482,-0.119199246,-0.04396833,-0.05413467,-0.0968333,-0.07582287,0.033295847,0.08344979,0.07463896,0.1186931,0.28880984,0.15258089,-0.027702192,0.045495454,0.22442304,0.2860988,0.2264563,0.13021494,-0.06497877,-0.31371522,-0.6342938,-0.8701529,-0.5888842,-0.42961147,-0.63768256,-0.7041027,-1.1907314,-1.1805651,-1.2191972,-1.2212305,-0.911496,-0.9250511,-0.80576605,-0.8138991,-0.82609874,-0.8023773,-0.73392385,-0.8396538,-0.9806271,-0.8965853,-0.96164995,-0.828132,-1.0050263,-0.54211897,-0.7244353,-0.7251131,-0.44655538,-0.42283392,-0.61599433,-0.47027683,-0.3645469,-0.2228959,-0.32523707,-0.5638072,-0.686481,-0.93928397,-1.644828,-1.9769284,-2.1572115,-2.0182714,-1.8237555,-1.9674399,-1.7553021,-1.4781,-1.5160543,-1.6922709,-1.2727399,-1.2774842,-1.0761907,-0.9203068,-1.108723,-1.0199369,-0.80576605,-0.59701717,-0.4153786,-0.55770737,-0.9433505,-1.3622037,-1.4801333,-1.2381743,-1.2374966,-0.96097213,-1.0016376,-0.8931965,-0.99214894,-0.9203068,-0.8450759,-0.87625265,-0.79356647,-0.67834795,-1.0158703,-1.3344157,-1.0294255,-1.3256048,-1.7519134,-1.8379883,-1.741747,-1.7410693,-1.8732316,-1.6685493,-1.5533309,-1.6522832,-1.7539467,-1.7858012,-1.7478468,-1.4767444,-1.4747113,-1.4747113,-1.4679335,-1.6136512,-1.6312729,-1.9518515,-2.0853693,-2.3151286,-2.5740314,-2.7224603,-2.8912213,-2.6797614,-2.7326264,-2.6709504,-2.6492622,-2.6912832,-2.061648,-2.025049,-1.6739714,-1.8745872,-1.3039167,-1.2991724,-1.2198749,-1.0206147,-1.1066897,-1.238852,-0.7115579,-0.28999376,-0.21001855,-0.21476284,-0.11852149,-0.39572367,-0.8538867,-0.5109422,-0.08124491,-0.22967346,-0.1876526,-0.1951079,0.15258089,-0.13004334,-0.12258802,-0.04261282,-0.08463369,-0.30219337,0.20476809,0.37624037,0.45960432,0.8269481,0.6819083,0.34099707,0.051595256,0.53347975,0.75578374,0.51721364,0.6019331,0.5775339,0.6297211,0.816104,0.9706324,1.0465411,1.2085247,0.78221625,0.0848053,-0.0053362446,0.27186593,0.01567419,0.06650589,0.027196042,-0.44316658,-0.052101403,-0.5136532,-0.58075106,-0.45807722,-0.28118291,-0.04329058,0.22916733,0.26915494,0.18104663,0.40267283,0.24543346,-0.17613074,-0.015502584,0.14512558,0.14715885,0.11598208,-0.009402781,-0.06497877,-0.057523455,-0.114454955,-0.26966107,-0.25475043,-0.06633428,0.09293837,0.3294752,0.37827367,0.59041125,0.3511634,0.3294752,0.2373004,0.4263943,0.40538386,0.50840276,0.45011574,0.5714341,0.8011934,0.5009475,0.51789135,0.50772506,0.57888937,0.73748434,0.49213666,0.5117916,0.64734274,0.6873304,0.5761784,0.4975587,0.40877265,0.2942319,0.38911772,0.1186931,0.19460177,0.33150846,0.4121614,0.5226357,0.8547361,0.54703486,0.28677657,0.8344034,0.9957093,1.562991,1.1495599,0.8228815,0.8865906,0.9889318,0.88320184,0.99164283,1.2098802,1.1265162,1.2647785,0.8771021,0.97808766,0.77679414,0.6758085,0.46638194,0.12818168,0.052273013,0.08006101,-0.08056716,-0.11852149,-0.0629455,-0.1707087,-0.24593961,0.0956494,0.04142892,0.38166243,0.37759587,0.24407797,0.18172441,0.18511319,0.10988227,0.2495,0.27322146,0.37420708,0.5368685,0.34031928,0.3186311,0.332864,0.81949276,0.81678176,0.965888,1.1488822,1.2641007,1.0404412,0.9957093,1.2790112,1.0892396,0.91708964,0.94216657,1.024175,1.0343415,0.8933681,0.8703245,0.8405032,0.7063076,0.89607924,0.616166,0.5944778,0.618877,0.79306024,0.5863447,0.58295596,0.81000423,0.81271523,1.0465411,0.86490244,0.7456174,0.9713101,1.174637,1.304766,1.2918887,1.3650863,1.3698306,1.2308906,0.50840276,0.4711262,0.54229057,0.8072932,0.4636709,0.44062716,0.477226,0.18443544,0.73409545,0.7035965,0.59854436,0.6385319,0.6615756,0.5544902,0.7171516,0.75985026,0.6846193,0.7286735,0.846603,1.1739591,0.8093264,1.4891157,1.1997138,0.7151183,0.79238254,0.7503617,0.97469884,1.1637928,1.1637928,1.1366826,0.8771021,1.0248528,-0.289316,0.22306752,0.38708445,0.35319668,0.49484769,0.54296833,0.6209103,0.82423705,0.6547981,0.8581249,0.34777462,0.29965395,0.13699251,0.32066438,0.49552542,0.12885943,0.2881321,0.15732518,0.030584823,0.13157047,0.06650589,0.1417368,0.1864687,0.44198272,0.26712164,0.5124693,0.52602446,0.44130495,0.5694008,0.6615756,0.76933885,0.4263943,-0.20324099,-0.15512031,-0.24322858,-0.26152802,-0.7955997,-1.6766825,-1.2374966,-1.3256048,-1.1148227,-1.1785318,-1.5756968,-1.5601084,-1.116856,-0.92098457,-1.1005899,-1.0626355,-1.0240035,-0.9203068,-0.8118658,-0.54211897,-0.33879218,-0.29338253,-0.1598646,0.116659835,0.3342195,0.08954959,0.05430628,0.32540867,0.3586187,0.4040284,0.033973604,0.07599448,0.010929899,0.033973604,0.030584823,0.03261809,0.082094274,0.2108679,0.1695248,0.099038176,0.17833564,0.16545826,-0.116488226,-0.16257563,-0.38352406,-0.5434745,-0.50552016,-0.458755,-0.56245166,-0.5936284,-0.3848796,-0.3997902,-0.42283392,-0.40995657,-0.67292583,-0.71020246,-0.77933353,-0.830843,-1.0090928,-1.0240035,-1.1690433,-1.0470471,-1.1995423,-0.97181624,-0.68715876,-0.5685514,-0.8776081,-0.87150836,-0.8111881,-0.62209415,-0.4770544,-0.32659256,-0.18290831,-0.057523455,0.09768266,0.06515038,0.15596968,0.051595256,0.37827367,0.34574133,0.5145026,0.3369305,0.38301793,0.15732518,0.2955874,0.51585805,0.79373807,0.23662265,-0.7013916,-0.66479284,-0.772556,-0.7522233,-0.9772383,-0.6363271,-0.96097213,-0.85592,-0.58075106,-0.7386682,-0.4811209,-0.49603155,-0.3435365,-0.14088744,0.03939565,-0.1537648,0.21764548,0.5680453,0.68597484,0.8987902,0.8954014,0.8066155,0.8445698,0.79306024,0.7530726,0.8547361,0.76595,0.71986264,0.8208483,0.34845236,0.5226357,0.6249768,0.45824885,0.25153327,1.4823382,1.6856649,1.5135149,1.3332318,2.5118494,2.7754962,3.100819,3.1611395,3.4390194,3.2519586,3.146229,3.0750647,3.3102458,3.453252,3.1157298,2.9910228,2.7273757,2.4203525,2.0645304,1.8537483,1.1122833,1.4925044,1.5596024,1.6693988,1.5175815,1.0092645,0.96249926,0.88997936,0.9340336,0.9089565,0.92047846,0.87371325,0.7388398,1.0370524,1.2003917,1.2444457,1.4003296,0.9868985,0.89675695,0.3281197,0.56533426,1.0180752,1.1312605,1.1637928,1.2803669,1.363053,1.3250988,1.1970029,1.1949695,0.94826645,1.0119755,0.89675695,0.88726836,0.6270101,0.5761784,0.40945038,0.7279957,0.73545104,0.48942563,0.6588646,0.70562977,0.51043606,0.53076875,0.43859392,-0.22154039,-0.2106963,-0.14359847,-0.31642625,-0.13749865,0.1478366,0.52466893,0.69681895,0.76256126,0.7917048,1.0872064,1.0424745,1.041119,1.1156721,1.1644706,0.90692335,0.8418587,0.67648625,0.20070158,-0.07446735,-0.116488226,-0.13275436,-0.17951952,-0.21815161,-0.25271717,-0.32388154,-0.19036362,-0.65191543,-0.3970792,-0.19036362,-0.15173154,-0.16799767,-0.11784373,-1.3032389,-1.7485245,-1.8264664,-1.7790236,-2.041993,-2.2487085,-1.8827204,-1.5370647,-1.4272683,-1.3703368,-1.6719382,-2.09418,-1.8386662,-1.7539467,-1.4455676,-1.4198129,-1.136511,-1.3459375,-1.4794556,-1.2964613,-1.2158084,-1.2110641,-1.0734797,-1.0694131,-1.06128,-0.92166233,-1.2232637,-1.1100785,-0.9087849,-1.1798874,-1.3594927,-1.5736636,-1.488944,-1.0951679,-0.73324615,-1.0382363,-1.2185194,-0.7264686,-0.74002373,-0.8464314,-0.86473083,-0.6546265,-0.74002373,-0.7630674,-0.65394866,-0.7163023,-0.8660863,-0.8545645,-0.9819826,-1.005704,-0.9406395,-0.9819826,-0.56516266,-0.7637451,-0.8694751,-0.91962904,-0.99824876,-0.98808235,-0.9108182,-1.3039167,-0.88913006,-1.041625,-1.161588,-0.911496,-0.5739735,-0.70749146,-0.5943062,-0.7047804,-0.41673413,-0.07243408,-0.54483,-0.550252,-0.24526185,-0.2506839,-0.16122012,0.069216914,0.094293885,0.12140413,-0.004658489,0.30982026,0.09090511,0.19460177,0.69275236,0.116659835,0.5694008,0.74290633,0.8662579,0.5761784,0.6683532,0.78289396,0.6385319,2.4610178,2.537604,2.8195503,2.6480784,2018-04-17
CIB_BBD,1.5370264,1.5615356,1.8185104,1.4627563,1.330184,1.4976633,1.7613224,1.8771838,1.6692274,1.6384053,1.7390413,1.7475823,1.8549027,1.7494391,1.5236579,1.6354344,1.6220658,1.6380339,1.6083257,1.512146,1.2087523,0.8971888,0.8760218,0.99114054,0.76684463,0.80695057,0.746049,0.60233617,0.6472696,0.50467086,0.7367652,1.0152783,1.300476,1.408539,1.4701834,1.6517738,1.6881663,1.6265221,1.7108186,1.6937364,1.6747978,1.518459,1.5366551,1.4256212,1.3272132,1.5730475,1.2915635,1.0676389,0.880478,0.89013314,0.94806385,0.92429745,1.2202641,0.8990455,0.9748011,0.77092946,0.7790992,0.8128921,0.62201774,0.42371637,0.4311434,0.6933171,0.6810626,0.6112486,0.6866328,0.7315663,0.7880116,0.81734836,0.7586749,0.8002662,0.8570829,0.9881698,0.81437755,0.97777194,0.8507699,0.8136348,0.6145907,0.38732398,0.23544145,0.038996805,-0.29410496,-0.526942,-0.8711843,-1.0839684,-0.990388,-0.9239161,-0.55627877,-0.13368139,0.32456568,-0.009278816,0.054222193,0.27554733,0.12737833,0.27629006,-0.012620974,0.42260233,0.39066616,0.402178,0.3902948,0.6171902,0.5265806,0.41480395,0.44562608,-0.08020684,-0.27256665,-0.03861554,0.062763266,0.09989835,0.20499067,0.2183593,0.30191326,0.4686498,0.86079645,1.3383538,1.6302354,1.8144256,1.9217461,1.960738,1.4144807,1.5945859,1.6231798,1.6528881,1.5674773,1.7256726,1.6046124,1.6098112,1.639148,1.6302354,1.4074249,0.9072153,0.94954926,0.9235547,0.73490846,0.796924,0.85745424,0.83034563,0.81326354,0.6948026,0.6702934,0.39215153,0.11809455,-0.31675738,-0.6413181,-0.7129888,-0.80025625,-0.9970723,-0.8281076,-0.7404688,-0.9220594,-0.949168,-0.9599372,-0.9785047,-0.9042345,-1.4289534,-1.6610478,-1.9091101,-2.1909657,-2.4219458,-2.2310715,-2.0071468,-2.158658,-2.2481534,-1.9481019,-1.377707,-1.4319242,-1.3866194,-1.4657172,-1.5377592,-0.9851891,-0.8206806,-1.0323507,-1.0828543,-1.2440206,-1.2202542,-1.2960098,-1.1437559,-1.4471496,-1.5154781,-1.3940464,-1.4720302,-1.3242325,-1.2533044,-0.85038865,-1.2978665,-1.1875753,-1.1775489,-0.76163584,-0.4196216,-0.9164891,-0.8013703,-0.73341316,-0.43633237,-0.24285854,-0.45898476,-0.60715383,-0.39102757,-0.5592496,-0.39993998,-0.46938264,-0.6201511,-0.6632278,-0.8061979,-0.41590807,-0.5952706,-0.39882594,-0.37357408,-0.46232694,-0.48720747,-0.53771114,-0.70890397,-0.53659713,-0.4935204,-0.43521833,-0.41219458,-0.18010025,-0.3022747,-0.610496,-0.09431818,-0.5080031,-0.17898619,-0.43596104,-0.20349534,-0.3765449,-0.351293,-0.3657757,-0.46529776,-0.46752584,-0.69887745,-0.5050323,-0.5540506,-0.91388965,-0.50020474,-0.69590664,-0.45861346,-0.1630181,-0.5117166,-0.19272617,-0.33421087,-0.13999434,-0.28296447,-0.38360053,-0.33012602,0.07873135,0.38695264,0.38658127,0.42223096,0.51915354,0.9254115,1.148222,1.0487,1.0542703,0.92689687,0.81771964,0.80175155,1.0490713,0.8652526,0.8849342,0.5811692,0.08170216,0.06981893,0.008174677,-0.26328284,0.02042926,0.03305519,0.08058811,0.20721878,0.116609156,0.19347881,0.22392955,0.08355892,0.16711287,0.26812032,0.020800611,-0.3000466,-0.2228056,-0.3962265,-0.3887995,-0.49723393,-0.46975395,-0.2513996,-0.39065623,-0.30635956,-0.10434465,-0.14445055,-0.322699,-0.4901783,-0.47978047,-0.35946274,-0.46938264,-0.32307035,-0.29633307,-0.4043962,-0.16487485,-0.017077185,-0.42927673,-0.6416895,-0.4671545,-0.30301738,-0.4604702,-0.43893185,-0.72858554,-0.7634925,-0.72710013,-0.69776344,-0.6632278,-0.5146874,-0.67622507,-0.78020334,-0.73007095,-0.86004376,-0.86709946,-0.7308137,-0.85187405,-0.89197993,-1.2046574,-1.3320308,-1.3346304,-1.1853472,-1.2098563,-1.3687946,-1.2373363,-1.2477341,-1.3821632,-1.1823764,-1.03495,-0.81622434,-0.5770744,-0.4225924,-0.5050323,-0.3278979,-0.3074736,-0.34906492,-0.27405202,0.072789736,0.19607824,0.18122421,0.17565395,0.39289424,0.4560239,0.20424797,0.18011016,0.28483114,0.36949915,0.712256,0.78207,0.9974536,0.901645,0.91278553,0.7705582,0.67809176,0.64021397,0.6617523,0.1593145,0.2502955,-0.013363674,-0.061267946,-0.016334483,-0.13665219,-0.26736772,-0.27739418,0.10769673,0.13703345,0.22207281,-0.4315048,-0.5900717,-0.50688905,-0.41405132,-0.44450212,-0.36800382,-0.36948922,-0.2643969,-0.3954838,-0.42890534,-0.6777105,-0.55627877,-0.513202,-0.6049257,-0.5778171,-0.58561546,-0.5573928,-0.6223792,-0.7174451,-0.71818775,-0.9183459,-0.6806813,-0.7750044,-0.6480024,-0.77240497,-0.55627877,-0.65728617,-0.77091956,-0.8385054,-1.1459839,-1.4980247,-1.1797769,-1.1782916,-1.1352148,-1.3331448,-1.412614,-1.6699603,-1.5812073,-1.5329316,-1.7234346,-1.661419,-1.4256113,-0.8251368,-0.81770974,-0.66508454,-0.6294349,-0.55293655,-0.38805676,-0.6428035,-0.38062975,-0.1615327,-0.28222173,0.011145485,0.07056163,-0.095803574,-0.24471529,-0.28630662,-0.24137314,-0.38322917,-0.36540437,-0.59341383,-0.54996574,-0.40328214,-0.50688905,-0.47978047,-0.37097463,-0.31081578,-0.28073633,-0.33346817,-0.5106026,-0.5094885,-0.5321409,-0.67065483,-0.66508454,-0.8024844,-0.6910791,-0.91166157,-0.90237784,-0.8956935,-0.87229836,-0.9744199,-1.0245522,-0.98073286,-0.94805396,-0.54996574,-0.5210004,-0.48535073,-0.59415656,-0.9361707,-0.885667,-0.95882314,-0.9959582,-1.1730926,-1.2031721,-1.0197247,-1.1771775,-1.4508631,-1.4798285,-1.0074701,-1.306779,-1.1456127,-1.2889541,-1.2499622,-1.4356377,-1.5451862,-1.4653459,-1.3275746,-1.2974951,-1.2960098,-1.1790342,-1.1508116,-1.3829058,-1.3160627,-1.0817404,-0.83590597,-0.8225373,-0.576703,-0.49611986,-0.40179676,-0.38954216,-0.40551025,-0.10991492,-0.24137314,-0.07575063,-0.18084294,-0.07983549,-0.098031685,0.06647678,0.08875783,0.0152303465,0.101755105,0.06350597,0.043453015,-0.1645035,-0.082806304,-0.15336297,-0.37208867,-0.07166577,-0.15670513,-0.12811111,-0.09840303,-0.3059882,-0.67882454,-0.49314904,-0.40551025,-0.6212651,-0.56667656,-0.41590807,-0.23840235,-0.032302573,-0.002594499,0.24769603,0.39623642,0.29151544,0.5945378,0.7200544,0.648755,1.7126755,1.9035498,1.9744778,1.8801547,1.8300223,1.8114547,1.7208451,1.5192016,1.6937364,1.8207386,1.9187751,2.118562,2.2418506,2.1790922,2.030552,2.0461485,2.1887474,2.4680033,2.2986672,2.3729374,2.4293826,2.798134,2.365139,1.6911371,1.4627563,1.5611643,1.378831,1.571562,2.0231247,1.961852,1.9551675,2.025353,1.8433911,1.80737,1.702649,1.6562301,1.7004209,1.8393061,1.7824895,1.591615,1.4248785,1.437133,1.1801581,1.1318827,1.0839783,1.0215913,1.0850923,0.94583577,1.0780368,1.1047739,0.91464233,1.0134217,0.9113001,0.8797353,0.8091786,0.6379859,0.48981684,0.2684917,0.34833214,0.58711076,0.5161827,0.17491125,0.6777204,0.39846447,0.5109838,0.620161,0.42520177,0.49315897,0.27183384,0.5432914,0.42705852,0.62238914,0.37841156,0.7932105,1.2945343,1.3476374,1.48578,1.3465234,1.3773456,1.2262057,1.2024392,1.1315112,1.0531561,0.9053585,0.8221759,0.7965527,0.45973742,0.6149621,0.88382024,0.838144,0.7026009,0.852998,0.8322024,0.7382506,0.6799485,0.47422007,0.3015419,0.40292072,0.3241943,0.1760253,-0.005565306,-0.09728898,0.05904975,0.08021676,-0.32344168,-0.11251438,0.004089818,-0.060525242,-0.108429514,-0.025618255,-0.287792,-0.42964804,-0.17712943,-1.2763282,-1.5689527,-1.5897484,-1.4037015,-1.4779718,-1.6068306,-1.5793505,-1.3234897,-1.345028,-0.91908854,-0.9239161,-1.327946,-1.0880532,-1.0913954,-1.118504,-1.1077349,-1.1315013,-1.0438626,-0.9621653,-0.8667281,-1.0832257,-1.0691143,-0.90497726,-0.7969141,-0.93579936,-1.13113,-1.0977085,-0.8975502,-0.81956655,-0.80285573,-0.55590737,-0.8878951,-0.57558894,-0.751238,-0.87935406,-0.5889576,-0.47346747,-0.55850685,-0.5421674,-0.61161,-0.5087458,-0.617923,-0.6483738,-0.814739,-0.68402344,-0.7077899,-0.38285786,-0.16970241,-0.07500793,-0.2993039,-0.29781848,-0.49871936,-0.33829573,-0.13442408,-0.17044511,-0.16079,-0.4831226,-0.64763105,-0.5971273,-0.59118575,-0.50688905,-0.44450212,-0.30413145,-0.40105405,-0.38211516,0.06536272,-0.18938401,-0.43113348,-0.4266773,-0.20572346,-0.28964874,-0.55627877,-0.21983479,-0.34943625,-0.13293868,-0.27665147,-0.10954356,-0.280365,-0.40179676,-0.15262027,-0.33755302,-0.6617424,-0.8243941,-1.1300159,-1.2547898,-1.1470981,-1.0174966,-0.9053486,-0.6238646,-0.45044374,-0.52879876,-0.6561721,-0.8336778,-0.8173384,-0.63834727,-0.4901783,-0.60975325,-0.5729895,-0.7040764,-0.8607865,-1.123703,-0.5963846,-0.716331,-0.89903563,-1.0230669,0.14891668,0.8221759,1.112201,1.386258,1.4404752,2.0446632,2.6150582,2.8957994,2.7869937,2.8512373,2.872033,2.991608,2018-04-17
CIB_BNS,2.0562878,2.0435965,2.155349,1.9300811,1.8595748,1.8401855,2.1694503,2.231496,2.1994157,2.2304385,2.1782637,2.2092867,2.1891923,2.257936,2.1856668,2.210344,2.1158655,2.1775587,1.9212679,1.795414,1.4781351,1.2627382,1.1573311,1.002922,0.8298289,0.91337895,0.72970974,0.6253603,0.5629621,0.6049134,0.62677044,0.9384087,1.244054,1.3522813,1.3417053,1.6727328,1.7016405,1.7887158,1.8401855,1.8430059,1.794004,1.6156228,1.5035174,1.4524003,1.5599227,1.9089292,1.5736715,1.5793118,1.1234881,1.079774,1.1012785,1.1820083,1.5461739,1.3589795,1.4735522,1.3099775,1.2232546,1.2482843,1.0808316,0.91373146,0.87918335,0.95321506,0.92324984,1.0441682,1.0568595,0.95568275,0.85485864,0.8502757,0.7674307,0.7847048,0.75332946,0.9482796,0.7441636,0.8777732,0.819958,0.6965717,0.5446304,0.33311123,0.17552942,0.10608061,-0.21930645,-0.2869926,-0.5087352,-0.5908752,-0.5954581,-0.5795942,-0.32612365,0.005961511,0.2040845,-0.014485348,0.07294259,0.21642312,0.014069746,0.07682044,-0.066660084,0.26965544,0.27318075,0.4208917,0.4194816,0.5876394,0.5294716,0.30490866,0.15966548,-0.24750903,-0.45303515,-0.116719626,-0.12729558,-0.13892914,-0.08393416,-0.1163671,-0.08781201,0.27036053,0.5805887,0.9366461,1.2232546,1.3769585,1.4696745,1.5260795,0.7889351,1.0145557,0.99410874,0.9362935,0.84075737,0.8446352,0.7931655,0.7258319,0.7311199,0.7233642,0.5160754,-0.032817014,-0.06383983,0.050733075,-0.12588546,0.036631797,0.12476481,0.1787022,0.22382629,0.07717298,0.10114516,-0.10684873,-0.3123749,-0.63564676,-1.0170864,-1.083715,-1.0664409,-1.1595093,-0.9063914,-0.9042762,-1.1260188,-1.3170912,-1.4083968,-1.5635111,-1.4863067,-1.8106362,-1.864221,-2.1205118,-2.194896,-2.29572,-2.0552933,-1.9900749,-1.9541167,-2.0235653,-1.8085209,-1.2825431,-1.2405918,-1.254693,-1.3879501,-1.4612768,-1.0276624,-0.92296034,-1.0110934,-1.1383574,-1.3297824,-1.2187347,-1.2310734,-1.1390624,-1.2998171,-1.3491715,-1.2864208,-1.320969,-1.1277814,-0.97125727,-0.57747895,-0.8633824,-0.8432881,-0.72342724,-0.5965157,-0.40191802,-0.72377974,-0.6790082,-0.72342724,-0.7089734,-0.46748897,-0.5418732,-0.68323857,-0.44492692,-0.56549287,-0.41531423,-0.42201236,-0.4114364,-0.18581592,-0.35115343,-0.21507607,-0.45092,-0.38993192,-0.4611434,-0.4710143,-0.29404324,-0.2845249,-0.32365593,-0.23270269,-0.29087046,-0.15972854,-0.49815926,-0.19498174,-0.08499175,-0.16219626,0.059193846,-0.33528948,-0.2520919,-0.27253878,-0.041982844,-0.24081092,-0.49251872,-0.7075633,-0.56514037,-0.46396366,-0.62471825,-0.47630227,-0.6102644,-0.87642616,-0.38323382,-0.6067391,-0.42835793,-0.27394894,-0.46960416,-0.2834673,-0.33775723,-0.2683084,-0.3123749,-0.31731036,-0.09274746,0.2548491,0.49703863,0.37964547,0.40996322,0.37083218,0.6623761,0.7286521,0.64192927,0.5552064,0.41313604,0.4187765,0.48399496,0.6451021,0.40608534,0.34968022,0.25061873,0.16601105,0.13428317,0.11947682,-0.02576637,0.3507378,0.3405144,0.41912904,0.38881132,0.215013,0.21712819,0.19104081,0.08105083,0.1413338,0.14274395,-0.089574665,-0.62084043,-0.50908774,-0.8210786,-0.8570368,-0.99875474,-0.8951103,-0.7149665,-0.9726674,-0.9642066,-0.57853657,-0.5873499,-0.769609,-0.8380002,-0.8658502,-0.63987714,-0.65115815,-0.56796056,-0.5566796,-0.63176894,-0.3532686,-0.12729558,-0.36878002,-0.54434097,-0.3092021,-0.12482786,-0.16607411,-0.15373549,-0.407206,-0.4544453,-0.4160193,-0.21860139,-0.18264313,-0.17876528,-0.30074134,-0.27747425,-0.2594951,-0.2672508,-0.2520919,-0.07970377,-0.24151598,-0.2076729,-0.49815926,-0.7223696,-0.70650566,-0.8172008,-0.6846487,-0.74598926,-0.70862085,-0.58699733,-0.5866448,-0.3564414,-0.30215147,-0.1251804,0.0070191063,0.22946681,0.10079263,0.30737638,0.231582,0.1899832,0.20690475,0.61372674,0.6369939,0.3986822,0.24885605,0.4406335,0.54181015,0.46495822,0.34932768,0.45543987,0.40079737,0.764963,0.853096,1.0836519,1.1065664,0.9006878,0.8499232,0.67224705,0.65356284,0.63241094,0.16565852,0.25061873,0.031343814,0.051790673,0.096562244,0.112426184,-0.03387461,0.11418884,0.3856385,0.3063188,0.42582715,0.038746987,-0.07371073,0.044740032,0.16107559,0.2689504,0.2897498,0.29362762,0.31513208,0.2425105,0.16918384,0.023588112,0.2502662,0.22523642,0.33804667,0.33557895,0.3109017,0.29750547,0.17693953,0.087043874,0.07646791,0.06694955,0.071179934,0.013364682,-0.0010891302,-0.011665091,0.34439224,0.15966548,-0.07018541,-0.7830051,-0.92331284,-1.1746682,-0.80450964,-0.9483427,-1.1376524,-1.2543405,-1.3995837,-1.5910087,-1.5021706,-1.5638636,-1.6343701,-1.8737394,-1.627672,-1.4817237,-1.4436501,-1.2194399,-1.1485808,-1.2317784,-1.1760783,-1.4566939,-1.3830147,-1.1954676,-1.2744348,-0.8880597,-0.85456914,-1.0315403,-1.0548073,-1.0780745,-0.9723148,-0.94199705,-0.9310686,-0.93917686,-0.83482736,-0.7332981,-0.6864114,-0.8224887,-0.66631705,-0.6335316,-0.54680866,-0.66596454,-0.78582543,-0.7399962,-0.9106217,-0.8228413,-0.7114411,-0.7988691,-0.73682344,-0.81402797,-0.9994598,-0.95680344,-0.9761927,-1.018144,-1.0597428,-1.0569224,-1.0058054,-0.79358107,-0.7681987,-0.7396437,-0.93565154,-1.2173246,-1.1947625,-1.2568082,-1.3290772,-1.4827812,-1.436247,-1.3823096,-1.5286105,-1.5790225,-1.5074586,-1.1482283,-1.3974684,-1.1845391,-0.94658,-0.9938193,-1.2289581,-1.3223791,-1.3424735,-1.2247277,-1.2733772,-1.3093355,-1.1799562,-1.1683226,-1.375964,-1.1355371,-0.96068126,-0.8009843,-0.5489239,-0.3994503,-0.4008604,-0.4206022,-0.3211882,-0.39028445,-0.16078614,-0.20097479,-0.15972854,-0.23481786,-0.013427751,0.08281349,0.0630717,-0.0976829,-0.0723006,0.04791282,0.064481825,0.018300131,-0.20414758,0.038746987,0.024645707,-0.21719126,-0.11178418,-0.14915258,-0.11812976,-0.09838797,-0.04621323,0.017595068,0.1413338,0.38140813,0.2922175,0.3320536,0.401855,0.35461572,0.55238616,0.74099076,0.99234617,1.3117402,1.4076289,1.6339544,1.7615709,1.6974101,1.5031649,1.7474695,1.5623903,1.4982295,1.5123308,1.4552205,1.4633288,1.2370033,1.3917649,1.454868,1.4277232,1.5623903,1.7531102,1.8356025,1.4661491,1.2398236,1.2398236,1.4386516,1.5243168,1.5056326,1.5303099,1.8056375,1.2207869,0.5611995,0.25625923,0.35814103,0.45191452,0.5220684,0.8823561,0.8446352,0.9447543,0.9574455,0.83335423,0.77271867,0.63487864,0.66907424,0.8122022,1.0089151,1.0071526,0.8150225,0.6905787,0.7674307,0.43816578,0.39973977,0.3327587,0.23052439,0.35567328,0.24356808,0.43499297,0.39339423,0.32112515,0.5555589,0.5294716,0.5153703,0.4723614,0.4148987,0.3658967,0.12441227,0.23651744,0.56754506,0.46742594,0.21113513,0.66484386,0.3109017,0.6024457,0.63840395,0.6027982,0.73323506,0.48998797,0.666254,0.49421835,0.80092126,0.5520336,0.8710751,1.4062188,1.5482891,1.6956474,1.5669733,1.5507568,1.5451162,1.464739,1.4354788,1.265911,1.3350072,1.3716706,1.2786021,0.9031555,0.8326491,1.0706083,0.84886557,0.75579715,0.7892877,0.67577237,0.7304148,0.7166661,0.726537,0.511845,0.6147843,0.4624905,0.31054917,0.20302689,0.054258395,0.22206363,0.25061873,-0.14985764,0.04826535,0.042977374,-0.07547339,-0.0800563,-0.16995196,-0.42201236,-0.41460916,-0.390637,-1.3830147,-1.8680987,-1.941073,-1.957642,-2.1508293,-2.3510678,-2.3129942,-2.1818523,-2.0302634,-1.8427166,-1.8508247,-2.2093499,-2.1159286,-2.0415444,-2.0355515,-1.9414254,-1.8980639,-1.6925379,-1.6717385,-1.6456511,-1.8141613,-1.4454129,-1.4309591,-1.452111,-1.6974733,-1.7239132,-1.6579897,-1.4207357,-1.5416542,-1.6357801,-1.3456463,-1.4559889,-1.446823,-1.6629251,-1.63296,-1.3019323,-1.1870068,-1.2494049,-1.1929998,-1.2839531,-1.106277,-1.2116841,-1.2187347,-1.354107,-1.0918231,-1.0146186,-0.72906774,-0.61096954,-0.5612625,-0.89370024,-0.7773646,-0.79534376,-0.63458914,-0.32506606,-0.2087305,-0.19568682,-0.36278698,-0.51684344,-0.50450486,0.07223753,0.33557895,0.50514686,0.303146,0.27423838,0.29151246,0.6465122,0.2985631,0.2622523,0.44239616,0.52065825,0.44592148,0.2449782,0.60174066,0.52806145,0.743811,0.6736572,0.892227,0.9510999,0.79563326,1.1523957,0.9384087,0.605266,0.25625923,-0.11460443,-0.22600456,0.020767855,0.30032575,0.3658967,0.41595626,0.35285306,0.27705863,0.23334466,0.010191894,-0.09345251,-0.060667045,0.11877177,-0.09803543,-0.06771769,-0.14139687,-0.23763813,-0.27994198,0.248151,0.10678568,0.028171027,-0.0021467262,0.49175063,1.1019835,1.403751,1.5162086,1.569441,1.729843,2.243482,2.74302,2.5406666,2.4705129,2.3450115,2.5625236,2018-04-17
GBCI_BOKF,-1.2725103,-1.1311245,-1.1533976,-1.5717444,-1.4303586,-1.4197063,-1.3073725,-1.2192484,-1.1824495,-1.2115014,-1.1359664,-1.1427453,-0.99361235,-0.94035065,-0.973276,-0.7708814,-0.8783733,-0.4648685,-0.32541955,-0.5374981,-0.6953466,-0.2721578,-0.19371778,-0.16757108,-0.18112864,-0.2295484,-0.12302491,-0.12786688,0.029013168,0.006740075,-0.0407113,-0.23342198,-0.32445118,-0.35447142,-0.45324776,-0.32638797,-0.4977939,-0.44065863,-0.6459584,-0.49973068,-0.42903787,-0.57429713,-0.63724285,-0.7321456,-1.0575265,-0.7089041,-0.7418295,-1.0536529,-0.576234,-0.5442769,-0.30992523,-0.2266432,-0.09687824,-0.23729557,-0.14142442,-0.16176072,-0.0823523,0.11616875,0.32340536,0.11907394,0.24302854,0.19751397,-0.10172021,-0.038774505,-0.25666347,-1.0778627,-0.76507103,-0.60334903,-0.576234,-0.5239406,-0.5229722,-0.45518455,-0.5355613,-0.5239406,-0.56558156,-0.6614528,-0.64111644,-0.68082064,-0.64692676,-0.6207801,-0.74763995,-0.8086488,-0.57332873,-0.90936196,-0.7050305,-0.7544187,-1.0643052,-1.3412663,-1.3519187,-1.1098199,-1.0555897,-1.186323,-1.3432031,-1.2299008,-1.0594633,-0.9335718,-0.76507103,-0.83382714,-0.7273036,-0.76313424,-0.95390815,-1.1524292,-1.2240906,-1.2444267,-1.2037542,-1.0139487,-0.95390815,-1.1388717,-1.5862703,-1.5049251,-1.1272509,-1.1872914,-1.0333166,-1.2163433,-1.088515,-0.86772096,-0.89483607,-0.8154276,-0.9664973,-0.8648158,-0.5636448,-0.4648685,-0.3825549,-0.24988471,-0.23245358,-0.09397305,-0.17338146,-0.25375828,-0.5433085,-0.49101517,-0.9229195,-1.386781,-1.551408,-1.4497266,-1.719909,-1.8855046,-1.3761286,-1.4158328,-1.0797995,-1.1688919,-1.1592079,-1.2444267,-1.1156301,-1.1659868,-1.1069146,-0.9887704,-0.8241432,-0.6691999,-0.4009544,-0.44937417,-0.48907834,-0.47745764,-0.37577614,-0.55880284,-0.9858652,-0.9296982,-0.6982518,-0.56073964,-0.9238879,-0.9122671,-1.1340297,-0.7457031,-0.43872184,-0.16369751,-0.4232275,0.22850263,0.49384296,0.31662658,0.21591349,0.46672788,0.618766,0.5103057,0.6168292,0.30403745,0.2139767,0.5548519,0.5141793,0.03579194,-0.08428909,0.2130083,0.41637132,0.96157795,1.3731459,2.0306861,2.0413387,2.2505121,2.1304312,1.8999531,1.7362943,1.8002083,1.6985269,1.2453178,1.3131055,1.6752853,1.7178948,1.61815,1.3440942,1.1765618,1.4825747,1.5503623,1.1814038,1.2443494,1.5058161,1.3954191,1.164941,1.086501,0.92381054,0.7243211,0.9305893,1.1397628,1.4874166,1.5513308,1.7178948,1.9793613,1.4748275,1.3566833,0.7078584,1.0535756,1.1533202,1.409945,0.9276841,0.7175423,0.46963307,0.52386326,0.4580123,0.021266006,0.19751397,0.16652533,0.24109177,0.30694264,0.1946088,0.043539103,0.66040695,0.817287,1.1533202,1.7382311,1.4651436,1.2027084,1.1581622,1.184309,1.2840536,1.4399652,1.211424,0.9761039,0.8657068,0.9761039,0.88410634,0.45510712,0.31081623,0.16071494,-0.112372555,0.15877816,-0.060079206,0.049349472,0.07549615,-0.06588958,0.32824734,0.08033812,0.27304882,0.07065417,0.16749372,0.108421594,-0.07654194,-0.22083284,-0.21405408,-0.17628665,-0.28571534,-0.44646898,-0.23245358,-0.23923235,-0.22180124,-0.279905,-0.18403381,-0.18209702,-0.26634744,-0.15498194,-0.186939,0.091958866,0.03772873,-0.23245358,-0.20146494,-0.15304516,0.009645261,0.013518843,0.317595,0.30403745,0.2149451,0.23721819,0.16846211,-0.14820318,0.014487238,0.040633917,-0.044584878,0.11713715,-0.16176072,-0.078478724,-0.31089363,-0.5675184,-0.46583688,-0.32251438,-0.103657,-0.07363674,-0.23923235,-0.028122159,0.20138755,0.12391593,0.15490457,0.12197913,0.24206017,0.027076378,-0.18016024,-0.15110837,-0.48520476,-0.36706057,-0.5065095,-0.6575792,-0.60625416,-0.41063836,-0.30605167,-0.32445118,-0.36802894,-0.43000627,-0.38449168,-0.3612502,-0.59269667,-0.5210354,-0.5384665,-0.52200377,-0.55589765,-0.4977939,-0.5316878,-0.38449168,-0.20146494,-0.07557354,-0.15498194,-0.19081257,-0.14045602,-0.14432961,-0.16757108,-0.114309356,0.21688189,0.21785027,0.1703989,0.05806503,-0.034900922,-0.10172021,-0.15207677,-0.40579638,-0.31379882,-0.34575585,-0.4619633,-0.30120966,-0.14917158,-0.071699955,-0.14142442,0.07936973,-0.14142442,-0.19371778,-0.24116914,-0.4212907,-0.5897915,-0.37577614,-0.8822469,-1.0139487,-0.9006464,-1.2676682,-1.1950386,-1.3093092,-1.1301562,-1.2579843,-1.205691,-1.1901966,-1.1785759,-1.2618579,-1.5862703,-1.81578,-1.4681262,-1.5271982,-1.6656787,-1.6772995,-1.9174616,-1.8322427,-1.6288798,-1.5911124,-1.6734259,-1.793507,-1.9687866,-1.8758206,-1.5301034,-1.428422,-1.1107881,-1.4206747,-1.0391269,-0.6246537,-0.72052485,-0.40966997,-0.8144592,-0.68275744,-0.46583688,0.041602314,-0.08138391,0.26433325,0.10067443,0.32243696,0.1316631,0.21785027,0.33889967,0.8705488,0.3989402,1.0613227,1.3411889,1.7885877,1.5232472,1.4738591,1.6859378,2.021971,1.3450626,0.92187375,1.1465415,0.9286525,0.7398154,0.6613754,0.87732756,0.93446285,1.0787538,0.9790091,1.4748275,1.4370601,0.81535023,0.711732,0.2953219,0.34180486,0.42605528,0.0638754,0.13359988,0.05806503,-0.11334096,-0.19565457,-0.1879074,-0.37577614,0.4618859,1.2869588,0.36407796,1.0632595,1.035176,0.9092846,1.0003138,0.5577571,0.79598236,0.6778381,0.58390373,0.489001,0.738847,0.62070274,0.47156984,0.7785512,1.1707513,1.2937375,1.1387943,1.4912902,1.5155002,1.6249288,1.7033688,1.892206,1.8350706,1.9842035,1.7701881,1.6065294,1.5639199,1.4486809,1.5338997,1.4176922,1.3344102,1.4912902,1.5697303,1.6530123,1.6162133,1.6055609,1.4641751,0.8046979,0.5761566,0.6623438,0.84924406,0.5587255,0.4183081,0.38925627,0.8550545,0.7465942,0.49481136,0.7252895,0.6817117,0.8405285,0.6584702,0.42992887,0.88410634,0.7649937,0.52483165,0.79695076,0.83762336,1.0313025,0.85311764,0.94511527,1.1300788,1.0419548,-0.22373803,-0.5026359,-1.1485556,-0.8638474,-0.79315454,-0.88418365,-0.45712134,-0.3970808,-0.25085312,-0.3835233,-0.62174857,-0.75829226,-0.5888231,-0.4803628,-0.67694706,-1.1747024,-1.1824495,-1.3054358,-1.4022752,-1.3228668,-1.5775547,-1.4768417,-1.413896,-1.570776,-1.3277088,-0.8870889,-0.9887704,-0.90355164,-0.82607996,-0.28184178,0.3156582,0.84246534,0.6177976,0.57906175,0.40862414,0.5984297,0.79888755,0.5500099,0.77274084,0.7882352,0.868612,0.9828826,0.84827566,0.6594386,0.9896614,0.9296209,1.081659,1.1097425,1.1107109,0.99062985,1.1262052,0.9363997,0.5335472,0.45898074,0.34374166,0.21881866,0.060970217,0.08033812,0.029013168,-0.092036255,-0.2953993,-0.5491188,-0.51522505,-0.38933367,-0.8764365,-0.9752128,-0.45518455,-0.32348275,-0.6091594,-0.76216584,-0.45712134,-0.32251438,-0.103657,-0.08428909,-0.18306541,-0.13464564,0.020297611,-0.09978342,-0.0833207,-0.5026359,-0.3564082,-0.55977124,-0.23826396,-0.35447142,-0.4232275,-0.3970808,-0.30411488,-0.24891631,-0.46583688,-0.5074779,-0.64692676,-1.1136934,-0.87934166,-0.8783733,-0.7389244,-0.8967728,-0.91420394,-1.0788311,-1.1766391,-0.69244134,-0.899678,-0.49585715,-0.21695927,0.1268211,0.37182513,0.5713146,0.60327166,1.035176,0.60908204,0.9015374,0.65072304,0.80179274,0.6884905,0.6168292,0.57518816,0.69430083,0.51321083,0.46091753,0.4822222,0.2314078,-0.059110813,0.12391593,0.045475893,0.038697124,-0.13755085,-0.21308568,-0.3002413,0.65169144,1.0516387,1.2298235,1.2501599,1.9309417,2.0064764,2.2737536,1.8060187,1.6810957,1.5193738,1.5794142,1.5087214,1.4738591,1.5920035,1.7130529,1.7140212,1.7024004,1.6200868,1.8641224,2.2466385,1.9483728,1.789556,1.8292603,2.2301757,2.6155972,2.6950057,2.997145,2.511979,2.178851,2.138178,1.7149897,1.387672,1.2491914,1.4573964,0.99353504,0.96448314,1.1630042,1.3102003,1.2540333,1.0119345,1.1203947,1.1407311,1.2046452,1.071975,1.0080609,1.219171,0.87926435,0.7223843,0.7107636,0.6952692,0.47350663,0.0638754,0.27789077,0.28563792,0.48319063,0.19848236,0.28951153,-0.12786688,0.2110715,0.28854313,0.050317872,-0.80671203,-0.5161934,-0.3399455,-0.7340824,-0.5016675,-0.36609215,-0.07266835,0.41637132,-0.044584878,-0.17241307,0.029013168,-0.14723478,-0.27893656,-0.2983045,-0.018438205,0.20332435,0.39506662,0.5780934,0.56163067,0.52095807,0.48125383,0.3970034,0.44832838,0.42799208,-0.04845846,-0.23632717,-0.14432961,-0.036837716,-0.111404166,-0.34188226,-0.6043174,-0.37190253,-0.4977939,-0.4639001,-0.7679762,-0.32638797,-0.7825022,-0.9306667,-1.0168538,-1.1921333,-1.6085434,-2.0249536,-2.3067565,-2.027859,-1.7044146,-1.9997754,-2.0472267,-2.2370322,-2.322251,-2.2002332,-2.6137378,-2.6563475,-2.802575,-2.8519633,-3.0795362,-3.255784,-3.030148,-2.6834624,2018-04-17
UMPQ_C,-0.56748587,-0.32357904,-0.54383427,-0.75078547,-1.0316478,-0.9059988,-0.84687,-0.58818096,-0.8616522,-0.8527829,-0.79661036,-0.668005,-0.64435345,-0.6354841,-0.7419161,-0.51870453,-0.42409822,-0.46696672,-0.4566191,-0.6340059,-0.54974717,-0.4019249,-0.37236044,-0.32210082,-0.37679508,-0.29253635,-0.19940832,-0.30584037,-0.19349542,-0.06932469,0.056324262,0.0651936,0.10954029,0.087366946,0.09475806,0.26179725,-0.08854159,0.007542904,-0.0441949,-0.036803786,0.14058298,0.25440615,0.3933591,0.16866921,-0.03532556,-0.0028046574,-0.017586887,-0.2245381,-0.038282007,-0.12549716,0.18788612,0.16571277,0.2898835,0.23666747,0.193799,0.04893315,-0.29105812,-0.3265355,-0.14471406,-0.36496928,-0.42114177,-0.61922365,-0.6103543,-0.64435345,-0.82913125,-1.0035616,-0.9917358,-1.0552994,-1.0641688,-1.0582559,-1.0907767,-1.1617315,-1.278511,-1.0759945,-1.0375607,-1.192774,-1.291815,-1.1439928,-1.244512,-1.2696418,-1.3893778,-1.4544196,-1.2371209,-1.3553786,-1.2932934,-1.2666852,-1.3021626,-1.2075564,-0.9739971,-1.1735573,-1.0375607,-0.9296505,-0.7655677,-0.5423561,-0.58226806,-0.56748587,-0.5586165,-0.57487696,-0.49209648,-0.60000676,-0.7788717,-0.9606931,-0.64435345,-0.67096144,-0.5349649,-0.13880117,-0.56157297,-0.32357904,-0.35905638,-0.33983952,-0.39305556,-0.6724397,-0.5157481,-0.43148935,-0.03384734,0.06371538,-0.13880117,0.077019386,-0.06784647,-0.42557645,-0.58670276,-0.5645294,-0.62070185,-0.5260956,-0.6221801,-0.62661475,-0.59852856,-0.7226993,-0.8705215,-0.5719205,-0.42262003,-0.747829,-0.6384406,-0.82174015,-0.44627157,-0.40488133,-0.14619228,-0.28514525,-0.2629719,-0.24079856,-0.4019249,-0.48174894,-0.3974902,-0.12993184,-0.18610431,-0.2496679,0.031194473,0.06815005,0.23962392,0.26179725,0.23223281,0.34753418,0.0016300117,-0.29844928,-0.38714266,-0.5083569,-0.7286122,-0.6665268,-0.8690433,-0.74487257,-0.8675651,-0.9828665,-0.92225933,-1.0538212,-1.1883395,-1.1735573,-1.1779919,-1.1410364,-1.0641688,-0.97991,-1.0508648,-0.9547803,-1.0316478,-1.1070372,-1.4647672,-1.4455502,-1.4470284,-1.2267733,-1.2740763,-1.3553786,-1.1572968,-1.2282515,-1.0981678,-0.7640895,-0.8616522,-0.6517446,-0.71974283,-0.6384406,-0.886782,-0.654701,-0.6236583,-0.079672255,-0.5216609,-0.63252765,-0.4418369,-0.10036738,-0.039760232,0.047454927,0.8116963,0.9565621,0.863434,1.1856866,1.2595978,1.4872441,1.1605569,0.93438876,0.7998705,0.73335034,0.92256296,0.863434,0.9447363,1.0201256,0.98169184,0.8944768,1.042299,0.89595497,1.0142127,1.2891623,1.095515,1.3394219,1.3748991,1.2862058,1.2152512,0.96838784,0.8619558,0.9654314,0.90630245,0.96690965,1.0925586,1.1842084,1.2551631,1.2285551,1.5153302,1.6247188,1.373421,1.2773365,1.3290743,1.1354271,1.1117755,0.96838784,1.068907,1.0925586,1.234468,1.2714236,1.2019471,1.2300334,1.2595978,1.373421,1.1383835,0.24110214,0.27362305,0.2514497,0.30023104,0.36527285,0.2440586,0.24701503,0.26918837,-0.042716675,-0.12549716,-0.24523322,-0.24227679,-0.20679943,-0.16540919,-0.12254071,-0.013152218,-0.02349978,0.17606033,-0.16245274,-0.12993184,-0.17427853,0.041542035,-0.066368245,0.16866921,0.22336344,0.18197322,0.2647537,0.35640353,0.3416213,0.3933591,0.41405421,0.50718224,0.42292356,0.50570405,0.38448974,0.42587999,0.29136172,0.47022668,0.56335473,0.52048624,0.52492094,0.8944768,0.9521274,1.0393426,1.2108165,1.0999497,0.8663905,0.66830856,0.6091796,0.96099675,0.92404115,0.8545647,1.068907,1.2063818,1.2196858,1.2655107,1.2004689,1.1516875,1.095515,1.1369053,0.9314323,0.9403016,0.91221535,0.14945231,0.30023104,0.2455368,0.29136172,0.39188084,0.3608382,0.32092616,0.23666747,0.19084254,0.15388699,0.20858124,0.399272,0.43031466,0.63726586,0.5219645,0.42587999,0.30023104,0.28544882,0.2588408,0.22779813,0.33127376,0.41405421,0.47022668,0.5042258,0.48500893,0.5160516,0.49831292,0.55152893,0.57518053,0.71708995,0.63135296,0.6830908,0.42587999,0.48500893,0.32240438,-0.020543335,-0.18019141,-0.1668874,-0.36201286,-0.36792573,-0.51870453,-0.5453125,-0.54974717,-0.5896592,-0.4773143,-0.4285329,-0.46992314,-0.4787925,-0.40635955,-0.4034031,-0.50687873,-0.6073979,-0.6162672,-0.44627157,-0.54383427,-0.7123517,-0.56896406,-0.5837463,-0.42705467,-0.727134,-0.62661475,-0.7862628,-0.5098352,-0.6103543,-0.60591966,-0.63252765,-0.4285329,-0.5201827,-0.66357034,-0.55566007,-0.82174015,-0.7108735,-0.7803499,-1.0833856,-0.9651278,-0.886782,-0.89417315,-1.1232977,-0.38566443,0.0060646813,0.91665006,0.90334606,0.836826,0.8279567,0.43770579,0.5411814,0.5958756,0.50570405,0.38153327,0.4776178,0.2440586,0.22927636,0.3490124,0.6402223,0.79100114,0.99499583,1.2847276,0.96838784,1.0201256,1.0748199,0.70526415,0.78065354,0.6535263,0.6461352,0.6402223,0.88412917,0.9521274,0.90778077,0.9536056,0.8057834,0.810218,0.8678687,0.9654314,0.9388234,0.6771779,0.9698661,0.9447363,0.7023077,0.55744183,1.0452555,1.2418591,0.76439315,0.8486518,0.27362305,0.65648276,0.7407415,1.167948,0.9595185,1.1058626,0.9255194,1.2122947,0.84126073,0.8294349,1.2640325,1.0349079,0.70526415,0.88560736,0.85308653,0.8427389,0.9329105,1.2108165,1.2995099,1.1915995,1.261076,0.90925896,0.90925896,0.84126073,0.9417799,0.8663905,1.0437772,1.20786,1.2462938,0.836826,1.0467337,0.5973539,0.465792,0.2514497,0.08145405,-0.257059,-0.22749455,-0.31766617,-0.26740655,-0.3073186,-0.30879682,-0.087063365,0.09623628,0.047454927,-0.5586165,-0.5955721,-0.48618358,-0.48914003,-0.58226806,-0.72565573,-0.7167864,-0.20236476,-0.18610431,-0.45957556,-0.3265355,-0.79513216,-0.67539614,-0.727134,-0.7655677,-0.5719205,-0.7153081,-0.9429545,-0.87199974,-0.69313484,-0.30584037,-0.024978003,0.10954029,-0.09445449,-0.17575675,0.20710301,0.23518924,-0.14175762,-0.032369114,-0.048629567,0.047454927,0.1997119,0.09180161,-0.016108664,-0.06932469,-0.016108664,-0.5364432,-0.62661475,-0.5320085,-0.83356595,-1.0907767,-0.7419161,-1.0020833,-0.9193029,-0.8513046,-1.0892985,-1.0419954,-1.1617315,-1.4263333,-1.311032,-1.0996461,-1.2563378,-1.244512,-1.3642479,-1.4248551,-0.7537419,-0.2245381,-0.02941267,-0.19053897,-0.31766617,-0.33244836,-0.25262433,-0.40783778,-0.5660076,-0.82765305,-0.8808691,-0.7729588,-0.7123517,-0.73156863,-0.57487696,-0.79956686,-1.0286914,-0.8705215,-0.9754754,-0.9858229,-0.94738907,-1.078951,-0.8498264,-0.75669837,-0.7803499,-0.90156424,-0.8380006,-0.80695796,-0.45218447,-0.60591966,-0.28514525,-0.23636389,-0.32801372,-0.70052594,-0.81434906,-1.0419954,-1.1824266,-1.3982471,-1.3405964,-1.2400773,-1.3272924,-1.6805878,-1.6717186,-1.8136278,-2.231965,-2.3103108,-2.113707,-2.2807462,-2.2763116,-2.5867386,-2.3443098,-2.2674425,-2.3221366,-2.397526,-2.4803064,-2.4004824,-2.464046,-2.3398752,-2.365005,-2.3679614,-2.265964,-2.4403944,-2.3753526,-2.5601306,-2.2748334,-2.1580539,-1.8860608,-1.8550181,-1.9644066,-1.8284101,-1.6731967,-1.7456297,-1.4795495,-1.7870198,-1.4662454,-1.2134693,-1.1173848,-0.9828665,-1.0109527,-0.95921487,-0.860174,-0.9843447,-1.2489467,-1.3065974,-1.1986871,-1.2297298,-1.0301696,-1.1203412,-0.5320085,-0.5571383,-0.3265355,-0.62070185,-0.5349649,0.32092616,0.090323396,-0.26445013,-0.13880117,-0.061933573,0.20710301,0.49831292,-0.041238457,-0.03532556,-0.22010344,-0.14175762,-0.11071494,0.03858559,-0.3339266,-0.257059,-0.36792573,-0.25262433,0.0016300117,0.11545318,-0.02349978,0.18492967,0.4273582,0.5796152,0.6771779,0.4717049,0.35196885,0.6210054,0.98021364,1.4990699,1.3409001,1.354204,1.5153302,0.48500893,0.44214043,0.6402223,0.25736257,-0.2629719,-0.23340745,-0.0634118,-0.18314786,0.30762216,0.6210054,0.7082206,0.67274326,0.79100114,0.604745,0.5411814,0.23371103,0.5116169,0.2898835,0.31796974,0.2455368,0.21597235,0.5796152,0.97134435,1.0482119,1.1576004,1.5788938,1.5936761,1.2492503,1.2359463,1.0334297,1.1975124,1.0378643,0.8279567,0.108062066,0.108062066,-0.16393097,0.043020256,0.29283994,0.31205684,0.671265,0.8250003,0.7141335,0.5899627,0.6520481,0.49387825,0.8220438,0.87230337,0.68161255,0.97282255,0.88560736,1.3778557,1.346813,1.3039446,0.77030605,0.9595185,0.80430514,0.5086605,0.54561603,1.108819,1.6646309,1.7237598,2.3135707,2.6860828,2.3298311,2.567825,2.2204425,2.25592,2.1465316,2.368265,2.3387005,2.539739,2.6328669,2.5959113,2.468784,2.0933156,2.2869627,2.1642702,2.3593955,2.8575568,2.2869627,2.6180847,2.7422554,2.7274733,2.527913,2.2810497,2.5382607,2.6299105,2.5293913,2.3579175,2.792515,2.6979086,2018-04-17
JPM_CADE,-0.61918175,-0.9937012,-0.86486804,-0.6343039,-0.40629286,-0.43319857,-0.3803691,-0.7099148,-0.46854907,-0.35935515,-0.38252938,-0.49349087,-0.58913374,-0.57185125,-0.32243344,-0.5630137,-0.6936143,-0.53591156,-0.34384018,-0.18299516,-0.15569668,-0.37329897,-0.34933916,-0.21716735,-0.10738425,-0.18653022,-0.5264847,-0.39686602,-0.57499355,-0.6441235,-0.83049953,-0.84424686,-0.8375696,-0.8200908,-0.76824325,-0.8870604,-0.49172333,-0.6038632,-0.66592306,-0.87940115,-1.13039,-0.9819177,-1.0928792,-1.4243888,-1.0429956,-1.0390677,-1.1576885,-0.841301,-0.9247677,-0.881365,-0.9408718,-1.1056447,-1.0995564,-1.0345508,-0.9487274,-1.0182502,-0.89688,-0.72876847,-0.8593691,-0.88686395,-0.99409395,-0.65139,-0.50959504,-0.55319405,-0.48661715,-0.3846897,-0.47267333,-0.49466923,-0.44282177,-0.5583002,-0.6429452,-0.64373076,-0.53866106,-0.77315307,-0.5437672,-0.37604845,-0.34423295,-0.5382682,-0.5520157,-0.4438037,-0.18731579,-0.017043944,-0.33951953,-0.030791385,0.2950229,0.13692737,0.2712595,0.067208216,-0.17042607,0.18288307,0.0022024682,-0.1012961,-0.26783648,-0.5418033,-0.46737078,-0.6830091,-0.750568,-0.8493531,-0.8279464,-0.7183597,-0.6763318,-0.41866553,-0.6303761,-0.5025249,-0.6235024,-0.7788484,-0.6696545,-0.72287667,-0.755085,-0.76078033,-0.5910977,-0.43025267,-0.45480165,-0.32969996,-0.6447127,-0.8179304,-0.8251969,-1.0663662,-0.87940115,-0.47719035,-0.43319857,-0.31025717,-0.34364378,-0.7270009,-0.48347485,-0.66042405,-0.920447,-0.8387479,-0.84522885,-1.3456357,-1.1938246,-0.9528517,-1.0349436,-1.0995564,-1.1309792,-1.3030186,-1.4642564,-1.5697188,-1.6178349,-1.4479558,-1.2113036,-1.0675446,-1.2478324,-1.4836992,-1.482128,-1.431459,-1.6500432,-1.6975701,-1.8690202,-1.9263667,-1.8234572,-1.9385431,-1.7853571,-1.4147656,-1.184005,-1.2816118,-1.0549755,-0.85367376,-0.7112896,-0.66827977,-0.42848513,-0.4316274,-0.57047653,-0.3801727,-0.24682254,-0.34089428,-0.29081434,-0.23464625,-0.35601646,-0.39490208,-0.42161143,-0.4634429,-0.27372825,-0.0718373,0.14733613,0.12160879,0.184847,0.15381706,0.28481054,0.2710631,0.2926662,0.5860758,0.4266055,0.68407536,0.89441115,0.68152225,0.9411524,0.9277978,1.4232948,1.5725527,1.609867,1.0175489,1.099248,1.2007827,1.4001205,1.3333472,1.4097437,1.5978872,1.4928175,1.4011024,1.3930503,1.3846055,1.4767134,1.1249753,1.377339,1.5383805,1.4971381,1.4132788,1.3009425,1.4433267,1.4048339,1.1471677,1.2437925,1.1106387,0.9605952,0.70862436,0.49062926,0.50555503,0.9101225,1.0364026,0.8567039,0.5803804,0.63831604,0.99810606,1.0894284,0.8716297,0.84688425,0.8515977,0.8594534,1.1025866,1.0432762,1.0314927,0.8235136,0.70194703,0.68191504,0.70155424,0.70744604,0.990054,0.91954935,1.1200656,1.0695928,1.0163707,1.0067474,0.7154981,0.77127343,0.6514743,0.59707373,0.53815615,0.51832056,-0.13291521,-0.14980492,-0.08951258,-0.25094676,-0.14352039,-0.029023856,-0.121720865,-0.07537236,0.06445873,0.21096714,0.27715123,0.18229389,0.23865841,0.20291507,0.30405694,0.44329882,0.6777908,0.4515473,0.6420475,0.26870638,0.42012456,0.024591152,0.0772242,-0.17671062,-0.10699147,0.078795336,-0.07065895,-0.054947592,-0.02745272,0.0008277245,0.14380108,-0.027059935,0.067404605,0.06426233,0.24808523,0.3996998,0.608268,0.76263213,0.70175064,0.92465556,0.81330127,0.6300676,0.6742558,0.24572852,0.4089302,0.5145891,0.96138084,0.8643632,0.74711716,0.1946666,0.4460483,0.7390651,0.7606682,0.70430374,0.5077154,0.3661168,0.09725618,0.047961798,-0.25821328,-0.30024117,-0.1990993,-0.18888693,-0.107777044,0.1797408,-0.15078688,-0.10895539,-0.20420547,-0.18810135,-0.2794236,-0.21441786,-0.13802141,-0.09442238,-0.1331116,-0.29592052,-0.5657631,-0.45205218,-0.47404808,-0.34050152,-0.2745138,-0.22030962,0.34844154,0.19938001,0.10098763,0.110807225,0.14694335,-0.027256327,-0.07635432,-0.07949659,-0.19831373,-0.25939164,-0.31929117,-0.39804438,-0.3894031,-0.27412102,-0.4000083,-0.020579,-0.25801688,-0.20774053,-0.2646942,-0.17847814,-0.07851463,0.11610981,0.018895786,0.115127854,0.23649809,0.28166825,0.26870638,0.21391301,0.28539968,0.47059727,0.5083046,0.4460483,0.5615268,0.58214796,0.6982156,0.75124145,0.7194259,0.8873411,0.8853771,0.9411524,1.0312964,1.0191201,1.410922,1.2005862,1.0118536,0.81663996,0.64106554,0.7638105,1.0193164,0.40932304,0.7176584,0.7380831,0.7125522,0.87261164,0.8981426,0.9961422,1.1891955,0.9996773,0.96491593,0.649314,0.81330127,0.14596137,-0.02077539,-0.7590128,-0.8874532,-1.0600816,-1.4611142,-1.4243888,-1.4080883,-1.4550259,-1.588769,-1.5685405,-1.6761633,-1.053208,-0.987613,-0.8532809,-1.1753638,-0.5685126,-0.856816,-0.68025964,-0.9982183,-1.2173916,-1.1545463,-0.6093621,-0.80241543,-0.55751467,-0.91239494,-0.9893806,-1.0433885,-1.291235,-1.6088009,-1.7994975,-1.7394016,-1.942078,-1.8317057,-1.7886959,-1.6853937,-1.5954461,-2.1477003,-2.0689473,-1.9198858,-1.5206208,-1.832295,-1.869413,-1.5434024,-1.4302806,-1.2156242,-1.2959485,-1.2223015,-1.2633474,-1.2920207,-1.5864122,-1.6154782,-1.2061974,-0.74408704,-0.61171883,-0.9271244,-0.7943634,-0.4657996,-0.5624245,-0.4147377,-0.3554273,-0.3379484,-0.6276266,-0.8774372,-1.003128,-1.0816848,-1.0885586,-1.2454758,-1.1842015,-1.1997164,-1.2935917,-1.2818083,-1.16849,-1.2979125,-0.8338381,-1.2596159,-0.7908283,-0.81734127,-0.8281428,-0.98388165,-0.8008443,-0.9302666,-0.9015934,-1.0435848,-0.9834888,-0.91141295,-1.3597758,-1.4882162,-1.2368344,0.13928406,-0.088137835,-0.3281288,-0.34384018,-0.27569216,-0.47660118,-0.46226457,-0.93851507,-0.8572087,-0.5899193,-0.7918103,-0.612308,-0.779634,-0.83069587,-0.6672978,-1.0129477,-0.7152174,-0.34089428,-0.5567291,-0.64392716,-0.72916126,-1.3646857,-1.506677,-1.4613105,-1.260598,-1.5512581,-1.4071063,-0.9748476,-1.1380494,-1.0958251,-1.2256402,-1.2444937,-1.113304,-1.1321576,-0.98329246,-0.53866106,-0.22914727,-0.33951953,-0.4852424,-0.5852059,-0.226005,-0.4954548,-0.38861755,-0.57538635,-0.6091657,-0.549659,-0.57597554,-0.357784,-0.46206814,-0.5567291,-0.9015934,-0.82716084,-0.7323035,-0.5211822,-0.42534283,-1.0773642,-1.5190498,-1.480557,-1.2325139,-1.0475127,-1.1358889,-1.1335323,-0.76608294,-0.5402321,-0.49663314,-0.37585208,-0.3253793,-0.3018123,-0.3355917,-0.46363932,-0.5628172,-0.33971596,-0.48504603,-0.22011325,0.021056099,-0.008991874,0.09156081,-0.038647063,-0.20793693,-0.0692842,-0.0694806,-0.1062059,-0.12859458,-0.10502756,-0.5031141,-0.23602098,-0.48936665,-0.55496156,0.020663314,0.0943103,0.12494744,0.13751653,0.21116354,0.32880232,0.40637714,0.28657806,0.56565106,0.46352717,0.6522599,1.0348314,1.1522739,0.68996716,1.0254047,0.9825911,1.2003899,1.1469712,1.0167633,0.8922509,0.8407962,0.59884125,0.5858794,0.6471537,0.7771652,0.7799146,0.70724964,0.7687203,1.1856605,1.1426506,1.378321,0.9279942,0.36965185,-0.01959704,-0.22541581,0.14988923,0.26183265,0.30602086,0.19721968,0.051496852,0.2732234,0.09077525,-0.067516685,-0.2872793,-0.78277624,-0.96384966,-0.76922524,-0.7124679,-0.5202002,-0.39686602,-0.39804438,-0.34953552,-0.43791196,-0.71030766,-0.47581562,-0.32891437,-0.17081887,-0.26646173,0.0577814,0.15715574,-0.072230086,-0.1920292,0.0381422,0.20055836,0.33076623,0.27459815,0.2804899,0.90128493,0.5456191,0.38222092,0.032839615,0.10530825,0.28952393,0.51576746,0.3904694,0.6740594,0.7321914,0.36061782,0.21312746,0.45213646,0.53579944,0.3663132,0.1628511,0.0020060763,0.2019331,0.36317092,0.25986874,-0.086370304,-0.3919562,0.033036005,0.043444782,-0.23700294,0.31034148,0.28539968,-0.020579,0.27852598,0.55229634,0.72315735,0.71431977,0.9737536,0.6080717,0.53501385,0.5257835,0.6080717,0.68623567,0.801125,1.0206912,1.2379007,1.260093,1.6560192,1.7288808,1.8524113,2.1992395,1.5650897,1.3349184,0.9984989,0.81055176,0.5839155,0.50810814,0.57586336,0.41600034,0.610232,0.20350425,0.35747555,0.33587244,0.55642056,1.1074965,1.0338495,1.7043318,1.5831578,1.759125,1.4934067,1.2214037,1.4639479,2.079833,2.2459807,2.2459807,2.114398,2.1275563,2.3164854,2.261692,2.3461406,2.382473,2.3170745,2.4362845,2.8767917,2.954563,2.9934485,3.2151754,3.2179248,2.7854693,2.2206461,2.2675836,2.0688353,1.9922423,2.1413038,2.2428384,2.1067388,1.7834777,1.8584994,1.6153661,1.5815867,1.7493054,2.0197372,2.0374124,1.969068,1.9995087,1.8154895,1.951,1.6964759,1.9382346,2.077673,2.00815,2.073745,2.112827,2.2448025,2.5871136,2.5515666,2.401327,2.4863644,2.309808,2.1124341,2.588292,2018-04-17
UMPQ_CADE,0.4523231,0.37420055,0.32623056,0.26592544,0.23988459,0.27963114,0.23988459,0.16313262,0.14257406,0.26592544,0.29333687,0.28511342,0.31252486,0.3522714,0.39612967,0.43450567,0.48795792,0.54415137,0.6757261,0.69080245,0.7264373,0.730549,0.7442547,0.84978867,0.9251701,1.0060338,0.934764,0.9224289,0.94024634,0.94024634,0.94572866,1.0265924,1.0814152,1.088268,1.06908,1.1705022,1.0773034,1.0416685,0.91831726,0.7990776,0.7552193,0.91557604,0.9004998,0.4180588,0.44409966,0.4838462,0.37282997,0.4372468,0.50577533,0.40435308,0.45369366,0.40983537,0.59349185,0.6757261,0.66064984,0.57156277,0.77029556,0.94984037,1.0320747,0.88131183,0.88542354,0.9292818,0.8909058,0.78126013,0.7483664,0.6716144,0.6030859,0.5002931,0.5277045,0.45917594,0.38242397,0.23988459,0.19876745,0.27140772,0.33582455,0.29744855,0.28374285,0.27551943,0.18506175,0.18643233,0.23714344,0.16450319,0.034298953,-0.10275815,0.16039148,0.19054404,0.31252486,0.24947858,0.32348943,0.21247317,0.22343774,0.23714344,0.14805634,0.15079747,0.13160948,-0.04930587,-0.076717295,-0.17265725,-0.009559316,0.031557813,-0.11098157,-0.14798698,0.0014052517,0.07815722,0.085010074,0.16587375,0.008258106,0.050745804,0.0027758225,3.468071e-05,0.09049236,-0.01778274,0.22754943,0.37831223,0.5414102,0.56745106,0.34130684,0.35364196,0.3755711,0.46328765,0.59075075,0.577045,0.56333935,0.3001897,0.24125515,0.101456925,0.07815722,-0.093164146,-0.31245548,-0.21514496,-0.13839298,-0.2315918,-0.22062723,-0.39880148,-0.15895154,-0.2644855,-0.041082446,-0.15072812,-0.18636298,-0.18362182,-0.2836735,-0.24803865,-0.3261612,-0.25763264,-0.15758097,-0.1849924,-0.1520987,-0.17128669,-0.15895154,-0.21514496,-0.17265725,-0.11783443,-0.26859722,-0.28641465,-0.2082921,-0.32753175,-0.38646632,-0.25352094,-0.38920748,-0.2932675,-0.35083148,-0.48788857,-0.47007114,-0.32753175,-0.41387773,-0.5838285,-0.57012284,-0.46047714,-0.49062973,-0.40839547,-0.53859967,-0.44403028,-0.448142,-0.4056543,-0.43580684,-0.51118827,-0.50296485,-0.5481937,-0.62083393,-0.53859967,-0.34671974,-0.3357552,-0.41250718,-0.38235462,-0.4152483,-0.5098177,-0.4056543,-0.36590773,-0.36179605,-0.005447603,0.069933794,0.045263518,-0.115093276,-0.07260558,0.054857515,0.25221974,0.33445397,0.4468408,0.7826307,0.8237479,0.79633635,0.8826824,1.0005515,1.1129383,1.1485732,1.0074043,0.8634944,0.7524782,0.87720007,0.9059821,0.95258147,0.9361347,1.0005515,0.96217555,1.1101972,0.8826824,0.8045599,1.0389274,0.9950692,1.2965947,1.3034476,1.2595894,1.1979138,1.2280663,1.1609082,1.2417719,1.088268,1.1636494,1.2664423,1.3651233,1.3514177,1.3240062,1.4254283,1.3760878,1.1636494,1.1636494,1.1567966,1.193802,1.1307557,1.011516,1.0512626,1.1129383,1.26096,1.2431425,1.2760363,1.2897419,1.2623305,1.2938536,1.1828374,-0.11646385,-0.068493865,-0.05341759,-0.090423,0.08226893,0.008258106,-0.108240426,-0.041082446,-0.29874977,-0.32342005,-0.43169516,-0.5153,-0.5002237,-0.3919486,-0.32342005,-0.20555097,-0.14798698,-0.1986981,-0.23844466,-0.34671974,-0.35768434,-0.52626455,-0.53174686,-0.4947414,-0.28230292,-0.2877852,-0.28230292,-0.1658044,-0.13154013,-0.06986444,-0.12879898,-0.18636298,-0.20555097,-0.15072812,-0.16991611,-0.1329107,-0.17813954,0.009628678,0.069933794,0.2015086,0.18780288,0.43998796,0.47973448,0.19602633,0.6962848,0.36049485,0.3659771,0.28100172,0.27689,0.0932335,0.267296,0.36049485,0.5523747,0.63323843,0.47288164,0.40983537,0.2631843,0.1590209,-0.021894455,-0.050676446,-0.076717295,-0.09727586,-0.041082446,-0.55915827,-0.6934741,-0.7469264,-0.7894141,-0.6797685,-0.7620027,-0.7894141,-0.87027776,-0.952512,-0.9538826,-1.0306345,-0.89083636,-0.690733,-0.49885312,-0.51804113,-0.51804113,-0.60575765,-0.039711874,-0.13016956,-0.26174435,-0.19321582,-0.06986444,-0.11920498,-0.13976355,-0.16717498,-0.23707408,-0.23707408,-0.30012035,-0.2740795,-0.17128669,-0.20418039,-0.2603738,-0.23707408,-0.2932675,-0.34809035,-0.7661144,-0.7661144,-0.7907847,-0.8373841,-0.87987185,-0.9812941,-0.9182478,-0.9319535,-0.9538826,-0.9209889,-0.7894141,-0.7592616,-0.71129155,-0.63042796,-0.6276868,-0.5194117,-0.5523054,-0.43580684,-0.25352094,-0.14250469,-0.28641465,-0.12194613,-0.14250469,-0.04519416,-0.008188744,-0.023265027,-0.2781912,-0.16306326,-0.37824288,-0.23981522,-0.09453471,-0.44128916,-0.26859722,-0.33712578,-0.28915578,-0.4728123,-0.4591066,-0.45088315,-0.6276868,-0.6701745,-0.54545254,-0.729109,-0.8099727,-0.72362673,-0.5098177,-0.43306574,-0.5194117,-0.5276351,-0.7757084,-1.0087055,-0.85794264,-0.8716484,-1.0032232,-1.0169289,-0.99088806,-0.93058294,-0.95799434,-0.71951497,-0.73047954,-0.35631374,-0.34671974,0.14805634,-0.19732752,-0.22748008,-0.20006867,-0.113722704,-0.14935754,-0.13976355,-0.43169516,-0.4591066,-0.36453718,-0.39468974,-0.73322076,-0.91961837,-0.91961837,-1.0648988,-1.0703812,-1.007335,-0.9936292,-1.0347463,-1.0470815,-1.1334275,-1.195103,-1.0881987,-0.91961837,-0.91413605,-1.144392,-0.9511415,-1.1580977,-1.1389097,-1.0758635,-0.8853541,-1.2005854,-1.2033266,-1.3636833,-0.9429181,-0.99499977,-0.8894658,-0.71951497,-0.8209372,-0.7976376,-0.6646922,-0.5468231,-0.60164595,-0.59342253,-0.5276351,-0.5372291,-0.6002754,-0.5961637,-0.91961837,-1.0648988,-1.0840869,-1.0237818,-1.1622094,-0.99774086,-0.8785012,-0.8593132,-0.93880635,-1.1101277,-1.1526154,-1.3047488,-1.5500811,-1.7145497,-1.7200319,-1.7488139,-1.7830781,-1.8529773,-1.8790182,-1.9886637,-2.0613039,-2.032522,-1.9612523,-1.4061711,-1.703585,-1.7118083,-1.7118083,-1.6775441,-1.9132824,-1.8584595,-1.6158684,-1.5240402,-1.556934,-1.633686,-1.8570889,-1.8529773,-2.00374,-1.898206,-2.0311515,-1.9941461,-1.8735358,-1.9735875,-1.9050589,-1.6706913,-1.9173942,-1.9173942,-2.0983095,-1.9475466,-1.8749064,-1.741961,-1.7241436,-1.684397,-1.5322636,-1.5007405,-1.3910948,-1.3691657,-1.4376943,-1.3815008,-1.0361168,-1.16358,-1.2197734,-1.2279968,-1.386983,-1.4335825,-1.2650023,-1.3061193,-1.3760185,-1.3431247,-1.3842419,-1.3828713,-1.2924137,-1.5171874,-1.4884053,-1.5747514,-1.5939393,-1.4979994,-1.5171874,-1.4349532,-1.1813974,-1.0429697,-0.8647955,-0.7743378,-0.71129155,-0.8620544,-0.7784496,-0.75789094,-0.7757084,-0.94702977,-0.9319535,-0.81408435,-0.7126621,-0.7688556,-0.75789094,-0.8291607,-0.91687727,-0.8373841,-0.8099727,-0.7661144,-0.76063216,-0.7661144,-0.7935258,-0.7743378,-0.7455559,-0.80723155,-0.63453966,-0.5660111,-0.2781912,-0.815455,-0.3398669,-0.5276351,-0.448142,-0.22336838,-0.30423206,-0.48925912,-0.45499486,-0.51118827,-0.41387773,-0.3919486,-0.53859967,-0.68113905,-0.7428147,-0.80311984,-0.97032946,-0.93332404,-1.0278934,-0.92921233,-0.92921233,-1.0895692,-0.92647123,-1.0840869,-1.1622094,-1.2033266,-1.3486071,-1.3020077,-1.2800785,-1.0662694,-0.99774086,-0.99774086,-0.8414959,-0.6838802,-0.7058093,-0.7496675,-0.8086021,-0.9922586,-0.9621061,-0.99774086,-0.8099727,-0.72773844,-0.3796135,-0.553676,-0.44540086,-0.5468231,-0.44540086,-0.3631666,-0.37139004,-0.5481937,-0.6660628,-0.46047714,-0.26859722,-0.22748008,-0.25215036,-0.11783443,0.027446099,-0.054788157,-0.23570353,-0.14524584,0.06308094,0.1261272,-0.090423,0.021963816,0.33856568,0.87720007,0.51811045,0.39750022,0.58115673,0.6030859,0.7456253,1.0334452,1.0581155,0.8306007,0.6030859,0.46328765,0.49069908,0.80867153,0.682579,0.7236962,0.8703472,1.0005515,0.8333418,0.7990776,0.77851903,0.98410463,1.0457803,1.0635978,1.1101972,1.0910091,1.0992326,1.1814668,1.2774068,1.4843628,1.6721312,1.6584255,1.6392374,1.16502,0.96765774,0.8484181,0.71273154,0.52359277,0.5838979,0.6962848,0.63735014,0.7826307,1.1033443,1.0224806,1.097862,1.2952242,1.193802,1.2102488,1.0951209,1.3336002,1.4130932,1.3445648,1.4130932,1.6543137,1.561115,1.5186273,1.4185755,1.2787774,1.3856819,1.369235,1.2198428,1.059486,0.97176945,1.0375569,0.89364696,0.6880613,0.19328518,0.6291267,0.37420055,1.0923797,1.0800446,1.1280146,1.2404014,1.1115677,1.1280146,1.388423,1.5117744,1.3610116,1.6652783,1.7255833,1.698172,1.9064988,1.9064988,2.4492447,2.2847764,2.394422,2.1175666,2.2107656,2.0243678,1.835229,1.9339103,1.9887329,2.0737085,2.084673,2.3779752,2.6932065,2.5232556,2.8138168,2.416351,2.135384,1.9517276,1.8955343,1.8393408,2.1161962,2.4533565,2.5081794,2.3300052,1.8749757,1.8681228,1.8242645,1.822894,2.027109,1.9558394,2.1723895,2.2943704,2.3135583,2.2628472,2.312188,2.4670622,2.55752,2.6507187,2.5301085,2.5767078,2.7918875,2018-04-17
WTFC_CADE,-0.88766545,-1.3003855,-1.3250017,-1.0836356,-0.7351732,-0.99923736,-0.9359387,-1.197765,-1.0312064,-1.0372804,-0.98708916,-1.070848,-1.0775615,-1.0302473,-0.8454664,-1.0107462,-1.1383027,-0.9906057,-0.826285,-0.6718746,-0.58555824,-0.890223,-0.72014785,-0.63734806,-0.6290361,-0.51458704,-0.9103635,-0.9030106,-1.0011555,-0.8691235,-1.0753237,-1.1434176,-1.1517296,-1.0890703,-1.075963,-1.1354254,-0.9167573,-1.0868325,-1.0775615,-1.3895792,-1.7495502,-1.410359,-1.4036454,-1.814767,-1.2453988,-1.2086344,-1.3914973,-1.1053745,-1.2137494,-1.2754498,-1.1239165,-1.3502572,-1.3438634,-1.410359,-1.4141952,-1.434016,-0.9685471,-0.7418868,-0.8294819,-1.0021145,-1.1849774,-0.85186017,-0.6296755,-0.6718746,-0.5871567,-0.5622209,-0.5839598,-0.58236134,-0.4675926,-0.668358,-0.7377308,-0.70640117,-0.6124122,-0.9349796,-0.7038436,-0.46823198,-0.28057382,-0.44937024,-0.40557268,-0.2121601,0.023451569,0.28591722,0.23029113,0.7523452,0.9045177,0.42594153,0.43521252,0.15676239,-0.0014842656,0.6158375,0.4134736,0.42274463,0.36520037,0.10625133,0.37031543,0.15580331,0.156123,0.14908981,0.10753009,0.09570155,0.09698032,0.43041715,0.18713294,0.40867823,0.3802258,0.35624903,0.46142712,0.57427776,0.64876556,0.6126406,0.6708242,0.5886638,0.69767815,0.8866151,0.6158375,0.43361408,0.2574648,0.178821,0.54103,0.8651959,-0.3630539,-0.6009034,-0.54655606,-0.97973627,-0.75883037,-1.0507075,-1.3448224,-1.3962926,-1.3592085,-1.8432194,-1.5973778,-1.3451422,-1.4189906,-1.4407295,-1.5276852,-1.7265326,-2.0430257,-2.0967338,-2.2891872,-2.1808124,-1.8850988,-1.8045369,-2.1635492,-2.2754407,-2.3339438,-2.419301,-2.559645,-2.4973056,-2.601844,-2.621665,-2.5324714,-2.5439804,-2.5216022,-2.0781918,-1.7524275,-2.0276806,-1.8489739,-1.5232096,-1.6961621,-1.6152804,-1.2760891,-1.3195668,-1.5631708,-1.371996,-1.1664354,-0.9896467,-1.2786466,-1.1808214,-1.443287,-1.4410492,-1.4295404,-1.4669442,-1.3096566,-1.1047351,-0.740608,-0.722066,-0.50723416,-0.23773533,-0.08236588,-0.05679067,-0.02482165,0.35976565,0.0023520167,0.36296254,0.02505002,-0.32149416,-0.18178955,-0.15973091,0.35592937,0.5301605,0.5403906,-0.10346544,-0.07597208,0.12095708,0.36296254,0.120637394,0.2565057,0.37830767,0.39141497,0.44064727,0.4559924,0.7338032,0.53239834,0.094103105,0.27217054,0.48955986,0.5081019,0.5157745,0.81308633,1.210781,1.0330331,0.7517058,0.99403095,0.6992766,0.4812479,0.26897365,0.0017126363,0.12511306,0.5467844,0.5474238,0.45087734,0.13790067,0.12894933,0.4166705,0.37958646,0.23796369,-0.05743005,0.04998586,0.05414183,0.28144154,0.35273248,0.31117272,0.20215839,0.015139624,0.13182655,0.018336525,0.04806772,0.25203004,0.18809201,0.4879614,0.4332944,0.37638956,0.4297778,0.112325445,0.18649356,0.20887187,0.26289952,0.8971649,0.8012578,0.14621261,0.15292609,0.29390946,0.15580331,0.2734493,0.39812848,0.34378114,0.22581545,0.37606984,0.6490853,0.6909647,0.67593926,0.7785598,0.7593784,0.91410846,1.0103352,1.0988894,0.8373828,0.88309854,0.52248794,0.61040276,0.33482984,0.33003443,0.11744049,0.16827123,0.37319264,0.2798431,0.37958646,0.38534087,0.47677228,0.6410931,0.54262847,0.6215919,0.6963994,0.62351006,0.8111682,1.0375088,1.2280443,1.2433894,1.2517012,1.1171117,1.1142344,1.1912799,0.694801,1.0896183,1.2708826,1.5633992,1.5595629,1.447991,0.74051666,0.9547091,1.3914059,1.4505486,1.3958817,1.0231228,0.9873175,0.81820136,0.6992766,0.21302785,0.19416612,0.3584869,0.31660748,0.31724685,0.7830354,0.491478,0.42817935,0.2606617,0.2565057,0.23125018,0.20407653,0.2673752,0.3031805,0.18617387,0.051584307,-0.23038246,-0.1600506,-0.12392561,-0.09003845,0.07492169,0.10944824,0.9364867,0.6583563,0.5215289,0.61423904,0.69384193,0.5074625,0.50970036,0.5237667,0.4617468,0.37383202,0.22165948,0.010663961,0.034960415,0.08738961,-0.005320548,0.22229886,0.17658316,0.23604554,0.4224249,0.48732203,0.6065665,0.7734447,0.70503104,0.8731881,0.893968,0.8332268,0.8850166,0.84633416,0.9332898,1.2258064,1.198313,1.2363561,1.3805364,1.5486934,1.7047023,1.6014423,1.4473517,1.6404445,1.6394854,1.6663394,1.7146126,1.6740121,1.8191514,1.6433218,1.4556636,1.1855254,1.0307953,1.0224833,1.3076471,0.53815275,0.72069585,0.59409857,0.51961076,0.75841933,0.7712069,0.81916046,0.71110517,0.5116185,0.58578664,0.26705548,0.47613287,-0.2812132,-0.33204395,-0.86560684,-1.3499376,-1.2863193,-1.430819,-1.4890027,-1.1207197,-1.2351687,-1.2645802,-1.1641974,-1.1795427,-0.6862607,-0.58907485,-0.4768636,-0.32596982,0.2146263,-0.52034146,0.038477007,-0.56126183,-0.5097917,-0.69521195,-0.35090566,-0.19745435,0.23380771,-0.13991012,-0.09898977,-0.15141897,-0.4759045,-1.085234,-1.3387485,-1.2089541,-1.2223811,-1.1546068,-1.0519862,-0.9765394,-1.1402208,-1.5129794,-1.7230159,-1.5535802,-1.4695017,-1.7210977,-1.8489739,-1.8806232,-1.5845901,-1.1354254,-1.0494287,-1.0791599,-0.47430605,-0.68402284,-0.8569752,-0.9458491,-0.46503508,-0.20129064,0.058937185,0.027607542,0.14525354,0.29646698,0.2507513,0.3025411,0.36072472,0.42817935,0.12862965,-0.054233145,-0.28472978,-0.23997316,-0.35729948,-0.51394767,-0.43914014,-0.5382441,-0.77097857,-0.7070405,-0.5478348,-0.8899033,-0.54623634,-1.1638778,-0.7166313,-0.85537684,-0.8285228,-1.062536,-1.1159242,-1.324682,-1.3445027,-1.4490415,-1.3895792,-1.5059463,-1.8336288,-1.7230159,-1.5142583,-0.39821982,-0.81957144,-0.91324073,-0.7246235,-0.9423325,-1.2476367,-1.1798623,-1.3157307,-1.317329,-1.1510903,-1.5180945,-1.4400902,-1.2748103,-1.4503202,-1.3313955,-1.5615724,-1.5276852,-1.2562683,-1.5986564,-1.6159197,-1.2463579,-1.5203323,-1.3170093,-1.2086344,-1.2207826,-1.4765348,-1.3409863,-0.9947617,-0.87327945,-1.0318457,-0.9813347,-0.8777551,-0.62839675,-0.6494963,-0.63798743,-0.17539574,0.018336525,-0.14854175,0.001073256,-0.030895764,0.07811859,-0.13991012,-0.2089632,-0.43914014,-0.23549749,-0.09099752,0.08675023,0.24116059,0.18681325,0.10561196,0.16731215,0.2795234,0.37926674,0.58898354,0.7801583,0.40196475,0.545186,0.24659532,0.59825456,0.74914825,0.80669254,0.81372577,0.78271574,0.95215154,0.7999791,0.73731977,0.64748687,0.7712069,0.48348573,0.28719598,0.49915057,0.56500673,0.49435523,0.58642596,0.7210156,0.91474783,0.9473562,0.77728105,0.6065665,0.74914825,0.63405985,0.77951884,0.8229967,1.3792577,0.62191164,0.69224346,0.4269006,0.27760527,0.5960167,0.73476225,0.6542003,0.65803665,0.5928198,0.6081649,0.66123354,0.43745038,0.58514726,0.8178817,0.754583,1.1225464,1.2149369,0.9438396,1.1935177,1.258095,1.0761913,1.1267024,0.83130866,0.7753629,0.78751117,0.54390717,0.604968,0.6129603,0.8341859,0.889812,0.9249779,0.94160175,1.3086061,0.99499005,0.93872464,0.45759085,-0.078849286,-0.3074278,-0.63958585,-0.55806494,-0.47814238,-0.3106247,-0.50371754,-0.5532695,-0.35506162,-0.4925284,-0.40813017,-0.36049637,-0.58587795,-0.82340777,-0.48453617,-0.4142043,-0.36049637,-0.4432961,-0.5900339,-0.48805273,-0.446493,-0.7147131,-0.50563574,-0.37424305,-0.18978179,-0.50691444,-0.087161236,0.10976792,0.104013495,0.16379556,-0.08396434,0.023131877,-0.023223199,-0.015870325,0.26226014,0.7622556,0.8604005,0.26513734,-0.169961,-0.08428402,0.23572585,0.34921587,0.38502118,0.46014836,0.59377885,0.27568713,0.3549703,0.44064727,0.4681406,0.3901362,0.2568254,0.09698032,0.2114294,0.34665835,0.43745038,0.20119931,0.21430661,0.06852789,-0.064463235,-0.0753327,0.06916727,0.02600909,-0.1079411,-0.2575561,-0.031535145,-0.16644442,-0.03888802,0.18969046,0.20631434,0.13854004,0.12639181,0.24467717,0.2536285,0.41539174,0.6139193,0.7664116,0.77951884,1.2430696,1.080667,1.1567533,1.3862908,0.93776554,0.7475499,0.6468474,0.4681406,0.2868763,-0.24348976,-0.1207287,-0.3748824,-0.43530387,-0.6344709,-0.83523625,-0.6721943,-0.7060815,-0.14374639,-0.251482,0.37511078,0.19992055,0.2571451,-0.13543445,0.090586506,0.31213182,0.5538176,0.6708242,1.0598872,0.89236945,0.52344704,0.962062,1.0279181,0.96717703,1.5480541,1.2373152,1.5813019,1.701825,1.6228616,1.4751647,1.6928737,1.9029102,1.8127576,1.2469059,1.1845663,1.4940264,2.1685727,2.2804642,2.0800185,1.596647,1.5586039,1.8073227,1.6279767,1.7711978,1.6391658,1.7344335,1.6736923,1.7405075,1.5036172,1.3719047,1.5490131,1.5813019,1.949585,2.1711302,2.252012,2.4089797,2.4115374,2.4204886,2.6391568,2.7494502,2.9048195,2.9530928,2.7718284,2.9329522,3.4434974,2018-04-17
FULT_CASH,-1.0284725,-0.9355273,-0.87804806,-0.8535888,-0.7557518,-0.73496145,-0.77776515,-0.6053274,-0.5796452,-0.53928745,-0.42066008,-0.4035386,-0.34728232,-0.22865497,-0.29714087,-0.2372157,-0.080676496,-0.17117572,-0.27145866,-0.31915417,-0.35951194,-0.43533564,-0.31915417,-0.2898031,-0.44878823,-0.23476976,-0.025643187,-0.18095942,-0.02686615,-0.06600095,0.017160501,0.18103749,0.18959822,0.019606426,-0.14427055,0.09420714,-0.1259261,-0.086791314,-0.070892796,0.058741227,0.16269305,0.07341678,0.03183605,-0.0036298619,-0.12837203,-0.14793944,0.018383462,-0.2176483,-0.17362164,-0.44145042,-0.38886303,-0.2469994,-0.073338725,-0.2469994,-0.42799783,-0.3130394,-0.4659097,-0.6750363,-0.7031644,-0.8120081,-1.1556605,-1.2119168,-1.3990301,-1.4393878,-1.3305442,-1.1238636,-1.1446539,-1.072499,-0.97588503,-0.86214954,-0.8132311,-0.8279066,-0.8120081,-0.66769856,-0.77776515,-0.8548118,-0.77287334,-0.71784,-0.654246,-0.59187484,-0.7117252,-0.9807769,-1.1715591,-1.2840714,-1.4357189,-1.2229235,-1.1972413,-1.1678902,-1.0566007,-1.369679,-1.29997,-1.2204776,-1.2742879,-1.0186888,-1.0676073,-1.0517088,-1.0871747,-1.0908436,-0.95264876,-0.87804806,-1.0932895,-1.3611182,-1.1960183,-1.3293211,-1.3121996,-1.1373161,-1.0223577,-1.1018503,-1.0504858,-0.86459553,-0.64690816,-0.84380513,-0.6787052,-0.70683336,-0.5331726,-0.56741554,-0.56130075,-0.4267749,-0.6444622,-0.73006964,-0.42188302,-0.64690816,-0.6884889,-0.6432393,-0.15772311,-0.0109676365,0.32657,0.23973969,0.31189448,0.7056884,0.6861209,0.27275968,0.4549811,0.46231884,0.5063455,0.7301476,1.0554556,0.9735172,0.9172609,0.94538903,0.6396484,0.43908256,0.60051364,0.6286417,0.8389913,0.8548898,0.99308455,1.0468949,1.1997652,1.1300564,1.0676852,1.0884756,1.0909215,0.7802891,0.5320277,0.7215868,0.40361667,0.2886582,0.048957523,0.08809232,-0.19074312,-0.1259261,0.1578012,0.07953159,-0.070892796,-0.19685793,-0.081899464,-0.11614241,-0.018305412,0.0012619884,-0.009744675,0.06974789,-0.17606756,-0.34972826,-0.5343956,-0.36562675,-0.42310598,-0.4524571,-0.53194964,-0.5466252,-0.46101785,-0.8120081,-0.6285637,-0.69215775,-0.7924407,-0.29714087,-0.22131717,-0.24210754,-0.6432393,-0.18585126,-0.110027604,-0.44022748,-0.22376311,-0.30325565,-0.4463423,-0.23232384,-0.097797975,-0.36684972,-0.2763505,-0.16383794,-0.34972826,-0.6664756,-0.04398762,0.08442344,0.27520558,-0.1002439,0.017160501,0.14924045,-0.13204093,-0.18952015,-0.0060757864,0.07830863,-0.23843865,0.123558246,0.2654219,0.47332552,0.5674936,0.42318404,0.11622046,0.03183605,0.13701083,0.3461374,0.26909077,0.118666396,0.06852493,0.13823378,0.4023937,0.3534752,0.33879966,0.08197752,0.15046342,0.052626416,0.23484784,0.25074634,0.11132861,0.2067197,0.18348342,-0.073338725,0.011045688,-0.38519415,-0.26412088,-0.31426233,-0.034203924,0.34491447,0.46598777,0.4476433,0.53814256,0.71547204,0.81453204,0.6861209,0.815755,0.7472691,0.86834234,0.80597126,0.22873303,0.26664487,0.26664487,0.024498275,-0.24210754,-0.2898031,-0.19563496,-0.29347196,-0.05010244,-0.0611091,-0.129595,-0.28001937,-0.13204093,-0.1980809,0.05018049,-0.024420224,0.13334194,-0.0036298619,0.25319228,0.4121774,0.28132042,0.43419072,0.49900773,0.45987293,0.37426555,0.2201723,0.16269305,0.15046342,0.15535527,0.05507234,-0.089237235,-0.22620903,-0.44022748,-0.38519415,-0.5025986,-0.5136052,-0.42066008,-0.39864674,-0.42310598,-0.08312243,-0.7374074,-1.0186888,-0.6432393,-0.3937549,-0.27512753,-0.34605935,-0.5417333,-0.43533564,-0.31670827,-0.22131717,-0.0060757864,0.14801748,0.06118715,0.123558246,0.044065673,-0.18585126,-0.18218239,-0.292249,-0.39008602,-0.25678307,-0.65669185,-0.5808681,-0.5417333,-0.6089963,-0.5454022,-0.6481311,-0.749637,-0.5637467,-0.56741554,-0.2531142,-0.4390045,-0.5454022,-0.6933807,-0.8107851,-0.814454,-0.51238227,-0.5625237,-0.6420163,-0.4854771,-0.42066008,-0.37418747,-0.4328897,-0.553963,-0.5759763,-0.5771993,-0.5405104,-0.46957856,-0.4977067,-0.6334556,-0.5062674,-0.85725766,-0.7117252,-0.6762592,-0.6725904,-0.37296453,-0.45001116,-0.65302294,-0.49892965,-0.6236719,-0.41087636,-0.4818082,-0.34605935,-0.17729053,-0.28613418,-0.47447044,-0.49403784,-0.2763505,-0.48058525,-0.24822235,-0.76798147,-1.0712762,-0.8927237,-0.8523659,-0.848697,-0.84747404,-0.8927237,-0.95631766,-1.367233,-1.3855774,-1.4503944,-1.3880234,-1.0027902,-0.978331,-0.9636554,-0.9391962,-1.1617754,-1.33299,-1.2950783,-1.3378819,-1.2767339,-1.2767339,-1.4687389,-1.493198,-1.3953612,-1.2547204,-1.1862347,-0.59187484,-0.50871336,-0.24333051,-0.108804636,-0.26045197,-0.47569337,-0.4035386,-0.41821414,-0.32771492,-0.3937549,-0.33016086,-0.32282308,-0.6053274,-0.7863259,-0.40109268,-0.10146686,-0.19196609,0.1247812,0.2128345,0.48188627,0.84755206,0.55281806,0.48555517,0.5858381,0.14924045,-0.38152528,-0.5930978,-0.45001116,-0.26778975,-0.3216001,-0.35339713,-0.29714087,-0.4133223,-0.51238227,-0.4720245,-0.6102193,-0.5233889,-0.6224489,-0.6102193,-0.5502941,-0.8719333,-1.0186888,-0.8976155,-1.0235807,-0.87682515,-1.1642213,-1.1532147,-1.2486057,-1.3305442,-1.29997,-1.0908436,-0.7802111,-0.83891326,-1.0358102,-0.9318585,0.46965665,0.45620406,-0.017082449,-0.26167494,-0.25556013,-0.33505267,-0.0060757864,0.42685297,0.7301476,0.782735,1.1863127,1.3868785,1.8051317,1.4786007,1.4627022,1.4932762,1.4113379,1.5103978,1.6852814,1.6485926,1.8357059,1.5165126,1.8650569,1.5788836,1.1520697,1.2486838,1.2107719,1.1276104,0.9918616,1.1471778,0.8732342,1.0199897,0.66288465,0.6689995,-0.05744021,-0.121034265,0.13089602,-0.11369649,-0.108804636,-0.029312074,-0.12348019,0.35225222,0.15046342,0.27765152,0.06974789,-0.08801427,0.039173827,-0.24577643,-0.18829718,-0.019528376,-0.059886135,-0.16383794,-0.028089112,-0.080676496,0.31434038,0.5246899,0.46965665,0.84510607,1.0383341,1.3832097,1.3758719,1.1484008,1.3844326,1.109266,1.2144407,1.1447319,0.96128756,0.9478349,0.9943075,1.0468949,0.6787832,0.51735216,0.6396484,0.6824521,0.16024712,0.13823378,0.27031374,0.18103749,0.2262871,0.24707747,0.118666396,0.024498275,0.16024712,0.118666396,0.29966486,0.17492267,0.2788745,0.2654219,0.39383295,0.79374164,1.3220615,1.0848068,1.0945904,1.0921445,1.1153808,1.2401232,1.3550816,1.0493408,0.97963196,1.0860298,1.0309964,1.0383341,1.0542327,1.3024942,1.5593163,1.3501897,1.5825526,1.5287422,1.3465208,1.4798237,1.2009882,1.1349481,1.008983,1.0860298,1.0579016,0.9294905,1.044449,0.52713585,0.10643676,-0.084345385,0.10276788,0.44275144,0.02205235,0.17859156,2.3016546,2.5719292,2.6942255,2.5022204,1.9787924,2.027711,2.0656228,2.054616,1.9469954,1.6999569,1.6119035,1.9151983,1.631471,1.6265793,1.4101149,1.5739918,1.7611052,1.8173612,1.8002399,1.9494413,2.123102,2.121879,2.0374947,2.1120954,1.863834,2.1133184,2.0118124,1.962894,1.631471,1.6033429,1.1508467,1.3183926,1.1141579,0.99919933,1.2706971,1.8748406,2.0974197,2.0656228,2.1353316,1.9616709,2.0668457,2.120656,2.3456812,2.414167,2.3713634,2.5009975,2.4728694,2.4728694,2.6073952,2.5315714,2.6281855,2.965723,1.9873531,2.289425,2.3884847,2.5315714,2.350573,1.8540503,1.7794496,1.8063546,1.7684429,1.8821784,1.63514,1.8442665,1.7060717,1.4614793,0.8169779,0.8438831,1.1887586,0.9722942,0.96617943,0.4549811,0.5100144,0.31311744,0.51368326,0.621304,0.6567699,0.66655356,0.6359795,0.58706105,0.5638248,0.53936553,0.45253515,0.43908256,0.38527223,0.77906615,1.3147238,0.912369,0.62619585,0.92826754,0.36815074,0.19204415,0.3730426,0.34858334,0.01226865,0.25074634,0.11255158,-0.086791314,0.118666396,0.2165034,0.123558246,-0.06600095,0.35469815,0.30333373,0.19571303,0.20549673,0.07463974,0.037950862,0.05507234,0.3571441,0.5063455,0.59929067,0.48922405,0.66166174,-0.42310598,-0.4964837,-0.2898031,-0.41699117,-0.4915919,-0.70683336,-0.6689215,-0.5723074,-0.74229926,-0.9685473,-1.0688303,-1.2449368,-1.0676073,-0.99178356,-2.3896296,-1.8490802,-1.49809,-1.7035477,-1.8833232,-1.624055,-1.8038306,-1.6778655,-1.8111683,-1.4748536,-0.9673244,-1.176451,-0.8878318,-1.0688303,-0.94286513,-1.1519916,-0.8291295,-0.82179177,-1.0064591,-1.4088137,-1.527441,-1.4222664,-1.3244293,-0.814454,-0.9440881,-1.043148,-0.6725904,-1.078614,-1.1116339,-1.2204776,-1.2791797,-1.2265923,-1.1825658,-1.3525574,-1.301193,-1.7830402,-2.056984,-1.4711847,-1.855195,-1.9090054,-1.8686476,-2.1609356,-2.2881238,-2.280786,-2.442217,-2.7736397,-2.4764602,-2.2710023,-2.573074,-2.3712852,-2.4923587,-2.3615015,-2.5657363,2018-04-17
TRMK_CASH,-0.30174866,-0.10669174,-0.089700714,-0.16242228,-0.15222768,-0.059116878,-0.08358395,0.09788016,-0.021736635,-0.0067845336,0.0686556,0.18147597,0.19099094,0.20118557,0.05098494,0.16176641,0.3602215,0.30381134,0.2052634,0.1515718,0.08904483,0.05166458,0.10399693,0.0836077,-0.00066776585,0.08496699,0.3846886,0.23652688,0.53149104,0.47168264,0.52061677,0.7034402,0.7476169,0.5912994,0.4988683,0.62324256,0.2902185,0.4132335,0.37381434,0.4988683,0.6823713,0.54100597,0.52333534,0.60489225,0.37517363,0.39080536,0.50226647,0.16992208,0.24060473,-0.078826465,-0.052320473,0.12302687,0.28410175,0.053703506,-0.24058099,-0.13047917,-0.2371828,-0.5437008,-0.6728326,-0.78497326,-0.7360391,-0.827111,-0.9820692,-1.092171,-1.099647,-1.0745003,-1.0554703,-1.0017787,-0.85905415,-0.68302715,-0.62185955,-0.71972775,-0.7774973,-0.5267098,-0.7122517,-0.9263386,-0.8828416,-0.7632248,-0.68914396,-0.6837068,-0.84206307,-0.9474075,-1.1254734,-1.1580961,-1.2253805,-0.95216495,-0.85905415,-0.80264395,-0.6347727,-0.9745931,-0.8855601,-0.79244936,-0.7557487,-0.49068883,-0.5430212,-0.50088346,-0.6279763,-0.64292836,-0.49476665,-0.44855112,-0.6755512,-0.82643133,-0.62253916,-0.72856313,-0.6952607,-0.6232188,-0.5171948,-0.63545233,-0.55729365,-0.38194627,-0.21611391,-0.47777566,-0.24465884,-0.34320676,-0.09377856,-0.08630251,-0.11552707,0.1135119,-0.04212586,-0.14543127,0.2521586,0.09788016,0.10263764,0.21885623,0.06797596,0.12030831,0.31740415,0.20594305,0.2535179,0.5009072,0.45333233,-0.04212586,0.29905385,0.36294007,0.40371853,0.6388743,0.94267374,0.7374223,0.5369282,0.42342815,0.122347236,-0.00406597,0.12778436,0.10399693,0.28206283,0.2745868,0.3778922,0.49547005,0.59537727,0.56955093,0.5525599,0.5627545,0.54100597,0.2168173,0.057101704,0.16992208,-0.1807726,-0.34796426,-0.38398522,-0.39485946,-0.5681679,-0.50292236,-0.21951213,-0.21203609,-0.38806304,-0.7407966,-0.50496125,-0.520593,-0.49068883,-0.47913492,-0.45398822,-0.33437145,-0.63409305,-0.82235354,-0.9107069,-0.7802158,-1.0479944,-1.0717818,-1.126153,-1.0792578,-0.97663206,-1.319171,-1.2580032,-1.2838297,-1.3619884,-1.347716,-1.4754884,-1.2580032,-1.6800603,-1.258683,-1.1247936,-1.4455843,-1.3388807,-1.3320842,-1.5475304,-1.2933446,-1.118677,-1.3314046,-1.0439165,-0.78429365,-1.0303236,-1.2770332,-0.9718745,-0.6551619,-0.67011404,-0.56409,-0.5457397,-0.48593134,-0.83254814,-0.77477866,-0.79516786,-0.5151559,-0.84274274,-0.46214393,-0.29835048,-0.053679757,0.01972146,-0.011542019,-0.3452457,-0.46894032,-0.34660497,-0.25825167,-0.34592533,-0.5437008,-0.6966199,-0.5824403,-0.31466186,-0.30990437,-0.40777266,-0.6735122,-0.5980721,-0.7251649,-0.60554814,-0.60418886,-0.67215294,-0.59331465,-0.6809882,-0.93449426,-0.853617,-1.1682907,-1.0806171,-1.1655722,-0.82643133,-0.5246709,-0.46894032,-0.40981156,-0.33776966,-0.14747018,-0.024455195,-0.06047616,0.09380232,-0.00406597,0.07952985,0.024478944,-0.27932054,-0.26504806,-0.25621274,-0.41796726,-0.5844793,-0.59535354,-0.51243734,-0.58991635,-0.38874272,-0.3452457,-0.38874272,-0.5097188,-0.40573373,-0.5158355,-0.2704852,-0.36563492,-0.17601511,-0.29495224,-0.073389344,-0.025814477,-0.16038336,-0.012901301,-0.004745611,-0.010182737,-0.14203307,-0.3506828,-0.35679957,-0.32281753,-0.35951814,-0.36019775,-0.46826068,-0.48932958,-0.70477563,-0.6456469,-0.7156499,-0.7163296,-0.41185048,-0.4288415,-0.43971577,-0.16514085,-0.69458103,-0.9813895,-0.6293356,-0.3690331,-0.1060121,-0.12504204,-0.45806608,-0.35272172,-0.26844627,-0.12708096,0.101958014,0.33371553,0.2582754,0.3445898,0.27390712,0.12982328,0.19710772,0.10603586,0.07273345,0.19710772,-0.13319772,-0.06251509,0.16312568,0.19914664,0.20050591,0.10739514,-0.03397017,0.14545502,0.16244604,0.5111018,0.4560509,0.3778922,0.25283828,0.17060171,0.15972748,0.39216465,0.38061076,0.44857484,0.6381946,0.6463503,0.81082344,0.78227854,0.74557793,0.74829644,0.7387815,0.7979103,0.92976063,0.8808265,0.73062587,0.9073325,0.69120663,0.8420869,0.9685001,0.9161678,0.9338384,0.65178746,0.34119156,0.42954493,0.29089817,0.50362575,0.42682636,0.4662455,0.6395539,0.5743084,0.3785718,0.34119156,0.53081137,0.24876042,0.50498503,0.032634635,-0.38262594,-0.1807726,-0.023095917,-0.11212887,-0.021056991,-0.05571868,-0.11348814,-0.5199134,-0.6313745,-0.7435152,-0.609626,-0.40777266,-0.48049423,-0.47301817,-0.3554403,-0.64428765,-0.82235354,-0.7489523,-0.98954517,-0.8740063,-0.9276979,-1.1458626,-1.1798446,-1.1098416,-0.7713805,-0.82235354,-0.12979953,-0.014940223,-0.010182737,0.16312568,0.027197508,-0.12164384,0.4451766,0.4431377,0.48799402,0.43022454,0.6443114,0.7054791,0.38197002,0.45944908,0.7958714,1.1587996,0.8352905,1.1132636,1.4258984,1.8207697,2.1979704,2.003593,1.9913596,1.7494073,1.0684074,0.6490689,0.3642994,0.3330359,0.7741229,0.6395539,0.62324256,0.6144072,0.63139826,0.6789731,0.64499104,0.56887126,0.57091016,0.4927515,0.2902185,0.18759274,-0.25757203,-0.4091319,-0.20320074,-0.44855112,-0.5348655,-0.8033236,-0.7244852,-0.9086679,-0.91750324,-0.95080566,-0.89643437,-0.5437008,-0.6293356,-0.69254214,-0.66195834,1.0833595,0.8767486,0.3948832,0.045547813,-0.0061048926,-0.16446121,0.1536107,0.7231498,1.033066,0.9977247,1.3307487,1.5645452,1.8921319,1.5577487,1.3314283,1.2043355,1.1282157,1.2403566,1.2736589,1.129575,1.3151169,0.97597617,1.1737517,0.9562666,0.44993412,0.55935633,0.48867363,0.4281856,0.23244905,0.2521586,0.17060171,0.50362575,0.34051192,0.29769456,-0.2752427,-0.3486439,0.0006915159,-0.14203307,-0.3037876,-0.104652815,-0.15290731,0.3133263,0.03603284,0.24536222,-0.009503097,-0.095817484,0.011565771,-0.23990135,-0.1678594,0.0027304387,-0.015619864,-0.20999715,-0.053679757,-0.073389344,-0.06591329,0.09720053,-0.007464174,0.39420354,0.51178145,1.0677277,1.4265779,1.3022038,1.5122126,1.1153026,1.2988056,1.2342397,1.2186079,1.1431679,1.2634642,1.2328805,0.83393127,0.804027,0.98753005,0.9576259,0.20050591,-0.011542019,0.15972748,0.10535622,0.22361371,0.061179556,-0.11348814,-0.17805403,-0.1359163,-0.3255361,-0.06183544,-0.17873369,-0.21475466,-0.23786242,-0.11348814,0.32895803,0.86519474,0.7163534,0.7428594,0.5831437,0.7415001,0.80198807,0.8991767,0.5294521,0.6089701,0.33575445,0.29293707,0.13254184,0.110793345,0.25011972,0.5831437,0.32827842,0.5301317,0.594018,0.42206883,0.48051798,0.37245506,0.2732275,0.13797897,0.21409874,0.14953287,-0.009503097,0.030595714,0.063218474,-0.15154804,-0.23854208,-0.15834443,0.42546704,-0.21951213,0.015643615,2.0538867,2.2407877,2.376716,2.2190392,1.704551,1.6889193,1.7487277,1.778632,1.6596948,1.2947277,1.0813205,1.4469672,1.1778295,1.2335601,0.9277217,1.0045211,1.0874373,1.1805481,1.1737517,1.3042427,1.3300691,1.3137577,1.2349194,1.3239523,1.0840391,1.2485121,1.1859852,1.2172487,0.95694625,0.91208994,0.4669251,0.6524671,0.54916173,0.5342096,0.78023964,1.3090003,1.6590152,1.7215421,1.788147,1.6576558,1.7663984,1.8248475,2.1082578,2.1993296,2.2632158,2.3828328,2.2815664,2.244186,2.3529284,2.2611768,2.3719585,2.7804227,1.8302847,2.138162,2.1694255,2.2054462,2.0824313,2.3855512,2.234671,2.3400154,2.0158267,2.1395214,2.0477698,2.100102,1.9689314,1.5754194,1.1356918,1.1343325,1.3185152,1.2294823,1.1248175,0.71159595,0.6259611,0.48051798,0.53217065,0.9073325,1.018114,0.96034443,0.8964582,0.8074252,0.89577854,0.90053606,0.85635936,0.7999492,0.709557,1.1214193,1.646102,1.1064672,0.946072,1.2580271,0.7102366,0.57498807,0.79179347,0.8516019,0.40915567,0.4043982,0.4777994,0.39352393,0.6341168,0.87403005,0.7394612,0.567512,0.7911139,0.81558096,0.6946048,0.4927515,0.2983742,-0.032610886,-0.048922267,0.08904483,0.3826497,0.3445898,0.30041313,0.54576343,-0.40641335,-0.22834745,-0.1427127,-0.47233853,-0.20795824,-0.4369972,-0.3968984,-0.4104912,-0.44175467,-0.59535354,-1.258683,-1.1947967,-1.2029524,-1.1315901,-2.8809855,-2.237366,-1.9539557,-2.350866,-2.6138868,-2.4514527,-2.6376743,-2.4759197,-2.5459228,-2.3230007,-1.7201592,-1.9933748,-1.7962788,-1.849291,-1.5876292,-1.7364706,-1.5135484,-1.565201,-1.7371502,-1.9770634,-2.0980394,-1.9036623,-1.8730785,-1.345677,-1.317132,-1.6528747,-1.2328566,-1.6474377,-1.8268628,-2.0389109,-2.161246,-1.8744376,-1.8914287,-2.04027,-1.8506503,-2.157848,-2.3393118,-1.8730785,-2.3304765,-2.2944558,-2.2455215,-2.6662192,-2.609809,-2.7579706,-2.81574,-3.1623569,-2.9401145,-2.6016533,-2.7912729,-2.585342,-2.7477763,-2.5085425,-2.8612761,2018-04-17
WAFD_CASH,-0.76940477,-0.60869575,-0.6519888,-0.8310645,-0.751694,-0.68872225,-0.6828187,-0.5070227,-0.5877052,-0.5818016,-0.5968886,-0.45192248,-0.4722571,-0.4237164,-0.46438563,-0.4237164,-0.38304716,-0.43880337,-0.5476919,-0.57065034,-0.6034481,-0.62050295,-0.53129303,-0.38173527,-0.6027922,-0.45126653,-0.24464062,-0.33057076,-0.16067837,-0.18560466,-0.17445342,0.13909315,0.12859786,0.049883235,0.068905935,0.3503107,0.042011775,0.09120841,0.12335021,0.3129213,0.39360377,0.36539766,0.1941934,0.21387205,0.038076043,-0.05769341,0.19091362,-0.13903186,-0.15936646,-0.42830807,-0.37714356,-0.1501831,-0.10557814,-0.28465387,-0.5188299,-0.55490744,-0.6572364,-0.824505,-0.868454,-0.97931045,-0.9517603,-0.97734255,-0.9727509,-1.0508095,-1.1918399,-1.1570743,-1.1419873,-1.0796716,-1.0665525,-0.9530722,-0.75628567,-0.8225371,-0.76612496,-0.5988564,-0.7149605,-0.9812783,-0.8671421,-0.7484142,-0.68741035,-0.7411987,-0.65067685,-0.794331,-0.91043514,-1.0252273,-0.97799855,-0.62771845,-0.6578924,-0.58967304,-0.41387704,-0.7628452,-0.65986025,-0.6067279,-0.6434614,-0.31220403,-0.5116144,-0.49849528,-0.69069016,-0.5988564,-0.4656975,-0.3751757,-0.5188299,-0.6710115,-0.42961997,-0.5011191,-0.46963328,-0.35418516,-0.30105278,-0.4381474,-0.35549706,-0.18626063,0.028236717,-0.02555161,0.20075293,0.110887066,0.346375,0.34243926,0.3857323,0.53856987,0.31882486,0.29127476,0.6297476,0.2656925,0.28865093,0.3726132,0.60219747,0.932143,1.0259446,0.9787158,1.0639899,1.281767,1.1486082,0.87638676,0.9629729,0.89672136,1.0364399,1.1190902,1.3394911,1.2489693,1.2076441,1.151232,1.0023302,0.64745843,0.89803326,0.88229036,1.1177783,1.1919012,1.2706158,1.3913116,1.4477237,1.3289958,1.2627443,1.2128918,1.2706158,0.8304699,0.66910493,0.9190239,0.6802561,0.48609343,0.3227606,0.29061878,0.13778123,0.1351574,0.42246577,0.24666978,0.17910641,0.020365253,0.18501002,0.15745988,0.25322935,0.26372465,0.32144868,0.3680215,0.12203831,-0.060317233,-0.34237796,-0.10492218,-0.29121345,-0.34106603,-0.44470695,-0.39485437,-0.26366332,-0.5654027,-0.39485437,-0.4263402,-0.4368355,-0.5732742,-0.72414386,-0.6224708,-0.9812783,-0.5437562,-0.63690186,-1.1938078,-1.0521214,-1.0180118,-1.2252936,-0.9635675,-0.8428717,-1.1229646,-1.0153879,-0.95635194,-1.087543,-1.3709157,-0.97996634,-0.7497261,-0.63821375,-0.634278,-0.51227033,-0.6828187,-0.97799855,-0.88813263,-0.77662027,-0.6244387,-0.88813263,-0.5850814,-0.3607447,-0.23611322,-0.2157786,-0.19544399,-0.5654027,-0.67166746,-0.51948583,-0.49324763,-0.53457284,-0.7044652,-0.72545576,-0.61328745,-0.41059726,-0.42174852,-0.41584492,-0.7175843,-0.64411736,-0.73135936,-0.58836114,-0.5424443,-0.619847,-0.4237164,-0.57786584,-0.7858036,-0.67757106,-1.0344107,-0.8212252,-1.2351329,-0.9432329,-0.6565805,-0.39944607,-0.23873703,-0.047854085,0.12794189,0.32144868,0.17385876,0.4204979,0.40803477,0.50773996,0.419186,-0.1324723,-0.12263298,-0.059005324,-0.08589948,-0.1633022,-0.16920577,-0.03342307,-0.10295432,0.08596077,0.04135582,0.055130877,-0.1501831,0.011181882,-0.112793654,0.04791537,-0.07671611,0.02495694,-0.07737207,0.18697788,0.31160936,0.14106101,0.22961496,0.24929361,0.23420665,0.10498347,-0.13444017,-0.30170873,-0.31482783,-0.24857636,-0.3108921,-0.41978064,-0.5142382,-0.5772099,-0.5732742,-0.52670133,-0.5594991,-0.36599237,-0.32729098,-0.38829482,-0.14296758,-0.7976108,-1.028507,-0.7398868,-0.48078448,-0.33319458,-0.35943276,-0.43158785,-0.43552357,-0.41387704,-0.28203008,-0.11410555,0.12335021,0.061034475,-0.084587574,-0.10361028,-0.22233814,-0.2931813,-0.3036766,-0.24857636,-0.12263298,-0.39682224,-0.36992806,-0.36336854,-0.53129303,-0.39354247,-0.49915123,-0.5207978,-0.31023613,-0.3928865,-0.1836368,-0.15411882,-0.3167957,-0.41978064,-0.54900384,-0.60541594,-0.33188266,-0.32729098,-0.25710377,-0.121977024,-0.06359701,-0.0032491325,-0.10295432,-0.19872376,-0.32925883,-0.415189,-0.32138738,-0.20725119,-0.3384422,-0.41978064,-0.26431927,-0.4545463,-0.23676917,-0.32335526,-0.45192248,-0.41846874,-0.45520225,-0.62312675,-0.4834083,-0.55031574,-0.19282016,-0.18101297,-0.22168219,-0.0681887,-0.1396878,-0.29252535,-0.29514918,-0.0813078,-0.36599237,-0.12788062,-0.63493395,-1.0088284,-0.86779803,-0.7759643,-0.8592706,-0.83893603,-0.83040863,-0.92289823,-1.1728172,-1.1787208,-1.2023351,-1.2036471,-1.1570743,-0.9622556,-0.8671421,-0.92224234,-1.2672747,-1.6838062,-1.4351993,-1.4148647,-1.4476625,-1.3204072,-1.3512369,-1.1413313,-1.2023351,-1.220046,-1.1656016,-0.73398316,-0.9058435,-0.8297526,-0.7844917,-1.1603541,-1.527689,-1.3000726,-1.1393635,-0.83040863,-0.9478246,-0.80876213,-0.80089056,-0.8946922,-0.9071554,-0.65526855,-0.41978064,-0.5844254,-0.3384422,-0.37451974,-0.14493546,0.22174351,0.13909315,0.4716624,0.51823527,0.05119515,-0.43945932,-0.73004746,-0.92093045,-0.73332727,-0.6565805,-0.839592,-0.8559908,-1.0219475,-1.028507,-0.86648613,-1.1282122,-1.1242765,-1.1544504,-1.2987607,-1.2298853,-1.5552391,-1.7520256,-1.7375946,-1.7933508,-1.6116512,-1.8582903,-1.6759349,-1.5230973,-1.6818384,-1.5880368,-1.4371672,-1.3276225,-1.424704,-1.5736058,-1.5316247,0.19353741,0.035452224,-0.3810793,-0.63952565,-0.751694,-0.8336884,-0.3692721,0.22502327,0.37458104,0.5011804,0.99314684,1.2614324,1.6090888,1.4044307,1.3886878,1.3683531,1.3014457,1.2397859,1.2155156,1.0764531,1.3827842,1.004954,1.3611376,0.9032809,0.3450631,0.48281366,0.59629387,0.5536568,0.3385035,0.39097995,0.16992305,0.19616124,0.09907987,0.16205157,-0.049165998,-0.18560466,0.115478754,-0.05506959,0.15483606,0.19353741,0.16861114,0.5943261,0.24273407,0.6468025,0.4034431,0.27815565,0.26044488,0.07152975,0.1955053,0.4034431,0.4309932,0.64024293,0.7058384,0.6185964,0.346375,0.32669634,0.3535905,0.5812069,0.71370995,0.9452621,1.237818,1.0574304,1.1840297,0.7648744,0.9498537,0.9872432,0.93017507,0.88097847,0.902625,0.9334549,0.71174204,0.5726795,0.69075143,0.5995737,0.19353741,0.19222553,0.3181689,0.30636173,0.2014089,0.1076073,-0.15871051,-0.15477479,0.048571326,0.023645028,0.23420665,0.11613471,0.05447492,0.013805701,0.26241273,0.4546076,1.0252886,0.6855038,0.932143,0.69140744,0.65664184,0.5995737,0.73338854,0.2893069,0.15221223,0.23814239,0.41853008,0.49002916,0.3476869,0.5523449,0.51954716,0.30177003,0.48150176,0.48740533,0.2040327,0.45919928,0.30439386,0.16598731,0.07940122,0.07874526,0.07480954,-0.16723791,-0.20856309,0.08071313,-0.018336102,-0.070812516,0.02233312,0.47887793,-0.2479204,-0.123944886,2.5143068,2.764226,2.8822978,2.7399554,2.1935449,2.3135846,2.5615356,2.7268364,2.4290328,2.3188322,1.969864,2.4493673,2.2420855,2.1745222,2.0020058,1.9331306,1.8209622,1.8904934,1.780293,1.8721268,2.0085654,2.089248,1.9429698,1.8412968,1.6805879,1.8216182,1.941658,1.8845898,1.5848182,1.5716991,0.9557574,1.033816,0.8553962,0.96100503,1.2227311,1.7251928,2.0702252,2.0564501,2.0833445,2.0308678,2.0656335,2.2368379,2.511027,2.1364768,2.0243082,2.0512025,2.0492346,2.2014163,2.3850837,2.2033842,2.2342138,2.6487777,1.632047,1.9810153,2.0702252,2.0564501,1.9928225,2.1640267,2.3476942,2.6402502,2.3922992,2.4841328,2.5287378,2.5575998,2.2532365,2.0525143,1.545461,1.5146312,1.53103,1.3099731,1.356546,0.9951146,0.97478,0.7183016,1.1190902,1.0738293,1.1472962,1.0679257,0.9767479,0.8816344,0.88819396,0.9498537,0.8698272,0.9833074,0.88229036,1.107939,1.2568408,0.76028275,0.7399481,1.2227311,0.52807456,0.41787413,0.74978745,0.90590477,0.5693997,0.4546076,0.5333222,0.565464,0.8009519,0.92295957,0.60810107,0.4939649,0.6953431,0.7537232,0.8449009,0.9118083,0.70321465,0.5825189,0.6028535,0.78127325,0.9249274,0.99708253,0.8973774,1.00561,-0.31745166,-0.26366332,-0.04195049,0.0065901945,0.7642184,0.66910493,0.7084623,0.8101353,0.7720899,0.44345635,0.26831633,0.2479817,0.27815565,0.39360377,-1.6392014,-1.0678644,-0.67888296,-1.1242765,-1.4279838,-0.97996634,-1.0645846,-0.90190774,-1.0016129,-0.8271288,-0.25316805,-0.4820964,-0.40862945,-0.53326094,-0.52276564,-0.6211589,-0.43552357,-0.54113233,-0.57852185,-0.9865259,-1.2751462,-1.2088947,-1.4266719,-1.000957,-0.95504004,-1.1859363,-1.0265392,-1.352549,-1.2961367,-1.1833125,-1.2613711,-1.4916114,-1.3249987,-1.2823617,-1.1301801,-1.365668,-1.5880368,-1.0901668,-1.407649,-1.3033522,-1.2974488,-1.7598971,-1.6713432,-1.9048632,-2.0727878,-2.3220506,-2.0721316,-1.9540598,-2.6034555,-3.0862384,-3.1354353,-2.8684614,-3.1905353,2018-04-17
SNV_CATY,-0.3348704,-0.5044116,-0.477899,-0.33207962,-0.24765785,-0.24905325,-0.22463374,-0.44510707,-0.42138523,-0.3920818,-0.59022874,-0.7220942,-0.8476803,-0.8637274,-0.58883333,-0.85884345,-0.7262804,-0.73325735,-0.7702355,-0.82814467,-0.6425563,-1.0353616,-1.0828053,-0.9697778,-1.0737352,-1.213973,-1.1700178,-1.6214299,-1.805623,-2.138426,-2.305874,-2.1474962,-2.101448,-1.9905136,-1.9646987,-2.0651677,-1.8621366,-1.9974905,-2.0491204,-2.0253987,-2.1767995,-2.2905247,-2.1454031,-2.0860984,-1.6514312,-1.6674783,-1.7798082,-1.5439854,-1.3576993,-1.3318844,-1.4567728,-1.7965529,-1.9298136,-2.236104,-2.1181927,-2.0700514,-1.9249297,-1.8419034,-2.120286,-1.8712068,-2.387505,-1.8949287,-1.6116621,-1.4567728,-1.2579281,-1.2042052,-1.2390902,-0.9921043,-1.1142018,-1.1197834,-0.9669871,-1.041641,-0.9055894,-1.036757,-0.95093995,-0.7325596,-0.6913953,-0.89163536,-0.89163536,-0.7123264,-0.54208744,-0.34812674,-0.4506887,0.4158553,0.64818954,0.39492425,0.320968,0.20654514,0.27143127,0.49748623,0.3223634,0.34189904,0.4500426,0.35585305,0.2993393,-0.016719,-0.28254288,-0.32021868,-0.37673244,-0.56301844,-0.43115303,-0.17091079,-0.5532506,-0.5846471,-0.59022874,-0.8051205,-0.76744473,-0.60906667,-0.47161967,-0.42557144,-0.066953436,0.06700505,-0.26161185,-0.38022092,-0.6265092,-0.75349075,-0.6125552,-0.6886045,-0.42696685,-0.12207176,-0.29440376,-0.10044304,0.0035143122,0.307014,0.10747168,-0.3341727,-0.63627696,-0.47929436,-0.13393266,-0.5923218,-0.692093,-0.3341727,-0.53162193,-0.75349075,-0.9327997,-1.2774637,-1.7414346,-1.5677071,-1.3339775,-1.283743,-1.4121199,-1.4156084,-1.5753818,-1.6912001,-1.8251585,-1.7505046,-1.970978,-2.0672607,-2.0135376,-1.9940021,-1.984932,-1.9088826,-1.8851607,-1.5530554,-1.2865338,-1.3932819,-1.1302489,-0.90698475,-0.5295288,-0.57069314,-0.30068308,-0.4737128,-0.533715,-0.6460448,-0.23230845,-0.35649908,-0.48417827,-0.45975876,-0.5302265,-0.45696795,-0.43673465,-0.5434828,-0.21486594,0.031422332,0.50655633,0.40818056,0.56027925,0.94331676,1.3430991,1.0612282,0.8574996,1.1561154,1.0786706,1.1937913,1.331936,1.210536,1.5921782,2.2417374,2.0435903,2.2061546,2.0812662,1.7791619,1.664739,1.6514828,1.834978,1.7484632,1.571945,1.3891474,0.55539536,0.2909669,0.4465541,-0.024393706,0.6230723,0.37748176,0.4186461,0.03212003,0.10886709,0.20235893,0.5791172,0.47725293,0.15631072,0.07328435,0.27212897,0.16607852,0.05723725,0.100494675,0.03212003,-0.12276946,0.108169384,0.27282667,0.1381705,0.12700729,0.38306338,0.5637678,0.65098035,0.53167355,0.39213344,0.47864833,0.5533023,0.82959163,0.83517325,0.8658721,0.56027925,0.37748176,0.35655072,0.15979922,0.34329444,0.63004935,-0.08300055,-0.3976634,-0.44510707,-0.5923218,-0.70883787,-0.7444206,-0.72558266,-0.44371164,-0.24347165,-0.4876668,-0.46743348,-0.49255067,-0.6718597,-0.48208517,-0.41161743,-0.3488244,-0.19742341,-0.11788556,-0.26858887,0.018863723,0.10677398,0.15979922,0.16747391,0.3132933,0.2923623,0.53167355,0.5100449,0.57493097,0.47864833,0.8561042,0.5951643,0.51353335,0.29305997,0.55260456,0.2693382,0.1849164,0.3098048,0.18421872,0.07328435,0.03700393,0.055144146,-0.07951204,-0.14230508,-0.06137183,-0.08090744,-0.06834883,0.1339843,0.35934153,0.5037655,0.7933112,0.68237686,0.60214126,0.48702073,0.6370263,0.62865394,0.2895715,0.39771506,0.90424556,0.8365686,0.6042344,0.44515872,0.66493434,0.8149399,0.7988928,0.71586645,-0.23440154,-0.3251026,-0.43533927,-0.45487487,-0.5092955,-0.4765036,-0.23230845,-0.13253726,-0.26510036,0.04746944,-0.18905102,-0.057883326,-0.1743993,-0.2853337,-0.23719235,-0.1730039,-0.14579359,-0.054394826,-0.09486145,0.11235558,-0.049510922,0.10607628,-0.03137071,-0.0146258995,-0.14090969,-0.14439818,-0.16393378,0.03212003,0.013282117,-0.022998305,0.16607852,0.22259225,0.10677398,0.1256119,0.039097037,0.1751486,0.24212787,0.10119238,0.04467864,0.10119238,0.21212673,0.3439921,0.14305441,0.115844086,-0.09904765,-0.011835098,0.258175,0.5770241,0.53725517,0.52678967,0.37887716,0.36213234,0.24073246,0.03212003,0.011886718,0.25957036,0.21003364,0.10677398,0.33910823,0.32585192,0.42352998,0.50795174,0.45074034,0.41097137,0.4088783,0.10607628,0.11514639,0.07119125,0.36003923,0.24980257,0.34608522,0.4228323,0.6733067,1.0542512,1.182628,0.9949466,1.0765775,1.3137957,1.2412349,1.2879808,1.3396106,1.6040391,1.7833481,1.6835771,1.8747469,1.8628861,1.5761311,1.1358821,0.75493765,0.12142569,-0.023696007,0.19049802,0.14933372,0.23794165,-0.038347714,-0.11230396,-0.07741894,-0.13183956,-0.3369635,-0.13393266,0.011886718,0.21980144,0.17026472,0.19747503,-0.15974759,-0.3774301,-0.8100044,-0.6369747,-0.6690689,-0.52255183,-0.38650024,-0.18556252,-0.42766452,-0.43115303,-0.5002254,-0.8051205,-0.82395846,-0.75837463,-0.6537195,-0.7772125,-0.8009343,-0.8790768,-0.75418836,-0.79884124,-0.96628934,-0.39138412,-0.18835333,0.28538528,-0.03137071,-0.121374056,0.17445092,0.12142569,0.28119907,0.6279562,0.6698182,0.7040055,0.75493765,0.7437744,0.75005376,0.5051609,0.7486583,1.2691429,0.9370375,0.81005603,0.9321535,0.3021301,0.11165788,0.10956479,0.11514639,-0.29998538,-0.533715,-0.692093,-0.6055781,-0.6941861,-0.8162837,-1.1379237,-1.586545,-1.3144418,-1.607476,-1.4763083,-1.5056118,-1.2928132,-1.6507335,-1.0562928,-0.8002366,-0.692093,-0.6481379,-0.55394834,-0.4897599,-0.6460448,-1.0883869,-1.0814098,-1.2118798,-1.4714245,-1.4170038,-1.1358305,-0.8581458,-0.45627025,-0.63348615,-0.5818563,-0.46324724,-0.6125552,-0.526738,-0.7102333,-0.57487935,-0.28184518,-0.3920818,0.08095906,-0.051604025,-0.025091406,-0.11788556,-0.29579917,-0.25184405,-0.052301727,-0.22323833,0.554,0.23375545,-0.37115082,-0.45347944,-0.70604706,-0.86442506,-0.939079,-0.6934884,-0.41859445,-0.47929436,-0.41022202,-0.3271957,-0.4053381,-0.61743903,-0.7813987,-0.85395956,-0.8867515,-0.3369635,-0.104629256,-0.23021536,-0.25254175,0.31399098,0.56934935,0.5379529,0.4570196,0.437484,0.52399886,0.5728379,0.46399662,1.0130868,1.0082029,0.88610536,0.7856365,1.0130868,1.0723913,0.26026806,0.085145265,-0.39626804,-0.2853337,-0.010439697,-0.09067524,-0.08509365,-0.14788668,-0.037650015,0.059330348,0.4339955,0.65098035,0.7340067,0.8037767,1.0326225,0.95796853,1.0137845,1.0298316,0.96773624,1.3465877,1.7268343,1.389845,1.8670722,1.7910228,1.6989263,1.5489208,1.7449745,1.9124227,1.9145157,1.3089118,0.4172507,0.34468982,0.52678967,0.20375434,0.49190462,0.7235411,0.6802838,0.9977374,0.94750303,0.870756,1.0947177,0.92866504,1.3584485,1.5210128,1.6982287,1.834978,1.9849836,1.7624171,1.8412572,1.9193996,2.0324273,1.8614906,1.988472,1.7791619,1.8726537,1.7435793,1.9228883,1.7331136,2.0107985,1.9382377,1.8482342,1.7617195,1.6626458,1.5572933,1.709392,1.725439,1.7993952,1.4449635,1.3542624,1.2007682,1.2607706,1.2077452,1.0165753,0.8114514,0.8079629,0.71168023,0.6474918,0.5009747,-0.1799809,-0.20579581,0.11375099,-0.3174279,-0.43603694,0.26724505,0.279106,0.15561302,0.123518795,0.06630735,0.24701177,0.38445878,0.39283118,0.06840045,-0.024393706,-0.07044194,0.060725745,0.127705,0.18910262,-0.02927761,-0.29440376,-0.6606965,-1.0339663,-0.3781278,-0.7772125,-0.8427963,-1.0472226,-0.61743903,-0.55394834,-0.19812113,0.18142791,0.103983186,0.24631405,0.03351543,0.31538638,0.25398877,-0.1757947,-0.59441495,-0.93210196,-1.1239696,-1.2118798,-1.1316444,-1.1728086,-1.579568,-1.435144,-0.6593011,-0.80372506,-0.9816387,-0.46185187,-0.60348505,-0.79884124,-0.7904688,-0.5574368,-1.0283847,-0.95442843,-0.92163646,-1.0667583,-1.3402568,-1.076526,-0.9083802,-0.94675374,-0.8700067,-0.6579057,-0.75837463,-0.79395735,-0.5427851,-0.7772125,-0.45696795,0.013979818,-0.018812103,-0.054394826,-0.08788444,-0.23230845,-0.80651593,-0.88396066,-0.73814124,-1.0583857,-1.0074537,-1.2230431,-1.3570017,-1.2460672,-0.7897711,-0.6767436,-0.6816275,-0.04113852,-0.15207288,-0.40952435,-0.4939461,-0.5846471,0.10468089,0.3188749,0.24631405,-0.3027762,-0.19742341,0.26515198,0.36841166,0.35027143,0.39352888,0.37050477,0.79540426,0.6712137,0.4298093,0.57981485,0.65516657,0.74586755,1.0333201,0.86517435,0.8323824,0.7528446,0.56586087,0.9691317,1.064019,0.7570308,1.0779729,1.1784419,1.3361222,1.3703095,1.760324,1.518222,1.5831081,1.5168265,1.5824103,2.1928983,2.100104,2.1042902,2.2222016,2.4880257,2.7217553,2.797107,2.8933895,2.689661,2.7580357,2.9492059,2.501282,2.5536094,2.5696566,2.5675635,2.603146,2.6798933,2018-04-17
TOWN_CBSH,0.058976553,0.021595275,0.028096367,0.03243043,0.086064436,-0.13713972,-0.23465611,-0.40097573,-0.32133734,-0.41235262,-0.55808544,-0.5808393,-0.68052274,-0.71086115,-0.49415806,-0.6810644,-0.9871576,-0.7888742,-0.8202962,-0.8598445,-0.8999346,-0.9118532,-1.0391663,-1.0234554,-1.0521685,-1.0624619,-1.245576,-1.2282397,-1.5354164,-1.6047612,-1.773248,-1.7358667,-1.8507192,-1.8165885,-1.8561369,-1.9769489,-1.7553699,-1.775415,-1.3533857,-1.5012856,-1.6735646,-1.6378086,-1.6107206,-1.66598,-1.5045362,-1.6145129,-1.7889589,-1.688192,-1.52729,-1.3333406,-1.2748308,-1.263454,-1.2011518,-1.4205637,-1.4530691,-1.6757315,-1.734783,-1.6118041,-1.80467,-1.7515776,-1.7965435,-1.8171303,-1.5820075,-1.2520771,-1.1935673,-1.1464343,-1.144809,-1.1166377,-1.0299565,-1.0456674,-1.1155541,-1.0337487,-0.9952839,-1.2694132,-1.0093696,-0.8257138,-0.8457588,-0.9346071,-0.8993928,-0.8457588,-0.737949,-0.41018564,-0.09921669,0.22692144,0.54168266,0.34339932,-0.0006167906,0.06656116,0.04651613,0.61427814,0.478297,0.33906525,0.49184093,0.11261056,0.3309389,0.41978714,0.41111904,0.36994547,0.12723802,0.1570347,0.3845729,0.7226297,0.36019382,0.40461794,0.34664986,0.43170583,0.12127869,0.20525114,0.22312914,-0.041790374,0.060060073,0.12832154,0.07197873,0.09148201,0.023762306,0.048683163,0.17166215,0.10990177,0.23829836,0.9257888,1.1229886,1.1636205,1.2248391,1.0888579,1.2313402,1.1728303,0.96262836,1.1874578,1.3895334,1.2129204,1.2031687,1.1500765,0.87107134,0.77843076,0.8748636,0.82827246,0.62023747,0.549809,0.52217937,0.5601024,0.76867914,0.9095361,0.61481994,0.68416494,0.547642,0.5503508,0.67603856,0.6679122,0.639199,0.5725629,0.567687,0.5216376,0.46366954,0.5866485,0.690666,0.49563324,0.67603856,0.9729218,1.057436,0.990258,1.0915668,1.1614535,0.813645,0.74538356,0.61211115,0.988091,1.1809567,1.1728303,1.0493096,0.9610031,0.9832152,1.0292646,1.0780227,1.1831237,1.3960345,1.4729642,1.7124211,1.8852417,1.9361669,2.0472274,1.9107043,2.0179722,2.0618546,2.1274073,2.1003196,1.9318329,2.079191,1.6896671,2.0011778,1.4908421,1.3429424,1.186916,0.90845263,0.86565375,1.0379326,0.28488952,-0.08188044,-0.20215064,-0.09813318,-0.046124436,0.14078197,0.45933548,-0.049374983,-0.37713838,-0.22002864,-0.22544622,-0.32458788,-0.6160535,-0.30725163,-0.27528796,-0.43293944,-0.51095253,-0.3733461,-0.7211545,-0.9167291,-1.0315818,-1.2450342,-1.0749223,-0.9161873,-0.57108766,-0.9801147,-0.9416499,-0.8993928,-1.0147872,-0.8593027,-0.73307323,-0.8825983,-0.8078358,-0.7948336,-0.8246302,-0.6496425,-0.60955244,-0.55916893,-0.7352402,-0.57542175,-0.66210294,-0.57000417,-0.21352756,-0.3554681,0.08064686,0.08823147,0.10556771,-0.071045294,-0.4573185,-0.4860317,-0.46056908,-0.56675357,-0.65668535,-0.8956005,-0.61117774,-0.7384908,-0.7861654,-0.9822817,-0.8918082,-0.5385822,-0.4692372,-0.6187623,-0.3630527,-0.2812473,-0.4074768,-0.5288305,-0.5039097,-0.8750137,-0.8858489,-1.0283312,-0.7932083,-0.8154204,-0.7216963,-0.8972258,-0.8457588,-0.8820566,-0.81596214,-0.7709962,-0.9010181,-0.6891908,-0.8620115,-0.91293675,-0.9990762,-0.983907,-0.7444501,-0.7709962,-0.62472165,-0.60413486,-0.47411302,-0.581381,-0.5136613,-0.38418123,-0.47573832,-0.34300768,-0.5190789,-0.41289443,-0.39609993,-0.2850396,-0.65289307,-0.2872066,-0.090006806,-0.38418123,-0.50878555,-0.62526345,-0.28287256,0.048683163,-0.042332135,0.0064260596,0.0048007863,-0.13118039,-0.23682314,-0.23194732,-0.38309774,-0.07429583,-0.036914557,0.041640308,-0.008743157,0.11748638,-0.058584865,0.07089522,0.1261545,0.23342253,0.2263797,0.2209621,0.14240725,0.41220254,0.047057886,0.14078197,-0.2563264,-0.16964518,-0.17939682,-0.0049508517,-0.04720795,-0.028246433,-0.17127046,-0.12305403,-0.1528507,-0.17560452,-0.19023198,-0.30183408,-0.27041212,-0.32892194,-0.31375274,-0.45623502,-0.58517337,-0.7753303,-0.7319897,-0.60467666,-0.8013347,-0.6973172,-0.66101944,-0.5824646,-0.7011095,-0.6501843,-0.6480172,-0.6588524,-0.5353316,-0.36738673,-0.45352623,-0.30454284,-0.2975,-0.32512966,-0.38959882,-0.09813318,0.039473277,-0.07537936,0.035680976,-0.08946506,-0.011993702,0.0979831,-0.12738809,-0.24928357,-0.3159198,-0.32025385,-0.30454284,-0.28395608,-0.17343749,0.39703333,0.549809,0.4051597,0.21175224,0.15974349,0.06656116,0.17978851,0.28380597,-0.21244404,-0.017953036,0.07197873,0.048683163,0.023220548,0.20091707,0.16136877,0.1814138,0.19008192,0.21771157,-0.11601118,-0.3207956,-0.20648472,-0.7520347,-0.4946998,-0.16151883,-0.25307587,-0.046666194,-0.16964518,-0.1669364,0.09310729,0.25400934,0.15757646,0.30439276,1.4502103,1.0525601,1.1950425,1.0195129,0.64299136,0.6863319,0.4333311,0.56497824,0.73509014,0.62673855,0.8689043,0.78439003,0.76055276,0.5129695,0.43820694,0.6056101,0.5167618,0.59423316,0.58827376,0.849401,0.78601533,0.78330654,0.72425497,0.51459473,0.5519761,0.48263103,0.59098256,0.66086936,0.61156934,0.5920661,0.4295388,0.6532847,1.0866909,1.1879996,1.2237556,1.3207302,1.1273228,0.992425,0.9853822,0.9382493,0.8147285,0.7995593,1.1370744,1.1424919,0.8884075,0.72588027,0.8699878,0.9420416,0.9956756,0.8981592,0.76597035,0.5075519,0.3629026,0.30005872,0.16191052,-0.09434087,-0.14743313,0.044890855,0.009676605,-0.08783978,-0.03149698,-0.16585287,0.19441599,0.08335565,0.24154891,0.03676449,0.1570347,0.18574786,0.265928,0.19766653,0.16895337,0.3358147,0.2556346,0.373196,0.5768969,0.7751802,0.82014614,0.9089943,0.9599196,1.0693547,1.2221303,1.251927,1.1365327,1.0162624,0.9198295,0.8997845,1.0075942,0.9458339,0.9756305,1.1814985,1.3012269,1.3407751,1.5661465,1.4068696,1.6750398,1.658787,1.6804574,1.7508858,1.5926926,1.6479518,1.7920594,1.3163961,1.522264,1.1419501,0.9940503,0.7096275,0.78113955,0.76597035,0.62782216,0.688499,0.50267607,0.6224046,0.5866485,0.74484175,0.66845393,0.79793406,0.89870095,0.39920035,0.5005091,0.43224758,0.3937828,0.373196,0.49563324,0.3964916,0.46583658,0.02972164,0.44687504,0.3861982,0.37536305,0.4165366,0.35206744,0.24696648,-0.048291467,-0.03149698,0.004259029,-0.006576125,-0.1707287,-0.40314278,-0.5012009,-0.5483338,-0.53912395,-0.41181087,-0.34354943,-0.29479125,-0.09325736,-0.12630458,-0.04070686,-0.1951078,-0.24386598,-0.0076596406,0.05626777,-0.060751896,0.0584348,0.24263242,-0.74553365,-0.8598445,-0.64043266,-0.6826897,-0.57271296,-0.4936163,-0.26282752,-0.400434,-0.74282485,-0.37659663,-0.65668535,-0.35871863,-0.29154068,-0.5461668,-0.23682314,-0.04720795,-0.09650791,-0.062918924,-0.069420025,0.25671813,0.54818374,0.3260631,0.19008192,0.14186548,0.3114356,0.77138793,0.74592525,0.970213,0.8770306,0.84073293,0.80280983,0.68308145,0.66195285,0.76163626,0.68362314,0.6543682,0.46908712,0.84994274,1.0205964,1.043892,0.92091304,0.96262836,0.85265154,0.8147285,0.83206475,0.86402845,0.90140975,0.71558684,0.66845393,0.69391656,0.708544,0.82556367,0.97183824,0.84615046,0.9685877,0.8239384,0.7789725,0.9615448,1.0931919,1.1343656,0.9653371,1.1397831,1.1934172,1.3548609,1.7178385,1.7958517,1.7991023,1.7758067,1.638742,1.5043861,1.3028522,1.1961259,1.0341403,1.3207302,1.0314317,1.0904832,0.8076857,0.6689957,0.77030444,0.9003262,0.83748233,0.9561273,1.0747722,1.1663293,1.1191963,1.0866909,1.1034853,1.2492182,1.2979764,1.5433925,1.2524687,1.1852908,1.3185632,1.0959008,1.1538689,1.0503931,0.88082296,1.5574783,1.1982929,1.1831237,0.95666903,1.0910249,1.3640708,1.1229886,1.171205,1.2345908,1.1332821,1.2513852,1.2871412,1.1197381,1.0531019,0.8466922,0.8959922,0.7220879,0.59640014,0.5292222,0.40353444,0.3282301,0.26646975,0.12940505,0.24642472,0.6072354,0.50267607,0.5985672,0.58123094,0.22692144,0.012927152,0.2209621,0.21500278,0.08714795,-0.09325736,-0.49307457,-0.36521974,-0.37930542,-0.59004915,-0.5965502,-0.79916763,-0.5716294,-0.58354807,-0.9086027,-1.1182629,-1.1811068,-0.9855323,-0.9362323,-1.0586696,-0.8511764,-0.9649455,-1.2087364,-1.3923923,-1.708237,-1.7510359,-1.6887338,-1.4769065,-1.6491854,-1.4227307,-1.5262064,-1.5121207,-1.5912174,-1.5625043,-1.6361833,-1.6919843,-1.896227,-2.1963606,-2.2608297,-2.1432686,-2.3523867,-2.4672394,-2.521415,-2.3821833,-2.6070127,-2.676358,-2.4710317,-2.5902185,-2.638435,-2.5533788,-2.043585,-2.4103549,-2.144352,-2.1324334,-2.4444857,-2.061463,-2.280333,-2.289543,-2.4824085,-2.1741486,-2.2028615,-2.334509,-2.1806498,-3.6157656,-3.602222,-3.7306185,-3.588678,2018-04-17
USB_CHCO,0.23437375,0.11084417,0.39533654,0.69555086,0.8160857,1.1604711,1.0504175,0.96057785,0.9074227,1.3349099,1.2473162,1.307958,1.4254982,1.5093488,1.4943753,1.4546962,1.6388675,1.3708458,1.3064606,1.3588672,1.3176906,1.4000437,1.2907387,1.107316,0.8991874,0.73448133,1.0788667,1.020471,1.1717012,1.0841074,1.0811127,1.1215407,1.1672091,1.2368349,1.1402572,1.1297759,1.2742682,1.1754445,0.9426099,1.0174763,0.91191477,0.6708449,0.50539017,0.4731976,0.29501554,0.09886555,0.39533654,0.27030963,0.18571058,0.20966785,-0.37054682,-0.2851991,-0.23878194,-0.314397,-0.39525273,0.46346498,0.74720865,0.89095217,0.8752302,0.938118,0.8482783,1.1020753,1.2510595,1.0369416,0.9635725,1.3730918,1.3783324,1.4262469,1.2869954,1.4464608,1.581969,1.4674234,1.4734128,1.9974777,1.6081724,1.3843217,1.410525,1.6456056,1.5325572,1.7481726,1.6104184,0.96282387,0.17148596,-0.5180336,-1.0705477,-0.56819415,0.11383883,0.12506878,-0.14744493,-0.98070806,-0.8519379,-0.606376,-1.0428472,-0.77782017,-1.090013,-1.0660558,-1.1656282,-1.2352538,-0.73664355,-0.43043992,-0.58241874,-0.9065903,-0.8773925,-1.0495851,-1.1738634,-1.5369654,-1.090013,-1.6994255,-1.5407088,-1.3775,-1.2247726,-1.1993179,-0.96723217,-0.77557415,-0.7927934,-0.8564299,-0.8010287,-1.0129007,-0.95974547,-1.0615637,-1.1364303,-1.2247726,-1.1978207,-1.0638098,-0.91257966,-0.19011877,0.37811726,0.10186021,-0.07407585,-0.18712413,-0.26124185,-0.29193708,-0.2500119,-0.21108137,-0.27995846,-0.53450423,-0.42969128,-0.4566432,-0.49108174,-0.29268575,-0.28669643,-0.33161628,-0.009690737,-0.115252376,0.34143272,0.47394627,0.25533634,0.04496174,0.024747811,-0.011188065,0.054694373,0.07565697,0.4192938,0.30774283,-0.03215066,0.5285987,0.85277027,0.82357234,0.67908025,0.85277027,0.52410674,0.5443207,1.2091343,1.5497766,1.3843217,1.1417545,1.0668881,0.938118,1.2570488,1.0683855,0.82357234,1.0803641,0.79512316,0.9006847,0.5974758,0.4791869,0.09063025,-0.117498375,-0.17439683,-0.23728462,0.2792936,-0.2522579,0.29501554,-0.23054664,-0.20658937,-0.47835445,-0.4207073,-0.06958386,-0.37429014,-0.5644508,-0.33685693,-0.55546683,-0.4895844,-0.38477144,-0.9664835,-0.61610866,-0.050867263,0.0853896,-0.45888916,-0.54124224,-0.56145614,-1.3857353,-0.74937093,-0.16166955,-0.120493025,-0.5023117,-0.55696416,-0.11150906,-0.90733904,-1.2547191,-0.9515102,-1.0181413,-1.3243449,-0.9140769,-0.61985195,-0.6625258,-0.5584615,-0.78081477,-1.1731148,-1.1147189,-1.2637031,-0.90209836,-0.7927934,-0.36830083,-0.3376056,-0.6902264,-0.48584107,-0.47685713,-0.46487847,-0.41621533,-0.68348837,-0.8130073,-1.1289436,-0.77557415,-1.1124729,-1.0323659,-0.86840844,-0.905093,-0.9889434,-1.4546124,-1.3116176,-1.4104412,-1.1049863,-0.9949327,-0.9320449,-1.0316173,-1.1850933,-0.7718308,-0.3458409,-0.31140235,0.08314361,-0.09428979,-0.30915636,0.07790296,0.011271857,-0.38851476,-0.24477124,-0.37354147,-0.8511892,-0.7284082,-0.6333279,-0.6400659,-0.515039,-0.508301,-0.46338117,-0.49108174,-0.63257927,-0.79653674,-0.6692638,-0.42594796,-0.5704401,-0.56145614,-0.60937065,-0.27771246,-0.2769638,-0.29717773,-0.3226323,-0.3331136,-0.27471784,-0.5622048,-0.39525273,-0.45589453,-0.44466454,-0.46562713,-0.80327463,-0.72616225,-0.8369646,-0.9896921,-0.8249859,-0.5539695,-0.6011353,-0.5689428,-0.58391607,-0.38626873,-0.73065424,-0.8579272,-0.66327447,-0.54723155,-0.4708678,-0.45065388,-0.96049416,-0.9724728,-0.9574995,-0.5502262,-0.61985195,-0.608622,-0.8197453,-0.5247716,-0.24327391,-0.14445028,-0.051615924,0.038223762,0.04346441,0.12357147,0.16923997,-0.08904913,-0.11974436,0.019507162,0.13255543,-0.16166955,-0.2896911,-0.028407337,-0.043380618,-0.044877946,-0.0104394015,-0.086054474,-0.23878194,0.008277201,-0.08006516,0.0037852162,0.05768903,0.07116498,-0.068086535,0.079400286,-0.027658675,-0.039637297,-0.20808671,-0.25450388,-0.37354147,-0.0104394015,0.012769186,0.05319705,0.015015177,0.0936249,0.12731479,-0.17963748,-0.05910257,-0.15268558,0.0037852162,-0.10926306,-0.15268558,-0.3226323,-0.5142903,-0.4229533,-0.28145579,-0.2874451,-0.57193744,-0.59290004,-0.510547,-0.4251993,-0.48209774,-0.43418324,-0.46562713,-0.39899606,-0.27172315,0.024747811,0.19843787,0.13180676,0.032234453,-0.097284436,-0.11600104,-0.020172033,-0.2020974,-0.1002791,0.041967086,0.14378539,0.456727,0.32795677,-0.2792098,-0.65354186,-0.3982474,-0.16017222,-0.09953043,-0.102525085,-0.47685713,-0.26573384,-0.27247182,-0.27771246,-0.022418026,0.23212777,0.36538997,0.17448062,-0.9837027,-0.29268575,-0.016428713,-0.6505472,-0.23204397,-0.044129286,-0.026910009,-0.5315096,-0.50979835,-0.47685713,-0.43792656,-0.48209774,-0.17364816,0.13255543,-0.040385965,-0.38552007,-0.5337556,-0.45289987,-1.0406013,-0.9470182,-0.6707611,-0.7179269,-0.7119376,-0.8946118,-0.7246649,-0.7119376,-0.53076094,-0.7418842,-0.7284082,-0.55621547,-0.81150997,-0.85044056,-1.0623125,-1.000922,-0.8511892,-0.7883014,-1.1162163,-0.8579272,-0.51354164,-0.608622,-0.47011915,-0.2896911,-0.27621514,-0.49707103,-0.5726861,-0.7628469,-1.0039166,-0.6587825,-0.5547182,-0.24776591,0.1520207,0.33394608,0.73073804,0.5420747,0.7891338,0.9104173,1.1200434,0.9755511,0.84079164,0.826567,1.0496689,1.0945888,1.1492412,1.394803,1.653841,1.6036804,1.6283863,1.7399372,1.8237877,1.8634669,1.6770495,1.7511672,1.9113814,1.9750178,1.8829322,1.8499908,1.791595,1.7466751,1.9884937,2.0416489,2.1479592,1.9735204,1.9525579,1.987745,1.7421832,1.5617552,1.5759798,1.9300979,1.981007,1.5976912,1.5003647,1.30122,1.4262469,1.0698829,0.49116555,0.1939459,0.5592939,0.46121898,0.47469494,0.4402564,0.3331974,0.15501535,-0.12648234,0.09437357,0.15351802,-0.026910009,-0.49482507,-1.081029,-1.319853,-1.6455216,-2.411405,-2.1875544,-2.4660575,-2.1179287,-2.4196405,-2.174827,-1.950228,-1.5706553,-1.471083,-1.6223131,-1.5788906,-1.5908692,-1.270441,-1.1154677,-1.1551468,-1.0248792,-0.9470182,-1.0323659,-0.8818844,-0.33086762,-0.33910292,-0.1938621,-0.01193673,0.15726134,0.06592433,0.06966766,0.13555008,0.1999352,0.0052825445,0.11833082,0.2920209,0.18645924,-0.13396898,-0.15193692,0.08389228,0.13180676,0.03148579,-0.2440226,-0.13097432,0.08913292,0.28228825,0.3436787,-0.18712413,-0.33910292,-0.25150922,0.04720773,0.0374751,-0.42969128,0.008277201,-0.092792444,0.40506917,0.22164647,-0.004450089,0.18496192,-0.13846096,-0.15418291,0.08014895,0.19095124,0.12057681,-0.2694772,0.018758498,0.24859837,0.28228825,-0.31814033,-0.11225773,0.042715747,0.03897243,0.40282315,0.49266285,0.5271014,0.8063531,0.79287714,0.8931981,1.1672091,1.1589738,1.5572631,1.4816481,1.6613276,1.6328783,1.7436806,1.7564079,1.8155522,1.6141616,1.4427176,1.3319153,1.1559792,0.97779715,0.9478506,0.84079164,0.5697752,0.58849186,0.3144808,0.4192938,0.42752907,0.4125558,0.26357165,0.12881212,0.09137891,0.05768903,0.25458768,0.28228825,0.19095124,0.03373178,0.4941602,0.36538997,0.356406,0.07041632,-0.077070504,-0.11375505,-0.56370217,-0.94252616,-0.994184,-1.4261632,-1.375254,-1.2659491,-1.0982484,-0.9357882,-1.201564,-1.3146123,-1.1656282,-1.2060559,-1.0757885,-1.1985693,-1.1469115,-1.4411365,-0.89610904,-0.7620982,-0.49108174,-0.47985175,-0.49931702,-0.57867545,-0.7388895,-0.26573384,-0.1377123,0.16699398,0.11833082,0.16474798,0.48442757,0.26207432,0.16175334,0.0853896,-0.17065352,-0.41995862,-0.55172354,-0.5914027,-0.72616225,-0.7673388,-1.0368578,-1.3206016,-1.0683018,-0.9777134,-1.0406013,-0.9717241,-0.8609218,0.11383883,0.38260922,0.64539033,0.6326631,0.5899892,0.8902035,1.410525,1.5879585,1.5370493,1.0099896,0.9972624,0.4687056,0.50913346,0.7105241,0.650631,0.732984,0.72474873,0.4776896,0.46196762,0.4836789,0.6124491,1.1005781,1.3790811,1.7998304,1.8237877,1.9705257,2.135232,2.1299913,1.8597234,1.8904188,2.332879,1.5565145,1.9615418,1.7376913,2.4054997,2.4264622,2.6825054,2.9175858,2.6847513,2.6023984,2.3433607,2.3096707,2.311168,2.0626116,1.7272099,1.7152313,1.4913807,0.70603216,0.7614332,0.86699486,0.7823958,1.0721289,0.8348023,1.0489203,1.1125566,0.8100964,0.35341135,0.7823958,0.82207507,0.6805775,0.9942677,0.16250199,-0.26498517,-0.18412948,-0.318889,-1.0413499,-0.60412997,-0.1459476,-0.5419909,-0.98520005,-1.1529008,-1.3370721,-1.4793183,-1.8716183,-1.827447,-1.885094,-2.3874476,-2.6375015,-1.7024201,-2.311084,-2.3874476,-1.7593186,-2.0887308,-2.1291587,-2.2564316,-2.2362177,-2.2362177,-1.9973938,-2.219747,-2.547662,-2.4054158,-2.3837044,-2.3994265,-2.5064855,2018-04-17
UCBI_CVBF,0.74950063,0.63210356,0.5569694,0.67248815,0.6593397,0.63586026,0.5466385,0.5381859,0.47620022,0.4358156,0.3418979,0.3146618,0.25925034,0.113677956,0.36913407,0.12964396,0.48747033,0.37195158,0.3278103,0.32123604,0.25643283,0.2498586,0.14936668,0.27333802,0.35222888,0.14373161,0.0347871,0.1559409,0.019760272,-0.19906792,-0.42071366,-0.68650067,-0.8339515,-0.75224304,-0.14741321,-0.4272879,-0.24039172,-0.26199278,0.045118045,0.008490151,-0.0178068,0.022577802,0.05826652,0.06296241,0.24516271,0.35316804,0.35692474,0.571057,0.4207888,0.5898406,0.43299806,0.09771195,0.13621819,-0.07227905,0.059205703,0.14560997,0.031969573,0.15500174,0.32029685,0.5128281,0.5522735,0.37664744,0.37289077,0.31184426,0.34001955,0.16345432,0.27239883,0.10616454,0.18129869,0.21604823,0.20853482,0.22919671,0.15312338,0.18317704,0.1643935,0.115556315,0.257372,0.29681745,0.29869577,0.37289077,0.4480249,0.5316116,0.68375826,0.87535036,0.97114635,0.95142365,0.70535934,0.7908245,0.6997243,0.8189997,0.8490534,0.8462359,0.873472,0.78894603,0.5353683,0.41045782,0.56823957,0.5588478,0.49404457,0.46305174,0.5438209,0.57669216,0.44145066,0.49780124,0.5889014,0.5428818,0.581388,0.8321482,0.8697153,0.9486061,1.0932393,0.8697153,0.73259544,0.62834686,0.60017157,0.44238982,0.3099659,0.34847215,0.42266712,0.50531465,0.63398194,0.61238086,0.53349,0.30714837,0.26112872,0.20665646,-0.17652768,0.18693374,0.0028550897,-0.6451769,-0.3615455,-0.28735054,-0.18122357,-0.39911258,-0.30049902,-0.15023072,-0.5071179,-0.23381746,-0.31928256,-0.42447034,-0.0948193,0.010368505,-0.36060634,-0.30895162,-0.35215375,-0.40474764,-0.53247565,-0.5399891,-0.72782445,-0.8123504,-0.8151679,-0.90626806,-0.64329857,-0.68837905,-0.71279764,-1.0950427,-0.85930926,-0.75224304,-0.54092824,-0.48927358,-0.26856703,-0.41601774,-0.68180484,-0.76257396,-0.5428066,-0.8733969,-0.6367243,-0.5634686,-0.6611429,-0.61606246,-0.5653469,-0.6235758,-0.47800344,-0.30519488,-0.13708225,-0.23757416,-0.13614307,0.20196058,0.18411621,0.17378527,0.28554732,0.5748138,0.36255983,0.48747033,0.3991877,0.36819485,0.4527208,0.69690675,0.58514476,0.19914304,0.36819485,0.38134333,0.3672557,0.5954757,0.4893487,0.45741665,0.24046683,0.3109051,-0.10327189,-0.21972981,0.23013589,-0.21691228,-0.06006976,-0.4554632,-0.46391577,-1.1992912,-0.88091034,-0.70810175,-0.48927358,-0.7156152,-0.68650067,-0.86776185,-0.5230839,-0.4977261,-0.6047923,-0.66020375,-0.92411244,-0.91565984,-0.6207583,-0.64329857,-0.95228785,-1.4500515,-1.389005,-1.6144074,-1.2997831,-1.2941482,-1.6303734,-1.4697742,-1.3458028,-1.3392286,-1.4397205,-1.6857848,-1.5345774,-1.6266167,-1.7205344,-1.8529584,-1.9487543,-1.3551946,-1.4096669,-1.2547027,-1.1288531,-1.0631106,-0.95980114,-1.1739335,-1.1204004,-1.0612323,-1.0978602,-1.1720551,-1.1955346,-0.76069564,-0.55407673,-0.39159918,-0.46579412,-0.39159918,-0.23569581,-0.16619673,-0.18685862,-0.2000071,0.23107506,0.28742567,0.19256881,0.26018956,0.113677956,0.22919671,0.29587826,0.38228253,0.19256881,0.30433086,-0.15586579,-0.080731645,-0.29392478,-0.080731645,-0.40756515,-0.2535402,-0.32679597,-0.35966715,-0.5907047,-0.63954186,-0.5972789,-0.7390946,-0.8001411,-0.96637547,-1.0659282,-0.88936293,-0.7682091,-0.7663307,-0.6498728,-0.61136657,-0.5784953,-0.46109825,-0.6216975,-0.41038272,-0.3530929,-0.6057315,-0.63296765,-0.3671806,-0.50617874,-0.5240231,-0.71749353,-0.7428513,-0.3737548,-0.41132188,-0.42822707,-0.5202664,-0.7766617,-1.1279138,-1.1560891,-1.0678065,-1.0480839,-0.90626806,-0.9090856,-0.9090856,-0.31834337,-0.37281564,-0.30519488,-0.2319391,-0.1755885,-0.09763683,-0.13896061,-0.11829872,-0.08167082,-0.2610536,-0.28265464,-0.4723684,-0.38314658,-0.30519488,-0.30237737,-0.33243102,-0.23569581,-0.3343094,-0.40568683,-0.46579412,-0.5597118,-0.53247565,-0.37281564,-0.528719,-0.41601774,-0.46391577,-0.3709373,-0.2610536,-0.2000071,-0.25072265,-0.19437204,-0.1755885,-0.003719148,0.07892841,0.10146866,0.26300707,0.41703206,0.4517816,0.4639909,0.55415183,0.35692474,0.1728461,0.028212862,0.070475824,-0.023441862,-0.019685155,-0.02062433,-0.107028596,-0.086366706,-0.038468692,0.06296241,0.17566364,-0.06476564,-0.046921283,0.021638626,0.0037942668,0.1202522,-0.014050093,0.28742567,0.5071931,0.4358156,0.5719963,0.4602342,0.2864865,0.63210356,0.7842502,0.85562766,1.0613073,1.096996,1.1664951,1.239751,1.3693572,1.5881854,1.3778099,1.2463251,1.2528994,1.1289281,1.2500818,0.9795989,0.4686868,0.30057412,-0.25072265,-0.26011443,-0.14365649,0.61989427,0.11837384,-0.05725223,0.35786393,0.26488543,0.35410723,0.7560749,1.0199835,1.361844,1.1364415,1.495207,1.5787938,1.4482481,1.3073716,1.0030783,1.0725774,1.22942,1.4482481,1.3965935,0.89601225,0.9842948,0.71944696,0.88568133,0.7391697,0.63210356,0.7025418,0.783311,0.8941339,0.8537493,0.90634316,0.8490534,0.44238982,0.8265132,0.6151984,0.30902672,0.42266712,0.35974225,0.26300707,0.209474,0.30808756,0.24328436,-0.20094627,-0.5212056,-0.41320023,-0.512753,-0.42822707,-0.28265464,-0.016867623,-0.20658134,-0.022502685,0.053570636,0.26112872,0.06765829,0.2010214,0.27521637,0.4564775,0.23577093,0.12213054,-0.34370115,-0.5155705,-0.61136657,-0.4423147,-0.3249176,-0.29110724,-0.24790512,-0.3897208,-0.43010542,-0.5775562,-0.8142287,-1.2340409,-0.8884237,-0.6301501,-0.5869479,-0.4686117,-0.4958478,-0.29016805,-0.2648103,-0.09106259,-0.40005177,-0.42165282,-0.6545687,-0.7343987,-0.19906792,-0.043164574,0.26300707,0.20289975,0.21886575,0.3390804,0.3418979,0.23764929,0.29963496,0.21135233,0.20008223,0.17472446,0.28554732,0.42548466,0.34001955,0.47713938,0.38791758,0.45553833,0.46211258,0.49686208,0.5616653,0.84341836,0.7222645,0.48465276,0.5034363,0.5485168,0.23201422,0.59359735,0.4508424,0.5269157,0.30808756,0.41891044,0.35410723,0.38603926,0.12682644,0.3099659,0.42548466,0.60862416,0.78894603,0.87722874,0.89037716,0.7523182,0.8969514,0.73165625,0.937336,0.8189997,1.01247,0.97020715,0.8302699,0.86314106,0.5889014,0.47713938,0.3418979,0.34847215,0.29681745,0.1521842,-0.08730588,-0.39159918,-0.236635,0.089259356,0.17002855,0.16627187,0.41703206,-0.014050093,-0.036590338,0.119313024,0.028212862,-0.24320923,-0.24790512,-0.17652768,-0.101393536,-0.27795878,-0.15868331,-0.3568496,0.13527901,-0.16056168,-0.2037638,-0.47612512,-0.42071366,-0.4348013,-0.20564216,0.18411621,0.4611734,0.6151984,0.49686208,0.9645721,1.3853233,1.0857259,0.8020945,1.3299118,1.0256186,0.6499479,0.70911604,0.65746135,0.7288388,0.92418754,0.5691787,0.4395723,0.24516271,0.19256881,0.06202323,0.15781927,0.17096774,0.031969573,0.3221752,0.37101242,0.38228253,0.39261347,0.3146618,0.41891044,0.38885677,0.39824852,0.37758666,0.27052048,0.38228253,0.32405356,0.20008223,0.36913407,0.2489194,0.06765829,-0.07415741,-0.11454201,0.024456156,-0.32303926,-0.3493362,-0.3211609,-0.40380847,-0.3812682,-0.5728603,-0.91847736,-1.2950872,-1.5834146,-1.3805524,-1.4735309,-1.4547474,-1.7214736,-1.7477704,-1.6313126,-1.0987993,-1.3279586,-1.3420461,-1.3758565,-1.3937008,-1.3711606,-1.1636025,-1.4199978,-1.2819388,-1.3288976,-1.3486204,-1.9252748,-1.7073859,-1.9515718,-1.8698636,-1.4387813,-2.1995144,-2.351661,-2.2699528,-2.4502747,-2.500051,-2.610874,-2.5770636,-2.6024213,-2.3093982,-2.382654,-2.1347113,-1.8557758,-2.1084142,-2.1713393,-2.2286289,-1.9233966,-1.8013036,-1.9440583,-2.0774214,-1.9487543,-2.123441,-2.0839958,-2.2436557,-2.350722,-2.2145414,-2.324425,-2.244595,-1.8736203,-1.9750512,-2.049246,-1.8820727,-2.02201,-1.9957131,-1.8698636,-1.6961159,-1.6360085,-1.7581015,-1.8445058,-1.6407044,-1.7271086,-1.7966077,-1.7534056,-1.787216,-1.713021,-1.3983967,-1.4199978,-1.457565,-1.2547027,-1.4772875,-1.3176275,-0.40286928,-0.48082098,-0.236635,-0.13896061,-0.02062433,-0.30049902,-0.043164574,-0.21503393,-0.14459567,0.2010214,0.44614655,1.7966827,1.6116649,1.5825504,1.6971301,1.6623805,1.5844288,1.7140353,1.7206094,1.8915397,1.9507078,1.8164054,1.6745898,1.5280782,1.5224432,1.8812088,1.7403321,1.5618886,1.495207,1.4416739,1.7102785,1.9197149,1.7253053,1.1993662,1.4989637,1.3486954,1.4444914,1.282953,1.2059406,1.2237849,1.6727114,1.9685522,1.9751264,1.9262893,1.9817005,2.1394825,2.2033465,2.2211907,2.4306273,2.4738295,2.6081316,2.3780334,2.4813428,2.3273177,2.5329976,2.6701171,2.8081763,2.5921657,2.594983,2.6363068,2.6560297,3.0185518,2.987559,2.8250813,3.0570583,2.9781673,2.9565663,2.8476217,2018-04-17
EFSC_DCOM,-0.16893066,-0.063145354,0.013325958,-0.01280174,0.2720539,0.03690461,0.1767834,0.1611705,0.016830893,0.16658722,0.17009215,0.23987223,0.22585247,0.05697833,0.28225008,0.27683336,0.37178525,0.3756088,0.3223975,0.51803666,0.6579154,0.3641381,0.46896753,0.40556008,0.58335584,0.7296072,0.6244592,0.61904246,0.71813655,0.64803785,0.6528173,0.5432084,0.42945737,0.44379574,0.26950487,0.055703808,0.18666095,0.15957734,-1.075753,-0.9208986,-0.7246222,-0.6984945,-0.14280297,-0.36456978,-0.25942174,-0.29160342,-0.48533073,-0.46908057,-0.19569564,-0.10998403,0.020973088,-0.13706763,-0.1316509,-0.10456732,-0.0981947,-0.18836713,-0.2852308,-0.49042884,-0.26738748,-0.3690306,-0.23424992,0.027027069,0.30837777,-0.18486218,-0.14949422,-0.10616047,0.031169264,0.5126199,-0.16956793,-0.54810095,-0.68160707,-0.4808699,-0.5248409,-0.2810886,-0.4308449,-0.33079493,-0.32123604,-0.6197928,-0.65420485,-0.52420366,-0.39866325,-0.14885695,-0.2371176,-0.13419995,-0.10775362,-0.13866077,0.12739567,0.21501905,0.14746939,0.20992096,0.11178278,0.45590368,0.37082937,-0.18071999,-0.0013310445,-0.1587345,-0.117312536,-0.045302052,-0.22819595,0.14077815,0.37911376,0.46482533,0.007271978,0.031806525,0.037541874,0.050287094,0.076096155,0.3545792,0.36573127,0.3188926,0.6082091,0.43742314,0.45622233,0.28416187,0.241784,-0.16383258,-0.31358892,-0.3374862,-0.14853832,0.16403817,-0.10042512,-0.05677275,-0.110621296,-0.0908662,-0.1399353,-0.3671188,0.13281238,0.13631733,-0.05486097,-0.6290331,-0.5382234,-0.05199329,-0.55128723,-0.6440087,-0.5876111,-0.5289831,-0.87023634,-0.952443,-1.1009247,-0.89636403,-1.514507,-1.7318131,-1.9628202,-1.7850245,-1.8605399,-1.9503936,-1.7964951,-1.6699989,-1.6540673,-1.6668125,-1.6155131,-1.7101463,-1.6132827,-1.3290642,-0.98335016,-1.1034739,-0.8861678,-0.7641324,-0.6306262,-0.71347016,-0.8068289,-0.8182996,-1.354236,-1.3204612,-1.3115396,-1.5476447,-1.6824255,-1.7047296,-1.4934775,-1.362839,-1.2181808,-1.2733039,-1.0993316,-1.0789393,-0.5962142,-0.5649884,-0.7902601,-0.8116083,-0.5602089,-0.7370488,-0.6245723,-0.015669415,-0.066650294,0.3408781,0.16499406,0.2701421,0.40556008,0.517718,0.5804882,0.45940864,0.4049228,0.18156284,-0.26260802,0.16340092,0.329726,0.28288734,0.09999345,0.11178278,-0.18263179,-0.2173625,-0.19187206,-0.17562191,-0.4225605,-0.5978073,-0.6554794,-0.5614834,-0.8288144,-0.5834689,-0.33907935,-0.2791768,-0.25655404,-0.17371014,-0.1211361,-0.103930056,-0.14853832,-0.4088594,-0.18677399,-0.09915059,-0.21067126,-0.24890693,-0.24189705,-0.5876111,-0.5958955,-0.49170333,-0.41236436,-0.29606423,-0.64273417,-0.7064603,-0.7462891,-0.8973199,-1.0961454,-1.1458517,-1.3564664,-1.498257,-1.5470074,-1.3813196,-1.4788204,-1.533625,-1.5517869,-1.3825942,-1.1828128,-1.5517869,-1.6996315,-2.1801262,-2.0823066,-1.794902,-1.368893,-1.3911972,-1.6018119,-1.6078659,-1.9150257,-1.6575723,-1.9392415,-1.7977697,-1.5470074,-1.4307072,-1.245583,-0.68989146,-0.7485195,-0.9514871,-1.1311947,-1.0435714,-1.1694304,-0.99418354,-1.0203112,-0.7784708,-0.87310404,-0.6835189,-0.6774649,-0.6733227,-0.671411,-0.70837206,-1.2943335,-1.1375673,-0.8552607,-0.7689119,-0.8762903,-1.017125,-1.1413909,-1.0461204,-1.2647009,-1.0199927,-1.2984756,-0.94607043,-0.9056043,-0.858447,-0.82116723,-0.7934464,-0.8202113,-0.52707136,-0.603224,-0.69562685,-0.6347684,-0.7641324,-0.29351518,0.120385796,-0.05071877,-0.056135487,-0.09532703,-0.14662653,0.058252852,-0.029051894,-0.048488356,-0.05071877,-0.36456978,-0.51082116,-0.7969513,-0.9323693,-1.172298,-1.1439399,-1.3300201,-1.1914159,-1.2108523,-1.1433027,-1.222323,-1.0824443,-1.186955,-0.9046484,-0.27312282,-0.09373388,-0.019492982,-0.14216572,-0.10042512,-0.26802474,-0.49488965,-0.39069745,-0.3996191,-0.4486882,-0.60704756,-0.55033135,-0.64305276,-0.6752345,-0.6303076,-0.7692305,-0.64209694,-0.5790081,-0.879158,-0.28937298,-0.34035385,-0.31804973,-0.27152967,-0.20334277,0.053154763,0.10413564,0.005997456,-0.017581198,0.08087562,0.03499283,0.0671745,0.2752402,0.15607241,0.09616988,0.29435804,0.26823035,0.5209043,0.72897005,0.77612734,0.70762175,0.67384696,0.5304632,0.6630135,0.7818627,0.7073031,0.71718067,0.6757587,0.8796822,0.946276,0.91759926,0.8780891,1.1336308,1.3448827,1.342971,1.3330934,1.4376042,1.3279953,1.4940017,1.3120638,1.3961822,1.6001056,1.5201294,1.9187361,1.9582464,1.4478004,1.8900595,1.9630257,2.0927083,2.0018988,1.7415776,1.5803506,1.7199107,1.5685612,1.1846116,0.9204669,0.9026236,1.060027,0.9650752,0.69806284,0.78026944,0.5355613,0.53587997,0.27046075,-0.0134390015,0.04295859,-0.15395504,-0.42606547,-0.7478822,-0.31135848,-0.7756031,-1.1139886,-1.3414909,-1.5450957,-1.594802,-1.6193365,-2.1170373,-2.0160315,-1.9883106,-2.3961577,-2.2830439,-2.5937088,-2.2871861,-2.1227727,-2.0058353,-1.6993129,-1.8751969,-1.7397789,-1.6881607,-1.6655381,-1.920761,-1.7557105,-1.7725979,-1.427521,-1.6993129,-1.8924029,-1.6193365,-1.8289953,-1.2936962,-1.5858804,-1.7273523,-1.8238974,-1.7512496,-1.8806136,-1.2707548,-1.0142573,-1.0588655,-1.0375173,-1.0027866,-1.0779834,-0.99673265,-1.0827628,-0.6401852,-0.55033135,-0.48214442,-0.53758615,-0.30498588,-0.43530577,-0.24412745,0.040728178,0.11911128,-0.19760741,-0.16478848,-0.051037397,-0.1252783,-0.15905313,-0.2896916,-0.10169964,-0.2549609,-0.091822095,-0.24412745,0.045507636,0.0117328055,0.13568006,0.061439157,-0.057410013,-0.024591068,-0.065057136,0.086292334,-0.052311923,-0.2865053,-0.2412598,-0.17562191,0.3223975,0.09967481,-0.17466602,-0.16351396,-0.1880485,-0.07939551,-0.4203301,-0.12081747,0.08215014,0.11178278,0.71654344,0.47310972,0.5699734,0.82710814,0.9112266,0.47310972,0.8487751,0.70156777,0.8200983,0.98355573,0.6939206,0.40587872,-0.035424504,-1.0665127,-1.0228603,-0.6707737,-0.9409723,-0.948938,-0.9537175,-1.1002876,-1.0951895,-1.1280084,-0.9301388,-0.8061916,-0.6191555,-0.15905313,-0.18103863,-0.2896916,-0.53153217,-0.39993775,-0.31518206,-0.09532703,-0.03892944,-0.09532703,-0.022042025,0.10286113,-0.03797355,0.12643978,0.2115141,-0.0656944,0.0024925212,-0.09532703,-0.021086134,0.09776304,0.3233534,0.02893885,0.17455298,-0.15427367,0.35935867,0.26026458,0.31857395,0.57602733,0.6579154,1.0597085,0.9606144,0.73215634,0.80703443,0.70825905,0.49190894,0.35043702,0.41957983,0.15639104,0.49190894,0.5836745,0.2940394,0.40842772,0.43614858,0.3233534,0.12548389,0.29563254,0.1758275,0.21055822,0.26695582,0.42117298,0.4718352,0.57793915,0.012688696,0.31506902,1.1862048,0.8130885,0.55181146,0.6588713,0.9485064,0.7735782,0.47438425,0.66651845,0.72387195,0.8921088,1.1374543,1.1501994,0.80894625,0.799706,0.66142035,0.9918401,1.2075529,1.1948078,1.1215228,1.0186051,0.9058099,0.9504182,1.0482377,1.0820125,1.1106893,1.0641692,0.95647216,1.2253963,1.2024548,1.2330433,1.1173805,1.1839744,1.1415964,1.0918901,1.0504681,1.1862048,1.2250776,1.235911,1.0985813,1.0460073,0.7840931,0.8302945,0.63752306,0.2985002,0.003767043,0.40810913,0.20163657,0.16690585,0.2835246,0.16690585,0.3055101,0.18570505,0.17136668,0.23636729,0.25803417,0.061120525,0.038497765,0.32813287,0.07195396,0.26886758,0.25134292,0.30264243,0.13950363,0.41480038,0.2083278,-0.7150633,-0.1463079,-0.19187206,0.22967605,-0.18772987,-0.08226318,-0.0950084,0.41511896,0.6260524,0.78441167,0.70507276,0.56774294,0.3628636,0.3905844,0.29467666,0.24337716,0.19175902,0.24146539,0.24656346,0.23063193,0.12962608,-0.47768357,-0.10520458,-0.08162592,-0.10265553,-0.13133228,-0.017581198,-0.015669415,0.22202893,0.56838024,0.4966884,0.35266742,0.13759185,-0.03924807,-0.48437482,-0.29510835,-0.17753369,0.285755,0.120385796,0.115606345,0.55690956,0.5342868,0.48171273,0.5240906,0.2519802,0.4718352,0.45590368,0.35712826,0.5686989,0.54002213,0.5887726,0.26759306,-0.24317157,-0.16287668,0.060164634,0.55467916,0.4683303,0.70825905,0.8548291,1.5437081,1.4535357,1.3477504,1.617949,1.8919712,1.9929771,2.4511676,2.0235655,2.5247712,2.5219038,2.445751,2.54835,2.380432,2.434599,2.3466568,2.117243,1.8728533,1.7125822,1.7896909,2.123297,2.2160184,2.1449637,2.0866544,2.011139,2.0633943,2.2497933,1.9512365,1.8887849,1.886236,1.6306943,1.7463571,1.549762,1.4873106,1.5994685,1.6921899,1.6727535,1.4955949,1.5707916,1.8132695,1.8757211,1.9512365,2.201043,1.7868232,1.8795447,1.7775829,1.8932457,2.1554785,2.23195,2.2300382,2.330407,2.273372,2.3297694,2.372466,2.4062407,2.5477126,2.61112,2.7694798,3.0170553,2018-04-17
TOWN_EFSC,0.060681574,0.06281197,0.23803724,0.12565874,0.014345406,-0.06607714,-0.1480975,-0.19017287,-0.18165126,-0.23224823,-0.284443,-0.2961602,-0.30947518,-0.33077917,-0.36433297,-0.40161493,-0.48896125,-0.4372991,-0.47617888,-0.4633965,-0.4687225,-0.44688588,-0.4649943,-0.40960392,-0.4799071,-0.4388969,-0.47617888,-0.4681899,-0.51772165,-0.5645904,-0.5816336,-0.60027456,-0.55127543,-0.51026523,-0.5826988,-0.5470146,-0.50813484,-0.50706965,-0.43357092,-0.40374532,-0.4772441,-0.565123,-0.54381907,-0.54914504,-0.53263444,-0.65193677,-0.72969633,-0.7238377,-0.5885574,-0.48150486,-0.56831867,-0.5390256,-0.4692551,-0.47617888,-0.49641767,-0.4697877,-0.45913568,-0.49588507,-0.47458106,-0.48683086,-0.47138548,-0.6759038,-0.5960138,-0.6119918,-0.51186305,-0.53423226,-0.4628639,-0.46712467,-0.41812554,-0.34249637,-0.29935578,-0.42664713,-0.39256072,-0.5017437,-0.50121105,-0.4756463,-0.42238632,-0.33557257,-0.2716606,-0.30841,-0.38510433,-0.31107298,-0.2934972,-0.3179968,-0.2567478,-0.037316762,-0.075131334,-0.12146751,-0.08684853,-0.1353151,-0.1326521,-0.16886888,-0.11401111,-0.015480175,-0.019740973,0.15228872,0.12885433,0.038312387,-0.020273572,0.0212692,-0.07459874,-0.04211016,0.0036934123,-0.061816342,-0.030392965,-0.044773154,0.006889011,-0.1369129,-0.1395759,-0.22745484,-0.22159626,-0.20828126,-0.020806171,0.11607194,0.276917,0.35094836,0.27425402,0.1869077,0.06387717,-0.06607714,0.1570821,0.1506909,0.15601692,0.11181114,0.009019409,-0.07033794,-0.56831867,-0.18591207,-0.1518257,0.15601692,0.06600757,-0.05329475,-0.22798744,-0.35847434,-0.37391976,-0.16727109,-0.13424991,-0.2743236,-0.32758358,-0.41439733,0.12406093,0.20927687,0.072931364,-0.069272734,-0.08951153,-0.07672913,0.056420777,0.015410604,0.03298639,0.02553,0.04097539,0.09796355,0.07932256,-0.06980534,-0.16460808,-0.101228714,-0.17845568,-0.2503566,-0.10761992,-0.09430493,-0.19177067,-0.18857507,-0.26633462,-0.34196377,-0.77976066,-0.7408809,-0.45008153,-0.34036598,-0.3073448,-0.47351587,-0.4538097,-0.33450738,-0.37605014,-0.28710598,-0.33024657,-0.2865734,-0.30947518,-0.16407548,-0.2929646,-0.23597643,-0.15342349,-0.22425924,-0.024534369,-0.10495692,-0.038381957,-0.2833778,-0.3195946,-0.50387406,-0.5470146,-0.63063276,-0.72330517,-0.8058581,-1.1105051,-1.2287421,-1.2154273,-1.6846476,-1.6367135,-1.6377788,-1.503031,-1.5408455,-1.4721402,-1.4742706,-1.574932,-1.6004968,-1.473738,-1.5584214,-1.3214145,-1.4998354,-1.4694773,-1.5152808,-1.5770624,-1.5371174,-1.6431048,-1.5669429,-1.4652164,-1.4497709,-1.4321952,-1.41675,-1.497705,-1.4268692,-1.4455103,-1.3325992,-1.3592291,-1.3570987,-1.2085035,-1.1046464,-1.0023873,-1.0423323,-0.89426965,-0.85432464,-0.73821795,-0.74673945,-0.6348936,-0.6338284,-0.6093288,-0.70679456,-0.51399344,-0.4298427,-0.2748562,-0.06447934,-0.065544546,0.08731156,0.07080097,-0.07406613,0.11660454,0.09902875,0.04150799,0.09796355,0.11926754,0.26093903,0.1751905,0.15175611,-0.028262567,-0.06607714,0.20821168,0.112343736,0.05215998,0.10808294,0.11394154,-0.00749118,0.17039709,0.24442844,0.20927687,0.053225182,-0.05329475,-0.15821688,-0.053827353,0.07932256,0.06281197,0.14483231,0.15761471,0.13258253,0.3030144,0.24389584,0.20980947,0.1581473,0.11127855,0.036181994,0.112343736,0.110745944,0.27265623,0.42551234,0.5187172,0.581564,0.52244544,0.4425555,0.3040796,0.28277564,0.1613429,0.0052912114,0.1570821,0.34828538,0.60073763,0.6577258,0.44042513,0.09796355,0.12512614,0.11447414,0.27531925,0.4564031,0.5128587,0.64015,0.8111145,0.9032542,0.8989934,0.93840575,0.99539393,0.9495904,1.0374693,1.0124371,1.1573043,1.0694252,1.1306742,0.97941595,1.008709,0.95864457,1.0475887,0.7631805,0.5980746,0.42071894,0.50753266,0.26147163,0.22632006,0.098496154,0.3136664,0.1528213,0.29822102,0.36799157,0.4542727,0.36160037,0.39568675,0.39888236,0.49102208,0.5293693,0.43350133,0.4617291,0.45001194,0.35467657,0.3333726,0.36479598,0.30674258,0.34082898,0.28969944,0.26626503,0.14376712,0.07452916,0.03458419,-0.037316762,0.023399599,-0.21413986,-0.23278084,-0.03465376,0.012747606,0.03671459,-0.105489515,-0.11720671,-0.047436155,-0.05435995,-0.013349776,0.19276628,0.11127855,0.23643945,0.3296444,0.31845978,0.44628373,0.27798223,0.19223368,0.33550298,0.4516097,0.17306009,0.110745944,0.023399599,-0.00802378,0.13204993,0.14589751,0.23910245,0.27478662,0.24602625,0.25348264,0.4372295,-0.1379781,0.0015630138,0.22205926,0.10115915,0.080387756,0.05215998,0.1528213,0.27744964,0.24655885,0.23377647,0.23430905,0.6044658,0.73388755,0.9144388,1.1365329,1.1221527,1.302704,1.0220239,1.4070934,1.265422,1.410289,1.548765,1.2968453,1.6222638,1.8443578,1.9274433,1.8369013,1.7751198,1.6536871,1.7234577,1.5503628,1.813467,1.5013636,1.8507489,1.8539445,1.6164052,1.4603535,1.1232178,1.2142924,1.1892602,1.0305455,0.9602424,1.0790122,1.0156327,0.7706369,0.8771568,0.8707656,0.89792824,1.0811424,1.3724744,1.324008,1.3351926,1.5466347,1.3868548,1.3666159,1.2483789,1.3517032,1.5253307,1.4976355,1.6110792,1.4497014,0.90538466,1.0784795,0.84999424,0.99486136,0.82176644,0.98740494,0.81857085,0.7567893,0.62843275,0.5591948,0.55866224,0.68382317,0.52138025,0.45800093,0.21566807,0.011149808,-0.15821688,-0.02559957,-0.11294591,-0.116141506,0.0212692,-0.022936571,0.20980947,0.25081962,0.24442844,0.34082898,0.38876295,0.41752332,0.13577811,0.22312446,0.3126012,0.41326255,0.19542928,0.1613429,0.21886367,0.35520917,0.46492472,0.61724824,0.69394255,0.5384235,0.6758342,0.84892905,0.7695717,0.88035244,0.82869023,0.8473312,0.70246416,0.4777071,0.5432168,0.24922185,0.4398925,0.56824905,0.61724824,0.6444108,0.62417203,0.69287735,0.7099205,0.907515,0.74773514,0.80951667,0.958112,0.8020603,1.0135024,1.0625015,0.57730323,0.77223474,0.53682566,0.41858855,0.28756902,0.42977312,0.29822102,0.23963505,0.1592125,0.015410604,-0.15555389,-0.065544546,-0.026664767,0.04896438,0.022867002,0.09902875,-0.21680285,-0.109750316,-0.044240553,-0.11560891,-0.18484688,-0.1406411,-0.18484688,-0.1433041,-0.22053105,-0.029327765,0.10541995,0.22685266,0.03298639,0.093702756,0.12512614,-0.085783325,0.1570821,0.24549365,0.3163294,0.34295937,0.13311513,0.018073604,-0.08525073,-0.00908898,-0.060218543,0.091039754,0.1373759,0.36160037,0.4894243,0.50060886,0.3269814,0.2944928,0.36852416,0.4436207,0.40687135,0.51126087,0.5176521,0.41059956,0.34189418,0.40420833,0.3136664,0.4691855,0.52404326,0.77329993,0.71844214,0.952786,0.9330798,0.6113896,0.87342864,1.1333373,1.0848707,1.257433,1.3197471,1.3751376,1.2989757,1.2153577,1.3921807,1.2489114,1.1312069,1.3128233,1.2931172,1.4555601,1.2382594,1.1381307,1.2691501,1.1967167,1.2584982,1.2973781,1.2489114,1.2073686,1.2382594,1.2339985,1.2856607,1.1679562,1.2212162,1.2489114,1.190858,1.2526395,1.2659546,1.2270747,1.2398572,1.1892602,1.3224101,1.391648,1.1738149,1.1743474,1.1951188,1.2089664,1.2526395,1.3011062,1.150913,1.2622263,1.2968453,1.3692789,1.5290588,1.4832553,1.6941646,1.5317217,1.594036,1.6030902,1.6590132,1.5935034,1.6206659,1.7389032,1.6691326,1.6318505,1.6526219,1.5823188,1.4491688,1.4512992,1.17488,1.0609037,1.1951188,0.8691678,0.8952652,0.8334837,0.8952652,0.9240256,0.9858071,0.8760916,0.7908757,0.6087266,0.5559993,0.67370373,0.69980115,0.74240917,0.9719596,0.7482677,0.7647783,0.83987486,0.7370831,0.9059172,0.7647783,0.80525583,0.7200399,0.36852416,0.4968807,0.3280466,0.3253836,0.4393599,0.104887344,0.25667822,0.19436409,0.122995734,0.22951566,0.119800135,0.15228872,0.107550345,0.11127855,-0.054892547,-0.1449019,-0.17259708,-0.49641767,-0.57257944,-0.626372,-0.8596506,-0.93261683,-0.9773552,-0.6301002,-0.626372,-0.62583935,-0.48576567,-0.7419461,-0.835151,-0.7323593,-0.75313073,-0.97469217,-0.9640401,-0.888411,-0.96883357,-1.1760148,-1.7416357,-1.6345831,-1.7826457,-1.7453638,-1.7235273,-2.07238,-2.2316275,-2.202867,-2.4792862,-2.4420042,-2.3008654,-2.3296256,-2.2625182,-2.2657137,-2.4590473,-2.4947317,-2.4111135,-2.4121785,-2.2832897,-2.4159067,-2.3727663,-2.359451,-2.3908746,-2.2832897,-2.4313521,-2.5762193,-2.4979272,-2.6017842,-2.7162929,-2.6784782,-2.6236207,-2.7040434,-2.7040434,-2.8073676,-2.6683593,-2.782868,-2.7620964,-2.706706,-2.7786071,-2.7519772,-2.663033,-2.4851446,-2.5735562,-2.5304158,-2.3850162,-2.3946028,-2.4430692,-2.5607738,-2.4350803,-2.590067,-2.4803514,-2.5597088,-2.3866138,-2.4297543,-2.5554478,-2.5575783,-2.5554478,-2.7173584,2018-04-17
RNST_EGBN,1.5579484,1.5938267,1.501473,1.39118,1.2363712,1.4077903,1.4509774,1.5420024,1.4164277,1.320752,1.0337244,0.89884806,0.6324174,0.5852438,0.42777732,0.55800277,0.3852547,0.2071913,0.031785563,-0.0020996367,0.08360998,0.02314816,0.14672947,0.18593,0.22114404,0.55202305,0.2616734,0.04440946,0.047731534,-0.16355266,-0.15026434,0.025805824,0.09623388,0.06367751,0.07364375,0.08294557,-0.18946485,0.08560323,0.07297933,-0.037978083,0.19323857,0.17529935,0.30552483,0.5320906,0.5281041,0.5493654,0.3799394,0.21383545,0.016504003,0.14872272,0.18061468,0.23775442,0.3726308,0.44638094,0.36532226,0.26765314,0.10553569,0.07895908,-0.016716782,0.22712377,0.23509675,0.106864534,0.007202183,-0.314375,-0.084487185,-0.086480424,-0.07983627,0.13676324,-0.19610901,-0.23464511,-0.06389029,0.05769777,0.14672947,0.104206875,0.116830766,0.12879026,0.2032048,0.20187597,-0.12036563,0.12081726,0.1646687,0.16134661,0.14008531,0.04906037,0.35402718,0.26898196,0.31084013,0.32279962,0.58192176,0.44239447,0.85632545,0.9765847,0.7280932,0.8902106,0.94336385,0.8164605,0.9367197,1.0390397,0.80117893,0.721449,0.60384744,0.90349895,0.8350641,0.6682958,0.66497374,0.36731547,0.06699959,-0.032662757,-0.07319211,0.23509675,0.19788949,-0.14959991,0.20652688,0.371302,0.80649424,0.7706158,0.7114828,0.78257525,0.6443769,0.7055031,0.5879015,0.43508586,0.36067134,0.686235,0.9440283,1.3440064,0.87957996,0.6609872,0.28492793,0.09158297,0.14207856,0.48225942,0.21715753,0.17529935,0.14008531,0.05703336,0.29954508,0.2796126,0.06234868,-0.01538795,-0.29045606,-0.18481395,-0.28713396,-0.41868824,0.074308164,-0.12700978,-0.3402872,-0.52034384,-0.6499049,-0.8266394,-0.9528785,-0.96749556,-0.82331735,-0.9548717,-0.7023938,-0.5057267,-1.4206271,-1.0857615,-0.9482276,-0.6027314,-0.3874607,-0.44526488,-0.49908254,-0.7136888,-0.7974052,-0.057910554,0.10154921,-0.16089499,0.06367751,-0.22999421,-0.38347423,-0.40672874,-0.4333054,-0.57349706,-0.22069238,-0.37151474,-0.54559165,-0.45655993,-0.6970784,-0.846572,-0.91035587,-0.74757403,-0.74092984,-0.8997252,-0.93228155,-0.6924275,-1.0392525,-0.79009664,-0.97413975,-1.0306151,-0.70040053,-0.96483797,-0.9243086,-1.038588,-0.8977319,-0.8492296,-0.90171844,-0.70704466,-0.44858697,-0.49177396,-0.8871013,-0.8452431,-0.7974052,-0.69574964,-0.82597506,-0.8698265,-0.57349706,-0.6499049,-0.49974695,-0.7097023,-0.7462452,-0.9043761,-0.71634644,-0.65654904,-0.97480416,-1.038588,-0.9356036,-1.1721357,-1.0651647,-0.8977319,-0.8153444,-0.8950743,-0.9302883,-1.0439034,-0.8638467,-0.8671688,-0.39277604,-0.7801304,-0.71634644,-0.81468,-0.6798036,-0.7249839,-0.79275423,-0.6917631,-0.4459293,-0.09644666,-0.30440876,-0.41669497,-0.46386853,-0.3874607,-0.38214538,-0.2964358,-0.25191993,-0.21737032,-0.46320412,-0.7302992,-0.7196685,-0.5535646,-0.44925135,-0.64791167,-0.67448825,-0.8100291,-0.7575402,-0.68844104,-0.43862075,-0.5954228,-0.52100825,-0.3661994,-0.3329786,-0.82796836,-0.9588582,-1.0930701,-1.2146581,-1.1382505,-1.0877548,-0.9495564,-1.0757953,-0.8884301,-0.7402654,-0.7402654,-0.6844545,-0.6990717,-0.8518872,-0.5741615,-0.54027635,-0.49642485,-0.8405922,-0.7861101,-0.7495673,-0.43994954,-0.7083735,-0.6007381,-0.6153553,-0.7748151,-0.8452431,-0.6930919,-0.64658284,-0.47582802,-0.4585532,-0.34626696,-0.18747161,-0.15425083,-0.14295577,-0.4459293,-0.73362124,-0.84258544,-0.8837792,-0.7402654,-0.7176753,-0.67050177,-0.6080467,-0.59342957,-0.5356254,-0.46984828,-0.4206815,-0.2931137,-0.36952147,-0.2924493,-0.4585532,-0.3057376,-0.2167059,-0.6731595,-0.9243086,-1.1063584,-1.0844327,-1.1429013,-1.2970458,-1.6445352,-2.0132859,-2.0651104,-2.0511575,-1.9794008,-1.9827228,-2.0305607,-1.9607971,-2.0239165,-1.7069904,-1.4299289,-1.3010322,-1.2844218,-1.2405704,-1.1515387,-0.905705,-0.7097023,-0.54492724,-0.7209974,-0.5668529,-0.39476928,-0.27583888,-0.2598929,-0.20075992,-0.23996045,-0.21604148,-0.035984837,-0.21803474,-0.086480424,0.12081726,0.0882609,0.10553569,0.18260792,0.025141405,-0.19677344,-0.17285445,-0.36819267,-0.4671906,-0.52632356,-0.534961,-0.5522358,-0.52698797,-0.4811433,-0.5396119,-0.408722,-0.3103885,-0.31969035,-0.212055,-0.19345136,-0.152922,-0.19610901,-0.28514072,-0.36819267,-0.33696514,-0.38812512,-0.61003995,-0.621335,-0.37417242,0.1434074,-0.08249393,0.047731534,-0.12435213,-0.2167059,-0.06256146,-0.08780926,-0.26454383,-0.18149187,-0.20939733,-0.31171736,-0.34294483,-0.3781589,-0.21803474,-0.3661994,0.00919543,-0.07053445,0.22645935,0.89884806,1.0795691,0.9221026,0.98322886,1.0151207,0.9088143,1.3054705,1.0117987,0.9074855,0.8357286,1.4735675,0.8177893,0.82509786,0.5420568,0.97459143,1.1021593,0.9088143,0.5533519,0.5374059,0.5028563,0.6011898,-0.031333923,0.15470245,-0.0054217153,0.18858767,0.17928585,0.2364256,-0.23464511,0.106864534,0.18725882,0.23709,0.44505215,0.56464696,0.89353275,0.92675346,0.7878906,0.35668483,0.3374168,0.06434193,-0.22600773,-0.4113797,-0.18149187,-0.46453294,-0.081165105,-0.519015,-0.55688673,-0.6831257,-0.6359522,-0.21936357,-0.28580514,-0.5834634,-0.8093647,-0.9462343,-0.70571584,-0.7934187,-0.4552311,-0.47117707,-0.68379015,-1.1694779,-1.3987014,-1.094399,-0.62199944,-0.7741506,-0.6778104,-0.8286327,-0.6731595,-0.38812512,-0.5715039,-0.4253324,-0.60472465,-0.7648488,-0.58744985,-0.41403735,-0.7130244,-0.78278804,-0.5362898,-0.64392513,-0.41935265,-0.1994311,-0.14295577,-0.033991586,0.06965725,0.013181923,-0.06854121,0.14274298,0.20386922,-0.1907937,-0.1150503,-0.023360938,-0.04794432,-0.12568095,0.08693206,0.01517517,-0.21869914,-0.34958902,0.24306974,0.1520448,0.06234868,0.16201104,0.2709752,0.49023238,0.9294112,0.8144672,1.2961686,1.0981728,0.5500298,0.99186623,1.0689384,1.0988371,1.1659431,1.1280714,0.93140435,0.96861166,1.1486683,1.0310668,1.2901889,1.2935109,1.3885223,1.1805602,1.076247,0.69553685,1.1274071,1.0191073,1.1367089,1.1041524,1.1885333,1.1891977,1.2602901,1.1812247,0.8829021,1.4449977,1.1313934,1.1779026,1.3021483,1.1898621,0.7480257,1.0051546,0.96196747,0.81978256,0.9373841,0.71214724,1.049006,0.8775867,1.0177784,0.9539945,0.98787975,1.1234205,0.8191182,0.6516854,0.5035207,0.72543555,0.98787975,1.0988371,0.6809197,0.95532334,0.9054922,1.1161119,0.80848753,0.7832397,1.3679254,1.1998284,0.6762688,1.0211005,0.895526,0.78988385,0.5493654,0.5360771,0.53873473,0.54006356,0.45834044,-0.23663838,-0.3688571,-0.034656003,0.49222565,0.6251088,0.575942,0.5154802,0.33210143,0.19124532,-0.08315835,0.016504003,-0.12435213,-0.23597395,-0.31105292,-0.46320412,-0.8784639,-0.9429122,-0.72431946,-0.67714596,-0.621335,-0.58678544,-0.6545558,-1.0060318,-1.0678223,-1.1754577,-1.1634983,-1.1256266,-1.1708068,-1.0246354,-0.91567117,-1.0731376,-1.0206488,-1.4359087,-1.5747715,-1.6159654,-1.460492,-1.5488595,-1.5807513,-1.6385555,-1.4538479,-1.6491863,-1.4877332,-1.1953902,-0.87314856,-0.9581938,-0.82996154,-0.6977428,-0.63395894,-0.69109863,-0.81401557,-0.90836257,-0.9362681,-1.3143206,-1.2073497,-1.2890729,-1.3980371,-1.5867311,-1.4093322,-1.283093,-1.299039,-1.4000304,-1.2804354,-1.0179912,-1.6770916,-1.5774293,-1.2950525,-1.33226,-1.184095,-1.3714603,-1.0412457,-0.9980587,-1.6059992,-1.6478573,-1.5036792,-1.5727785,-1.6737696,-1.7534994,-2.102982,-2.2405162,-2.206631,-1.7282517,-1.6664609,-1.9714278,-2.500967,-2.489672,-2.1641083,-2.536181,-2.7547739,-2.3647618,-2.0365405,-1.5701207,-1.3880708,-0.83261925,-0.5050623,5.0421443,2.738615,2.2310014,2.2542558,2.328006,2.147285,1.9492892,1.4636014,1.0802336,0.6616516,1.4410111,1.6855161,1.8144127,1.6237254,2.0290189,1.9140751,1.450313,1.8901561,1.4310449,1.3074638,1.0237582,1.6130948,1.312779,1.2549748,1.3167655,1.4064616,1.5214055,1.5047951,1.6941534,2.014402,1.8157417,1.6596038,0.62776643,1.7725545,1.4636014,1.5506397,1.3267317,1.1978351,1.124085,1.0835556,0.7579919,0.8217758,0.83705735,0.55800277,0.49621212,0.619129,0.39057004,0.5546807,0.9566522,0.9181161,0.57062674,0.8829021,0.57727087,0.55135864,0.5367415,0.36000693,0.7407171,0.5307618,0.7553342,0.68889266,0.7187914,0.6716179,0.74869007,1.1200985,1.3327115,1.2589613,1.6051217,1.744649,1.5612704,1.9353365,1.8449758,1.6017997,1.6084439,1.6748854,1.3778915,1.120763,1.1034881,1.1679364,0.9300756,1.3559659,1.6954824,2.4402924,2.613705,2.533975,2.7665205,2.714696,2.8090432,3.1545393,2.844257,2.9233227,2.7346287,3.3545282,3.4422314,2018-04-17
TOWN_FFBC,-0.72356576,-0.762038,-0.63257605,-0.5696771,-0.35777488,-0.3431188,-0.4768554,-0.52509826,-0.57883716,-0.57334113,-0.6814296,-0.699139,-0.76631266,-0.778526,-0.7015817,-0.87256914,-1.0887461,-1.0417246,-1.0343965,-1.0551593,-1.0405031,-1.1241648,-1.1846212,-1.1485918,-1.085082,-1.063098,-1.2780536,-1.2121013,-1.3256859,-1.2560695,-1.3232433,-1.3971342,-1.4771318,-1.449041,-1.4203396,-1.4600332,-1.2792751,-1.2743896,-1.2383602,-1.1962239,-1.293931,-1.4459877,-1.4056835,-1.3720968,-1.2322534,-1.2817177,-1.4667505,-1.3159151,-1.2127119,-1.0417246,-1.1009594,-1.0319538,-0.98920697,-1.0533273,-1.0643194,-1.1058449,-1.1174476,-1.0844715,-1.2145439,-1.1925598,-1.2633976,-1.1986666,-1.5662897,-1.2536268,-1.1351569,-0.96539086,-1.1632477,-1.2798856,-1.2640082,-1.1772931,-1.3910276,-1.3702646,-1.3305712,-1.5479696,-1.3519447,-1.1308823,-1.0576019,-1.0429459,-0.9696656,-1.1076769,-1.1473703,-0.9024919,-0.699139,-0.59715724,-0.45853528,-0.5183809,-0.6264694,-0.619752,-0.6563922,-0.40784973,-0.5171596,-0.5782265,-0.49578613,-0.7498246,-0.5831118,-0.48967943,-0.54525036,-0.73272586,-0.82799023,-0.72906184,-0.52326626,-0.26678514,-0.50128216,-0.4768554,-0.4127351,-0.35411084,-0.43838322,-0.37182027,-0.311364,-0.76814467,-0.67349094,-0.54097563,-0.4548713,-0.38891903,-0.36815622,-0.34739348,-0.1880088,-0.27289185,-0.11594981,-0.0011439692,0.026946822,-0.017021373,0.116715215,0.026336154,0.12343258,0.30602273,0.10633383,0.4782315,0.4623541,0.42327127,0.4837275,0.447698,0.1826675,0.13625664,0.24556646,0.22724637,-0.07076027,0.071525685,0.03793887,0.16556875,0.26083317,0.38296705,0.21381164,0.26510787,0.22968903,0.27304655,0.43304196,0.39334846,0.41350052,0.3890738,0.4061725,0.38785243,0.4263246,0.47884214,0.5576185,0.73349124,0.68219507,0.7994436,0.6974618,0.63639486,0.5734959,0.69685113,0.53868777,0.4757888,0.19243822,0.55700785,0.7029578,0.8086036,0.8782199,0.8391371,0.9411189,1.1652346,0.9026467,0.898372,1.1084423,1.2299653,1.4308755,1.5957563,1.4327075,1.461409,1.4052275,1.3691981,1.5499562,1.533468,1.7343782,1.5725509,1.5517881,1.6830821,1.8259786,1.5053772,1.3197337,1.3679767,1.3270619,1.2794297,1.2800403,0.65410423,0.48678085,0.4263246,0.34571624,0.25777984,0.23701708,0.111829855,0.01900812,-0.059157558,-0.0762563,0.029389499,-0.068928264,-0.35838553,-0.16724603,-0.18495545,-0.20083284,-0.19900085,-0.12877387,-0.19350483,-0.34006545,-0.4744127,-0.60570663,-0.5812799,-0.65333885,-0.4640313,-0.52937293,-0.540365,-0.65028554,-0.7705873,-0.42006314,-0.3492255,-0.46769533,-0.37853763,-0.31197464,-0.2973186,-0.31502798,-0.2930439,-0.15320064,-0.1202245,-0.091523044,-0.07259229,-0.042058814,0.079464376,0.042213555,0.32067877,0.23884909,0.24678779,0.17167544,-0.12755254,-0.00053329987,0.054426942,-0.12327785,-0.1263312,-0.2099929,-0.082363,-0.23747301,-0.15258998,-0.33151606,-0.38342297,-0.03656279,-0.023128064,-0.08114166,0.13564597,0.1667901,0.071525685,0.07274702,0.09778446,-0.1342699,-0.026792081,-0.069538936,0.09350978,0.0770217,0.17228612,0.067251,0.1826675,0.23579574,0.15518738,0.32556415,0.28098527,0.373807,0.31396145,0.1368673,0.08190706,0.08190706,0.18388884,0.17350747,0.30541205,0.28892398,0.34144157,0.14724869,0.26327586,0.3005267,0.24434511,0.34754825,0.0770217,0.2742679,0.3542656,0.584488,0.33777753,0.46968213,0.44464466,0.35976163,0.2461771,0.31396145,0.52281034,0.7353233,0.7426513,0.9026467,0.8763879,0.71883523,0.5912053,0.521589,0.52830637,0.4379273,0.49716225,0.5362451,0.35915098,0.4141112,-0.07198162,-0.24846506,-0.23930502,-0.20938222,-0.23319833,-0.23930502,-0.3309054,-0.2038862,-0.2796092,-0.22464895,-0.54097563,-0.37243092,-0.37426293,-0.17518474,-0.15442197,-0.08663768,-0.26983848,-0.19839017,-0.09946174,-0.021296058,-0.021296058,-0.15075797,-0.17457408,-0.18007009,-0.18678746,-0.27899852,-0.27472383,-0.3015933,-0.23869435,-0.12205651,-0.18129143,-0.27350253,-0.31441733,-0.5165489,-0.64112544,-0.839593,-0.77241933,-0.6857043,-0.61792,-0.5269303,-0.47990873,-0.4762447,-0.54158634,-0.56295973,-0.614256,-0.30708933,-0.12205651,-0.069538936,0.015954774,-0.07320295,-0.04144815,0.20892629,0.030610839,0.37014303,0.3841884,0.39273778,0.40372983,0.41105786,0.4800635,0.5985334,0.64738685,0.447698,0.54296243,0.5203677,0.39151642,0.55822915,0.5747172,0.39273778,0.5441838,0.6388375,0.56738925,0.6876911,0.58387727,0.63089883,0.59914404,0.6376162,0.671203,0.8843266,0.88799065,0.79028356,0.85318244,0.8684492,0.81959563,0.8831053,0.95333225,1.0095139,0.7218886,0.7835662,0.9423402,0.5539545,0.4006765,0.81532097,0.91791344,0.91791344,0.6388375,0.26388654,0.42266056,-0.017632041,0.06786167,0.30968675,0.444034,0.444034,0.2461771,0.37502837,0.34205222,0.29319865,0.18938486,0.1985449,0.1649581,0.26938257,0.45502606,0.50510097,0.296252,0.026336154,0.07213636,0.19365956,0.27304655,0.41044718,0.21808632,0.026336154,0.21930766,0.21991834,0.23884909,0.33289218,0.4538047,-0.002365308,-0.06770693,-0.042669486,-0.19655816,0.4641861,0.28220662,0.41899654,0.34754825,0.290756,0.34876958,0.24373443,0.26022252,0.31701478,0.43670595,0.5075436,0.44342333,0.146638,0.16923279,0.13747796,0.09778446,0.21808632,-0.0054186545,0.11427254,0.19243822,0.11427254,0.18633153,0.28281727,0.0012987083,0.47395682,0.43304196,0.5777706,0.4660181,0.46723944,0.33960953,0.35487625,0.17167544,0.044656232,-0.02068539,-0.2277023,-0.18190211,-0.093355045,0.5185357,0.44037,0.373807,0.4287673,0.49288756,0.5509012,0.6791417,0.50632226,0.48433816,0.5814346,0.51792496,0.743262,0.41533256,0.4873915,0.5679999,0.5741066,0.5521225,0.6174641,0.6070827,0.97348434,0.85318244,0.73043793,0.26693988,0.47273546,0.4483087,0.49471956,0.0593123,0.37319636,-0.057325546,-0.1202245,-0.35838553,-0.21609959,-0.15930735,-0.17518474,-0.095797725,-0.09274437,-0.10862178,0.01961879,0.07457903,0.09045643,0.42327127,0.31090808,0.19121687,0.21442232,0.24495578,0.23152106,0.111829855,0.14236332,0.38479906,0.19365956,0.12770726,0.24739845,0.19976623,0.120379224,0.008016071,-0.1959475,-0.2954866,-0.58860785,-0.4921221,-0.30281463,-0.38830832,-0.38830832,-0.4982288,-0.52143425,-0.46342066,-0.51105285,-0.89272124,-0.8072275,-0.64662147,-0.5226556,-0.59593594,-0.5947146,-0.84447837,-0.8047848,-0.72295517,-0.72539777,-0.7937927,-0.841425,-0.73883253,-0.88905716,-0.88783586,-0.9195907,-0.88783586,-0.913484,-0.7791367,-0.4847941,-0.4444899,-0.621584,0.83364105,0.7799021,0.5618932,1.1194342,0.77623814,1.1255411,1.3966781,1.3087417,1.2134774,1.1572958,1.3496566,1.3936248,1.4192728,1.2550029,1.4088914,1.3997315,1.753309,1.8101013,1.8723896,1.7930026,1.7838424,1.6727008,1.5291934,1.753309,1.8174293,1.8003305,1.8155973,1.6641512,1.8107119,1.8974271,1.7569731,1.819872,1.9285711,1.6946849,1.5499562,1.6152978,1.7239969,1.9700967,1.7392637,1.9224645,2.0018516,1.8980377,1.9682647,2.238791,1.8846029,1.8284214,1.8601762,1.834528,2.0177288,2.281538,2.414664,2.2082577,2.2082577,2.309629,2.3975654,2.263218,2.3426049,2.4372587,2.414664,2.3426049,2.390237,1.5756042,1.3313365,1.3374432,1.4009528,1.3374432,1.2959176,1.0162312,1.0699701,1.0864582,1.0687487,1.1505784,1.1737839,1.2098134,1.3643126,1.463241,1.5652229,1.2281333,1.1066103,1.0834049,1.4143876,1.1859972,1.120045,1.0772982,0.88799065,1.1108849,0.9844764,0.79639024,0.4336526,0.23152106,0.26327586,-0.0463335,0.18755287,0.20220892,-0.034120116,0.292588,0.2620545,-0.00053329987,0.15030204,0.12160057,0.13259262,0.21930766,0.26083317,0.38846308,0.292588,0.37319636,0.20098758,0.21747565,0.17167544,0.21625432,0.07213636,-0.110453784,0.13198195,0.17167544,0.116715215,0.1686221,0.025114814,-0.27838787,-0.15320064,-0.05671488,-0.17640609,0.023893476,-0.8475317,-0.8798972,-0.9024919,-1.0979061,-0.7394432,-0.96844417,-0.7791367,-0.87379044,-1.3806461,-1.5882738,-1.609647,-1.3378992,-1.4435451,-1.6847595,-1.5198787,-1.6994154,-1.8020079,-1.888723,-2.0035288,-2.1226094,-2.2203164,-2.051161,-2.1958897,-2.1061213,-2.0755877,-2.0206275,-1.7714745,-1.6810955,-1.8478081,-1.8429227,-1.979102,-2.0597103,-2.2276444,-2.0841372,-2.382144,-2.453592,-2.516491,-2.2520711,-2.355885,-2.4126773,-2.26917,-2.156196,-2.1574175,-1.8966616,-1.510108,-1.7452158,-2.4615307,-2.5024457,-3.0923522,-2.9787676,-2.956173,-2.9115942,-2.7833536,-2.3882506,-2.4035172,-2.3925252,-2.5818326,-2.7515986,-2.700913,-2.7119052,-2.645953,2018-04-17
WAFD_FFBC,-0.0048502237,-0.017168952,-0.030719554,-0.06767575,0.35732043,0.8476058,0.69115794,0.89318514,0.70347667,0.85992455,0.6049269,0.749056,0.749056,0.69608545,0.70101297,0.6295643,0.26739368,0.08014901,0.10355459,0.10478647,0.110945836,0.029642219,0.08261276,0.25384307,0.31666863,0.35239294,0.2575387,0.36717543,0.30311802,0.46079776,0.4447834,0.7022448,0.5396376,0.6271006,1.0422417,1.1321685,0.97448874,0.9399963,0.7897077,1.0779661,0.9732569,0.82912767,0.42507344,0.6973173,0.76383847,0.69854915,0.84144646,0.8636201,0.75891095,0.7601428,0.7712297,0.9473875,0.7157954,0.8537652,0.91166323,0.6160137,0.60739064,0.6049269,0.6603612,0.7022448,0.7268822,0.7416647,-0.13912436,0.07645339,-0.036878917,0.110945836,-0.3731802,-0.6860759,-0.9878848,-0.8289732,-1.0014355,-1.0285366,-0.9706386,-1.0470147,-0.9718705,-1.1726658,-0.9509287,-0.8770163,-0.8770163,-1.2872299,-1.0815072,-1.1504921,-0.95216054,-1.1948395,-0.9041175,-0.69593096,-0.7119453,-0.72056836,-0.67006165,-0.86223376,-0.9915805,-0.9299868,-1.0753479,-1.0408554,-1.1504921,-1.3586786,-1.6567918,-1.6038214,-1.5336045,-1.3870118,-1.2835344,-1.2613606,-1.1541877,-1.0691884,-1.0704204,-1.0273048,-1.1012172,-1.1110722,-0.9176681,-1.4067216,-1.3106356,-0.8610019,-0.69100344,-0.7156409,-0.6195549,-0.5628886,-0.3633252,-0.37071645,-0.16252996,-0.25122482,-0.33991963,-0.7415103,-0.51607746,-0.53085995,0.19348131,0.81434524,0.36717543,0.6923898,0.69854915,0.3499292,0.19717692,0.6677524,0.40166786,0.4361603,0.57782567,0.33391485,-0.035647046,0.24768372,0.5223914,0.6012313,0.73673725,0.61478186,0.92644566,0.85992455,0.95477873,1.1309365,1.0804298,1.0964441,0.99666244,0.87347513,0.78108466,0.6948536,0.894417,0.52855074,0.66898423,1.1999215,1.2282546,0.85130143,0.71825916,0.63572365,0.5568838,0.6492743,0.7835484,0.4324647,0.63695556,1.0607198,0.9855756,1.0249956,1.2282546,1.2196314,1.3797749,1.5731789,1.1062992,0.94369185,0.8020265,1.0570241,1.1013716,1.0065174,0.68869424,0.55565196,0.5815213,0.35978416,0.51500016,0.43000093,0.85499704,0.49898583,0.57536197,1.1765158,1.1420234,1.1112267,0.89195323,0.8771708,1.0176042,1.1629653,0.8685476,0.9572425,1.0089811,0.89195323,0.5864488,0.11340958,-0.04057454,-0.57151175,-0.2598479,-0.036878917,-0.017168952,0.19471319,0.16761199,-0.4520201,-0.58998984,-0.521005,-0.37687582,-0.34854275,-0.30049974,-0.15883434,-0.14405186,-0.30173162,-0.47419378,-0.6540473,-1.0174497,-0.9447693,-0.6589748,-0.8166545,-0.9398418,-1.1381733,-0.6873079,-0.57274365,-0.6749891,-0.7193365,-0.6860759,-0.9275231,-1.0088267,-0.9299868,-0.67375726,-0.51977307,-0.49883124,-0.3596296,-0.67991656,-0.6860759,-0.6023086,-0.56412053,-0.49390376,-0.9952761,-0.93860996,-0.9706386,-0.62448233,-0.43477383,-0.41629577,-0.34238338,-0.19086304,-0.29434034,-0.26231167,-0.08245821,0.02225098,-0.23274672,-0.14405186,-0.24629733,-0.19455867,0.046888437,0.07398964,0.046888437,0.16514824,0.050584055,-0.008545843,-0.0036183507,0.1442064,-0.025792062,0.11464146,0.24029247,0.14790201,0.18978569,0.15652512,0.071525894,0.32775548,0.35116106,0.075221516,0.046888437,-0.022096442,-0.13173313,-0.25861603,-0.46926633,-0.70948154,-0.81911826,-0.75382894,-0.77477086,-0.90288556,-0.66882974,-0.37071645,-0.4926719,-0.051661395,-0.16376184,-0.04057454,-0.035647046,0.03826533,-0.07753073,-0.24999294,-0.2598479,-0.2524567,-0.31651405,-0.41875952,-0.38919458,-0.20194991,-0.2931085,-0.18347181,-0.12187815,-0.2426017,-0.2844854,-0.33129653,-0.6183229,-0.81911826,-0.7858577,-0.9016537,-1.0211453,-0.91150874,-1.6001257,-1.8083123,-1.8551234,-2.0559187,-1.9906294,-1.9536731,-1.917949,-1.9142532,-1.61614,-1.7639648,-1.9314995,-1.5742563,-1.5520827,-1.4215041,-1.4892571,-1.4362866,-1.5200539,-1.4387503,-1.2305638,-1.0075948,-0.9583199,-0.9804936,-1.0223773,-0.98172545,-1.1936076,-1.3229543,-1.0556378,-0.8388282,-1.0088267,-0.98172545,-0.8536107,-0.8720888,-0.75629276,-1.2872299,-1.5089672,-1.9869338,-1.4707791,-1.2650561,-1.2588968,-1.3167949,-0.9127406,-0.7846258,-0.96447927,-1.0211453,-1.1024489,-0.95708805,-0.7846258,-0.6786847,-0.8289732,-0.8573063,-0.9213637,-0.6269461,-0.7218003,-0.038110793,-0.08861758,-0.1378925,-0.2610798,-0.43354198,-0.15513873,0.040729072,0.003772887,-0.29926786,-0.21057302,0.22304626,0.22058252,-0.009777715,0.011164124,-0.0036183507,0.12203269,0.43862405,0.19594505,0.46202964,0.2895674,0.7835484,0.5014496,0.5815213,0.65296984,1.4253541,0.89811254,0.25014746,0.41645032,0.050584055,-0.57643926,-0.7932489,-0.23521046,0.5273189,0.019787237,0.027178472,0.027178472,-0.29557222,-1.0248411,-0.9078131,-0.8437557,-1.0790434,-1.1948395,-1.325418,-1.2502737,-1.5459232,-1.4892571,-0.3103547,-0.07506698,-0.3596296,-0.16992119,0.28833553,0.16761199,-0.08369009,-0.14528373,-0.4064408,-0.46557066,-0.50129503,-0.5173093,-0.065212,-0.9484649,-1.1431007,-0.8683931,-1.0125223,-1.0125223,-0.74766964,-1.1591152,-1.5607057,-1.1147677,-0.75629276,-0.73165524,-0.48651254,0.01732349,-1.044551,-1.2256364,-1.0137541,-1.645705,-0.9878848,-1.2244045,-1.034696,-1.0100585,-1.2305638,-0.8905669,-0.73288715,-1.0088267,-0.97433424,-0.5739755,-0.3596296,-0.7378146,-1.063029,-0.7156409,-0.71440905,-0.56412053,-0.050429523,-0.20564552,-0.17484869,0.18609007,-0.32144156,-0.38180333,-0.36825272,-0.41629577,-0.41875952,-0.26723915,-0.6404967,-0.41999137,-0.54564244,-0.5813667,-0.8129589,-1.2046944,-1.3402005,-1.792298,-2.5264943,-2.0436,-2.158164,-0.42491886,-0.50129503,-0.69100344,-0.8868713,-0.27339852,-0.6749891,-0.443397,-0.8831757,-0.8018721,-0.12064627,-0.24136983,0.0074685058,-0.62448233,-0.5370193,-0.3928902,-0.119414404,-0.11202316,0.60739064,0.6381874,0.7847803,0.39181286,-0.08861758,-0.94107366,-0.6195549,-0.6429604,-1.0310004,-0.77846646,-0.40520892,-0.6343373,-0.7624521,-0.62571424,-0.5850623,-0.4889763,-0.62571424,-0.7267277,-0.36209336,-0.34238338,-0.39412203,-0.40397704,-0.37687582,0.33021924,0.2119594,0.68869424,0.7157954,0.48420334,0.59384,0.40782723,0.40782723,1.2122402,0.9399963,1.3834705,1.1038355,1.1395597,0.88086635,0.87347513,0.35732043,0.5236233,0.19101757,0.65912926,0.41152284,0.07891714,0.08877212,0.08877212,-0.18593554,-0.25368857,-0.13173313,-0.5333237,-0.3965858,-0.3978177,-0.43970135,-1.0888984,-1.103681,-1.5249815,-1.3192586,-1.5828794,-1.4794021,-1.1480283,-1.3094037,-1.2588968,-1.199767,-1.103681,-1.3365049,-1.3020124,-1.3106356,-1.1381733,-0.88194376,-0.78093016,-0.28571725,1.5990483,1.9402771,1.1099948,1.8946978,1.3083264,1.5029622,1.6828157,1.6988299,1.8811471,2.1533911,1.5818021,1.9821607,1.9525958,1.854046,2.280274,1.6754245,1.9020891,2.096725,1.6902069,1.7160763,1.533759,1.2294865,1.2898482,1.9513639,1.8503504,1.5386865,1.5288316,1.5657878,1.5608602,1.4253541,1.0767342,1.2381095,1.3169494,1.1383278,1.028691,1.1383278,0.99296683,1.2516601,1.2762976,1.6704968,1.7813655,1.8688284,1.9932476,2.4970837,2.5537498,1.5965846,1.3243407,1.2048489,1.1555741,1.8269448,1.8799154,1.5719471,1.522672,1.8096986,1.8195535,1.7936841,1.8294085,1.8454229,1.9033208,1.8552779,2.5217211,1.4118036,1.0299231,1.1050673,1.0915166,1.1309365,0.63941926,0.95231503,1.1136904,0.9165907,0.48913085,0.63202804,0.78108466,1.0570241,1.5448458,1.6877432,2.3775918,1.1420234,0.8118815,0.50391334,0.6751436,0.7268822,0.7281142,0.3622479,0.18978569,0.6566655,0.5827532,0.28217617,-0.45941132,-0.29557222,-0.07506698,-0.14651561,-0.27339852,-0.5702799,-0.3731802,0.17869882,0.11464146,-0.30049974,-0.07999446,0.08877212,0.36594352,0.47804397,0.5125364,0.78108466,0.6837667,0.9018082,0.9880393,1.2085446,1.2442689,1.7099168,1.6347727,1.0212998,0.81434524,1.0718067,1.1826752,0.8426783,0.7934034,0.57536197,0.8488377,1.1186179,2.301216,2.5574453,1.2134721,1.5707152,1.5818021,0.87840265,1.601512,1.5263678,1.1937621,1.1223135,0.7281142,0.57043445,0.60369503,0.92644566,0.7576791,0.82173645,1.3194131,1.117386,1.0668792,0.9449238,1.0718067,1.0718067,0.96340185,0.874707,0.7157954,0.7379691,0.90057635,0.90057635,1.1802115,1.0434736,0.5494926,0.46818897,0.110945836,0.31050926,0.3486973,0.35978416,-0.24999294,-0.21303675,-0.13912436,0.28710365,0.42384157,-0.16499372,-0.044270158,0.3117411,0.42384157,0.55195636,0.6443468,0.82173645,-0.83759636,-0.81049514,-1.915485,-2.150773,-1.8526596,-2.073165,-1.7048348,-1.1825207,-1.1566514,-1.315563,-2.6324353,-3.8372068,-3.7140198,-3.5896006,-3.7632947,2018-04-17
WSBC_FHN,0.38048917,0.44328085,-0.42656857,-0.26774254,-0.41548765,-0.54568803,-0.674965,-0.2224956,-0.07382707,-0.24096376,-0.30560222,-0.28713408,-0.40717703,-0.53830075,-0.69343317,-0.6962034,-0.724829,-0.58539456,-0.68789274,-0.82548034,-1.0203193,-0.75253123,-0.74422055,-0.9556808,-0.8347144,-0.7155949,-0.6712714,-0.38316843,-0.3019086,-0.5807775,-0.7848505,-0.7220588,-0.7211354,-0.6278713,-0.674965,-0.50967515,-0.6186372,-0.5189092,-0.42656857,-0.31760654,-0.40163657,-0.40994725,-0.0775207,-0.37393436,-0.2224956,-0.45519418,-0.07844411,-0.13107832,-0.058129154,-0.010111985,0.60118353,0.4700597,0.615958,0.21796955,0.34724653,0.32785496,0.40080413,0.30015275,0.253059,0.012973191,-0.27512982,-1.1597538,-1.4358524,-0.9907702,-1.0461748,-1.2594817,-1.1763752,-1.3250436,-1.8042918,-2.2022803,-2.0646925,-1.8883219,-2.1007054,-2.3611062,-1.777513,-1.8393813,-1.9871264,-2.3500254,-2.1477993,-2.1838121,-2.1367183,-1.6417723,-1.103426,-0.7636121,-0.6962034,-0.8845784,-1.3407415,-1.3776778,-1.1662176,-0.6721948,-0.5900116,-0.7211354,-0.85041237,-1.0572555,-0.9261318,-0.8531826,-0.78762066,-0.8531826,-0.9658383,-0.80885905,-0.5669264,-0.11076335,0.027747702,0.3066166,0.11177774,0.3056932,-0.06551641,0.16718216,0.19488437,-0.047048263,-0.074750476,0.102543674,-0.0018013216,-0.047048263,0.12655225,0.32970178,0.2659867,0.6168814,0.506996,0.5014555,0.8782056,1.0185635,1.0647337,0.9520781,0.7886351,0.9160653,1.072121,1.2291002,1.0832019,0.97608674,0.96685266,0.86712474,0.80987346,0.92160577,0.7175328,0.6787497,0.36109763,0.046215847,0.100696854,0.277991,0.55870676,0.45805538,0.34539974,0.6695156,0.5383918,0.39988074,0.46451926,0.770167,0.7600095,0.79694575,0.81541395,0.7877117,0.81541395,0.53008115,0.3841828,0.22443339,-0.41179407,-0.80701226,-0.8421017,-0.9455234,-1.201307,-1.2290093,-1.380448,-1.6223806,-1.593755,-1.2576349,-1.0821877,-1.2677925,-1.5651295,-1.8338408,-1.5651295,-1.6962533,-1.5383507,-1.5826741,-1.5337336,-1.7461172,-1.4127673,-0.5484582,-0.25112122,-0.075673886,-0.60386264,-1.0350939,-0.92520833,-0.8208633,-0.41271746,0.12470544,0.13486291,-0.043354634,0.11731818,0.03236474,0.1330161,-0.035043973,0.39803392,0.35278696,0.41188502,0.15148425,0.048986066,0.20781207,0.9954782,0.8375757,0.4599022,0.66582197,0.41280842,0.41927227,0.15240766,0.62519205,0.58733237,0.2807612,0.3666381,0.70922214,0.46728945,0.32693157,0.90313756,0.8431161,0.12932247,0.23920791,-0.168938,0.2004248,0.7766308,0.6852135,0.7110689,0.15425447,-0.04889508,-0.3249938,-0.44411328,-0.037814196,-0.28067023,-0.29082772,-0.2991384,-0.37116414,-0.2603553,-0.22341901,0.09977345,0.30199957,0.43219998,0.5060725,0.22720362,0.54393226,0.5337748,0.49037465,0.79325217,0.6639752,0.48575762,0.53746843,0.61134094,0.5550131,0.3038464,0.21889296,0.7064519,0.26413992,0.18934393,0.33801246,0.4949917,0.41188502,0.4599022,0.79325217,0.8569672,0.76647335,1.2863514,1.2586492,1.2401811,1.2494152,0.9151419,1.01764,1.1007466,1.2318704,1.1838533,0.8708184,0.56147695,0.45159152,0.5337748,0.41373184,0.3841828,0.5208471,0.37402534,0.5217705,0.4848342,0.36386785,0.11454796,0.3666381,0.4488213,0.5697876,0.68890715,0.7369243,0.7572393,0.749852,1.0296443,0.5753281,0.7424648,0.7784776,0.9068312,0.89759713,0.93453336,0.6722858,1.0684273,1.2392577,0.76370317,0.5125364,0.50884277,0.5568599,0.8929801,0.78955853,0.4839108,0.4349702,0.506996,0.3851062,0.486681,0.15240766,0.07761168,-0.12553787,-0.4219515,-0.68050545,-0.7903909,-0.8282506,-0.8734975,-0.9482935,-0.86518687,-0.9113572,-0.799625,-0.76176524,-0.7146715,-0.8928891,-0.9482935,-1.0434045,-1.0434045,-0.99723417,-1.0046214,-0.97784257,-1.1255877,-1.3028818,-1.1911496,-1.23732,-1.1182004,-1.1089664,-1.0618726,-0.7848505,-0.45150054,-0.5632328,-0.7765398,-0.9344424,-0.8707273,-0.66757774,-0.5189092,-0.8347144,-0.47181544,-0.40810043,-0.30652562,-0.4348792,-0.29729158,-0.620484,-0.49859428,-0.4635048,-0.30560222,-0.3425385,-0.2779,-0.41733447,-0.25204462,-0.16801459,-0.16524437,-0.17540184,-0.23265308,-0.19386998,-0.23265308,-0.34346193,-0.6398756,-0.99354047,-0.7903909,-0.80885905,-0.5881648,-0.61402017,-0.3647003,-0.2224956,0.26875696,0.482064,0.620575,0.18288007,0.07114783,0.06283717,0.32970178,0.4220425,-0.93536586,-0.33515126,-0.40071315,-0.48381975,-0.74237376,-0.42564514,-0.14862303,-0.40717703,-0.29082772,-0.10614632,-0.97414887,-0.79593134,-0.25481483,-0.5346072,-0.8023952,-0.24650417,-0.5447646,-0.074750476,-0.15785712,0.02590089,-0.04889508,0.1450204,-0.1033761,-0.33515126,-0.7257524,-1.1357452,-1.3841416,-1.6750149,-1.9741987,-1.743347,-0.91505086,-0.3499258,0.033288144,-0.252968,-0.49213043,-0.40163657,-0.14031237,-0.24281056,-0.38593864,-0.23819351,-0.100605875,-0.26681915,-0.24927442,0.3444763,0.4839108,0.4386638,0.37402534,0.17733964,-0.22711265,-0.3388449,-0.7349865,-0.6915864,-0.5447646,-0.77376956,0.0794585,-0.083061144,0.18380348,0.009279563,0.35094017,0.32416135,-0.11538039,-0.19386998,-0.2779,-0.7285226,-1.0120085,-0.7709993,-0.8993529,-0.813476,-0.66019046,-0.90858704,-0.9067402,-1.0341704,-0.9898469,-0.9076636,-0.82548034,-1.3462819,-1.5586655,-1.4007629,-1.316733,-1.1237409,-1.0406343,-0.6509564,-0.640799,-1.3822948,-1.5835977,-1.9963603,-1.9354155,-2.1690376,-1.8800111,-1.8513856,-1.6085296,-1.6085296,-1.8089089,-1.8181429,-2.0037477,-1.4746356,-1.6149933,-1.2530179,-1.4450866,-1.9455731,-2.5106983,-2.4008126,-2.4008126,-2.3260167,-2.2733824,-1.4875633,-1.4921803,-1.0646428,-0.95291054,-1.2751796,-1.2733328,-1.5992955,-1.3121159,-1.5623592,-1.2022306,-0.97784257,-0.75253123,-0.6260244,-0.55215186,0.24105473,0.22073977,0.7193796,0.7720138,0.7618563,0.620575,0.6796731,0.5346982,0.060066946,0.4312766,0.09700322,0.7914053,0.9779335,1.2198662,1.0536529,0.94284403,0.9742398,0.59564304,0.7978692,0.7609329,0.6824433,1.1256787,0.63627297,0.73784775,0.8283416,1.1441467,1.0065591,1.0434954,0.7489286,0.63811976,0.4312766,1.6898804,0.93268657,0.86066085,0.64550704,0.49222144,1.2457215,0.94192064,1.5541395,1.4516413,1.7859147,1.9078045,1.8994937,1.5033522,1.2743472,1.1727724,1.385156,1.3297516,1.2364875,1.8265446,1.9530514,1.8524001,2.2374609,2.4045975,2.4156783,2.6086705,2.35104,2.2586992,2.4720063,2.2208395,1.4987351,1.6658717,1.8043828,1.8874894,1.0462656,0.19765459,0.29830596,0.33247203,0.46728945,0.45805538,0.5882558,0.7904819,0.5217705,0.253059,-0.07936752,0.07668827,-0.15416348,-0.21049131,-0.43949625,-0.66850114,-0.70359063,-0.40255997,-0.6324883,-0.48381975,-0.28528726,-0.20218064,0.0009688996,4.549244e-05,0.036058366,0.1468672,0.052679695,0.37679556,0.32139114,0.3666381,0.92160577,0.91144824,1.7951487,1.7859147,1.4941181,1.51905,1.0711976,0.7064519,0.6501241,0.2909187,0.003739121,-0.007341764,0.35371035,0.65658796,0.80340964,0.9234525,0.73784775,0.2364377,0.7212264,0.60118353,0.3694083,0.7563159,0.8218778,0.57255787,0.6178048,0.71014553,1.0527295,1.2447982,1.4220922,1.5172032,1.276194,0.9779335,1.1376829,1.3491431,0.7110689,-0.34346193,-0.16524437,-0.18555933,0.23182064,0.28630167,0.5346982,0.11362456,0.4829874,0.6695156,1.0554997,0.4635958,0.79694575,0.7276902,0.13670973,0.29461235,0.22073977,-0.1698614,0.1062373,0.65197086,0.78217125,0.62426865,0.34539974,0.40080413,0.382336,0.5402386,0.4386638,0.25859946,-0.024886498,0.6990647,-0.302832,-0.41641107,-0.6260244,-1.0886514,-1.3850651,-1.1800687,-1.178222,-0.9944639,-0.92982537,-1.2890308,-1.2188518,-1.1579069,-1.5088016,-1.2206986,-1.0092385,-1.266869,-1.3388947,-1.1911496,-1.0535619,-1.2086943,-1.3749076,-1.1431324,-0.9676851,-1.5060314,-1.2280859,-1.459861,-1.1283579,-0.7700759,-0.5484582,-0.60109246,-0.29636818,-0.70266724,0.055449914,-0.42472175,-0.27697662,-0.79500794,-0.7848505,-0.8965827,-1.0720301,-0.55215186,-0.70913106,-0.6925098,-0.49674746,-0.047048263,0.17272261,0.24567176,1.2401811,1.4322498,0.98809105,0.80340964,0.6325793,0.96685266,1.3454496,0.661205,0.7987926,1.1072105,0.94746107,0.7978692,0.8929801,0.7572393,0.70091146,0.50237894,0.9077546,1.1367594,1.5245905,1.0711976,1.1330658,1.3823857,1.7739104,1.6178546,1.7000377,1.857017,2.1257286,2.2660863,2.3307247,2.224533,1.8514768,1.902264,2.3316483,2.6345258,2.0324645,2.0444686,2.31041,2.280861,1.9733665,2.39444,2.1996012,2.4295294,2.5043254,2.593896,2.503402,2.5754278,2.7536454,2018-04-17
WAFD_GBCI,-0.9000133,-0.96346176,-1.231637,-1.2933935,-1.312005,-1.2502487,-1.2426348,-1.2993153,-1.1741105,-1.1571909,-1.3661478,-1.3306166,-1.4812008,-1.4972744,-1.3653017,-1.5378814,-1.8221304,-2.1080713,-2.2501957,-2.0835378,-2.0014777,-2.1655977,-2.1317587,-2.031933,-2.0996115,-2.0471609,-2.161368,-2.1884391,-2.4024718,-2.360173,-2.4261594,-2.1038413,-2.0615425,-2.0116296,-1.7502221,-1.7891371,-1.7772936,-1.7586819,-1.7586819,-1.7637578,-1.8128245,-1.6461667,-1.9574869,-1.8060567,-1.6681622,-1.9701767,-1.8652753,-1.6943876,-1.8948846,-1.7975969,-1.8069026,-1.8204384,-1.9777905,-1.9253398,-1.8906546,-2.0674644,-2.1258368,-2.0513906,-1.9913262,-1.9253398,-1.9735606,-1.9270319,-1.4008329,-1.1588829,-1.2443267,-1.1445012,-1.2104876,-1.2773199,-1.4126765,-1.4617434,-1.3585339,-1.4092926,-1.2265612,-1.3737614,-1.2840878,-1.3314625,-1.2629383,-1.2096416,-1.2011818,-1.2950854,-0.8179533,-0.63099194,-0.5556998,-0.3315154,-0.056572247,0.0339475,-0.16485754,-0.15555178,-0.22069217,-0.35435686,-0.48548356,-0.5768493,-0.52862847,-0.5979988,-0.84333265,-0.96684563,-1.0768229,-0.8915535,-0.93892837,-0.9879951,-0.8001877,-0.47702378,-0.38988796,-0.29852223,-0.31459585,-0.42203516,-0.5717734,-0.46518007,-0.22999795,-0.428803,-0.428803,-0.2883705,-0.27398884,-0.45079842,-0.5633136,-0.6030746,-0.37043044,-0.3678925,-0.21054041,-0.13271035,-0.24522555,-0.43980068,-0.43049493,-0.48632953,0.07624645,0.24121234,0.20229732,0.32665622,0.6591259,0.23952037,0.061018825,0.39264256,0.2031433,0.01871988,0.13715693,-0.07010791,-0.43303287,-0.30951995,-0.11325283,-0.116636746,0.047483165,0.077092424,0.11431551,0.17268805,0.07540047,0.19299155,0.05171306,0.011106069,-0.11409882,-0.15639776,-0.14793797,-0.19954269,-0.19785072,-0.20461856,0.11093159,0.10754768,0.23782842,0.11516149,0.3875667,0.23698245,0.57537407,0.57537407,0.44678524,0.1946835,0.4772405,0.28181934,0.19299155,0.20145135,0.052559037,-0.0464205,0.0034922592,0.013644007,-0.030346898,0.11685344,0.08470624,0.11093159,0.20145135,0.24544223,0.21583296,0.14984663,0.1422328,0.3782609,0.3638793,0.13631096,0.33680797,0.06524872,0.037331417,0.18368578,0.29366302,0.22429274,0.23190656,0.07455449,0.1870697,0.035639457,-0.120020665,-0.27652678,-0.15808973,-0.08702749,-0.10394707,-0.21307836,-0.13186437,-0.068415955,-0.23761174,-0.24099566,-0.13947818,0.13546498,0.3478057,0.036485437,0.08301428,0.14307879,0.11262355,-0.06926193,-0.089565426,-0.24268763,-0.19700474,-0.3958098,-0.45333636,-0.7621187,-0.65044945,-0.70205414,-0.45756626,-0.60476655,-0.5717734,-0.38227415,-0.3239016,-0.34589705,-0.32643956,-0.3442051,-0.27737278,-0.2393037,-0.18939094,-0.0464205,-0.001583615,-0.049804416,-0.10140913,-0.10817696,-0.16147363,0.04409925,0.012798027,0.016181942,0.14477076,-0.23338185,-0.16316558,-0.3323614,-0.020195153,0.2073732,0.31058264,0.39687246,0.3833368,0.32158032,0.5178475,0.53392106,0.5440728,0.5931396,0.75049174,0.7420319,0.6261328,1.0000554,1.1074948,1.1151085,1.1751732,1.1751732,1.1024189,1.058428,1.1599455,1.0804234,1.2183181,0.97129214,0.7276503,0.72426635,0.6337466,0.66758573,0.5973695,0.45693702,0.42055988,0.30550674,0.26405376,0.122775294,0.16422828,0.03479348,-0.17331733,-0.13271035,-0.0142733,0.083860256,0.11600746,0.12108334,0.43832546,0.3960265,0.61344314,0.7149606,0.6853513,0.6523582,0.64305234,0.4417094,0.40956214,0.49500602,0.5237693,0.4281737,0.24882615,0.28774118,0.60329133,0.42732772,0.3029688,0.27335954,0.16845816,0.08978211,0.13208106,-0.2706049,-0.44487658,-0.34589705,-0.31374985,-0.389042,-0.19785072,-0.1953128,-0.14540003,-0.16993342,-0.1953128,-0.32982343,-0.037114732,0.111777574,0.2868952,0.33257806,0.22260082,0.036485437,0.254748,0.1709961,0.294509,0.12700519,0.17607197,0.12869714,0.07793841,0.012798027,-0.08533554,-0.15978166,-0.109868914,-0.10056315,-0.1504759,-0.30106017,-0.4347248,-0.34928095,-0.35435686,-0.4474145,-0.35689476,-0.25368536,0.028025648,0.16592021,-0.036268752,-0.098871194,0.09485799,0.20991112,0.32496426,0.30127686,0.2505181,0.3706471,0.4298657,0.30466077,0.53392106,0.57537407,0.56945217,0.7056548,0.7166525,0.5863718,0.6650478,0.6455903,0.5880637,0.58298784,0.6836594,0.7251123,0.73526406,0.7581055,0.71580654,0.94675875,0.898538,1.0068233,1.0330486,0.9509886,1.2470813,1.3147596,1.1142626,1.2047824,1.1100327,1.2056283,1.3722862,1.1294903,1.220856,1.46196,1.8502643,1.6396155,1.4281207,1.4526541,1.1895547,1.2555411,1.0541981,0.71580654,0.45693702,0.4281737,0.45439905,0.67096967,1.0778855,0.7716412,1.0009013,0.8841563,1.2817664,1.3494447,0.9289932,0.6142891,0.56945217,0.4493232,0.26912963,0.31312054,0.3714931,0.44255537,0.72426635,0.81986195,0.48231634,0.57114416,0.81817,1.2360835,1.1557156,1.3477528,1.2022444,1.2276237,1.2039363,1.1261063,1.1514856,0.86300683,0.8139401,0.94422084,0.977214,0.88584834,1.0152831,1.1700972,1.1210304,1.1734811,1.2445433,1.2259318,1.2783825,1.5059508,1.3646724,1.5237164,0.9687542,0.39264256,0.82832175,0.29789293,0.20821917,0.31819642,0.2665917,0.6083672,0.66673976,0.4357875,0.41717595,0.68281335,0.73949397,0.7301882,0.7674113,0.63120866,0.4476312,0.53392106,0.9459128,0.8807724,0.8223999,0.9078437,0.53392106,0.19975938,0.09401201,0.29027912,0.06778666,0.23782842,-0.009197425,0.048329145,0.17015012,0.3554195,0.46285883,0.3714931,0.49669802,0.4442473,0.23613648,0.6506662,0.8223999,1.4382726,1.5186405,1.740287,1.5812429,2.2453365,2.0372257,2.02792,1.7284433,1.6404616,2.0507612,1.9670094,1.9856209,1.8460343,1.9044069,1.9788531,1.9593955,1.979699,2.5143576,2.3603895,2.2013454,1.9086368,2.0558372,2.132821,1.7682042,1.7698963,1.6303098,1.7698963,2.0389175,1.9915428,1.7952757,1.8308067,1.6996801,1.5313301,1.4467324,1.4340427,1.4433484,1.5304842,1.2766905,1.3299873,1.2293156,1.4602679,1.4890313,1.5152566,1.5592476,1.4018954,1.4255828,1.4238908,1.5913948,1.8409586,1.9069449,1.8384206,1.8536482,1.7529768,1.6929121,1.5550177,0.977214,0.9399909,0.8875403,0.9653703,0.9450668,0.6244408,0.295355,0.42901972,0.21414101,-0.018503195,0.34188384,0.35880342,0.44593927,0.39518052,0.38418278,0.08301428,-0.228306,-0.32305562,-0.25706926,-0.45587426,-0.2841406,-0.032884836,0.06524872,0.17438002,0.10754768,0.27335954,0.21329504,0.11939138,0.42394382,0.6337466,0.93491507,1.0533521,0.99413353,0.7834849,1.0245888,1.2335455,1.018667,0.86046886,0.89346206,0.9738301,0.9273012,1.1032649,1.138796,0.83085966,1.1193384,0.8799264,1.0144371,0.9873658,0.85116315,1.0939591,0.9848278,0.8900782,0.7589515,0.657434,0.48993018,0.5931396,0.65151215,0.6413604,0.5643763,0.67350763,0.75049174,0.99413353,0.88584834,0.8274758,0.65574205,0.7961745,0.7851768,0.83678156,1.0525061,0.8443954,0.7056548,0.42309785,0.22598471,-0.0904114,-0.10479304,-0.25453132,-0.15893568,-0.16485754,-0.6208402,-1.1411173,-1.0049146,-1.0886666,-0.74773705,-0.6851346,-0.7367393,-0.7705785,-0.43980068,-0.39834774,-0.34251314,-0.06756997,-0.015119278,-0.051496375,-0.091257386,0.30804467,0.49500602,0.59990746,0.6523582,0.84524137,0.55422455,0.03479348,0.054250997,-0.4118834,-0.56500554,-0.84756255,-0.7756543,-0.46518007,-0.2553773,-0.3239016,-0.29429233,0.04409925,-0.28160265,-0.22238414,-0.44149268,-0.36535457,-0.5303204,-0.71136,-0.92708457,-0.6445276,-0.4609502,-0.41865125,-0.8018797,-1.5328056,-1.8060567,-1.8297442,-1.558185,-1.4676652,-1.3610718,-1.0573654,-0.84079474,-0.9203168,-1.1022023,-1.0116825,-1.0218343,-1.0624412,-1.4515915,-1.5979459,-1.4989663,-1.7053853,-1.7409165,-1.5742584,-1.6165575,-1.8246683,-1.9024984,-1.6190954,-1.6038678,-1.4947364,-1.274782,-1.0480596,-0.97192156,-1.312005,-1.4084467,-1.1707265,-0.87040406,-0.23168989,0.1422328,-0.05403431,0.031409565,0.022949776,-0.026962984,-0.118328705,-0.46940997,-0.4389547,-0.17923918,-0.5167848,-0.87463397,-1.0607493,-0.72235763,-0.669907,-0.388196,0.04917512,0.09654994,-0.33066943,-0.48971346,-0.63268393,-0.6555253,-0.8873236,-1.0091445,-1.2164094,-1.0370618,-0.95753986,-1.1825702,-1.0615953,-1.070055,-1.2147175,-1.1758025,-1.3340005,-1.4304421,-1.1588829,-1.0962805,-1.4262122,-1.4913526,-1.4414399,-1.151269,-1.3069291,-1.4185984,-1.235021,-1.1191218,-1.067517,-0.868712,-0.52862847,-0.6013827,-0.70797604,-0.7358933,-0.7621187,-0.7528129,-0.6809047,-0.9059351,-1.0548275,-0.7443531,-0.6445276,-1.0082986,-1.718921,-2.5775895,-2.3711708,-2.3331015,-2.521755,2018-04-17
WTFC_GBCI,0.8084084,0.5753383,0.23494554,0.38694772,0.6766731,0.4145845,0.42794228,0.20408449,0.44268188,0.4482092,0.31877705,0.19763592,0.20039959,0.27916437,0.42840287,0.24692148,0.079258464,-0.42649424,-0.6830555,-0.5084833,-0.3845785,-0.7129953,-0.65219444,-0.7456988,-0.80235416,-0.6761463,-0.9050708,-1.0782613,-1.211839,-1.0303575,-1.1091223,-0.9737022,-0.8438093,-0.809724,-0.8267666,-1.0303575,-0.94836843,-0.97185963,-1.0593761,-1.228421,-1.2178268,-0.90322834,-0.9663324,-0.79406315,-0.4882163,-0.60152704,-0.75352925,-0.3629297,-0.715759,-0.56099313,-0.6250183,-0.7972874,-0.89908284,-0.9787689,-0.94882905,-0.8912524,-0.46242198,-0.337596,-0.33114743,-0.29521963,-0.40853038,-0.2528433,0.38095978,0.56428367,0.68035805,0.93645865,0.93323433,0.7314861,0.73378915,0.4730823,0.40214795,0.37036568,0.5711928,0.25935802,0.3459532,0.6412059,0.8213055,0.7927475,0.9525801,1.1124127,1.3818711,1.757731,1.6835724,2.3325758,2.307242,2.1105604,1.8512355,1.711209,1.590068,1.7305548,1.6370505,1.6877179,1.8512355,1.769707,1.6586993,1.6117169,1.700615,1.8618295,1.7669432,1.5550615,1.7581916,2.0506809,1.9249334,2.0714085,2.0829237,1.844787,1.8963755,2.1474094,2.4698384,2.2551928,2.1782706,2.0244257,1.9746798,1.9124969,1.467545,1.1944017,1.385556,1.4403689,1.9009815,1.8337321,-0.05846473,-0.45643407,-0.5020347,-0.64436406,-0.4532098,-0.6627885,-0.74754125,-0.6761463,-0.03313103,-0.5550052,-0.45090672,-0.14229622,-0.20954569,-0.22520651,-0.3408203,-0.56421745,-1.1151103,-1.0174603,-1.2210511,-1.1427469,-1.0257514,-0.80926335,-1.1174134,-0.8184756,-1.0146967,-1.0225271,-1.1358378,-1.361538,-1.4324723,-1.2648094,-1.2371726,-1.1740687,-1.3274527,-0.92165285,-0.4071485,-0.5531627,-0.42373058,-0.16947238,-0.09991986,-0.20309712,0.29344338,0.31048605,-0.00042752945,0.17322344,0.40859655,0.30449808,-0.25146145,-0.19019994,-0.45505223,-0.6784494,-0.6291638,-0.57849646,-0.6627885,-0.29475904,-0.011482234,-0.07458617,0.14927159,0.58639306,0.6163329,0.43024534,0.37727487,0.9659378,0.692334,0.30081317,-0.29706207,-0.82630605,-0.90368897,-0.57250845,-0.24224919,-0.61580604,-0.57342964,-0.6457458,-0.41083342,-0.642061,-0.8470336,-1.390096,-1.026212,-0.88940996,-1.0303575,-0.9419199,-0.8115664,-0.62732136,-0.70194066,-0.9451442,-1.0045632,-0.9041496,-0.8060391,-0.5900117,-0.26205552,-0.032209806,-0.35648113,-0.57250845,-0.41590017,-0.60060585,-0.79083884,-1.0745763,-1.1915718,-1.6010566,-1.3113312,-1.3956233,-1.2625062,-1.5347284,-1.5596014,-1.2721792,-1.4462907,-1.7512163,-1.8069504,-1.6190206,-1.5858564,-1.3592349,-1.1786748,-1.07734,-1.2952098,-1.3712109,-1.2339482,-1.4274056,-1.2210511,-0.99535096,-1.0865523,-0.9340895,-1.0252908,-1.0902371,-0.9658717,-1.0602974,-0.752608,-0.62133336,-0.48176774,0.6633154,0.50210094,0.87750024,0.9272464,0.9815987,0.9424466,1.1718316,1.3979926,1.3703557,0.95442253,1.3284401,1.4012169,1.3873985,1.5444673,1.481824,1.3445615,1.459254,1.3118579,1.2837605,1.1736742,1.0060111,0.8549302,0.87381536,0.9244827,0.874276,0.69003093,0.50210094,0.6108055,0.46294886,0.48551887,0.28054622,0.433009,0.37312934,0.32292256,0.43254837,0.5334226,0.30357683,0.2704127,0.32983178,0.43577266,0.5417136,0.47354293,0.56428367,0.43899697,0.5513865,0.6425878,0.2261939,0.54954404,0.4362333,0.8291359,0.7356315,0.28975844,0.31094664,0.5813263,0.57487774,0.49611297,0.22895758,0.027669843,-0.110513955,-0.2104669,-0.3997787,-0.672922,-0.40760913,-0.3818148,-0.5527021,-0.14874482,-0.13446581,-0.27357084,-0.35740235,-0.31732905,-0.36431155,-0.17546035,0.098143585,0.36207464,0.23770921,0.3173952,-0.03681593,0.014312075,-0.12847786,-0.09991986,-0.13999316,-0.06813759,-0.23580062,-0.32608068,-0.5186168,-0.8184756,-0.9658717,-0.87789464,-0.82768786,-0.9009253,-0.88250077,-1.0146967,-1.0418729,-1.4062175,-1.3380468,-1.3219253,-1.2804701,-1.0275939,-1.0206847,-1.1137284,-0.52091986,-0.36200848,-0.16348441,0.07787663,-0.03635532,-0.17407851,-0.5094045,-0.6093574,-0.56928414,-0.46288264,-0.34911132,-0.1118958,-0.14505991,-0.11512008,-0.11972621,0.10643461,0.37635362,0.12624095,-0.047410022,-0.0013487549,0.25521252,0.15065342,0.23126063,0.114265025,0.15111405,-0.11281703,0.067282535,0.19579348,0.19302979,-0.075507395,-0.13446581,-0.17960586,-0.24132796,-0.22060038,-0.49098,-0.2528433,-0.5315139,-0.5001922,-0.5941572,-0.6001452,-0.71437716,-0.8410456,-0.721747,-1.3426529,-0.70101935,-1.2132207,-1.7871442,-1.7438465,-1.4214176,-1.494655,-1.668306,-1.7429253,-2.2076836,-2.1072698,-2.1008213,-1.7281858,-1.5830927,-1.5669712,-0.9824537,-1.0764188,-1.8677511,-1.9211823,-2.2560475,-2.3251395,-2.9888823,-3.1597698,-2.8493168,-2.7281756,-2.7392304,-2.0768692,-1.2638881,-1.3988476,-1.2403969,-1.011933,-0.9170467,-0.71437716,-0.8138695,-0.91474366,-0.86085194,-1.0985281,-0.917968,-0.60060585,-0.7779417,-0.7696507,-0.71529835,-0.79959047,-0.94790787,-1.0469396,-0.6111999,-0.44860366,-0.6839767,0.079719074,0.080179684,-0.6982557,-1.2555971,-0.63423055,-1.3799626,-0.9649505,-0.8590095,-0.7539898,-0.6111999,-0.613503,-0.63699424,-0.48959816,-0.10821089,-0.22152162,-0.015167136,-0.121568665,-0.2528433,-0.403003,-0.49190122,-0.3297656,-0.5089439,-0.72957736,-0.7857721,-0.82077867,-1.5236737,-1.3491014,-1.5876988,-1.0994494,-1.1169527,-1.1491956,-1.1538018,-1.0814855,-0.9009253,-0.8078815,-0.7922207,-0.58770865,-0.6245577,-0.6153454,-0.5232229,-0.23487937,-0.018391423,0.3201589,0.48183396,0.5182224,0.5361863,0.51545864,0.6273876,0.047476187,-0.1998728,-0.024840003,-0.19019994,0.18519938,0.2989707,0.1819751,0.15618077,-0.25975248,-0.3550993,-0.18052708,-0.6084362,-0.8861857,-0.7926813,0.012930238,0.17690834,0.31186786,-0.013785297,-0.29291657,-0.11972621,0.47630665,0.6287694,0.35424423,0.5619806,0.35746852,0.34411073,0.31923768,0.4155057,0.40583283,0.6278482,0.59606594,0.9221797,1.0626664,1.0520724,0.7987355,0.6425878,0.42425737,0.7416195,1.0755637,1.3758831,1.4256293,1.5942135,1.2349356,1.4067441,1.4684663,1.3537736,1.4762967,1.1676862,0.53941053,0.64074534,0.4035298,0.29989195,0.518683,0.4652519,0.24185473,0.31094664,0.35470483,0.36299586,0.47446415,0.10689522,0.15848385,0.067743145,-0.1303203,0.42978472,-0.013785297,0.036421485,0.17782958,0.29574642,0.42149368,0.42011184,0.68127924,0.70338863,0.8042629,0.76142585,0.8392694,0.9212584,1.7227244,1.5412431,1.4666238,1.6563962,1.089382,1.0649695,1.4666238,1.5711828,1.0709575,0.94889516,0.8807245,1.0626664,0.9535013,0.944289,1.0783274,1.0129203,1.2294083,1.2091414,1.138207,1.1124127,1.2068383,1.3625253,1.4707694,1.399835,1.4528054,1.5182124,1.3892409,1.4426719,1.3841742,1.4933394,1.7522036,1.8526173,1.9659281,2.112403,1.7853677,1.5794739,0.9710046,1.2123656,1.3150822,1.1759772,1.0483875,0.7425407,0.7296436,0.42379674,0.16308998,-0.41912445,-0.6416004,-0.72497123,-0.68029183,-0.8060391,-0.88894933,-1.1703837,-0.869143,-1.0676671,-1.07734,-1.2726398,-1.1782142,-1.1183345,-0.8553246,-0.93547124,-1.0077875,-0.525526,-0.38503912,-0.13953257,-0.26988596,0.060373344,0.7411589,0.42517856,0.5997508,0.53710747,0.30634052,0.10044664,0.26027924,-0.094392516,-0.42050627,-0.721747,-0.31686845,-0.17960586,0.083864585,0.06313702,0.17368406,0.15295649,0.05254293,0.27501884,0.09906481,0.071428046,-0.24409162,-0.35371745,-0.8433487,-0.5711266,-0.5241441,-0.32608068,-0.43202162,-0.6655522,-1.1574866,-1.4799155,-0.2800194,-0.2754133,-0.17223607,0.23402433,0.3173952,0.35101995,-0.20540017,-0.21092752,-0.3988575,-0.36615402,-1.0718126,-0.9391562,-0.7816266,-0.8935555,-0.82768786,-0.815712,-0.900004,-1.1505773,-1.3191617,-0.93040454,-0.77471745,-0.48361018,-0.15058726,0.3026556,0.93645865,0.7213526,0.44268188,0.40214795,0.8180812,0.47400358,0.9309312,0.49565235,0.25797617,0.53019834,1.3910834,1.0060111,0.6835823,0.62554514,0.57303524,0.40491164,-0.0036518183,-0.018852036,0.007402886,0.07787663,-0.14275685,0.057149053,0.1640112,-0.3334505,-0.00917917,3.3083223e-05,-0.39701504,-0.5453323,-0.4126759,-0.46748874,-0.43754897,-0.35878417,-0.48591325,-0.44814304,0.23126063,0.31048605,0.03411842,0.16355057,0.42287552,1.2832999,1.7162759,1.3482463,0.5140769,0.74714684,1.1732135,0.9166523,1.430696,0.874276,0.80932957,0.62232083,0.7213526,1.141892,1.0691152,0.8521666,0.72918296,1.4735329,1.7305548,2.0271895,2.2445989,2.2722356,2.3381033,2.6328952,2.5909793,2.548603,2.80931,2.436674,2.6126282,2.6591501,2018-04-17
RNST_HOMB,0.48487863,0.37553802,0.37684488,0.3990615,0.3820723,0.5057884,0.5192926,0.5702601,0.42737678,0.30714568,0.1799447,0.04577378,0.05012998,0.08062337,0.07757403,0.092385106,-0.04439953,-0.0056293635,0.05012998,0.14422387,0.1625199,0.07321783,0.009181712,-0.064438045,-0.02087606,0.2566138,0.1494513,0.04533816,-0.053983167,-0.14764144,-0.1511264,-0.086654656,-0.006936223,0.05840676,0.08062337,0.07800966,0.021814687,0.19911197,0.25356448,0.2326547,0.28449348,0.31106627,0.40646705,0.49968967,0.48052242,0.4957691,0.49925408,0.45133588,0.34243092,0.41082326,0.38642853,0.42868367,0.43303984,0.5872493,0.6003179,0.4648401,0.23309034,0.17210354,-0.0043225037,0.0483875,-0.14807707,-0.18510476,-0.15722509,-0.34018543,-0.43994236,-0.57803386,-0.51791835,-0.5510254,-0.6529605,-0.80063564,-0.8376633,-0.87991846,-0.7941013,-0.8002,-0.7801615,-0.8786116,-0.87774044,-0.8986501,-0.9522314,-0.81675357,-0.72875834,-0.77232033,-0.79976434,-0.68084013,-0.38984606,-0.6159328,-0.53011566,-0.554946,-0.4281806,-0.2739712,-0.24739839,-0.08055598,-0.32624558,-0.27222872,-0.2190831,-0.2103707,-0.14328524,-0.07315044,-0.1837979,-0.21211317,-0.1816198,-0.12150426,-0.23607226,-0.38287616,-0.38810357,-0.51356214,-0.5806475,-0.6285657,-0.53142256,-0.4564959,-0.3924598,-0.33190864,-0.29705903,-0.2656944,-0.07576416,-0.04483515,-0.05833937,-0.063566804,-0.04788449,0.091513865,-0.04527077,-0.1445921,-0.30577144,-0.2831192,-0.19599524,-0.43297246,-0.5566885,-0.57542014,-0.53011566,-0.59981483,-0.59458745,-0.4521397,-0.3837474,-0.5911024,-0.44952598,-0.46346584,-0.54710484,-0.5723708,-0.6690784,-0.6934731,-0.5928449,-0.48829618,-0.44647664,-0.5745489,-0.30620706,-0.27919862,-0.46172333,-0.5309869,-0.43384367,-0.3249387,-0.41336954,-0.38723236,0.019636588,-0.010421182,0.0679904,0.36203378,0.195627,0.15685685,0.34373775,0.3115019,0.26227686,0.4426235,0.46353325,0.42606992,0.21218055,0.21697238,0.3398172,0.08454395,0.20564626,0.30845258,0.35593513,0.3751024,0.27708793,0.1407389,0.32805547,0.38555726,0.3441734,0.28710717,-0.09362458,-0.17682797,-0.03655837,-0.12063301,-0.23302294,-0.16985805,-0.04919135,0.09630568,0.08977139,0.3241349,0.11155238,0.010924192,-0.08926838,-0.45780277,-0.3554321,-0.4255669,-0.54841167,-0.6015574,-0.899957,-0.9814179,-0.9230448,-0.84986067,-0.7670929,-0.40465716,-0.4207751,-0.5000579,-0.6756127,-0.7636079,-0.77536964,-0.82764405,-0.97923976,-0.8062987,-0.899957,-0.8350496,-0.8102192,-0.6093985,-0.7670929,-0.5649653,-0.8577018,-0.7082842,-0.8115261,-0.69478,-0.7492325,-0.7196103,-0.70262116,-0.7592517,-0.51835394,-0.57846946,-0.80804116,-0.99535775,-0.81457543,-0.8594443,-0.7819039,-0.8415839,-0.75707364,-0.6333576,-0.5161758,-0.42469567,-0.47697005,-0.5810832,-0.63814944,-0.6046067,-0.5958943,-0.6198534,-0.53664994,-0.67169213,-0.6725634,-0.7444406,-0.738342,-0.69695807,-0.69216627,-0.67387027,-0.80804116,-0.8494251,-0.9583301,-0.7805971,-0.5392637,-0.5349075,-0.5771626,-0.6594948,-0.5832613,-0.49090987,-0.5684502,-0.58936,-0.6581879,-0.7108979,-0.6364069,-0.40683526,-0.49439484,-0.53795683,-0.5244526,-0.4874249,-0.5161758,-0.5828257,-0.55146104,-0.59937924,-0.68171144,-0.772756,-0.82328784,-0.81109047,-0.753153,-0.6773552,-0.8672855,-0.8568306,-0.91738176,-1.0336922,-1.0284649,-0.9862097,-0.8394058,-0.82764405,-0.7087198,-0.6486043,-0.6054779,-0.5349075,-0.5235814,-0.5819544,-0.60852724,-0.42469567,-0.471307,-0.47740564,-0.33582923,-0.25523955,-0.2256174,-0.15853193,-0.18989657,-0.16550186,-0.19120343,-0.21734063,-0.20296517,-0.24086407,-0.28791103,-0.23084481,-0.23825036,-0.43689302,-0.5322938,-0.69695807,-0.62595206,-0.7183035,-0.7522818,-0.90126383,-0.96660686,-1.0737693,-1.0585227,-0.9814179,-1.0794324,-1.054602,-1.1299644,-1.2048908,-1.048939,-1.0175743,-0.91171867,-0.99622893,-0.9204311,-0.8664142,-0.791052,-0.9317572,-1.0402266,-1.1456467,-1.1112326,-1.0550376,-0.99535775,-1.0816104,-1.0001496,-1.1974853,-1.2092471,-1.2445323,-1.237998,-1.0898873,-1.0589583,-0.9875166,-1.0336922,-0.97444797,-1.0323853,-1.223187,-1.2349486,-1.2170882,-1.2388693,-1.3564867,-1.3329631,-0.8986501,-0.5758558,-0.6015574,-0.6011217,-0.57367766,-0.39289543,-0.45736712,-0.39768723,-0.3249387,-0.27919862,-0.26046696,-0.216905,-0.19425277,-0.13283037,-0.1533045,-0.26917937,-0.30664268,-0.23520103,-0.07576416,-0.1620169,-0.33800733,-0.41162705,-0.5584309,-0.6107053,-0.7056705,-0.7392132,-0.73137206,-0.8494251,-0.83984137,-0.88906646,-1.0620075,-1.0728981,-1.2645708,-1.1547946,-1.1425972,-0.86249363,-0.9326285,-1.2327706,-1.2541159,-1.1391124,-1.0628788,-1.1935648,-1.0023277,-0.86859226,-0.81762475,-0.6242095,-0.638585,-0.27571368,0.10066189,-0.14372087,-0.22343929,-0.31056327,-0.38113368,-0.41206267,-0.5118196,-0.70262116,-0.70174986,-1.1434685,-1.0332566,-1.0772543,-1.0289005,-0.93785596,-1.06375,-1.0323853,-1.0036345,-1.0114757,-1.0746405,-0.93742025,-0.97052735,-0.7954081,-1.1495671,-0.9875166,-1.2501953,-1.2697983,-1.3503879,-1.3895937,-1.3386261,-1.4253145,-1.4187802,-1.0759474,-0.9857741,-1.0885804,-1.1033914,-1.2445323,-1.1147176,-1.3547441,-1.3085684,-1.3708621,-1.4335912,-1.2750257,-1.2846093,-1.4322845,-1.3103108,-1.3325275,-1.528992,-1.6496588,-1.5377045,-1.474104,-1.6030475,-1.672311,-1.6827658,-1.5908501,-1.5965132,-1.5712472,-1.5002412,-1.6553218,-1.859192,-1.6779741,-1.9258418,-2.0421524,-2.0604484,-1.799512,-1.8718249,-1.7816516,-1.7794735,-1.6400752,-1.7019331,-1.5695047,-1.6827658,-1.9606913,-1.725021,-1.6278778,-1.6392039,-1.5808308,-1.5089536,-1.535962,-1.6958344,-1.5442388,-1.4666985,-1.5760391,-1.5246359,-1.2536803,-1.1012135,-0.7261446,-0.7596873,-0.77101344,-0.62159586,-0.53664994,-0.5100772,-0.35238278,-0.30141523,-0.1576607,-0.031330932,-0.03699399,0.29974017,0.39426968,0.5131939,0.17820221,-0.023489779,0.39731902,0.2548713,0.46135515,0.55327094,0.68482816,0.7440724,0.5920411,0.537153,0.5850712,0.7588835,0.8956681,0.31411564,0.45351398,0.31672934,0.43042612,0.4957691,0.48662108,0.5746163,0.6647896,0.7506068,0.80549484,0.70617354,0.5493504,1.0002168,1.0991026,1.2315309,1.3003589,1.3325949,1.2694299,0.9322602,0.7658534,0.78197134,0.84774995,0.8956681,0.9078655,0.9074298,1.024176,1.0969244,1.2158487,1.2994877,1.1927608,1.3678801,1.4014227,1.396631,1.2354516,1.1653168,1.5551965,1.5098921,1.304715,1.325625,1.1073793,1.1309028,0.9784359,0.97625774,0.9488137,0.9078655,0.6865706,0.91265726,0.7214202,0.69571865,0.53802425,0.64213735,0.5584983,0.74537927,0.7767439,0.7083516,0.5266981,0.60380286,0.6094659,0.37074623,0.38076547,0.38076547,0.33241168,0.36508316,0.29974017,0.33676785,0.4256343,0.620792,0.44610846,0.27098924,0.19867635,0.18865709,0.13986766,0.19998321,0.22089298,0.3968834,0.48313612,0.56067646,0.6373456,0.7867632,0.80113864,0.99978125,0.88259953,0.70051044,1.0215622,1.1335166,1.0673023,0.9627536,1.0272253,1.0276608,0.7549629,0.8547199,0.9527343,0.8481856,0.80113864,0.66304713,0.8690953,0.7449437,0.65172106,0.43565357,0.3703106,0.4143082,0.37771612,0.42955488,0.5510928,0.571567,0.45394963,0.50361025,0.4404454,0.5523997,0.18735023,0.5615477,1.2672518,1.7690859,2.0160823,1.978619,1.8409631,1.7124554,1.6309944,1.6998223,1.8292015,1.9428983,1.9925588,1.9272158,1.7738777,1.7847683,1.5656515,1.7743133,1.9158897,1.9028212,1.5447416,1.613134,1.7216033,1.4157982,1.3286742,1.3609102,1.4733,1.5765419,1.5822049,1.6606166,1.5242676,1.3704937,1.3596033,1.3195262,1.4789631,1.688932,1.562602,1.445856,1.5037934,1.2241254,1.0725297,1.3948884,1.580027,1.4693794,1.5482266,1.2720437,1.4101351,1.3173481,1.309507,1.2193336,1.0786284,1.3513265,1.3408716,1.4140557,1.2620244,1.2846766,1.1927608,1.2777067,1.2768354,1.1757716,1.4541328,1.5347224,1.7181184,1.4375792,1.4489053,1.5334156,1.5281881,1.6305588,1.5312375,1.4702507,1.5286238,1.4942098,1.46633,1.4044721,1.2807561,0.973644,1.008058,1.0463926,1.2263036,1.3752856,1.3025371,1.2524408,1.3892254,1.3251894,1.3578608,1.3661375,1.3199618,1.331288,1.4123133,1.5578103,1.5003085,1.1966814,1.1596537,1.2206405,1.445856,1.5116346,1.5238318,1.5909173,1.6884962,1.7316226,1.7856394,1.8100343,1.8139548,1.9354926,2.0217454,1.8596948,1.90195,1.7115841,1.938542,1.8082917,1.9398489,1.9781834,2.2809393,2.265257,2.381132,2.5335987,2.5675771,2.568884,2.7213511,2.6494737,2.8807878,2.8895001,2.9831586,3.1020827,2018-04-17
PB_HTH,0.18281482,0.077753,0.33048758,0.27254575,0.14448754,0.26555666,0.25225484,0.28742576,-0.19707611,-0.2969525,-0.505498,-0.45679978,-0.30642155,-0.3657161,-0.4024652,-0.45567247,-0.6502398,-0.6437016,-0.5672725,-0.5632143,-0.5638907,-0.6655707,-0.6863125,-0.64956343,-0.82406527,-0.4879125,-0.55103976,-0.7507925,-0.86261797,-0.73343253,-0.741098,-1.0319344,-1.100698,-1.0815344,-0.9764725,-0.87727255,-0.9135707,-0.88944703,-0.902298,-0.94626164,-1.081309,-1.0290035,-1.0400507,-0.95775986,-0.9489671,-1.0666543,-0.8815562,-0.8301525,-0.9854907,-0.9180798,-1.0093889,-1.1065599,-1.2035053,-1.3446399,-1.378458,-1.2555852,-1.3162326,-1.3378762,-1.2443125,-1.1577381,-1.0749962,-1.0046543,-1.0693598,-1.0619198,-0.93724346,-0.78303254,0.05701118,0.03469118,0.07685118,0.13592027,0.18822573,0.049120273,0.07392027,0.06490209,-0.119294286,-0.17565793,-0.1436434,-0.097650655,0.090153,0.011920269,-0.030239735,-0.13935974,-0.14116338,-0.039708827,-0.17047247,-0.22818883,-0.20767248,-0.26786882,-0.29785427,-0.44282156,-0.40088704,-0.27215248,-0.21669067,-0.18715611,-0.26087973,-0.43154886,-0.5706543,-0.4247852,-0.42410886,-0.5138398,-0.60537434,-0.5091052,-0.43154886,-0.47032702,-0.4969307,-0.60965794,-0.45138887,-0.3632361,-0.2527634,-0.2685452,-0.45431978,-0.2110543,-0.4998616,-0.4991852,-0.52173066,-0.5839561,-0.592298,-0.5230834,-0.36684337,-0.2809452,-0.17768702,-0.34362158,-0.30687246,-0.20767248,-0.29559976,-0.33189794,-0.2631343,-0.3796943,-0.29469794,-0.26087973,-0.31656703,-0.48610884,-0.7352361,-0.53954154,-0.4069743,-0.5151925,-0.5817016,-0.6382907,-0.4313234,-0.36413795,-0.4610834,-0.3945743,-0.3147634,-0.17520702,-0.25095975,-0.18986157,-0.31994885,-0.32242882,-0.37901795,-0.4164434,-0.43583247,-0.45882887,-0.5835052,-0.56118524,-0.45454523,-0.56546885,-0.6858616,-0.8684798,-0.81279254,-0.6094325,-0.22661065,-0.44890887,-0.29943246,-0.22886519,-0.37856704,-0.4581525,-0.33505428,-0.4333525,-0.33031976,-0.27034885,-0.22232702,-0.28117064,-0.1540143,-0.12290157,-0.13890883,-0.017388824,0.03852391,0.004705723,-0.04602155,-0.3222034,-0.5801234,-0.46175978,-0.13101792,0.111571185,-0.025279736,-0.2065452,-0.060225192,-0.07578156,-0.1143343,-0.06090156,0.4860512,0.7268367,0.63327307,0.50814575,0.5796149,0.6950476,0.63823307,0.6005822,1.0151931,0.7523131,0.7302185,0.71962214,0.9254622,0.7888367,0.6053167,0.6806185,0.71218216,0.511753,0.47297487,0.5552658,0.23737484,0.06693118,-0.14319247,-0.592298,-0.36909792,-0.3623343,-0.40832704,-0.21714157,-0.22818883,-0.37293068,-0.17295249,-0.31250885,-0.17903976,-0.17746156,-0.19933066,-0.12943974,-0.16461067,-0.090210654,0.0020002679,-0.09855247,-0.1400361,-0.02798519,-0.21511248,-0.1197452,-0.15626885,-0.075330645,-0.10824701,-0.20181066,-0.14477067,-0.23314884,-0.33099613,-0.30394158,-0.29221794,-0.2809452,-0.094268836,-0.18850885,-0.037228826,0.061069362,0.24188393,0.09060391,0.2921603,0.096691184,0.14561483,0.2445894,0.19070575,0.53970945,0.4693676,0.30681485,0.2644294,0.16004391,0.08857482,0.20761484,0.3268803,0.29757124,0.33905485,0.24954939,0.32778212,0.38324395,0.45877126,0.45854574,0.52753484,0.52415305,0.5309167,0.6055422,0.46057487,0.42833486,0.4272076,0.50386214,0.44344032,0.3537094,0.206713,0.01936027,0.06377482,-0.024152461,-0.11117793,-0.3300943,-0.5765161,-0.5584798,-0.60853064,-0.6506907,-0.6466325,-0.57155615,-0.6065016,-0.6119125,-0.53886527,-0.60469794,-0.52736706,-0.4748361,-0.38555613,-0.41396338,-0.67954886,-0.85743254,-0.89778894,-0.95437795,-0.96925795,-0.7413235,-0.61957794,-0.4750616,-0.48295248,-0.5341307,-0.4671707,-0.48655978,-0.48813793,-0.50324345,-0.47370887,-0.4615343,-0.91199255,-0.7027707,-0.8060289,-1.0136725,-0.9992435,-0.8714107,-0.7810034,-0.815498,-0.7861889,-0.8853889,-0.97038525,-0.88561434,-0.8878689,-0.7305016,-0.62927246,-0.60582525,-0.5242107,-0.52082884,-0.5523925,-0.6044725,-0.50617427,-0.50978154,-0.46784705,-0.42906886,-0.4229816,-0.42839247,-0.4764143,-0.33527976,-0.3866834,-0.5210543,-0.5683997,-0.5503634,-0.7424507,-0.50685066,-0.5503634,-0.5796725,-0.500087,-0.26335976,-0.30845067,-0.29537427,-0.4313234,-0.4870107,-0.45071247,-0.41757068,-0.3758616,-0.52015245,-0.376087,-0.42658883,-0.6540725,-0.711338,-0.711338,-0.72509074,-0.91605073,-0.8107634,-0.7408725,-0.9219126,-0.86712706,-0.89711255,-1.0533525,-1.0889744,-1.0691344,-1.0060071,-1.0919052,-1.2055345,-1.3755271,-1.3408071,-1.3462181,-1.5243272,-1.4152071,-1.5655853,-1.7901381,-1.7060435,-1.688458,-1.750458,-1.3502762,-1.4115999,-1.1575125,-1.1651781,-1.1036289,-1.2954907,-1.2848943,-1.5083199,-1.3516289,-1.4602981,-1.4289598,-1.5047126,-1.5538617,-1.4666108,-1.3484726,-1.408218,-1.2213161,-1.2190616,-1.1854689,-1.3157817,-1.2567126,-1.2576144,-1.2718179,-1.348698,-1.1757745,-1.1922326,-1.0445598,-0.95325077,-0.98368704,-1.0253961,-0.86329436,-0.9194325,-1.0355417,-0.99202895,-1.0930326,-1.1214398,-1.2452143,-1.0889744,-1.1464653,-0.9579853,-0.8015198,-1.0211124,-0.97106165,-0.8112143,-0.07826156,-0.037228826,0.066705726,-0.031367008,0.0058329958,0.11314936,0.20851666,0.44862577,0.34559304,0.39654577,0.6497312,0.40669122,0.46869123,0.5209967,0.45854574,0.42337486,0.21956392,0.39406577,0.43397123,0.49800035,0.4172876,0.48289487,0.57420397,0.41616032,0.3710694,0.21505482,0.26149848,0.4028585,0.4231494,0.3582185,0.18552029,0.26127303,0.2628512,0.2842694,0.3198912,0.2966694,0.13501845,0.1289312,0.12216755,0.041905727,0.13298936,0.15553482,0.34649485,0.2851712,0.14313482,-0.039708827,0.09781846,0.03356391,0.089476645,0.057687547,0.08699664,0.046640273,0.026123906,-0.19527248,-0.42185432,-0.29266882,-0.4189234,-0.43583247,-0.49670523,-0.46784705,-0.37270522,-0.41013068,-0.36999977,-0.34790522,-0.5251125,-0.57629067,-0.44146883,-0.46762156,-0.5636652,-0.5679489,-0.6739125,-0.9354398,-0.88561434,-1.1523271,-0.99067616,-0.9225889,-1.0562835,-0.98413795,-0.92912704,-0.85021794,-0.23314884,-0.32626158,-0.24802884,-0.21826884,-0.14386883,-0.113432474,-0.13079247,0.0017748135,-0.010399734,0.027927542,-0.09449429,-0.30709794,-0.3573743,-0.2928943,-0.24171612,-0.16596338,-0.23855974,-0.08299611,-0.08637792,-0.18399975,-0.14093792,-0.41080704,-0.21173066,-0.09088702,-0.20631976,-0.25862518,-0.29898155,-0.50143975,-0.398407,-0.31656703,-0.3896143,-0.3776652,-0.42703977,-0.45274156,-0.649338,-0.5255634,-0.5440507,-0.48002157,-0.5487852,-0.6867634,-0.56749797,-0.5429234,-0.48588338,-0.5366107,-0.5476579,-0.41869795,-0.3548943,-0.3445234,-0.25479248,-0.32423246,-0.24735247,-0.09517065,-0.19459611,-0.29266882,-0.2462252,-0.5535197,0.087898456,-0.3862325,-0.1867052,-0.092690654,-0.062479742,0.06941118,-0.23450156,-0.34587613,-0.6231852,-0.519927,-0.80332345,-0.71043617,-0.7480871,-0.4924216,-0.40967977,-0.3176943,-0.3147634,-0.3776652,-0.22074884,-0.2577234,0.023192998,-0.026407007,-0.055265192,-0.04399246,0.006283905,0.12802938,0.40962213,0.31763667,0.40917125,0.6147858,0.19070575,0.14854573,-0.09201428,-0.18377429,-0.38104704,-0.37067613,-0.36526522,-0.27418154,-0.31341067,-0.3147634,-0.3776652,-0.4205016,-0.42185432,-0.0924652,-0.25727248,-0.38555613,-0.51135975,-0.34813067,-0.34948337,-0.33370158,-0.42230523,-0.4962543,-0.5983852,-0.52263254,-0.564567,-0.333927,-0.35061064,-0.25208703,-0.10914884,-0.084348835,0.017105723,0.39722213,0.42856032,0.48943305,1.0954549,1.2999421,1.4205605,1.2140441,1.3660004,1.2846113,1.303775,1.4570841,1.5305822,1.4489677,1.6135496,1.5014986,1.5175059,1.4850404,1.5454623,1.4850404,1.4363422,1.464975,1.4289021,1.4428804,1.3481895,1.4298041,1.3838114,1.2981386,1.4230404,1.5057822,1.6266259,1.7876004,1.8759787,1.8536587,1.8018041,1.9003277,1.8114986,1.8892804,1.7168076,1.7091422,1.5783786,1.7098186,1.5768005,1.4990187,1.427324,1.3326331,1.199615,1.1554258,1.0339059,0.85557127,0.88871306,0.8375349,0.7584004,1.224415,1.4491931,1.571615,1.4234914,1.3310549,1.3087349,1.3948586,1.4528004,1.4282259,1.7970695,1.7591932,1.387644,1.936626,1.9172368,1.8732731,1.9384295,2.2454987,2.1532876,2.299157,2.3108804,2.164335,2.2786405,2.7802768,2.6957314,2.650415,2.554597,2.6937022,2.4382622,2.5207787,2.4526913,2.702946,2.5683496,2.6680005,2.739244,2.7768953,2.7672005,2.900895,2.948466,2.8614407,2.8325825,2.7374406,2.8044007,2.7525458,2.666648,2.640495,2.584357,2.5969822,2.6398187,2.5485096,2.5595567,2.6314769,2.6190767,2.6982114,2.6684515,2.812517,2.7667496,2.8305533,2.757506,2.781855,2.6208806,2.6912224,2.8713605,2.8312294,2.857157,2.692575,2.6542478,2.5534697,2018-04-17
UMPQ_HTH,0.124090515,0.16792205,0.19422098,-0.027634036,-0.11934311,-0.015496072,-0.06809392,-0.03168002,-0.24611741,-0.21981849,-0.32164252,-0.27376497,-0.19082223,-0.18003292,-0.18745057,-0.14968802,-0.109228134,-0.14631635,-0.13552706,-0.17261529,-0.19082223,-0.14159603,-0.18947355,-0.18070726,-0.2306078,-0.09709017,-0.071465574,-0.16587198,-0.18610191,-0.15710565,-0.12608643,-0.23532811,-0.22791046,-0.21509816,-0.17126663,-0.08832386,-0.23532811,-0.20363452,-0.28725162,-0.2892746,-0.2886003,-0.28792593,-0.265673,-0.36749706,-0.48955104,-0.48280773,-0.43425584,-0.46257776,-0.4200949,-0.35535908,-0.3708687,-0.36075374,-0.30883023,-0.33850077,-0.31827086,-0.3000639,-0.27578798,-0.21172652,-0.093044184,-0.12271476,-0.03168002,-0.08764953,-0.11462279,-0.115297124,-0.12001744,-0.15373401,0.22591455,0.15983008,0.1557841,0.15173809,0.1429718,0.03912477,0.003385206,0.06946968,-0.014821741,-0.08562654,-0.09709017,-0.03572601,0.012151513,-0.024262378,-0.08427787,-0.12473776,-0.14564203,-0.29871523,-0.3000639,-0.23735109,-0.3337805,-0.3486158,-0.23667677,-0.4436965,-0.33917513,-0.25758103,-0.24004842,-0.1321554,-0.21644683,-0.269719,-0.28522864,-0.26365003,-0.17598695,-0.22319014,-0.31152755,-0.4221179,-0.26634735,-0.25286072,-0.2413971,-0.2440944,-0.21846981,-0.18677625,-0.20700619,-0.15238534,-0.20902918,-0.21037784,-0.2137495,-0.18947355,-0.09641585,-0.08764953,-0.1341784,-0.043817986,-0.0047067706,-0.026959704,0.11397555,0.021592155,0.031707123,0.0526114,-0.04449232,-0.036400344,-0.042469326,-0.15980299,-0.1625003,-0.030331362,-0.05460729,-0.24544306,-0.3229912,-0.32906017,-0.14429337,-0.24476874,-0.14024737,-0.19082223,-0.08225488,-0.05123563,-0.2029602,-0.1685693,-0.10720514,0.043845087,0.048565406,0.075538665,0.07014401,-0.04044633,-0.020216392,-0.033703018,-0.028308367,0.014848839,-0.11462279,-0.20363452,-0.17868425,-0.18812491,-0.23397943,-0.27578798,-0.38975,-0.22521313,-0.17396393,-0.26095268,-0.13957305,-0.05460729,-0.1968912,-0.26634735,-0.19149657,-0.22319014,-0.15777999,-0.13552706,-0.12810941,-0.117320105,-0.11192546,-0.11799444,-0.23937409,-0.151711,-0.17194095,-0.19217089,-0.3041099,-0.3270372,-0.27713665,-0.19756556,-0.036400344,0.009454189,-0.07551157,-0.08360354,-0.024262378,0.003385206,-0.08832386,-0.0121244155,-0.016170405,0.11464988,-0.0121244155,-0.028308367,-0.064047925,0.05396006,0.08160765,0.09509427,0.42753965,0.31222898,0.28593004,0.20703328,0.40730968,0.5071107,0.42821395,0.31560063,0.2616541,0.14229746,0.188152,0.24951616,0.15915574,0.15713274,0.091722615,-0.05325863,0.13487983,0.018894827,-0.010101421,0.1213932,0.03912477,0.15241243,0.17601404,0.184106,0.18275735,0.14162312,0.031707123,0.010802851,-0.013473078,0.058680378,0.12274185,0.11869586,0.08025899,0.108580895,0.12004453,0.16522473,0.028335467,0.11195255,0.116672866,-0.006729764,0.037101775,-0.1301324,-0.12608643,-0.10315915,-0.07348856,0.021592155,0.060703374,0.056657385,0.07891032,0.16185308,0.1537611,-0.26027837,-0.18138158,-0.2440944,-0.25083774,-0.1665463,-0.29264626,-0.24004842,-0.17531261,-0.3688457,-0.4180719,-0.497643,-0.49899167,-0.5286622,-0.4733671,-0.47471574,-0.43020988,-0.4571831,-0.4173976,-0.44032484,-0.38975,-0.4093056,-0.39177296,-0.4052596,-0.33243182,-0.24004842,-0.36479974,-0.33243182,-0.30545858,-0.25286072,-0.2670217,-0.40121365,-0.46392646,-0.5333826,-0.5286622,-0.6628542,-0.719498,-0.8503183,-0.8941498,-0.8665022,-0.823345,-0.84424925,-0.70803434,-0.6507162,-0.61227936,-0.55293816,-0.62913764,-0.6588082,-0.63722956,-0.7087087,-0.62171996,-0.6183483,-0.6952221,-0.63655525,-0.617674,-0.64194995,-0.6790381,-0.67296916,-0.66824883,-0.58463174,-0.6109307,-0.6621798,-0.66015685,-0.67364347,-1.0222728,-1.0148551,-1.0215985,-1.0404797,-1.0296904,-0.94202733,-0.94202733,-1.0317134,-1.0741963,-1.0485717,-1.0195754,-0.88201183,-0.84155196,-0.79232574,-0.8381803,-0.8381803,-0.8543642,-0.839529,-0.75726056,-0.7842338,-0.78086215,-0.70736,-0.6669002,-0.6878044,-0.6547622,-0.6480189,-0.6588082,-0.65948254,-0.61497664,-0.5536125,-0.61227936,-0.5967697,-0.6527392,-0.67768943,-0.7565862,-0.9211231,-0.99395084,-0.9022418,-0.9878819,-1.0121578,-1.0984721,-1.0337363,-1.0600353,-1.1058898,-1.145001,-1.0822883,-1.1018438,-1.1099359,-1.08566,-1.1618594,-1.1200508,-1.1355604,-1.1881583,-1.1261197,-1.1261197,-1.1497214,-1.193553,-1.2002963,-1.1402807,-1.2218748,-1.2029936,-1.254917,-1.2185032,-1.3311166,-1.3149326,-1.3473005,-1.349998,-1.4147338,-1.4019214,-1.3560668,-1.5044197,-1.5745503,-1.5651096,-1.6534469,-1.7107651,-1.641309,-1.6284968,-1.6986272,-1.3392085,-1.1820893,-0.9649546,-0.90156746,-0.8894295,-0.953491,-0.9993455,-1.1261197,-1.0870086,-1.1524187,-1.1537673,-1.0944263,-1.2582887,-1.2360358,-1.1598364,-1.071499,-1.0114834,-0.9177514,-0.7930001,-0.86313057,-0.8786402,-0.8705482,-0.955514,-0.941353,-0.9366327,-0.9298893,-0.94000435,-0.9022418,-0.8685252,-0.9096594,-0.84694666,-0.8907781,-0.9602343,-0.9737209,-0.97304654,-0.99327654,-1.0559893,-0.8941498,-0.8813375,-0.8968471,-0.8381803,-0.81457865,-0.81457865,-0.9069621,-0.61295366,-0.8091841,-0.75254023,-0.82671666,-0.7356819,-0.8058124,-0.76198083,-0.8240194,-0.8098584,-0.89482415,-0.66824883,-0.62306863,-0.6898274,-0.66824883,-0.5880034,-0.55158955,-0.66892314,-0.5434975,-0.42751256,-0.39919063,-0.39312163,-0.3337805,-0.42751256,-0.5266393,-0.5414745,-0.53945154,-0.59137505,-0.46932107,-0.41267723,-0.43358153,-0.63722956,-0.58328307,-0.66015685,-0.70533705,-0.81997335,-0.8907781,-0.94202733,-0.82604235,-0.79637176,-0.82199633,-0.8240194,-0.91033375,-0.81188136,-0.8091841,-0.85841024,-0.96428025,-0.9723723,-0.9440503,-0.933261,-0.9164027,-0.93933,-0.9116824,-0.7862568,-0.8705482,-1.0175524,-0.90156746,-1.047223,-1.0114834,-1.1052155,-1.0890316,-1.0398054,-1.039131,-1.0175524,-1.0074375,-1.0202497,-0.9602343,-0.90156746,-0.94809633,-1.0418284,-1.0445257,-0.97911555,-0.9683263,-0.9966482,-1.0802653,-0.88336045,-0.81255573,-0.76198083,-0.7700728,-0.8044637,-0.76130646,-0.45583445,-0.5778884,-0.5171986,-0.46662375,-0.5064093,-0.62104565,-0.493597,-0.50910664,-0.50034034,-0.47606438,-0.5401259,-0.5893521,-0.607559,-0.6851071,-0.6722948,-0.6392526,-0.6952221,-0.63655525,-0.6925247,-0.6803867,-0.41402593,-0.32096818,-0.13350406,-0.15305968,-0.21509816,-0.2481404,-0.18745057,-0.26365003,-0.24072275,-0.23600243,-0.23128211,-0.16789496,-0.16991796,-0.13485274,-0.10315915,-0.07483723,-0.15912865,-0.06674525,-0.06876825,-0.13282973,-0.093718514,-0.11259979,-0.063373595,-0.05325863,-0.064047925,-0.06607092,-0.00942709,0.043845087,0.1773627,0.058680378,0.21310227,0.23333219,0.28593004,0.27042043,0.22861187,-0.04449232,0.24007551,0.0074311947,0.019569159,0.03912477,0.06002904,-0.0121244155,-0.1834046,-0.26499867,-0.4720184,-0.511804,-0.5488922,-0.53068525,-0.5408002,-0.49696866,-0.34794143,-0.3701944,-0.33782646,-0.36142808,-0.3148992,-0.30478424,-0.13148107,-0.05325863,-0.036400344,0.021592155,0.10723223,0.14229746,0.31627497,0.17938569,0.27716374,0.39989203,0.23670386,0.3149263,0.26367712,0.26300275,0.4032637,0.4052867,0.46934816,0.38640544,0.4889038,0.5286893,0.49429843,0.50980806,0.50373906,0.5846588,0.6608583,0.6487203,0.5678006,0.7282915,0.774146,0.7532417,0.74582404,0.70603853,0.69524926,0.68850595,0.6837856,0.78695834,0.86518073,1.2124614,1.1457026,1.1194036,1.25427,1.2535956,1.3284464,1.5280484,1.6420103,1.7148381,1.789689,1.755298,1.7917119,1.8436354,1.7721564,1.8618424,1.8348691,1.8409381,1.8706087,1.8294746,1.7782254,1.8409381,1.8679113,1.9663637,1.9946856,1.9286011,1.8861183,1.9292756,2.0654905,2.2340734,2.24756,2.2347476,2.3932154,2.125506,2.0944867,2.1207857,2.0931382,1.8787007,1.8294746,1.8173364,1.6231291,1.7606927,1.9009537,1.8281258,1.7883402,1.9488312,1.8078959,1.7134894,1.5941329,1.6844932,1.5280484,1.5213051,1.5037725,1.5246767,1.663589,1.7418114,1.6885393,1.8180109,1.9643408,2.1099963,1.9980574,1.9542258,1.8618424,1.9488312,1.9299499,1.8180109,1.6217804,1.6689836,1.3992511,1.7762023,1.7667617,1.7660873,1.9312986,1.9980574,1.8227313,1.9211836,1.9764787,1.693934,1.9312986,2.1747322,2.0708852,2.1423643,2.109322,2.2880197,2.2367706,2.2522802,2.0560498,2.231376,2.1248317,1.9919883,2.0412145,2.117414,2.2792535,2.3264568,2.467392,2.5894458,2.5139208,2.7007108,2.554381,2.5044801,2.383775,2.3999588,2.3305027,2.4282808,2.5152695,2.4896448,2.3804033,2.2044027,2.2832994,2.2731845,2.2947633,2.4282808,2.3298283,2.5247102,2.5321279,2.5988867,2.4781811,2.485599,2.6251855,2.6063042,2.7256608,2.5624726,2.579331,2.573262,2018-04-17
UMPQ_KEY,-0.19196478,-0.022921335,-0.21765937,-0.47595775,-0.60443074,-0.5543939,-0.69368565,-0.44350144,-0.5030047,-0.4935383,-0.56386036,-0.48812887,-0.5030047,-0.40834036,-0.42997792,-0.24335398,-0.18385069,-0.22577345,-0.19196478,-0.309619,-0.33937064,-0.15409903,-0.13516617,-0.04455889,0.025763175,0.07580004,0.22320592,0.120427504,0.17857844,0.15694088,0.19345428,0.37196413,0.48691365,0.43822914,0.35979298,0.54371226,0.23943408,0.28947094,0.23808172,0.2543099,0.3584406,0.457162,0.51937,0.35167888,0.115018114,0.18939722,0.074447684,-0.020216636,0.13124628,-0.003988468,0.11096107,0.15017915,0.38007817,0.4652761,0.41253453,0.32192728,0.5477693,0.70869863,0.71951747,0.6816517,0.7019369,0.5369505,0.37872586,0.35979298,0.25295755,0.11096107,0.115018114,0.060924213,0.10690403,0.051457778,0.04469604,-0.09865279,-0.12705208,0.016296744,-0.025626028,-0.10135749,-0.22847815,-0.1676225,-0.20413588,-0.31502837,-0.42456856,-0.562508,-0.44079673,-0.67204815,-0.5341087,-0.50435704,-0.5949643,-0.5232899,-0.24064928,-0.52869934,-0.38399813,-0.3691223,-0.35018945,-0.1987265,-0.29880023,-0.2704009,-0.22306877,-0.32314247,-0.17844129,-0.13516617,-0.2014312,-0.35424647,-0.11217626,-0.002636121,0.0054779644,0.23132,-0.13110913,0.06768595,0.017649092,0.0054779644,-0.0418542,-0.22171642,-0.014807248,0.073095344,0.44093385,0.585635,0.53830284,0.64649063,0.5829303,0.37196413,0.29217565,0.31922257,0.4084775,0.32733667,0.19615896,0.23402467,0.29082328,0.11231341,-0.04591124,0.28406155,0.5599404,0.8114771,0.80742,0.71275574,0.96564466,0.94671184,1.282094,1.2739799,1.2793893,1.1468593,0.8060677,0.8250006,0.92913127,1.122517,1.2144766,1.2252954,1.414624,1.3375403,1.4389663,1.430852,1.387577,1.4862983,1.2090672,0.89667493,0.799306,0.71410805,0.48150426,0.45580968,0.28135684,0.2516052,-0.016159596,-0.09053871,-0.022921335,-0.017511943,-0.11352861,-0.22171642,-0.21901171,-0.24876335,-0.2758103,-0.17303191,-0.2920385,-0.16086078,-0.25687745,-0.40428334,-0.70179975,-0.6652864,-0.67475283,-0.71938026,-0.8924808,-0.82756805,-0.7153232,-0.8924808,-0.8316251,-0.9357558,-1.018249,-1.0466484,-1.1643026,-0.9966115,-1.2265105,-0.8681385,-0.8099875,-0.44755846,-0.43944436,-0.50165236,-0.5503369,-0.2704009,-0.21495466,-0.25958213,0.17587374,0.17587374,0.15288384,0.2800045,0.56129277,0.772259,0.6559571,0.4598667,0.3084038,0.20968243,0.3056991,0.28406155,0.37061176,0.5599404,0.5031418,0.7032893,0.75873554,0.6491953,0.69652754,0.9764635,0.710051,1.0819466,1.1198124,1.211772,1.126574,0.8669233,0.80201066,0.94671184,0.861514,0.90343666,0.98052055,0.9561783,0.9710541,0.95347357,1.2793893,1.3294262,1.149564,1.2604564,1.228,1.0413761,0.966997,0.7249269,0.8168864,0.86016154,1.0630137,1.2726276,1.2050102,1.2442282,1.2523423,1.3321309,1.2482853,0.29352796,0.1975113,0.23537703,0.25971928,0.36790708,0.24078643,0.23943408,0.2286153,-0.11082392,-0.17708895,-0.36236057,-0.33125657,-0.35289416,-0.2704009,-0.2609345,-0.20954528,-0.26769623,-0.23118284,-0.4543202,-0.35559884,-0.4773101,-0.38399813,-0.43809202,-0.24605866,-0.10676688,-0.23794457,-0.1473373,-0.02427368,-0.00804551,-0.0053408155,-0.150042,-0.08242462,-0.10135749,-0.020216636,-0.07160584,-0.14598496,-0.31097135,-0.09865279,-0.012102553,0.06768595,0.08120942,0.5031418,0.558588,0.6289101,0.88044685,0.5180176,0.45580968,0.4341721,0.64378595,0.86016154,0.83852404,0.66948056,0.8412287,0.92372197,0.9832252,0.998101,1.0075675,0.88044685,0.9169601,0.98998696,0.8290576,0.79660124,0.7289839,0.051457778,0.14206506,0.11907515,0.23808172,0.3259843,0.23402467,0.09743759,0.09608525,-0.021568988,-0.0134549,-0.014807248,0.19210193,0.34086013,0.4652761,0.34762186,0.32057494,0.266481,0.2745951,0.32733667,0.2827092,0.3340984,0.4057728,0.5220747,0.56129277,0.6032155,0.5166653,0.5410076,0.6221484,0.6654235,0.70869863,0.63161486,0.63567185,0.4963801,0.5748162,0.47609487,0.12448455,-0.14598496,-0.10811922,-0.24741101,-0.29068613,-0.4975953,-0.48407185,-0.44755846,-0.44079673,-0.3596559,-0.2893338,-0.38670284,-0.3948169,-0.278515,-0.371827,-0.24064928,-0.36777,-0.39752162,-0.2933908,-0.2758103,-0.34207535,-0.23794457,-0.3299042,-0.22306877,-0.2758103,-0.29880023,-0.32855186,-0.18655537,-0.3772364,-0.42727327,-0.4624343,-0.31502837,-0.94251764,-1.1954066,-1.1832354,-1.3630978,-1.3833829,-1.5077989,-1.737698,-1.6781948,-1.6781948,-1.6673759,-1.7633926,-1.302242,-0.8965378,-0.6166019,-0.5489845,-0.65446764,-0.5868502,-0.9506317,-0.86408144,-0.91682297,-0.8762526,-1.1007422,-0.92493707,-1.1859401,-1.1954066,-1.1102086,-1.0425913,-1.2035207,-0.5990214,-0.371827,-0.62606835,-0.42727327,-0.45972958,-0.7274943,-0.5205852,-0.7518366,-0.7518366,-0.7058568,-0.51247114,-0.4056357,-0.36641762,-0.4056357,-0.5084141,-0.5327563,-0.51247114,-0.45567256,-0.5882026,-0.56656504,-0.29880023,-0.38535047,-0.5963167,-0.75589365,-0.46378663,-0.4178068,-0.80052114,-0.84244394,-1.0263631,-1.1899972,-1.0655812,-0.8126922,-0.96956456,-0.8600244,-1.0655812,-0.9195277,-1.200816,-1.1602455,-0.86272913,-1.0669335,-1.2143395,-1.0358295,-1.0209538,-1.0020208,-0.92223233,-0.6842192,-0.6071355,-0.5543939,-0.5868502,-0.92493707,-0.8749002,-0.9668598,-0.858672,-0.81945395,-0.7504843,-0.6693435,-0.6030784,-0.97091687,-0.8208063,-1.0885711,-1.2657286,-1.5564835,-1.5294366,-1.7052417,-1.617339,-1.5240271,-1.4361246,-1.4469434,-1.480752,-1.3117085,-1.2265105,-1.2562622,-1.3049467,-1.5781211,-1.4834566,-1.4834566,-1.4604669,-1.574064,-1.5902921,-1.2143395,-1.204873,-1.4469434,-1.2305677,-1.395554,-1.449648,-1.5389029,-1.5132083,-1.4090776,-1.5416076,-1.7241745,-1.7011846,-1.5578357,-1.4739903,-1.6660236,-1.6497954,-1.7512214,-1.706594,-1.4253057,-1.298185,-1.6105773,-1.6565572,-1.5645975,-1.6335672,-1.5240271,-1.4996848,-1.4983325,-1.4604669,-1.4050206,-1.6241008,-1.5984062,-1.5808257,-1.7147081,-1.8688756,-1.5470171,-1.5957015,-1.5186177,-1.5551311,-1.6660236,-1.8134294,-1.7836778,-2.0108721,-1.8810469,-1.706594,-1.6633189,-1.6822517,-1.8445334,-1.9310837,-1.3144132,-0.8559674,-0.67340046,-0.8086352,-1.0101349,-1.0736953,-0.9452223,-1.1372557,-1.2549099,-1.3752688,-1.3414601,-1.0655812,-1.0926282,-1.0709906,-0.84785324,-0.90600425,-1.1440173,-0.8938331,-1.0750476,-1.1277891,-1.1872925,-1.414487,-1.3536314,-1.1764737,-1.3387554,-1.395554,-1.263024,-1.0858663,-0.8870714,-0.6084878,-0.13651852,-0.27445796,-0.063491754,-0.09189106,-0.3069143,-0.43944436,-0.43809202,-0.4353873,-0.39616928,-0.48407185,-0.6395918,-0.8992425,-0.94386995,-1.0114874,-1.302242,-1.3969064,-1.2508528,-1.3860877,-1.4902184,-1.8823991,-1.5199699,-1.4604669,-1.4645237,-1.4942755,-1.4415339,-1.3590407,-1.2900709,-1.1467221,-1.0696383,-1.018249,-0.912766,-0.9763263,-0.9668598,-1.0980375,-0.92493707,-0.7694171,-0.5882026,-0.7166755,-0.8681385,-0.8126922,-0.4543202,-0.41645446,-0.13110913,-0.41645446,-0.25146806,-0.10811922,-0.051320627,0.13800801,0.19210193,0.1488268,0.41388687,0.49232304,0.3543836,0.5207223,0.66136646,0.6654235,0.74115497,0.75873554,0.8777421,0.83041,0.7952489,0.7898395,0.79254425,1.760825,1.5228119,1.223943,1.4862983,1.520107,1.6593989,2.0542843,1.6431707,1.5714962,1.4917078,1.6107143,1.5065836,1.5363353,1.3037316,1.4092146,1.3889292,1.6012479,1.5809628,1.3415973,1.3375403,1.5214595,1.543097,1.729721,2.0191233,1.8974121,1.7432444,1.8690127,2.3747907,2.7615623,2.7385724,2.6412032,2.7831998,1.928516,1.6093621,1.4349092,1.1346881,0.8087724,0.7073463,0.8520475,0.60186315,1.0670707,1.2631612,1.153621,1.1387452,1.2563994,1.0048628,0.8736851,0.67624235,0.89667493,0.6735376,0.68706113,0.6221484,0.7465644,1.0494902,1.2455807,1.1563257,1.1360404,1.3740536,1.5011742,1.3213121,1.430852,1.543097,1.6485801,1.4051576,1.0400238,0.49502772,0.5369505,0.31922257,0.49773243,0.6951752,0.705994,0.8101247,0.6586618,0.56129277,0.50043714,0.50990355,0.43011504,0.91290313,1.0508426,0.9953963,1.1522686,1.3145504,1.6553417,1.5985433,1.6120667,1.3375403,1.3645871,1.1292787,0.5842827,0.44769558,0.6491953,0.9156078,1.0548996,1.3280739,1.4430233,1.278037,1.6932075,1.6107143,1.710788,1.6147714,1.7986907,1.7567679,1.8041,1.9312207,1.9515059,1.8568417,1.6945599,1.6418183,1.6729224,1.8487275,1.9271636,1.8379087,2.0123615,2.1394823,2.278774,2.2138612,2.0975595,2.255784,2.3206968,2.4451127,2.4829783,2.5952234,2.71423,2018-04-17
SMFG_MTG,1.5930725,1.7258279,1.6507924,1.5844146,1.5757567,1.6709942,1.4891769,1.3448776,1.1803764,2.0548306,1.6594502,1.71717,1.2352102,0.83983,1.0158751,1.3910534,1.4487731,1.3708515,1.6305903,1.6305903,1.4083694,1.6190463,2.0346284,1.8210654,2.1702697,1.7546878,1.71717,1.8787853,1.676766,1.4458872,1.3708515,1.5699847,1.3015878,1.1948063,1.3391056,0.33766818,0.21357076,0.19336885,-0.057712007,0.6464688,0.93506753,0.81962806,0.9148656,1.0793669,0.72439045,0.93506753,0.9062077,0.8773477,1.059165,1.0216471,0.1385351,0.13564911,0.48196754,0.58586305,0.7301624,0.73304844,1.0216471,1.2900438,1.4545451,1.4256853,1.0909108,1.1572884,0.85137385,0.8975496,0.86003184,1.0129892,1.0707089,2.0230844,1.1659465,1.3795094,1.474747,1.5151508,1.9191891,2.0519445,1.676766,1.4170274,1.1774904,1.1688324,1.0995688,1.1197706,1.1197706,0.7359344,-0.21355532,-0.47040814,-0.23952919,0.037525557,0.30303633,0.4300198,0.15007906,-0.22221327,-0.011536219,-0.15583557,-0.66665524,-0.34053874,-0.30013493,-0.19335341,-0.16449353,-0.25107312,-0.08945786,0.06349944,0.095245294,-0.22221327,-0.106773786,-0.095229834,-0.21066932,-0.28570497,0.32901022,0.25397456,0.1385351,0.3578701,0.68687266,0.7417064,0.9062077,0.7417064,0.7792242,0.98990124,0.9725854,0.8080841,0.58874905,0.14430708,0.17316695,0.4704236,0.2020268,0.828286,0.92640954,1.0707089,1.2034643,1.1544025,1.5728706,1.6190463,1.0880249,1.0129892,0.9062077,0.8773477,1.041849,1.1370866,1.1948063,1.5209229,1.8008636,2.0317426,1.6479062,1.2929299,1.5238088,1.26407,1.030305,1.1457446,1.0216471,0.9812433,0.79942614,0.5598892,0.46465164,0.16450898,0.4329058,0.2914924,0.4069319,0.4733096,0.4733096,0.27417648,0.23377267,0.37807202,0.12987715,0.33189622,0.21645674,0.7849962,0.6291529,0.30303633,0.32323825,0.2914924,0.59163505,0.5800911,0.62049496,0.72439045,0.7359344,0.6695567,0.7849962,0.9668134,0.7099605,0.62338096,0.5108274,0.8773477,0.75325036,0.7157325,1.050507,0.60029304,0.44733572,0.04329753,0.7503643,1.1544025,1.3881675,1.4343432,1.2785,1.0851388,0.4300198,-0.80229664,-0.85713035,-1.0014297,-1.2236507,-1.4631877,-1.5209074,-2.251062,-2.6464422,-2.7820835,-2.7734258,-2.1298506,-2.1875703,-2.1875703,-2.3405275,-2.4559672,-2.4271073,-2.1846845,-1.9364895,-2.0144112,-2.0807889,-2.1991143,-2.008639,-1.0447195,-0.9985437,-0.92928004,-1.3160022,-1.2380806,-1.3044584,-0.718603,-0.73880494,-0.6406814,-1.1024393,-1.1053252,-1.1341852,-0.9321661,-1.1139833,-1.0360615,-1.391038,-0.9206221,-1.2005628,-1.5555391,-1.4805036,-1.8931997,-1.8239361,-2.046157,-1.7460144,-1.9682353,-1.6594347,-1.601715,-0.9206221,-0.718603,-0.6522253,-0.8455865,-0.7503488,0.38961598,0.3203523,0.031753585,0.76479423,0.5627752,0.31169432,0.16739497,-0.76477873,-0.88021827,-0.8600164,-0.8109546,-0.7820947,-0.7734368,-0.502154,-0.66665524,-0.46463615,-0.66665524,-0.44443426,-0.6464533,-0.32899478,-0.106773786,-0.03173813,-0.08945786,-0.29147696,-0.09811583,-0.011536219,-0.13851964,-0.13851964,-0.16737951,-0.023080168,-0.12986168,-0.34053874,-0.27127504,-0.1269757,-0.1962394,0.01732365,-0.25107312,-0.47329414,-0.59739155,-0.68108517,-0.3924865,-0.21066932,-0.3924865,0.057727467,0.32901022,-0.095229834,0.23088667,-0.19912538,-0.43000433,-0.5079259,-0.5454438,-0.5743037,-0.6926291,-0.8427004,-0.7849808,-0.7561208,-0.9696838,-0.75900686,-0.33765274,-0.16449353,-0.3665126,7.728664e-06,0.13276313,-0.55121577,-0.6377954,-0.72437495,-0.73591894,-1.0735794,-1.0822374,-1.1312991,-1.3217742,-0.23664321,0.1385351,-0.26550308,-0.76477873,-0.5165839,-0.47906607,0.011551677,0.15585102,0.25397456,0.37807202,0.09813129,-0.025966154,-0.17315148,0.25108856,0.069271415,0.09813129,0.069271415,-0.12408971,-0.15294957,-0.11543174,-0.2597311,-0.2597311,-0.23087123,0.29726437,0.59740704,0.7013026,0.8080841,0.47908154,0.35498413,0.2020268,0.1154472,-0.3463107,-0.48195207,-0.49061003,-0.38382852,-0.4126884,-0.19335341,0.88600576,1.0880249,0.7417064,0.59740704,0.49062553,0.2886064,0.020209638,0.21068476,-0.008650232,0.04906951,0.21068476,0.21068476,0.16450898,0.1154472,-0.21066932,-0.48195207,-0.49926797,-0.4126884,-0.5108119,-0.712831,-0.715717,-0.5136979,-0.502154,-0.5800756,-0.38671452,-0.17603748,0.008665689,0.12410517,0.38384402,0.3665281,0.16450898,0.2020268,0.008665689,-0.03173813,0.17028096,-0.27127504,-0.15872155,0.25397456,0.7359344,0.86003184,0.9552694,1.1111127,0.6378108,1.0909108,1.1774904,1.3881675,0.5714331,0.8023121,1.041849,1.053393,1.1284286,1.4545451,1.5411247,1.7518017,2.0028827,2.0981202,1.8066355,1.0851388,1.036077,1.2178942,1.1313146,0.9206376,0.9985592,0.80519813,0.62338096,0.5454593,0.52525735,0.55411726,0.42136183,0.17028096,0.28572044,0.28572044,0.25397456,0.59163505,0.60317904,0.834058,0.7099605,0.89177763,0.9610414,1.1226567,0.86580384,0.62338096,0.4098179,0.4761956,0.6984166,0.4675376,0.5165994,0.97835726,0.82540005,0.37230003,0.30303633,-0.18758142,0.05195549,0.25397456,0.18471089,0.21357076,0.30015036,0.19625483,0.060613453,0.34921214,0.24243061,0.3578701,0.5800911,0.61183697,1.0072172,0.7763382,0.5829771,0.38961598,0.31169432,0.24531661,0.46465164,0.3607561,-0.25395912,-0.072141945,-0.08079991,-0.060597993,-0.282819,-0.13851964,-0.3030209,-0.27416104,-0.33188078,-0.33188078,-0.22509927,-0.060597993,-0.106773786,7.728664e-06,-0.106773786,0.2482026,0.2020268,0.49062553,0.2020268,0.23954463,-0.26261708,-0.20201136,-0.28859097,-0.46175015,-0.61759347,-0.6551113,-0.89753413,-1.2467387,-1.4978194,-1.379494,-1.4112399,-1.613259,-1.2755985,-0.9696838,-0.7070591,-0.49638203,-0.43000433,-0.47906607,-0.06348398,-0.20489736,-0.08945786,-0.060597993,0.05484148,-0.17892346,0.06349944,0.04329753,-0.16737951,-0.20489736,-0.38094252,-0.43866226,-0.7070591,-0.7070591,-0.85135835,-0.8224985,-0.42711833,-0.60027754,-0.73591894,-0.8340425,-0.73591894,-0.8224985,-0.6493393,-0.86867434,-0.6984011,-0.06348398,-0.2164413,0.03463957,0.32323825,0.41847584,0.2251147,0.08947332,0.19336885,-0.066369966,-0.28570497,-0.14140563,-0.27704704,-0.046168063,-0.17892346,0.3607561,0.158737,-0.014422205,-0.09234386,0.25108856,0.08947332,0.23377267,0.09813129,0.069271415,0.069271415,-0.31745085,-0.49061003,-0.44154826,-0.6435674,-0.6551113,-0.79941064,-0.86578834,-0.85713035,-0.8369284,-0.88599026,-1.1370711,-0.93505204,-0.7792088,-0.8369284,-0.79941064,-0.6522253,0.037525557,-0.31745085,-0.38671452,-0.3087929,-0.3665126,-0.33765274,-0.5685317,-0.81961256,-0.88310426,-0.7763227,-0.7792088,-0.7792088,-0.9639119,-0.9119642,-0.62336546,-0.718603,-1.1168692,-1.3275462,-1.385266,-1.1457291,-1.0851233,-0.8917622,-1.0476055,-0.9119642,-0.7878667,-0.6406814,-0.50504,-0.6984011,-0.7099451,-0.79652464,-0.88599026,-0.52812785,-0.94370997,-0.9148501,-0.7878667,-0.66376925,-0.712831,-0.6753132,-0.68397117,-0.73303294,-0.80229664,-0.53389984,-1.0822374,-1.0043157,-1.0043157,-0.99565774,-0.9754558,-1.0245175,-0.9004202,-0.6955151,-0.80229664,-0.8888762,-1.0822374,-1.0937814,-0.94082403,-1.2784845,-1.5209074,-1.7806461,-1.7344705,-1.8210499,-1.7142684,-1.5324514,-1.581513,-1.601715,-1.5728552,-1.7835321,-1.5526532,-1.610373,-0.92350805,-1.3275462,-1.1919048,-1.2034488,-1.3275462,-1.5093634,-1.6854086,-1.8095059,-2.1587105,-2.3895895,-2.3058958,-2.6608722,-2.4992568,-2.1125348,-1.9884373,-1.8614538,-2.1442804,-1.9509194,-1.7286984,-2.1731405,-2.5685205,-2.5310028,-2.5800645,-2.3665016,-2.3376417,-2.060587,-1.5295652,-1.0187455,-0.82538456,-0.86290234,-0.68108517,-0.6320234,-0.79941064,-0.7012871,-0.1702655,-0.44732022,-0.33188078,-0.3520827,-0.08079991,-0.014422205,0.24531661,0.68687266,0.7561363,0.64935476,0.46465164,0.8686898,0.87446177,1.018761,1.1919203,1.0880249,0.34344018,0.7099605,0.59452105,0.59452105,0.61472297,0.7676803,0.46176565,0.6464688,0.23088667,0.2222287,0.4040459,0.1154472,-0.38960052,0.30303633,0.1385351,0.112561226,0.15007906,0.48773953,0.101017274,0.0028937159,0.43867773,0.6955306,0.41847584,-0.05194003,0.24531661,0.34055418,0.38095802,0.4011599,0.2684045,-0.25107312,0.14142108,0.26551852,0.08370135,-0.38094252,-0.33188078,-0.718603,0.7503643,0.46176565,1.041849,1.3997115,1.3708515,1.2092363,1.4891769,0.99567324,0.5627752,0.80519813,0.9754713,0.608951,0.93506753,0.8686898,0.52237135,0.7445923,0.52237135,0.6464688,0.48485354,2.6984055,2.6493437,2.7070634,2.7157214,2.8802228,2.784985,2.6204839,2018-04-17
UMPQ_MTG,-1.7180669,-1.5276647,-1.4735858,-1.614416,-1.7056739,-1.6594816,-1.6910276,-1.5366777,-1.7462329,-1.7327132,-1.8465041,-1.7124337,-1.6279358,-1.6977874,-1.6876477,-1.4916122,-1.2212185,-1.4566863,-1.4566863,-1.4904855,-1.5231581,-1.4195071,-1.4183805,-1.4983721,-1.3981011,-1.3462756,-1.1964324,-1.2888169,-1.0139165,-1.1040478,-0.9113923,-0.85055363,-0.8967459,-0.9733575,-0.97448415,-0.8415405,-1.1581266,-1.141227,-1.3462756,-1.2291049,-0.9361783,-0.98124397,-1.0544755,-1.2358648,-1.4780926,-1.4837258,-1.3902144,-1.5783635,-1.3744416,-1.5783635,-1.5851233,-1.5434376,-1.426267,-1.4048609,-1.4228871,-1.3034631,-1.0488424,-0.96096444,-0.65564483,-0.7536626,-0.6691645,-0.8708332,-0.98687714,-1.1006678,-1.2031921,-1.2798038,-1.3474022,-1.4454199,-1.4217604,-1.4014809,-1.3181095,-1.426267,-1.4454199,-1.2809304,-1.4499264,-1.6189226,-1.602023,-1.5310446,-1.5851233,-1.6234292,-1.7113072,-1.8070716,-1.8487573,-2.1326706,-2.1664698,-2.0121202,-2.0583124,-2.0830984,-1.8611503,-2.103378,-2.003107,-1.9918406,-1.9163557,-1.6256824,-1.7068006,-1.6189226,-1.6853944,-1.6932809,-1.5062585,-1.5535773,-1.7789055,-1.7958051,-1.4544331,-1.341769,-1.2595242,-1.1265806,-1.1592532,-1.0319428,-1.1175674,-1.0026501,-1.0082834,-1.3271226,-1.169393,-1.1423537,-0.8888594,-0.7705622,-0.8347807,-0.86182004,-0.8471737,-1.1378471,-1.169393,-1.0634887,-1.1367203,-0.6849375,-0.85731345,-0.83816063,-0.72549653,-0.96096444,-0.65789807,-0.26808044,-0.47425568,-0.777322,-0.6184657,-0.749156,-0.40215066,-0.48664874,-0.0055731595,-0.079931445,-0.028105974,-0.07091832,-0.2534341,-0.5317144,-0.3469453,-0.20498854,-0.13626347,-0.11823722,0.0056932466,-0.08556464,-0.007826441,0.00907317,0.07892489,0.11159746,-0.10809746,-0.3638449,-0.3086395,-0.26582715,-0.45397615,-0.48439544,-0.8043614,-0.81562775,-0.9958903,-1.0330695,-0.7559158,-0.53960085,-0.81450117,-0.97448415,-0.93392503,-0.9970169,-0.8460471,-0.77506876,-0.8009815,-0.65564483,-0.74802935,-0.8370339,-1.0623621,-1.1141876,-1.065742,-1.1502401,-1.2076988,-1.0702486,-0.81675446,-1.081515,-0.9542046,-1.0848949,-1.185166,-1.2595242,-0.604946,-0.3277924,-0.2669538,-0.18808894,-0.42355683,-0.07317159,-0.2173816,-0.41454372,-0.4314433,-0.18358238,-0.23315457,-0.21287502,0.23665458,0.23214802,-0.0066998,-0.110350735,0.10258434,0.58027995,0.41128388,0.08455809,0.06427856,0.057518717,0.045125667,0.012453091,0.057518717,0.14877662,0.07216505,0.025972778,0.24679434,0.12399051,0.23214802,0.38311785,0.05188551,0.32453254,0.4090306,0.48564214,0.27721366,0.2670739,-0.011206362,-0.0021932377,-0.05401871,0.107090905,0.2591874,0.39889082,0.420297,0.43269005,0.43832326,0.464236,0.21524842,0.21074186,0.34255877,0.3121395,0.36621824,0.03273262,0.0056932466,0.29861978,0.3538252,0.5171881,0.60506606,0.65125835,0.63773865,1.3756882,1.1278274,0.49690858,0.56901354,0.58027995,0.649005,0.7132236,0.5656336,0.53859425,0.64675176,0.4597294,0.3650916,0.15215655,0.27383372,0.13638356,0.12962373,0.22651483,0.34819198,0.38875106,0.5723935,0.56338036,0.6309788,0.5036684,0.5600004,0.5588738,0.7954683,0.9193988,0.7120969,0.7549093,0.82250774,0.8867262,1.0016435,0.8450405,0.95432466,0.8439139,1.0241764,0.981364,0.92615867,0.83715403,0.9148922,1.0467092,1.0703686,0.9982636,1.4061075,1.4556798,1.3565353,1.6855145,1.2179586,1.0771284,1.0264297,1.1469802,1.4354002,1.3159763,1.2382381,1.4522998,1.5987631,1.489479,1.5108851,1.5548241,1.4984921,1.5255314,1.5536975,1.4590596,1.0681154,1.0410761,0.4259302,0.48451552,0.21975496,0.18933567,0.35157192,0.27496037,0.21299513,0.025972778,0.016959654,-0.03937238,-0.040499017,0.3741047,0.46874255,0.6411186,0.6118259,0.5453541,0.3256592,0.29523987,0.1870824,0.20736194,0.1510299,0.21862835,0.26031405,0.20172873,0.20172873,0.24341443,0.24792099,0.26369396,0.3459387,0.48564214,0.33354568,0.3403055,0.22538818,0.19046232,0.11497739,-0.18696229,-0.27709356,-0.24104105,-0.41229042,-0.39088428,-0.58353984,-0.6240989,-0.59255296,-0.6015661,-0.55650043,-0.40665725,-0.61395913,-0.57903326,-0.4584827,-0.5801599,-0.460736,-0.5643869,-0.4663692,-0.156543,-0.13063027,-0.15992293,-0.07204496,-0.16668276,-0.21287502,-0.3694781,-0.29399318,-0.4528495,-0.5114348,-0.604946,-0.55650043,-0.64888495,-0.5598804,-0.4798889,-0.4528495,-0.27146035,-0.5159414,-0.3998974,-0.42919007,-0.6545181,-0.59029967,-0.6815576,-0.5542472,-0.6601514,-0.06303184,0.39325762,0.9272853,1.3238628,1.3711817,1.0647354,0.84842044,0.94531155,1.0444559,1.0523424,1.0196698,1.0489625,0.6321054,0.6670313,1.0016435,1.2461245,1.1154343,1.420754,1.6359423,1.5942565,1.6032697,1.3125963,0.8101146,0.84166056,0.7706823,0.8281409,0.83377415,0.94193166,1.1571199,1.1030412,1.0748752,1.0084034,1.0309362,1.0241764,1.0140365,1.0805084,0.909259,1.0196698,0.9791108,0.8675733,0.98699725,1.2709107,1.3024566,0.9723509,1.1255741,0.5656336,0.43381667,0.22651483,0.4090306,0.2422878,0.5723935,0.5183147,0.7549093,0.52394795,0.24792099,0.30087307,-0.069791675,-0.14077003,0.03273262,0.0056932466,-0.13739012,-0.14865652,0.16454959,0.22989474,0.33579895,0.5588738,0.54310083,0.66815794,0.73462975,1.0038968,0.9329185,1.0760019,0.9385517,1.0602288,0.7289966,1.0365695,0.74702275,0.65238494,0.44620973,0.45184293,0.34931865,0.30199975,0.2231349,0.19947545,0.20623529,-0.037119098,0.1622963,0.2839735,0.304253,-0.16893606,-0.15203644,-0.08669128,-0.025852691,-0.013459643,-0.05401871,0.024846137,0.5780267,0.3786113,0.21975496,0.29523987,0.080051534,0.06089864,-0.045005582,-0.3717314,-0.4798889,-0.85618687,-0.9068857,-0.91702545,-0.9350517,-0.749156,-0.49791515,-0.28498003,-0.2230148,-0.16217619,-0.03937238,0.15215655,-0.029232614,0.24792099,0.17694265,0.3459387,0.27608702,0.38875106,0.3369256,0.18595576,0.27158046,-0.2759669,-0.19710205,-0.122743785,-0.23540784,-0.65339154,-0.34581867,-0.36609817,-0.33567888,-0.28836,-0.4551028,-0.3897576,-0.5103082,-0.63423866,-0.6860641,-0.5576271,-0.7232433,-0.4629893,-0.633112,-0.5981862,-0.017966209,0.43832326,0.49240202,0.34931865,0.23327467,0.19609553,0.24454106,0.11159746,0.0958245,-0.031485897,0.09019129,0.0045666066,0.14314342,0.08906466,0.22538818,0.33917886,0.1735627,0.34481207,0.24792099,0.19496888,0.16004303,-0.012333003,0.054138795,-0.013459643,0.056392077,-0.11598394,-0.083311364,-0.11936387,0.056392077,-0.06303184,-0.004446519,0.1566631,0.52507454,0.25806075,0.13525692,0.06315192,-0.040499017,-0.16104957,-0.079931445,-0.033739176,0.0045666066,-0.25456074,-0.3300457,-0.617339,-0.77394205,-0.86632663,-0.6995838,-0.83816063,-0.9970169,-1.209952,-0.9249119,-0.93730503,-1.1186941,-1.2471311,-1.2245984,-1.0206764,-0.8685799,-0.7119769,-0.6939506,-0.7818286,-0.56664026,-0.59480625,-0.4720024,-0.8347807,-0.7908417,-0.5756533,-0.4055306,-0.20949511,-0.38299778,-0.39313757,0.020339575,-0.05627199,0.13300364,-0.03824574,0.054138795,0.30988622,0.18257584,0.3312924,0.19384225,0.2670739,0.56338036,0.51268154,0.3684715,0.5047951,0.66027147,0.7492761,0.7132236,0.5228213,0.43043676,0.14427006,0.13525692,-0.055145346,-0.16668276,0.20623529,0.19384225,-0.024726052,0.06089864,0.09244458,0.12849708,0.13863684,-0.28948662,-0.34356537,-0.20611519,-0.17118932,0.45522287,0.4180437,0.13413028,-0.016839566,-0.014586285,0.059771996,-0.0033198784,0.013579732,-0.3672248,-0.48214218,-0.4111638,-0.35483176,-0.22864799,-0.26920706,-0.42130357,-0.24442096,0.09695114,0.65125835,0.87095326,0.5859131,0.69745064,-0.23653448,-0.517068,-0.33567888,-0.545234,-0.9519513,-0.89111274,-0.6939506,-0.6522649,-0.21062176,0.09920442,0.16116968,-0.20386189,0.2400345,0.35945842,0.18820904,0.104837626,0.3346723,0.28622678,0.175816,0.26932716,0.2929866,0.5093016,0.52169466,0.5588738,0.6535116,0.6005595,0.90024596,0.6861842,0.6726645,0.120610595,0.40452403,0.23214802,0.06315192,-0.11936387,0.07216505,0.121737234,0.4225503,0.3312924,0.46874255,0.54310083,0.5532406,0.17694265,0.31551942,0.4033974,0.22764146,0.6918174,0.893486,0.8168745,0.8450405,1.1323339,1.3801949,1.4297671,1.4106141,1.113181,1.2055656,1.1244475,0.9160189,0.9982636,1.141347,1.4556798,1.6190426,1.8883097,1.8860565,1.7711391,1.8702835,2.7310371,2.5766873,2.6713252,3.0622694,3.1411345,3.2650647,3.4216678,3.17944,2.498949,2.0370264,2.2454548,1.5942565,1.8015584,1.925489,1.7136805,1.9953407,2.3040404,2.3400927,2.0280132,3.8081057,4.001888,3.9568222,4.2508755,4.03456,4.1314516,4.057093,2018-04-17
RNST_OCFC,-1.0012258,-0.9635011,-1.0041276,-1.169536,-1.3581594,-1.1064197,-1.1354387,-1.0882828,-1.0926356,-1.1796926,-1.2899648,-1.4502946,-1.4582748,-1.4466673,-1.655604,-1.4930977,-1.469157,-1.5344497,-1.527195,-1.51196,-1.3247875,-1.5373515,-1.4466673,-1.6512511,-1.5018033,-1.1376151,-0.96132475,-1.3603358,-0.96132475,-1.0556364,-0.8800716,-0.48251134,-0.44696307,-0.4897661,-0.4513159,-0.38965055,-0.61092037,-0.23802634,-0.23512444,-0.40343457,-0.22569326,-0.29171148,-0.015305586,-0.14734198,-0.4027091,-0.43535548,-0.3279852,-0.60801846,-0.7262709,-0.73932946,-0.750937,-0.34974945,-0.2474575,0.018066254,0.15227908,0.062320217,0.035477646,-0.14806746,-0.0065998887,0.19435662,0.23861058,0.20523873,0.088437304,-0.08712758,-0.25616318,-0.34176922,-0.16257696,-0.112519205,-0.14444008,-0.33741638,-0.38094485,-0.48468775,-0.5514314,-0.49919727,-0.5470786,-0.93085474,-0.5949599,-0.86411107,-1.0549109,-0.38674864,-0.7342511,-1.0628912,-1.3951586,-1.8921088,-1.8449528,-1.5322733,-1.3073761,-1.3451009,-1.1521246,-1.3015724,-0.90328676,-0.5289417,-0.6087439,-0.16983171,-0.16040054,-0.19594881,-0.026913183,0.2603748,0.1892783,0.26327673,0.26255125,0.46350774,0.28576642,0.015164353,0.1863764,0.2669041,0.35831392,0.13051485,0.07030044,0.6115046,0.62601405,0.31115806,0.6405236,0.5462119,1.0257506,1.1621399,1.1352974,1.270961,1.1128076,0.7798147,0.8893614,0.95610505,0.92636055,1.088867,1.1483558,1.2404912,1.2354128,0.7957752,0.75079566,1.1679437,0.8189903,0.8763028,1.0351819,0.8908124,0.6644643,0.813912,1.2470205,1.5110933,1.5074661,1.374704,1.23106,0.8734009,1.0642008,0.95755607,1.2441186,1.0779848,1.1556107,1.0881414,1.302882,1.3986447,1.3384303,1.258628,1.5314066,1.0946707,0.9002436,1.3993702,0.913302,0.6194848,0.7094437,0.7965007,0.25384554,0.4845465,0.89879256,0.8436565,0.2523946,0.059418317,0.26545313,-0.11397015,0.044908818,0.15953383,0.09931942,-0.004423465,-0.19739975,-0.118323,-0.29969168,-0.23222253,0.31405994,0.07030044,-0.38312128,-0.77923054,-0.52821624,-1.2486126,-1.1085961,-1.1049687,-1.111498,-0.8198571,-1.3015724,-1.0512836,-1.7158184,-1.3233366,-0.95334446,-1.0672439,-0.42519885,-0.42447332,-0.72409445,-0.41939503,-0.4135912,-0.3258088,-0.31347573,-0.26486892,-0.42447332,-0.55215687,-0.23439898,-0.22061493,-0.5079029,-0.30912286,-0.13210702,-0.026913183,-0.35845512,-0.31565213,-0.26559436,0.06812401,-0.3025936,0.39676407,0.38152912,0.75877595,0.8835576,0.63689625,0.15880835,0.298825,0.52082026,0.7558741,0.6129556,0.30172688,0.0035567572,0.086986355,0.23570867,0.2756098,0.29809952,0.0006548585,-0.036344353,-0.09438233,0.17984712,0.3496082,0.41707736,0.5244476,0.31405994,-0.20828187,-0.12847964,-0.5035501,-0.49049154,-0.3453966,-0.13863629,0.30245236,0.2806881,0.03910502,0.22410108,0.46205682,0.6572095,0.41852835,0.6209358,0.4381161,0.5817601,0.67244446,0.7072673,0.20161137,0.61658293,0.37717625,0.30245236,0.2777862,0.38007814,0.3822546,0.60787725,0.43521425,0.37645078,0.44827276,0.7261296,0.45770395,0.90314543,0.6057008,0.6731699,0.5882894,1.0322798,1.1099057,0.928537,1.0134176,0.671719,0.83132344,0.6659152,0.7783637,0.8915378,0.842931,0.8770283,0.5628978,0.17041595,0.104397744,-0.119048476,-0.08857854,-0.24020275,-0.47453108,-0.07624546,0.123260096,0.088437304,0.79069686,-0.7879362,-1.2486126,-0.9272274,-0.6863697,-0.21843852,-0.42084596,-0.82783735,-0.66823286,-0.4281007,-0.091480434,0.15663193,0.48889938,0.6347198,0.7406391,0.46713513,0.3873329,0.42360663,0.108750604,-0.19739975,-0.1502439,-0.26341796,-0.26341796,-0.33161256,-0.43317905,-0.7103104,-0.7864853,-0.938835,-0.81695527,-0.7502116,-0.36498442,-0.4513159,-0.4977463,-0.42955166,-0.3533768,-0.2851822,-0.09873518,-0.09800971,-0.018207485,0.10947607,0.19653304,0.18710186,0.16533764,0.40474433,0.51791835,0.54258454,0.4453709,0.77256,0.6252886,0.5839366,0.66228783,0.32929492,0.630367,0.63907266,0.45262563,0.30607972,0.12833841,-0.07842189,-0.028364133,0.04781072,-0.21190923,-0.1727336,-0.18724309,-0.07261809,-0.20030165,-0.38384676,-0.34394565,-0.31782857,-0.37804297,-0.060285017,-0.3570042,-0.24092822,0.03257575,0.1000449,0.08480993,0.20741518,0.07102591,0.01153698,-0.43608096,-0.4650999,-0.59350896,-0.37804297,0.20814064,-0.031266034,0.041281443,0.1602593,0.039830495,-0.01748201,-0.46002162,-0.8300138,-0.87136585,-1.1397915,-1.4793136,-1.5351751,-1.5068816,-1.3233366,-1.5300968,-0.59568536,0.30753067,0.7043654,0.98730046,0.8247941,0.5991715,0.7841675,1.1280426,1.0359073,1.5538963,1.6844819,1.6228164,1.160689,1.5328575,1.9695933,1.6358751,1.0206723,1.2441186,1.6547372,1.9449272,1.8556939,1.7417943,0.63834715,0.60932815,-0.44333568,-0.12630321,-0.43608096,-0.78503436,-0.5760976,-0.8677384,-1.3958842,-1.2181427,-0.89820844,-1.3218857,-1.1717124,-1.4241776,-1.2993959,-1.6294869,-1.7208967,-1.9305589,-2.1010454,-2.4811943,-2.587839,-2.7438161,-2.6371713,-3.3307252,-2.6407988,-2.6110542,-2.6966603,-2.8272457,-2.586388,-2.198259,-2.2265525,-2.3542361,-1.8318944,-1.9298335,-1.9973025,-2.4957037,-2.2925708,-2.3230407,-2.2932963,-2.8635194,-2.5631728,-2.2991,-1.9044418,-2.0430074,-1.8935596,-1.8790501,-1.8725209,-1.5794291,-1.5293714,-1.2805336,-1.799248,-1.6149775,-1.7375826,-1.6280359,-1.8340708,-1.5010779,-1.2000059,-1.4394126,-1.4560984,-1.3828255,-1.5692725,-1.6048206,-1.6360162,-1.654153,-1.6897013,-1.4517455,-1.3567084,-2.2345328,-2.2628262,-2.1619854,-2.0306745,-2.214945,-1.7557195,-1.8340708,-1.7179948,-1.8340708,-1.6258595,-1.4016879,-1.2304758,-1.1122235,-1.0012258,-0.89748293,-0.778505,-0.88297343,-0.5158832,-0.41649312,-0.8075241,-0.43825734,-0.113244675,-0.38094485,0.002105808,0.1631612,0.17621975,-0.11687205,0.20741518,0.108750604,0.12108367,0.080457084,0.22990489,0.123260096,0.06159474,-0.037795305,-0.063186914,-0.19087048,-0.047951948,-0.024011282,-0.04214815,-0.6464686,-0.47670752,-0.35555324,-0.2532613,0.13051485,0.20741518,0.2951976,0.27343336,-0.18941952,-0.7016047,-0.15459673,-0.10236256,0.10077038,-0.06463787,-0.025462233,0.67026806,1.2274326,0.9843986,0.8538132,0.80738276,1.0003589,0.8269706,1.102651,0.86396974,0.9321644,0.92490965,1.4283891,1.2042174,1.2782159,1.331901,1.721481,1.4196835,1.561151,2.2206078,1.9079281,1.6090324,1.4291146,1.2593535,1.059848,0.77618736,0.8683227,0.6738954,0.6456019,0.5650742,0.5795837,0.20378779,0.50050694,0.94159555,0.7834421,0.67969924,0.89516515,0.58611304,0.6949342,0.41852835,0.33945158,0.40329334,0.078280665,0.12906389,0.28649193,-0.019658435,-0.0022470406,0.21829729,0.16171026,0.44972375,0.53025144,0.4011169,0.010811505,0.13994601,0.19435662,0.16969047,0.23425774,0.057967365,0.13341674,0.20306233,0.21829729,0.28141358,-0.44768852,-0.5485295,-0.5441767,-0.38747412,-0.2590651,0.18202354,0.25384554,0.2879429,0.23570867,0.2552965,0.46060586,0.17549428,0.002105808,-0.045775525,0.2574729,0.31115806,0.326393,0.5237222,0.6840521,0.9459484,0.63834715,0.3873329,0.5026834,0.5541921,0.048536196,0.4243321,0.3960386,0.3648432,0.38878387,0.4446454,0.37645078,-0.1328325,-0.084225684,0.1805726,0.13269126,0.17331785,0.005733182,0.1348677,-0.36353347,-0.43172812,-0.45349234,-0.08640211,0.13704412,0.14647529,-0.037069827,-0.29243693,-0.16692981,-0.4447866,-0.20828187,0.06304569,0.052163567,-0.31565213,-0.362808,-0.10453898,-0.5833523,-0.6573508,-0.6305082,-0.47453108,-0.16112602,0.25602198,0.685503,0.50123245,0.07682971,-0.08930401,-0.47380564,-0.56231356,0.02967385,-0.0494029,-0.30404454,0.11310345,-0.119048476,-0.5456276,0.23208131,0.34235346,0.37790176,0.31115806,0.6920323,0.5679761,0.35541204,0.40546978,0.53460425,0.21176802,0.22700298,0.3960386,0.54983926,0.37427434,0.2843155,0.30753067,0.4939777,0.72685504,0.842931,1.0424366,1.2383147,0.9611834,1.1280426,1.4247618,1.4487025,1.5023878,1.6801289,1.6511099,1.5872681,1.4871527,1.4849762,1.7345396,1.6634431,0.8284215,0.54476094,0.8893614,0.5092127,0.83277434,0.83567625,0.74136454,1.0765339,1.1389247,1.130219,1.0199468,1.0866905,0.9459484,1.4066249,1.3500378,1.4305656,0.91983134,0.8110101,0.9176549,0.97206557,1.388488,1.4857018,1.3007056,1.5589746,1.5597003,1.5560727,1.5335832,1.6997167,1.718579,1.5168972,1.4980348,1.3761549,0.89298874,0.37427434,0.8821066,0.33509874,0.6223867,0.98222214,1.4117032,1.7664604,1.9209865,2.2438228,2.1778047,2.0994534,2.4941115,2.4019763,2.8329084,2.5166013,2.635579,2.6036582,2018-04-17
UCBI_OCFC,0.20674708,0.20674708,0.23567045,0.2790555,0.17782372,0.22120877,0.14166951,0.17782372,0.20674708,0.22843961,0.24290128,0.21397792,0.17782372,0.1055153,0.14166951,0.07659194,0.45982653,0.39474896,0.33690223,0.2790555,0.3152097,0.24290128,0.32967138,0.32244056,0.35859475,0.23567045,0.45982653,0.39474896,0.55382746,0.438134,0.52490413,0.61167425,0.54659665,0.56828916,0.9153696,0.7852144,0.7490602,0.79967606,0.94429296,0.7859375,0.83655334,0.80763,0.92332345,0.7859375,0.68470573,0.6630132,0.83655334,0.77870667,0.7425524,0.65578234,0.5690122,0.7208599,0.71362907,0.6630132,0.8727076,0.8944001,1.0028627,0.90163094,1.1836338,1.3644048,1.5957918,1.4793752,1.3427123,1.3202966,1.2696809,1.2479882,1.2913734,1.2407575,1.399836,1.3419892,1.1908646,1.0607095,0.8003992,0.8148609,0.7425524,0.4243954,0.61962813,0.36654872,0.352087,0.8654768,0.46054965,0.2508552,0.10623839,-0.24084203,-0.6313075,-0.2336112,-0.21191867,-0.16130276,-0.11791771,-0.19022614,-0.0022242377,0.17131597,0.40921065,0.7635219,0.6405976,0.5183964,0.6622901,0.79967606,0.83655334,0.94429296,0.8141378,0.9804471,0.806907,0.669521,0.6984443,0.84306115,1.1467565,0.90813875,0.8719845,1.1829108,1.2841425,0.806907,0.9153696,0.82136863,0.8437843,0.8654768,0.69193655,0.8003992,0.72809076,0.3882412,0.46778047,0.5183964,0.48224214,0.4243954,0.40993372,0.61962813,0.6051665,0.33039448,0.20023933,0.13516176,0.13588484,0.20023933,0.46778047,0.17131597,-0.030424522,0.25880915,0.22265492,0.52635026,0.43958017,0.09973063,0.25880915,-0.06657873,-0.030424522,-0.12442546,-0.052117042,-0.109963775,-0.16057967,-0.17504135,-0.052117042,0.034653053,0.020191373,-0.10273294,0.005729689,-0.3919666,-0.65227693,-0.65950775,-0.62335354,-0.7318162,-0.7173545,-0.68120027,-1.0000805,-1.0861274,-0.8981255,-0.8692022,-1.0933583,-1.4549004,-1.3464377,-1.2813601,-1.2090517,-1.1656667,-1.2235135,-1.3457146,-1.4187461,-1.1150508,-1.1801283,-1.3608994,-0.927772,-1.1013122,-1.2531599,-1.4122384,-1.2314674,-1.4050075,-1.289314,-1.2314674,-1.3977767,-1.4483926,-1.3905458,-1.3182374,-1.5496243,-1.3254683,-1.202544,-1.1013122,-0.7397701,-0.7397701,-0.9928496,-0.7549549,-0.6392614,-0.5814147,-0.8778792,-0.8706483,-0.68264645,-1.2249596,-0.9429568,-1.1237278,-1.1309587,-1.2032671,-1.116497,-1.0008035,-1.065881,-1.1526512,-0.88511,-0.69710815,-0.7911091,-0.45125952,-0.27771932,-0.16202584,-0.07525574,-0.2046878,-0.378228,-0.4151053,-0.37172025,-0.36376634,-0.2560268,-0.3789511,-0.5597221,-0.39992052,-0.44330558,-0.33484298,-0.14684106,-0.3709972,-0.38545886,-0.50115234,-0.2553037,-0.4071514,-0.41438225,-0.46499813,-0.5806916,-0.60961497,-0.58792245,-0.790386,-0.75423175,-0.58792245,-0.49392152,-0.11791771,-0.023916764,-0.08899434,-0.06730182,-0.031147607,0.070084184,0.084545866,0.2291627,0.113469236,0.19300847,0.09900755,-0.06007097,-0.41365916,-0.09622518,-0.24807286,-0.038378447,0.012237446,0.070084184,0.113469236,0.2653169,0.20023933,0.2653169,0.3159328,0.45331877,0.48151907,0.4171646,0.22193186,0.09177671,0.25808606,0.27254775,0.40993372,0.28700945,0.30870193,-0.0022242377,0.04116081,-0.109963775,-0.13961023,-0.045609288,-0.13961023,-0.19022614,-0.32038128,-0.739047,-0.77592427,-0.927772,-0.82654023,-0.89884865,-0.8626944,-0.77592427,-0.49392152,-0.50838315,-0.2046878,-1.1446972,-1.3182374,-1.0506963,-0.9422337,-0.85546356,-1.0434654,-1.2170056,-1.1230047,-0.92054117,-0.8048477,-0.89161783,-0.78315514,-0.5373065,-0.45776728,-0.5806916,-0.58792245,-0.6457692,-0.50115234,-0.6602308,-0.6168458,-0.6819234,-0.55176824,-0.49392152,-0.47222897,-0.653,-0.6240766,-0.74700093,-0.6674617,-0.58792245,-0.3341199,-0.3847358,-0.3341199,-0.42812082,-0.4931984,-0.37750494,-0.37750494,-0.4570442,-0.47150588,-0.4931984,-0.5221218,-0.44981334,-0.48596755,-0.3919666,-0.3919666,-0.37750494,-0.3341199,-0.10273294,-0.18227221,-0.2184264,-0.12442546,-0.28350398,-0.26181147,-0.2184264,-0.2328881,-0.18227221,-0.24734978,-0.30519652,-0.109963775,-0.13888715,-0.35581243,-0.36304322,-0.1967339,-0.030424522,0.020191373,-0.109963775,-0.07380957,0.027422212,-0.023193682,0.22265492,0.09249979,0.11419232,0.30942503,0.49742693,0.5118886,0.6854288,0.54804283,0.46850356,0.3021942,0.35281008,0.3961951,0.2877325,0.36004093,0.29496333,0.20819324,0.2877325,0.36727178,0.38173345,-0.059347887,-0.29001173,-0.26831922,-0.26831922,-0.4924753,-0.65155387,-0.37678188,-0.37678188,-0.1960108,0.04260698,0.5126117,0.5567198,0.9978012,1.1641105,1.0701096,1.2147263,1.2508806,1.0346785,1.2732962,1.3600664,1.2009878,0.98406255,1.1359103,1.4251438,0.7244753,0.6087819,0.9197081,1.3607894,1.5343297,1.4330978,1.1012022,0.21903951,0.47211897,0.2551937,0.2551937,0.11780774,-0.3803973,-0.20685709,-0.48162907,-0.9436798,-0.7853244,-0.5394758,-0.7339854,-0.67686176,-0.78460133,-0.6761387,-0.9002948,-0.82798636,-0.95814157,-1.1685591,-1.3196837,-1.3052219,-1.5438397,-1.4281462,-1.6964104,-1.5517936,-1.4650235,-1.5373319,-1.5734862,-1.3493301,-1.1107123,-1.1034814,-1.26256,-0.79327834,-0.7636319,-0.8720945,-1.2408674,-1.2047132,-1.1324048,-0.8431712,-0.95886457,-0.8576328,-0.97332627,-1.0890198,-1.1902516,-1.0528655,-0.87932533,-0.8431712,-0.57563,-0.5322449,-0.43824401,-0.67686176,-0.4888599,-0.8359403,-1.073835,-0.9227104,-0.5322449,-0.63347673,-0.63347673,-0.72024685,-0.57563,-0.80701697,-0.6117842,-0.89378697,-0.8576328,-0.70578516,-0.66963094,-0.5322449,-1.2777447,-1.4151307,-1.5380551,-1.4729774,-1.6392868,-1.2271289,-1.2922064,-1.0022497,-0.94440293,-1.0174344,-1.1186663,-1.1331279,-0.9306643,-0.9523569,-1.0318961,-1.1837437,-1.1403588,-0.98200333,-0.95307994,-1.3645148,-1.0463579,-0.988511,-1.3138989,-1.1540973,-1.0022497,-0.8142478,-0.66963094,-0.84389424,-0.7715858,-1.2126672,-1.074558,-0.9154796,-0.82147866,-1.0384039,-0.87281764,-0.93789524,-0.8872793,-0.6775848,-0.51850635,-0.52573717,-0.9957419,-1.0535886,-1.0318961,-0.88004845,-0.6414307,-0.46138272,-0.446921,-0.64938456,-0.8807716,-1.2560523,-1.0680503,-1.4657466,-1.2922064,-1.4223616,-1.3717456,-1.1692821,-0.7209699,-0.84389424,-0.7708627,-0.9154796,-0.7274777,-0.5973225,-0.6920466,-0.6848157,-0.6197381,-0.74266243,-0.5987687,-0.43969017,-0.4172746,-0.4751213,-0.22927268,-0.2509652,-0.24373437,0.038268473,-0.09911751,0.05273016,-0.10634836,0.031037634,-0.07019415,-0.09188668,0.11780774,0.00934511,0.12503858,0.11057689,0.29857877,0.23350121,0.24796288,0.23350121,0.31304047,0.023806792,0.0021142673,-0.25819603,-0.14250256,-0.09188668,-0.2509652,-0.38112035,-0.5040447,-0.5763531,-0.51127553,-0.57707614,-0.403536,-0.25168827,-0.36738178,-0.041993868,-0.12948705,-0.021024426,-0.30230418,-0.20830323,0.0013911834,-0.041993868,0.08816129,-0.056455553,-0.15768734,-0.19384156,-0.11430229,-0.09260976,-0.49030605,-0.5119986,-0.62118435,-0.5850301,-0.446921,-0.06368639,-0.078148074,-0.1504565,-0.041993868,-0.09260976,0.109853804,-0.1359948,-0.43173626,-0.6341998,-0.46065962,-0.40281287,-0.45342875,-0.12804088,-0.019578258,0.29134792,0.12503858,-0.113579206,-0.012347417,-0.0051165745,-0.44547483,-0.3514739,-0.45270568,-0.3883512,-0.43896708,-0.23650351,-0.53296804,-0.35942784,-0.32327363,-0.34424308,-0.56189144,-0.40932062,-0.25747296,-0.61901504,-1.2842525,-0.9957419,-0.9162026,-0.82220167,-0.626969,-0.626969,-0.7715858,-0.88004845,-0.72892386,-0.64938456,-0.6059995,-0.64938456,-0.85835594,-0.7361547,-0.60527647,-0.489583,-0.489583,-0.41004372,-0.48235214,-0.6558924,-0.52573717,-0.18588763,-0.09839444,-0.14177948,-0.4020898,-0.5177833,-0.64793843,-0.64793843,-0.27988857,-0.08465583,-0.09911751,0.09611521,0.05273016,-0.16419509,0.10334606,-0.018855175,-0.06296331,0.088884376,0.4576573,0.2841171,0.36365637,0.39981052,0.49381152,0.4576573,0.18288529,0.18288529,0.2841171,0.05273016,0.08165353,0.8625844,0.6897673,1.0585402,1.1091561,1.0585402,1.159772,1.1156639,1.2393112,1.3911589,1.6803925,1.7953631,2.757065,2.6919875,2.663064,2.5979865,2.670295,2.670295,2.619679,2.0766428,2.1424434,2.3803382,2.018796,2.0911045,1.9472108,2.0339808,2.5835247,2.532909,2.6052172,2.4461386,2.4389079,2.5039856,2.894451,2.7715266,2.489524,2.430954,2.2219827,2.3304453,2.2002902,2.1930592,2.3311684,2.3304453,2.6348639,2.714403,2.6131713,2.569063,2.8727584,2.9313283,2.6999414,2.7939422,2.8807123,2.6052172,2.1930592,2.3521378,1.9905958,2.3087528,2.4461386,2.3521378,2.5473707,2.6052172,2.7787573,2.576294,2.8004498,3.0896838,2.9667597,3.3066092,2.9739904,2.9812214,2.757065,2018-04-17
UCBI_ONB,-0.4341832,-0.41196442,-0.7307183,-0.8375393,-0.7238818,-0.7623373,-0.75635535,-0.8272845,-0.8289937,-0.88624966,-0.97597927,-1.0759637,-1.0682727,-1.0349445,-0.7683193,-1.1084374,-0.8324119,-0.83412105,-0.86061263,-0.72131807,-0.69226277,-0.70251757,-0.80250204,-0.5102398,-0.5298948,-0.8033566,-0.89906824,-0.7922472,-1.0375082,-1.0075984,-1.1648389,-1.3032788,-1.3793354,-1.3793354,-1.0289625,-1.3220794,-1.0093075,-0.92043245,-0.6785897,-0.81788427,-0.8375393,-0.74610054,-0.7264455,-0.6401341,-0.4393106,-0.34445357,-0.32992592,-0.042791065,-0.20003158,0.021301536,-0.16670342,-0.30685258,-0.31796196,-0.5751869,-0.50511235,-0.36069036,-0.39316395,-0.15217577,0.0025010405,0.19563341,0.32638234,0.08881241,0.1101766,-0.15388492,-0.24446912,-0.2470328,-0.21028641,-0.24446912,-0.268397,-0.40854615,-0.65722543,-0.5418588,-0.73157287,-0.7426823,-0.5717687,-0.6563709,-0.5862963,-0.81275684,-0.7614827,-0.6854262,-0.582878,-0.63500667,-0.48374814,-0.37778172,-0.40256417,-0.6085151,-0.6666257,-0.5974057,-0.5939874,-0.3461627,-0.37350887,-0.41367358,-0.36410862,-0.31710738,-0.48118445,-0.57005954,-0.40940073,-0.36838147,-0.4871664,-0.4606748,-0.3196711,-0.10090169,-0.15388492,-0.089792304,-0.077828355,-0.015444888,-0.06928267,0.010192153,-0.00604464,-0.07611922,0.22639786,0.2742537,0.08966698,0.12043143,0.15974157,0.04522944,-0.0034809362,-0.11457478,-0.110301934,0.1879423,0.02899265,0.12983167,0.1289771,-0.027408842,-0.41880098,-0.3111254,-0.37350887,0.37081987,-0.029972546,-0.664062,-0.5298948,-0.37350887,-0.48118445,-0.5589501,-0.5486953,-0.33761704,-0.58886003,-0.4316195,-0.44700173,-0.6879899,-0.3247985,-0.44016516,-0.7999383,-0.9563242,-0.9511969,-0.9366692,-0.9947798,-0.9264144,-1.0187078,-0.92555976,-0.93239635,-1.0443448,-0.83839387,-0.9315418,-0.990507,-1.2725143,-0.9947798,-0.9264144,-0.7700285,-0.7854107,-0.9041956,-0.9050502,-0.77771956,-0.71448153,-0.61791533,-0.8725766,-0.6820079,-0.59484196,-0.6674803,-0.63927954,-0.58031434,-0.53416765,-0.4299104,-0.3760726,-0.12568416,-0.19234046,-0.16243058,0.07172105,0.039247464,-0.06159156,0.06573907,0.35629222,0.3913295,0.3887658,0.43405792,0.3058727,0.5203693,0.57591623,0.7340113,0.43918532,0.4426036,0.49131393,0.2733991,1.1570225,1.1288217,1.2202605,0.95107156,1.0296918,0.81434065,0.74939346,1.2048782,0.79554015,1.1117303,0.6878646,0.6853009,0.30758184,0.47251344,0.6451362,0.9168888,0.91517967,1.1151485,0.90407026,1.1356583,1.2151331,1.27068,1.0408013,0.9168888,0.9869634,1.0561833,0.96132636,0.8673239,0.45456755,0.58018905,0.7511026,0.7801579,0.7716123,0.6733369,0.6818826,0.9527807,1.0305463,0.95534444,0.83570486,0.692992,0.5178056,0.6160809,0.5237875,0.50413245,0.8365594,0.7784488,0.8955246,0.8818515,0.9784177,0.8673239,0.7382841,0.7818671,0.7733214,0.79383105,0.62975395,0.6750461,0.6835918,0.7211927,0.6442816,0.47251344,0.32296404,0.42038482,0.16230525,0.9143252,0.63659054,0.8220318,1.0442195,1.1031847,0.99465454,0.96474457,1.0117459,1.1809503,1.2433338,1.0869478,1.0647291,0.8724513,0.875015,0.6348814,0.7545209,0.5673705,0.58189815,0.5784799,0.48105916,0.31270924,0.34774652,0.25630775,-0.012881183,-0.015444888,-0.10346539,-0.12824787,0.10334007,0.090521544,0.03326549,0.10334007,0.07941216,0.25972602,0.26314428,0.19136058,0.3964569,0.3938932,0.16230525,0.124704264,0.2520349,0.13239539,0.048647713,-0.13679354,-0.13422985,0.07770302,0.06317537,0.1853786,0.15888698,-0.012881183,-0.23335972,-0.23335972,-0.29574317,-0.30257973,-0.17781281,-0.20515898,-0.15473947,-0.15815775,-0.2205412,-0.34188986,-0.28805208,-0.14961207,-0.082101196,-0.3111254,-0.23848714,-0.54271334,-0.62218815,-0.5461316,-0.6256064,-0.74353683,-0.6486798,-0.59484196,-0.5845872,-0.59313285,-0.74951875,-0.73584574,-0.76917386,-0.8589035,-0.8349756,-0.6802988,-0.7734467,-0.62047905,-0.5598047,-0.44700173,-0.31796196,-0.50425774,-0.5965511,-0.6068059,-0.5034032,-0.39145482,-0.412819,-0.4794753,-0.49913037,-0.38718197,-0.38461825,-0.28890663,-0.16584887,-0.21199553,-0.3384716,-0.39914593,-0.24446912,-0.3384716,-0.42307383,-0.25643307,-0.16841257,-0.23848714,-0.23506886,-0.36069036,-0.32394394,-0.28121552,-0.34103528,-0.1111565,-0.14448465,-0.0633007,-0.06842811,-0.094065145,0.023865242,-0.033390816,0.058047965,-0.094065145,-0.25643307,-0.34188986,-0.41110986,-0.40512788,-0.43845606,-0.5222037,-0.5965511,-0.6050968,-0.85035783,-0.50083953,-0.5162217,-0.582878,-0.5811689,-0.6196245,-0.46751136,-0.5794597,-0.8307028,-1.0392174,-1.1024554,-0.78626525,-0.6632075,-0.70593584,-0.7845561,-0.84437585,-0.39145482,-0.58886003,-0.5734778,-0.48973015,-0.20430441,-0.12141132,0.06830277,0.4280759,0.5195147,0.303309,0.36654702,0.67077327,0.35543764,0.32894602,0.41098458,0.40585715,0.06659364,0.1101766,-0.05731872,0.19734256,0.10590377,0.19563341,0.09735809,0.08710327,0.23408897,0.20588823,0.20845193,0.35116482,0.13837735,0.48960483,0.24348924,0.10334007,0.12214057,0.3272369,0.15290502,0.016174128,0.26656258,0.17768748,0.12299512,0.117867716,-0.15046664,-0.08808317,-0.05304588,-0.13764812,-0.13593897,-0.31539825,-0.35299924,-0.24532367,-0.3598358,-0.35470837,-0.19917701,-0.089792304,-0.012026616,-0.2555785,-0.6802988,-0.871722,-0.9503423,-1.0998917,-1.0708364,-0.9768339,-0.9050502,-0.82813907,-0.90334105,-0.82301164,-0.8119023,-0.814466,-1.111001,-0.6982447,-0.7255909,-0.7238818,-0.7409731,-0.67260766,-0.79395634,-0.4376015,-0.1837948,-0.37350887,-0.31796196,-0.46409306,-0.44529262,-0.06500983,-0.22225033,-0.17610368,-0.11457478,-0.129957,-0.082101196,-0.17183083,-0.16755798,-0.23763256,-0.22652316,-0.47263876,-0.42478296,-0.343599,-0.28292465,-0.26156047,-0.2735244,-0.23421428,-0.32650763,-0.27266985,-0.09662885,0.087957844,0.39731148,0.21528849,-0.005190072,-0.38461825,0.19392428,0.38363838,0.4844774,0.31783667,0.14094107,-0.077828355,0.09650352,0.16999637,0.33749172,0.07599389,0.1477776,0.49045938,0.4665315,0.7511026,0.8186135,0.8049404,0.6331723,0.44345814,0.3887658,0.6340268,0.49985963,0.6348814,0.67590064,0.73657495,0.52976954,0.38022012,0.46482238,0.21699764,0.08197586,0.10248549,-0.14277552,-0.5384405,-0.64355236,-0.73499113,-0.44272888,-0.42734665,-0.31027085,0.10163093,-0.11542935,0.05292055,0.02899265,0.09992179,0.11188574,-0.084664896,0.005064744,-0.077828355,-0.13593897,-0.11372021,-0.45469284,0.023010673,-0.112011075,-0.14790292,-0.028263409,-0.028263409,0.12214057,-0.019717729,0.265708,0.55882484,0.81177694,0.76221204,1.1929144,1.2809348,1.1160032,1.4321934,1.7184734,1.603107,1.2587161,1.2527341,1.2313699,1.3749373,1.3954469,0.76648486,0.7117925,0.4178211,-0.033390816,-0.33078048,-0.2598513,-0.3863274,-0.44956544,-0.2025953,-0.23592342,-0.17610368,-0.21114096,-0.12482959,-0.15473947,-0.16157602,-0.22481404,-0.23506886,-0.30685258,-0.34701726,-0.2871975,-0.32650763,-0.19917701,-0.25899675,-0.22225033,-0.31027085,-0.3145437,-0.3863274,-0.4606748,-0.50083953,-0.39572763,-0.54698616,-0.6854262,-0.87770396,-0.84693956,-1.3494256,-1.5827227,-1.4271913,-1.368226,-1.3519893,-1.2323498,-1.2750782,-1.1263833,-1.2947332,-1.4408643,-1.3998451,-1.3844628,-1.3639531,-1.5177754,-1.562213,-1.6237419,-1.44941,-1.886949,-1.7801279,-1.643397,-1.6827071,-1.9843698,-1.9014765,-1.7801279,-1.930532,-2.1151185,-2.0305164,-1.9450595,-2.0364983,-2.1963024,-2.0476077,-1.9168588,-1.7314175,-1.5015386,-1.3297704,-1.0255443,-1.2058581,-0.9417966,-1.0323808,-0.9751248,-0.9443603,-1.0289625,-0.87514037,-0.96743363,-0.63329756,-0.83155733,-0.9289781,-0.7999383,-1.1870577,-1.3494256,-1.4152273,-1.1836393,-1.0050347,-0.9554697,-1.0819458,-1.1298016,-1.235768,-1.0785275,-0.86146724,-0.65808,-0.7580645,-1.0486176,-0.883686,-0.7922472,-0.6802988,-0.6990993,-0.8204479,-0.7913926,-0.37863627,-0.40598246,-0.6162062,-0.7734467,-0.6469707,-0.6512435,0.16743267,0.17170551,0.2708354,0.3221095,0.35971048,0.26228973,0.4314942,0.30758184,0.6716278,1.2364973,1.6646358,2.6824262,2.7644646,2.4704933,2.542277,2.597824,2.5354404,2.265397,2.0791013,2.3799093,2.3004344,2.087647,1.8321311,1.7398378,1.8594774,2.2055774,2.3064163,2.251724,2.0585916,2.3303442,2.2047226,2.4277651,2.5132217,2.172249,2.2671063,2.2089956,2.3123984,1.950916,1.7637656,1.7800024,2.1021745,2.2859066,2.4380198,2.2483058,2.358545,2.7260094,2.8969228,2.6285884,2.8541944,2.9721248,3.0216897,2.7687376,2.6781535,2.7721558,3.0003254,3.0832186,3.1644027,3.213113,3.177221,3.3524077,3.2088401,3.4139364,3.4848657,3.303697,3.5763044,3.3806083,3.2601142,3.0575817,2018-04-17
UMPQ_ONB,0.5841653,0.7037632,0.5460633,0.4000058,0.39894742,0.47303456,0.42858228,0.39788902,0.32591864,0.4105897,0.35872865,0.36084545,0.47303456,0.55558884,0.5608807,0.57569826,0.7048215,0.6328511,0.6582525,0.66989475,0.7069383,0.78420067,0.71011347,0.8021933,0.86569655,0.8032516,0.8836891,0.8487623,0.86357975,0.9366085,0.97576886,1.0128125,1.0678486,1.0360969,0.9620098,1.0276299,0.9228495,0.9704769,0.79266775,0.7863174,0.8699301,0.8858059,0.8572294,0.6857706,0.5619392,0.63920146,0.5767566,0.610625,0.6021579,0.6286176,0.57358146,0.5936908,0.7090551,0.6762451,0.6825954,0.68047863,0.76409125,0.8974481,1.0297467,0.9969366,1.1070089,1.0276299,0.9122656,0.7482155,0.62544245,0.6360263,0.5958076,0.487852,0.44339973,0.33650252,0.1989121,0.13223366,0.049679395,0.20949599,0.2264302,0.16186853,0.119533,0.015810981,-0.02652454,-0.06250973,-0.07415199,-0.20962566,-0.29641348,-0.4710475,-0.35144964,-0.25513634,-0.12812978,-0.10272847,0.023219695,-0.19586661,-0.09743653,-0.06250973,-0.12283784,-0.034991644,-0.1609398,-0.21915115,-0.17469886,-0.18104918,-0.14083044,-0.13659687,-0.16305658,-0.2710122,-0.109078795,-0.106962025,-0.12177946,-0.04663391,-0.23608536,-0.19480823,-0.25196117,-0.2699538,-0.16729015,-0.11648751,-0.03181648,0.08566459,0.29628378,0.33121058,0.25818184,0.22854698,0.18726984,0.21796308,0.23066375,0.24124762,0.24653956,0.18515305,-0.08367749,-0.07626877,0.009460653,0.15657659,-0.050867464,0.034861963,0.02110292,0.005227101,-0.038166806,-0.09637814,0.08248943,0.041212294,0.24018924,0.2063208,0.21267116,0.10789074,-6.4838765e-05,-0.005356779,-0.024407763,0.025336472,0.12800011,0.1459927,0.26135698,0.20843759,0.27194086,0.28887507,0.25500667,0.33544415,0.20208727,0.031686798,0.012635818,0.025336472,0.0009935492,0.04227068,-0.075210385,-0.037108418,-0.22655986,-0.2953551,-0.16834852,-0.10590363,-0.26466185,-0.38637647,-0.3408658,-0.31123093,-0.24455246,-0.22126792,-0.30170542,-0.20750888,-0.23502697,-0.26572022,-0.33134028,-0.38849327,-0.44035426,-0.4382375,-0.57159436,-0.54090106,-0.36838385,-0.35462484,-0.24455246,-0.45623007,-0.4890401,-0.584295,-0.5398427,-0.41177776,-0.5768863,-0.5091495,-0.5525434,-0.30805576,-0.5154998,-0.15776464,-0.13448012,0.14070077,0.1639853,0.22007987,0.44657487,0.43175745,0.46456748,0.4529252,0.7630329,0.90379846,0.87733877,0.6042747,0.46880102,0.46985942,0.6032163,0.57252306,0.64555186,0.6286176,0.65084374,0.76514965,0.9376669,0.75244904,0.7450403,0.87839717,0.62755924,0.84347034,0.90697366,0.8254777,0.7609161,0.74715704,0.7185806,0.72175574,0.71223027,0.76514965,0.8604046,0.9217911,0.8582878,0.8455872,0.77996707,0.8021933,0.69317925,0.7048215,0.7312812,0.68365383,0.68365383,0.539713,0.58628213,0.6635444,0.71223027,0.8159523,0.8572294,0.8678133,0.8529959,0.88051397,0.85934615,0.19256178,0.20208727,0.13858399,0.0846062,0.08566459,0.014752594,-0.20221694,0.2264302,-0.09426137,-0.24666923,-0.23820212,-0.18951629,-0.2953551,-0.196925,-0.14400561,-0.10272847,-0.14400561,-0.11331235,-0.1609398,-0.037108418,-0.088969424,-0.10484525,-0.14718077,-0.05192585,0.044387456,-0.049809072,-0.0212326,0.0009935492,0.03697874,0.020044532,-0.14188883,-0.13130495,-0.17681563,-0.13024656,-0.16729015,-0.22550148,-0.338749,-0.26148665,-0.22973502,-0.088969424,-0.08473587,0.13223366,0.19573694,0.25924024,0.3555535,0.16716048,0.060263276,0.06661361,0.09942363,0.17774434,0.24018924,0.1555182,0.29840055,0.38518837,0.35343674,0.2867583,0.23383892,0.18091951,0.19467856,0.18091951,0.14175916,0.13540883,0.16081013,-0.37579256,-0.36415032,-0.41495293,-0.41283616,-0.34298256,-0.35779998,-0.46469718,-0.5080911,-0.68907547,-0.67108285,-0.62345535,-0.4784562,-0.44035426,-0.3271067,-0.35991678,-0.40648586,-0.5398427,-0.5218501,-0.44247103,-0.4721059,-0.50279915,-0.41389456,-0.35885838,-0.3736758,-0.3482745,-0.33345705,-0.32181478,-0.27524573,-0.35779998,-0.32604834,-0.4022523,-0.36415032,-0.4276536,-0.4456462,-0.5345508,-0.8414833,-0.8605343,-0.88064367,-0.90710336,-0.9219208,-1.0764453,-1.1081971,-1.1018467,-1.0870292,-1.1378319,-1.1208978,-1.1039635,-1.0722119,-1.085971,-1.1484158,-1.2140359,-1.2023937,-1.085971,-0.98648244,-0.952614,-1.0711534,-0.9981247,-0.9949496,-0.93144625,-0.97589856,-0.9399134,-0.9970663,-0.78327197,-0.93144625,-0.91027856,-0.9229792,-0.89228594,-0.9727234,-1.0383434,-1.0245844,-1.2785975,-1.4945086,-1.4034873,-1.5379026,-1.5273187,-1.5082676,-1.4839247,-1.5992892,-1.2870646,-1.1325401,-1.0499858,-1.0362266,-0.9515556,-0.990716,-1.3039988,-1.3727942,-1.3198746,-1.288123,-1.4288887,-1.3018821,-1.4839247,-1.3918451,-1.2680136,-0.94203013,-0.9049866,-0.83830816,-0.8139652,-0.91345364,-0.8002061,-0.96319795,-0.9515556,-0.9653147,-1.004475,-1.0954964,-1.0298764,-0.94626373,-0.8457169,-0.9293295,-0.8647678,-0.96108115,-1.0827957,-1.0775038,-1.0785623,-1.1304232,-1.0785623,-0.91345364,-0.7875055,-0.9589644,-0.86582625,-0.7345861,-0.63933116,-0.8531256,-0.90286976,-1.0573945,-1.0605695,-1.0489273,-0.9123953,-1.2436707,-1.1759338,-1.3283417,-1.2140359,-1.3780861,-1.2891815,-1.2182695,-1.2701305,-1.4246551,-1.2764807,-1.1759338,-1.2267365,-1.1611165,-1.0605695,-1.1515911,-1.1124306,-1.0542192,-1.2669553,-1.364327,-1.448998,-1.3780861,-1.4204215,-1.3357505,-1.2902398,-1.2426124,-1.3442175,-1.3029404,-1.3092908,-1.4669906,-1.6162232,-1.7008944,-1.6543252,-1.7008944,-1.5569535,-1.6236321,-1.6331575,-1.6627923,-1.5939972,-1.6363326,-1.5453113,-1.4722825,-1.4373558,-1.3526847,-1.3854947,-1.331517,-1.5072094,-1.4310054,-1.3484511,-1.345276,-1.416188,-1.2542546,-1.3431593,-1.3907866,-1.4310054,-1.4087793,-1.4225383,-1.4701658,-1.4204215,-1.3177578,-1.2108607,-1.0933796,-1.0700952,-1.1240729,-1.4204215,-1.1198393,-0.9081617,-0.9399134,-1.0065918,-1.0870292,-0.94626373,-0.86265105,-0.86582625,-0.8647678,-0.971665,-0.9473221,-0.7324693,-0.9081617,-0.79068065,-0.8139652,-0.9219208,-0.98224884,-0.85947585,-0.8033813,-0.7081264,-0.77586323,-0.80867326,-0.7959726,-0.7081264,-0.9229792,-0.95367247,-0.8605343,-0.9663731,-0.9684899,-0.98648244,-1.1071386,-0.8753517,-0.7610458,-0.6869587,-0.7726881,-0.8245491,-0.8986362,-0.7345861,-0.67002445,-0.65520704,-0.71341836,-0.67849153,-0.51973337,-0.59805405,-0.6096963,-0.5610105,-0.6308641,-0.7356445,-0.7546955,-0.61287147,-0.6181634,-0.6869587,-0.6403896,-0.6192218,-0.45834684,-0.5345508,-0.5631273,-0.39061,-0.28265443,-0.09426137,-0.15458947,0.12376656,0.067672,0.33226898,0.31639314,0.2444228,0.120591395,0.12800011,0.09413169,0.13858399,0.15234303,-0.022290986,-0.19057468,-0.3207564,-0.5345508,-0.8996947,-0.90922016,-0.9589644,-0.98859924,-1.0150589,-1.1092554,-0.9399134,-0.9589644,-0.8764101,-0.9409718,-0.95367247,-0.98542404,-0.9970663,-0.89016914,-0.8742933,-0.8742933,-0.78009677,-0.78221357,-0.7081264,-0.7546955,-0.6499151,-0.5610105,-0.4731643,-0.38849327,-0.376851,-0.3556832,-0.20115855,-0.30064705,-0.31758127,-0.4191865,-0.46787235,-0.50068235,-0.44987977,-0.45728847,-0.5663025,-0.51338303,-0.44352943,-0.36626709,-0.44987977,-0.35779998,-0.26042828,-0.28159606,-0.25196117,-0.35779998,-0.34509933,-0.36626709,-0.33663222,-0.44035426,-0.29323834,0.2782912,0.14916788,-0.06250973,0.040153902,-0.055101015,0.27617443,0.43175745,0.39894742,0.3566119,0.42329034,0.38518837,0.4518668,0.62438405,0.57993174,0.7619745,0.8413536,0.9694185,0.95671785,1.1493444,1.0096372,1.030805,1.0382137,1.0858413,1.2128478,1.0022286,1.210731,1.1525197,1.3557302,1.5896338,1.6086849,1.6192688,1.7843773,1.2837598,1.2541249,1.3514966,1.1694539,0.9291998,0.89427304,0.95036757,0.9228495,1.1175928,1.2731758,1.1673372,1.2445995,1.4213502,1.3811314,1.2456578,1.0858413,1.243541,1.2700008,1.314453,1.2287236,1.2573,1.5335393,1.5854003,1.625619,1.6870055,1.6795969,1.9124423,1.8203626,1.7642679,1.8235377,1.8383551,1.8510557,1.8425887,1.8182458,1.9695951,1.9600697,1.9780623,2.0341568,2.0987186,2.3707242,2.0839012,1.8404719,1.9865294,1.9431355,1.6055096,1.8034283,1.9844127,1.9209094,2.1368206,2.170689,2.3686073,2.3929503,2.4977307,2.0987186,2.18974,2.179156,1.8965665,1.9367852,1.9801791,2.1886816,2.056383,2.2320755,2.3241553,2.3283887,2.5792267,2.355907,2.2204332,2.0849595,2.22255,2.22255,2.1156526,2.3389726,2.4151766,2.1780977,1.9516026,1.9981717,1.9928797,2.012989,2.2765276,2.1664553,2.4278772,2.5093732,2.582402,2.4606872,2.4289358,2.5728762,2.5644093,2.7316346,2.5644093,2.5622926,2.5517087,2018-04-17
WSBC_ONB,0.16970602,0.391711,-0.5174086,-0.4284231,-0.38255432,-0.48071355,-0.49539158,-0.34861138,-0.2724692,-0.4412664,-0.54859936,-0.6440065,-0.72565293,-0.6146504,-0.6862058,-0.68528837,-0.6614366,-0.64951074,-0.5651121,-0.49172208,-0.41924936,-0.36604154,-0.32292488,-0.4320926,-0.38255432,-0.44218373,-0.38897595,-0.15229295,-0.2155919,-0.09816777,-0.2724692,-0.23760891,-0.3293465,-0.47612667,-0.39356282,-0.29356885,-0.16513623,0.041273385,0.055951398,0.19172305,0.09998544,0.05870353,0.22016169,0.088976935,0.11007658,0.19172305,0.6678412,0.6311462,0.58802944,0.7944391,1.0889168,1.0247004,1.1072643,0.57151675,0.71646214,0.82746464,0.93479764,1.065065,1.0907515,1.0421306,0.9549799,0.14034998,-0.18348375,-0.16697097,-0.29999048,-0.17706211,-0.18990538,-0.29999048,-0.9072934,-1.4393715,-1.406346,-1.206358,-1.4696449,-1.5898211,-0.94307107,-1.1779193,-1.3457991,-1.8154956,-1.5402828,-1.5751431,-1.443041,-1.4375367,-1.4146024,-1.4338672,-1.4494627,-1.6402768,-1.5613825,-1.5989949,-1.39442,-1.1008598,-1.0100394,-0.9586664,-1.0669168,-1.1971841,-1.2127796,-1.2201186,-1.1898452,-1.0870991,-1.2861696,-1.1678282,-0.76234794,-0.4586965,-0.4596139,-0.45410964,-0.5963029,-0.5174086,-0.83940756,-0.655015,-0.6660235,-0.9329799,-0.71556175,-0.2642128,-0.43943164,-0.46053126,-0.31375113,-0.26604757,-0.24770005,-0.24311315,-0.3834717,-0.19907913,-0.099085145,-0.10550678,-0.09449826,-0.12293693,-0.82197744,-0.7201487,-0.6660235,0.23117022,-0.21100502,-0.33118126,-0.22660041,-0.120184794,-0.340355,-0.3568678,-0.37796745,-0.4247536,-0.57520324,-0.5862118,-0.4412664,-0.5210781,-0.318338,-0.39264545,-0.6256589,-0.5889639,-0.67061037,-0.6577671,-0.6320806,-0.5678643,-0.5073174,-0.46970505,-0.52658236,-0.55318624,-0.50823486,-0.63299793,-0.7128097,-0.7724391,-1.0549909,-1.3999243,-1.4265281,-1.3091041,-1.645781,-1.6347725,-1.5558782,-1.4512974,-1.3412123,-1.4219413,-1.3439643,-1.4191892,-1.6283509,-1.8989768,-1.6301856,-1.6182598,-1.3779073,-1.4329499,-1.272409,-1.5035878,-1.2403009,-0.71464443,-0.53850824,-0.36695892,-0.53850824,-0.64951074,-0.46695292,-0.7109749,-0.3715458,-0.24311315,-0.03853833,0.055951398,0.104572326,-0.08991138,-0.013769177,-0.15137559,-0.21742666,0.7072884,0.63389826,0.80269545,0.56601244,0.77058727,1.0017661,0.91369796,0.73022276,0.70637095,0.84856427,0.69169295,0.50363094,0.6256419,0.621055,0.57243407,0.72655326,0.84856427,0.7696699,0.5962858,0.8476469,0.9760795,0.6109639,0.52289575,0.2045663,0.49537453,0.8375557,0.65591526,0.8852593,0.34859434,0.20548369,0.14585423,0.10824183,0.13117623,0.21649219,0.26236102,0.27520427,0.23300497,0.19264041,0.2669479,0.11099396,0.26970002,0.47886175,0.45684472,0.5164742,0.7513224,0.8852593,0.857738,1.2476228,1.1512983,0.99993134,0.9568146,1.0458001,1.1558852,1.1045121,0.9742448,1.7319974,1.1081816,1.0476348,0.9925923,0.8237951,0.5329869,0.49537453,0.37428087,1.4567846,1.1146033,1.321013,1.6375076,1.67512,1.5164139,1.4173373,1.5797129,1.7017239,1.7659402,1.7292452,1.4806362,1.5054055,1.4411892,1.4026594,1.2650529,1.1852413,1.257714,1.0806603,1.1081816,0.95864934,0.9109458,0.64031994,0.5284,0.5100525,0.6329809,0.78801745,0.7898522,0.7614135,0.6320635,0.7540746,0.5761036,0.88158983,0.9320455,1.0164441,1.0072703,1.0467175,0.78251314,1.0494696,1.1329508,1.091669,0.7724221,0.9201196,0.9760795,1.0467175,1.0513043,0.94672346,0.9980966,1.0228657,0.85131633,0.9522277,0.6852713,0.6834366,0.68802345,0.5806905,0.3807025,0.20181417,0.13759786,0.0027435902,-0.0018432896,-0.012851802,-0.03853833,-0.20641814,-0.14495395,-0.39906707,-0.3981497,-0.37796745,-0.53116924,-0.7164792,-0.6724451,-0.67152774,-0.64675856,-0.75776106,-0.79353875,-0.71556175,-0.799043,-0.7779434,-0.7669349,-0.777026,-0.6320806,-0.4284231,-0.42934048,-0.5155738,-0.56236,-0.80821675,-0.64584124,-0.6054767,-0.6073114,-0.45777917,-0.38255432,-0.33852026,-0.4816309,-0.16146672,-0.38163695,-0.14128445,-0.01743868,0.14310211,0.085307434,0.09539857,0.04861239,0.08989431,0.02384324,0.025677992,0.06879467,0.0018262145,-0.062390108,-0.17247522,-0.16330147,-0.18164898,-0.34218976,-0.15596247,-0.2687997,-0.072481245,-0.07339861,0.027512742,-0.0018432896,-0.03395145,0.14493687,0.2045663,0.05503402,0.11007658,0.06512516,0.12016771,0.22841807,-1.1779193,-0.640337,-0.66785824,-1.1898452,-1.0109569,-0.9256408,-0.7274877,-1.0054525,-0.7586785,-0.62749374,-0.7495047,-0.49263942,-0.1504582,-0.7054707,-0.89811957,-0.54126036,-0.62841105,-0.318338,-0.32751176,-0.07064649,-0.26604757,0.022008486,-0.008264922,0.2467656,0.16511914,0.3458422,0.2559394,0.07705104,-0.1660536,-0.124771684,0.9669058,0.90727633,1.145794,0.6513284,0.5128047,0.42290178,0.48987022,0.36418974,0.7660004,0.91002846,1.2549618,1.0659823,0.90727633,1.3228477,1.2246884,1.0292873,1.0412132,0.9439714,0.95131034,0.9852533,0.84948164,0.95131034,1.3549558,1.2191842,1.0769908,1.2421185,1.3705511,1.294409,1.4255937,1.0412132,1.0329568,1.5145793,1.4292632,0.93571496,0.6293114,0.47335744,0.38804153,0.10915921,0.27887377,0.060538277,-0.120184794,-0.23669152,-0.3944802,-0.73207456,-0.6586845,-0.8531682,-1.1981015,-1.3421296,-1.4613885,-1.3100214,-1.2641526,-1.2311271,-1.1953495,-1.5668867,-1.6219293,-1.6723849,-1.5072572,-1.6540374,-1.5256047,-1.7366012,-1.5201005,-1.916407,-2.0099792,-2.2659273,-2.263175,-2.0283267,-2.1585941,-2.2622578,-2.1595116,-2.3475738,-2.4393113,-2.1861155,-2.2806053,-2.219141,-2.2576709,-1.4173543,-1.638442,-1.5375307,-1.2696569,-1.4751492,-1.3448817,-1.5329438,-1.1513153,-1.2100275,-1.0072874,-0.9779313,-0.8632593,-0.46787027,-0.13211069,0.69077563,0.44767097,0.7751742,0.3733635,1.0054355,1.2503749,0.83113414,0.72288376,0.43941456,0.7054536,0.6072944,0.57151675,0.7054536,0.38804153,0.35960284,0.57335144,0.26327837,0.17154077,0.15961488,0.0073304703,0.38987628,0.45225784,0.0632904,0.36877662,0.25960886,0.26236102,0.10915921,0.43299294,0.1247546,0.09448119,0.2660305,1.0182788,0.2816259,0.106407076,-0.21375714,-0.43484476,-0.04954684,-0.5210781,-0.4871352,-0.34677663,-0.32475963,-0.17614473,-0.2532043,-0.2990731,-0.5357561,-0.4632834,0.032099623,-0.33118126,-0.53850824,-0.22568305,-0.077985495,-0.24678266,-0.07339861,0.25318724,0.31006455,0.23483974,0.30364293,0.15686275,0.44767097,0.32199046,0.20273155,0.52289575,0.757744,0.8017781,0.36052024,-0.4935568,-0.4559444,0.09448119,-0.08715925,0.07429892,0.04310813,0.31281668,0.13301097,0.07154679,-0.06697698,-0.33485076,-0.39356282,-0.4935568,-1.0926033,-1.3843288,-1.4485452,-1.4320325,-1.5999122,-1.5806473,-1.4916619,-1.4274455,-1.1494807,-1.0238001,-1.084347,-0.9219714,-0.94949263,-0.77152175,-0.6926274,-0.5779554,-0.1926575,-0.15229295,0.32565993,0.3531812,0.046777636,0.2852954,0.17337552,-0.0055127935,0.027512742,-0.21100502,-0.40732348,-0.61740255,-0.85775506,-0.68528837,-0.3495288,-0.706388,-0.899037,-0.9384842,-0.4412664,-0.8109689,-0.8568377,-0.8164731,-0.54217774,-0.67061037,-0.6907927,-0.57887274,-0.2541217,0.061455656,-0.112845786,-0.42291886,-0.40090185,-0.31466848,-0.57887274,-0.4284231,-0.8962849,-1.8558601,-2.009062,-1.9255807,-1.9017289,-1.4338672,-1.26507,-1.438454,-1.1815888,-1.0623299,-0.8595898,-0.906376,-0.54859936,-0.6082288,-0.66694087,-0.4632834,-0.31099898,-0.5972203,0.3531812,0.46693584,0.29263443,0.054116648,-0.30824685,-0.27155182,-0.36695892,0.2742869,-0.058720604,-0.37796745,-0.2596259,-0.14587133,-0.38438907,-0.36512417,-0.34861138,-0.24127842,-0.2761387,-0.46144867,-0.54492986,-0.40640607,-0.18715324,-0.046794713,0.05778615,0.17796241,-0.15229295,0.030264871,0.23300497,0.09815069,-0.17522736,-0.06147273,0.07062941,0.28621277,0.30731243,0.12750672,0.090811685,0.16695388,-0.022025561,-0.29999048,-0.06697698,0.08439005,0.24951775,0.0009088384,0.056868773,0.018338982,0.08989431,-0.30824685,0.19906203,0.721049,0.85223377,1.0045182,0.60179013,0.86691177,0.82746464,1.0201136,0.74857026,1.079743,1.5907214,1.5815476,1.9640934,1.7439232,1.4292632,1.2274406,1.2989959,1.375138,1.5219183,1.1824892,1.6714505,1.523753,1.5008186,1.5742086,1.4943969,1.2962437,1.3109218,1.5439352,1.4650409,1.497149,1.5953083,1.8420824,1.8851992,2.0998652,2.029227,2.053079,2.2824228,2.5301144,2.3099442,2.4200294,2.5236928,2.387921,2.0108795,1.9053813,2.2805882,2.7392762,2.5677269,2.6704729,3.0383408,2.943851,2.929173,3.0355885,2.9713724,2.980546,2.9832983,3.1365,3.0750358,3.0998049,3.0447624,2018-04-17
SIVB_RDN,-2.1243625,-2.0701835,-1.8801882,-1.7058485,-1.7600273,-1.7482244,-1.7124876,-1.6488006,-1.8696557,-1.8814588,-1.8333452,-1.7911742,-1.7242497,-1.7104385,-1.7285117,-1.6264652,-1.506796,-1.5913432,-1.6562595,-1.5931463,-1.5444591,-1.6058508,-1.6459318,-1.6510956,-1.6948241,-1.5980642,-1.5801958,-1.5276972,-1.384422,-1.3173746,-1.1567639,-1.2686054,-1.4559367,-1.4635595,-1.5342544,-1.5542538,-1.7524866,-1.7602323,-1.6428171,-1.6351124,-1.5813023,-1.5364674,-1.681013,-1.614908,-1.6604806,-1.7131432,-1.551631,-1.6821194,-1.6085558,-1.7085532,-1.6873653,-1.6663412,-1.5827367,-1.5826138,-1.617408,-1.5739664,-1.5206891,-1.5403198,-1.3627422,-1.4517155,-1.3098338,-1.2991374,-1.4516745,-1.7398639,-1.7565439,-1.6401533,-1.5781467,-1.5935152,-1.5597866,-1.4168392,-1.3048749,-1.4030691,-1.3180712,-1.3510213,-1.3927416,-1.7507653,-1.7299463,-1.7513801,-1.6510546,-1.558516,-1.6496203,-1.8262962,-1.7503555,-1.8900651,-2.0202668,-2.1456325,-2.1153872,-2.076372,-2.0873141,-1.8771966,-1.8887126,-1.8017477,-1.7706419,-1.6932259,-1.7178973,-1.7332247,-1.7446588,-1.7872398,-1.7370772,-1.7784696,-1.8872373,-1.7958052,-1.7483064,-1.6437598,-1.5526966,-1.4216752,-1.4229866,-1.4252816,-1.4628217,-1.3938891,-1.4078232,-1.5343363,-1.6505219,-1.619498,-1.6365058,-1.6052771,-1.6311371,-1.6731443,-1.5685567,-1.7305609,-1.8343697,-1.7523636,-1.7628552,-1.4230276,-1.3576194,-1.3528656,-1.0816019,-1.2439338,-0.4208808,-0.021628508,-0.20211577,-0.37555403,-0.069373205,-0.018882675,0.04705829,0.010706745,0.16279307,0.18713674,0.17922711,0.24332385,0.25910214,0.08488521,0.1121796,0.009272355,-0.0035961743,-0.046586893,0.042099398,0.11808109,0.09918813,0.11627785,0.0670168,0.16230129,0.09656523,0.030583292,-0.02945618,0.080868915,0.08058204,0.015009915,0.021362215,0.042673156,-0.06916829,0.07476251,0.27697054,0.5665534,0.36069793,0.114105776,0.04738615,-0.079290986,-0.0971594,-0.033390507,0.0043544453,0.009108424,0.023493309,0.05619741,0.06472178,0.11045833,0.10283557,0.04906644,0.32774797,0.3172974,0.5084811,0.2953717,0.18902193,0.1766452,0.28869158,0.31647775,0.71646774,1.1024415,1.1713333,1.242725,1.1711694,1.0093292,1.0707622,0.91933143,0.7563437,0.70622206,0.38868904,0.32328084,0.188858,0.049107417,0.042345293,-0.11564254,-0.22469716,-0.06650443,-0.079045095,-0.031341378,0.053123713,0.009477268,-0.025808731,-0.021833422,0.028247286,0.07439367,0.17045683,0.060664505,0.13181026,0.093245655,0.1004176,0.1413182,0.081606604,-0.00048149857,-0.040398527,-0.027202139,-0.044701695,0.05595151,-0.015767999,-0.37903756,-0.3836686,-0.23568049,-0.027570982,0.076278865,0.12303998,0.1051306,0.04882054,-0.016300773,-0.12273252,-0.10400349,0.12931031,0.07013148,0.1561949,0.0787788,0.05152539,0.22254568,0.061115317,0.14562137,0.14857213,0.1658258,0.19963641,0.44495812,0.3739763,0.39446756,0.081114806,0.10861412,-0.00031756828,-0.3314158,-0.40850404,-0.23711488,-0.23916401,-0.20895985,-0.23346743,-0.30440828,-0.2278938,-0.23178716,-0.30813769,-0.19441104,-0.20859101,-0.22465618,-0.13068314,-0.000727394,0.002182369,0.068902,0.075049385,0.037591312,0.06504964,0.15553917,0.09992581,0.12902343,0.20570184,0.2733231,0.42036855,0.3062321,0.44504008,0.45172024,0.4407369,0.4842194,0.4927438,0.59229046,0.68622255,0.7749089,0.7452784,0.765073,0.90855306,0.9149464,0.7128612,0.8341697,0.70130414,0.72458225,0.7862201,0.7988837,0.62368315,0.55331606,0.6954027,0.40840164,0.4579086,0.32901838,0.20537399,0.12914638,0.06980362,0.0066904523,0.09238501,0.1375888,0.10013072,0.14181,0.10586828,0.057099022,-0.03822645,-0.08679081,-0.05412769,-0.31334248,-0.450921,-0.46112564,-0.37141478,-0.43038872,-0.4165776,-0.32080132,-0.39588138,-0.23650014,-0.20531242,-0.29072008,-0.50985396,-0.53399265,-0.4903872,-0.4662075,-0.5598117,-0.5243208,-0.56460667,-0.56833607,-0.5773113,-0.5326402,-0.48637092,-0.49714932,-0.4561258,-0.43747872,-0.5126408,-0.54554975,-0.657924,-0.6663254,-0.7152176,-0.54845953,-0.648498,-0.5532545,-0.5728032,-0.49887064,-0.4714123,-0.49382976,-0.51776356,-0.5630903,-0.5490333,-0.51030475,-0.5441974,-0.5007968,-0.52587813,-0.5021902,-0.3753901,-0.38957006,-0.2646142,-0.010809108,0.057303935,0.15033437,0.1119337,0.045541935,-0.19469792,-0.25863072,-0.23940991,-0.39731577,-0.6841938,-0.596655,-0.6065728,-0.25342596,-0.25252435,-0.25994217,-0.23084454,0.034476638,0.038738824,0.08308197,0.19389886,0.15553917,0.21541472,0.13144141,0.11377792,0.18603021,0.39098406,0.46081838,0.60433936,0.93834734,0.8846602,0.5770859,0.59405273,0.68675536,0.75589293,0.9675679,0.9642893,0.9692892,0.82601416,0.8138423,1.0425661,1.0513363,1.0296155,1.0950648,1.0981385,1.087606,0.75675356,0.35918158,-0.093757845,-0.09109398,-0.055562075,0.11095012,-0.11912606,-0.12879795,-0.1740837,-0.14617455,-0.16699369,-0.269778,-0.2513768,-0.20330426,-0.28088427,-0.1839195,-0.23736078,-0.23981975,-0.16797727,-0.060561955,0.24803685,0.11980236,0.10115528,-0.01707944,0.040378127,-0.21252534,-0.39526668,-0.44321626,-0.43096247,-0.41772512,-0.30846554,-0.27309757,-0.17715737,-0.03166924,-0.14068289,-0.38301286,-0.6428424,-0.58087677,-0.51706684,-0.58915526,-0.5078458,-0.5353451,-0.63804746,-0.8022236,-0.73120075,-0.46796975,-0.4410442,-0.35096452,-0.18826365,-0.034128193,0.06922986,0.1761534,0.15037535,0.29627335,0.2704953,0.26869208,0.34274757,0.33991975,0.37524673,0.41196713,0.46135113,0.40418047,0.32270712,0.18025166,0.26197094,0.15086715,0.25836444,0.4619659,0.27717546,-0.008473101,0.08988508,0.17226006,0.19578406,0.22139817,0.25176626,0.2907407,0.53491485,0.41303268,0.391066,0.35024735,0.24561888,0.26660195,0.2754132,0.06668894,-0.019784292,-0.2535079,-0.17088704,-0.25412267,-0.43956882,-0.46948612,-0.26633546,-0.009005874,0.068205304,0.14172803,-0.042078808,0.9468308,0.56425834,0.9256428,0.8203995,1.0022392,0.84498906,0.98941165,1.1201462,1.0698605,1.1258427,0.8678163,0.87568504,0.9044138,0.7552372,0.5358165,0.63630575,0.77089256,0.7812202,0.8740047,0.8604805,0.9514618,0.7540487,0.7498685,0.76396656,0.70093536,0.59675753,0.800441,0.6081917,0.5754876,0.64880544,0.7020829,0.7862201,0.7217135,0.72990996,0.6549118,0.6180275,0.6446252,0.66823125,0.6510185,0.7953182,0.633314,0.74507356,0.7756875,0.79285926,0.9118726,0.8306042,0.61319155,0.61065066,0.551062,0.6843783,0.6738458,0.72974604,0.61384726,0.6340517,0.52229226,0.4870882,0.43430263,0.47770318,0.47319508,0.27459356,0.38725466,0.66413295,0.3972954,0.43958938,0.3959839,0.38311538,0.37467298,0.43893367,0.5060631,0.5640535,0.42483565,0.59470844,0.25065973,0.24176651,0.29278982,0.29254392,0.3450016,0.28434741,0.15250646,0.2589382,0.32069895,0.052590936,-0.08830716,-0.006505937,0.05582856,0.15340807,0.11984334,0.08877854,-0.034333106,0.09086866,0.28869158,0.39913958,0.32979706,0.27320015,0.23443063,0.12140068,0.25111052,0.17336659,0.12258917,0.26262665,0.1274661,0.21631633,0.30844516,0.20053804,0.2773394,-0.042242743,0.06509063,0.0052970443,0.070295416,0.0670168,-0.024661219,-0.08777439,-0.006137094,0.13041684,0.17988282,0.101196274,0.03816507,-0.06035704,-0.41124988,-0.5076409,-0.78144544,-0.84923065,-0.93668747,-0.6663254,-0.5532955,-0.66374344,-0.70279986,-0.87000877,-0.023472724,0.2730362,0.20500514,0.26033163,0.051238514,0.6430679,0.5291363,0.51589894,0.27934754,0.2860277,0.45167923,0.4400402,0.52634954,0.089188375,0.09258993,0.083122954,0.007960913,-0.0070387106,0.08644254,-0.014866383,0.13127749,0.28901944,0.44827768,0.79232645,0.32467425,0.25152037,0.07599199,0.04447639,0.09631934,0.07004952,-0.030685658,0.033247158,0.1411133,0.37504184,0.6312239,0.619257,0.6924519,0.25746283,0.5220463,0.9069547,0.6914683,0.8336369,0.87691444,0.97682995,0.97461694,1.0643688,1.1017859,1.2008408,0.9339622,0.9695351,0.94359314,0.7288035,0.98260856,0.92195433,0.9693302,0.6154046,0.55520123,0.69048476,0.6997468,0.8856848,1.0248207,0.9507651,0.75728637,0.61892915,0.73872125,0.6349123,0.6541332,0.49753878,0.849948,0.6361828,0.64704317,1.1267443,1.0484266,0.981584,1.0719506,1.2508805,1.1761283,1.3174771,1.3190756,1.1551042,1.190677,1.3728037,1.3963276,1.6502147,1.7160738,1.8487344,1.9566004,2.0130334,1.7035741,1.7627529,1.6569768,2.7086718,2.4640877,2.922273,3.1378822,3.3864415,3.1437018,3.4410713,3.192594,2.5869944,2.442695,2.6267886,2.0450408,1.9112738,2.0555735,1.9022986,1.877955,2.060573,1.9873374,1.8380787,3.4659886,3.7552435,3.6370502,3.9449112,3.8614297,3.8870847,3.6899586,2018-04-17
SMFG_RDN,0.63950944,0.7244037,0.67629695,0.7442123,0.77251035,0.92249006,0.792319,0.63667965,0.38482705,1.2394282,0.95927745,0.9649371,0.4923596,0.2376772,0.43293372,0.85740453,0.92814964,0.908341,1.1205764,1.1347253,1.0130438,1.168683,1.5026,1.3243223,1.6073028,1.2337686,1.1488744,1.3752588,1.154534,1.0696398,1.0554909,1.1488744,0.84608525,0.7809997,0.83193624,-0.20660217,-0.44713563,-0.34809244,-0.41317797,0.0707187,0.2461666,0.27446467,0.30276272,0.5291471,0.17542149,0.38199726,0.38765684,0.33672038,0.50084907,0.54895574,-0.26602808,-0.2716877,0.20937915,0.31691176,0.3678482,0.22635797,0.4159549,0.5998922,0.67629695,0.67063737,0.50650865,0.5970624,0.2857839,0.20937915,0.13863403,0.28861368,0.40746546,1.3695992,0.52065766,0.8036382,0.84608525,0.80929786,1.1856619,1.2281089,0.9734265,0.6253604,0.356529,0.30276272,0.33106077,0.4640616,0.4216145,-0.03398408,-0.85462743,-1.1630763,-0.9083938,-0.65937096,-0.47260386,-0.30847514,-0.6140941,-0.8999043,-0.64522195,-0.67352,-1.2168425,-0.9338621,-0.90556395,-0.94235146,-0.8631169,-1.0244157,-0.8065208,-0.62824315,-0.62824315,-1.0130966,-0.94235146,-0.8800957,-0.94518125,-0.8602871,-0.30847514,-0.3339434,-0.39619914,-0.20377237,0.13580422,0.18391089,0.3480396,0.1782513,0.16693208,0.30842233,0.18674071,0.110335976,-0.031154275,-0.56881726,-0.39053953,-0.13868685,-0.34243283,0.27729446,0.49518943,0.7074248,0.8489151,0.73572284,1.6978565,2.0940292,1.5846643,1.5082595,1.661069,1.8167083,1.878964,1.9440495,1.7855804,2.0798802,2.357201,2.6118834,2.2213705,2.0374331,2.1930723,1.8534957,1.7063459,1.8251977,1.7827506,1.7742611,1.5705153,1.3384713,1.140385,0.9394688,1.2677263,1.1092571,1.0243629,1.2167897,1.242258,0.93097943,1.0526611,1.1800022,0.8885324,1.256407,1.2111301,1.9610285,1.6497499,1.0781293,1.0300226,0.98191595,1.2365984,1.242258,1.298854,1.3497906,1.4261953,1.3695992,1.4460038,1.7006863,1.3384713,1.2592368,1.3469608,1.6865373,1.7629421,1.6214517,1.8563256,1.344131,1.3101733,0.91966015,1.284705,1.6582392,1.8874534,2.1449656,2.1166677,1.8421766,1.3526204,-0.002856226,-0.110388815,-0.28017712,-0.68766904,-0.96498984,-1.1291186,-1.9271237,-2.1110609,-2.3798926,-2.4110203,-1.7969526,-1.8252506,-1.6837605,-1.7969526,-1.9610814,-1.8676978,-1.6498028,-1.3668222,-1.4517164,-1.4007798,-1.5054827,-1.2932472,-0.3792203,-0.45562503,-0.38487995,-0.7386055,-0.67069024,-0.84613806,-0.29149634,-0.22924063,-0.17264453,-0.4839231,-0.68766904,-0.70181805,-0.5037317,-0.5546682,-0.5631576,-0.8942448,-0.49241248,-0.71879685,-1.1687359,-1.1262888,-1.4941635,-1.3187155,-1.6667815,-1.383801,-1.5535895,-1.2055233,-1.1291186,-0.5971153,-0.31979436,-0.29715592,-0.46128467,-0.29715592,0.37916744,0.4301039,0.16127247,0.792319,0.5715942,0.240507,-0.21792139,-1.1460974,-1.1885444,-1.2366512,-1.1970339,-1.1347781,-1.1404378,-0.8999043,-0.97913885,-0.74426514,-0.8800957,-0.70464784,-0.993288,-0.78105253,-0.61126435,-0.40468857,-0.38487995,-0.5971153,-0.49807212,-0.3763905,-0.45562503,-0.44713563,-0.41034815,-0.2547089,-0.2716877,-0.41883758,-0.37073088,-0.18113394,-0.20943199,-0.110388815,-0.3735607,-0.5801365,-0.6650306,-0.64522195,-0.3282838,-0.116048425,-0.16698492,0.31408194,0.60555184,0.110335976,0.4159549,0.025441824,-0.05662252,-0.12736765,-0.12453783,-0.47826347,-0.5546682,-0.57164705,-0.8999043,-0.95084083,-1.1460974,-1.0810119,-0.803691,-0.6537114,-0.9706495,-0.56881726,-0.42732698,-0.8008612,-0.789542,-0.8744361,-0.789542,-1.0838417,-1.1036503,-1.1970339,-1.5903769,-0.6650306,-0.12736765,-0.5037317,-0.91971296,-0.6140941,-0.64239216,-0.25187907,-0.104729205,-2.6420843e-05,0.07920812,-0.30847514,-0.44996542,-0.40751833,0.011292799,-0.18679355,-0.10189939,-0.13019745,-0.30847514,-0.32262418,-0.29432613,-0.39336932,-0.41317797,-0.36224148,0.13297442,0.3508694,0.44425297,0.50084907,0.2461666,0.056569673,0.076378316,-0.036813885,-0.44996542,-0.5631576,-0.5914557,-0.4839231,-0.52637017,-0.35092223,0.6479989,0.86023426,0.44991252,0.39331645,0.32257134,0.025441824,-0.18113394,0.06788889,-0.116048425,-0.045303304,0.124485,0.22069837,0.15844266,0.06788889,-0.2716877,-0.68766904,-0.730116,-0.6820094,-0.8659467,-1.0527139,-0.9819687,-0.7782228,-0.67069024,-0.803691,-0.5801365,-0.4386462,-0.09340998,0.13297442,0.3508694,0.50367886,0.31408194,0.4046357,0.22918779,0.062229287,0.28012428,0.005633189,0.028271629,0.3678482,0.8630641,0.9847457,1.0356822,1.154534,0.7385527,1.1064273,1.372429,1.5790048,0.85740453,1.0752995,1.2054706,1.1828321,1.1913215,1.530898,1.6242815,1.8563256,1.9921561,1.8478361,1.3837482,0.49518943,0.4668914,0.62253064,0.50367886,0.14995325,0.23484738,-0.110388815,-0.26602808,-0.40751833,-0.5122211,-0.49807212,-0.63956237,-0.9027342,-0.81784004,-0.7103074,-0.8150102,-0.38487995,-0.39902896,0.0707187,-0.20377237,-0.053792715,-0.1613253,-0.053792715,-0.2745175,-0.5405192,-0.6480518,-0.5971153,-0.3282838,-0.6763498,-0.6537114,-0.2716877,-0.3282838,-0.58296627,-0.67352,-1.2592896,-1.0272456,-0.8065208,-0.87726593,-0.70181805,-0.715967,-1.0583735,-1.2225021,-0.95084083,-0.98762834,-0.9961177,-0.7555843,-0.70181805,-0.38205013,-0.5037317,-0.6169239,-0.715967,-0.8008612,-0.8716063,-0.8263294,-0.78671217,-1.4234184,-1.3102261,-1.3187155,-1.2904174,-1.4517164,-1.3951203,-1.6837605,-1.6215048,-1.5507596,-1.5422702,-1.4375675,-1.2819281,-1.2649492,-1.2140127,-1.2423108,-0.91971296,-1.0102668,-0.71879685,-0.97347933,-0.9678197,-1.4064394,-1.341354,-1.4064394,-1.6271642,-1.7799739,-1.8309103,-1.9129746,-2.2723598,-2.4704463,-2.3176367,-2.300658,-2.5977874,-2.4336588,-2.0148478,-1.6724412,-1.4800144,-1.4517164,-1.68942,-0.1556657,-0.2631983,-0.059452325,0.045250457,0.22918779,-0.01700525,0.15278305,0.24899642,-0.059452325,-0.059452325,-0.1584955,-0.23773003,-0.56881726,-0.64522195,-0.77539295,-0.6480518,-0.1613253,-0.33677322,-0.39336932,-0.39336932,-0.24621944,-0.39336932,-0.26036847,-0.35375205,-0.2745175,0.4895298,0.33955017,0.46123177,0.6961056,0.7668507,0.5715942,0.5432961,0.5998922,0.4216145,0.16127247,0.27446467,0.20937915,0.42727408,0.3508694,0.82344687,0.7385527,0.56027496,0.588573,1.0356822,1.0130438,1.097938,0.7187441,0.6847864,0.67629695,0.3508694,0.2376772,0.23201759,0.0707187,-0.036813885,-0.22075121,-0.23490022,-0.18396373,-0.05096291,-0.1641551,-0.39619914,-0.2122618,-0.05096291,-0.24904925,-0.22075121,-0.1641551,0.62253064,0.18674071,0.1273148,0.22635797,0.121655196,0.07920812,0.06505909,-0.28017712,-0.4244972,-0.2631983,-0.18396373,-0.107559,-0.2122618,-0.17264453,0.115995586,0.14429364,-0.4329866,-0.67069024,-0.67069024,-0.4952423,-0.45562503,-0.3339434,-0.6508816,-0.5659874,-0.4867529,-0.21509159,-0.025494663,0.056569673,0.093357146,-0.18679355,-0.29715592,0.14146383,-0.17264453,-0.20660217,-0.022664862,0.050910063,-0.03398408,0.014122604,-0.076431155,-0.2122618,-0.4839231,-0.1641551,-0.5886259,-0.47543368,-0.5518384,-0.5461788,-0.5037317,-0.5518384,-0.44713563,-0.29998574,-0.39053953,-0.4244972,-0.63107294,-0.6763498,-0.57164705,-1.0159264,-1.0130966,-1.2536299,-1.1319484,-0.993288,-0.993288,-0.9338621,-1.1743954,-1.137608,-0.9536707,-1.151757,-1.0244157,-1.1857147,-0.52637017,-0.8574573,-0.8234997,-0.69615847,-0.81784004,-0.8376487,-0.97347933,-1.0583735,-1.632824,-1.5988662,-1.5196317,-1.7516758,-1.5903769,-1.2026936,-1.137608,-0.9395216,-1.0385648,-0.84613806,-0.5037317,-1.2338213,-1.5451,-1.4885039,-1.5847173,-1.4941635,-1.5705682,-1.3922905,-0.9027342,-0.35375205,-0.17264453,-0.20094258,-0.09340998,-0.01700525,-0.2688579,-0.2688579,0.38482705,0.115995586,0.33389056,0.24333681,0.57442397,0.58008355,0.820617,1.315833,1.3526204,1.0583206,0.93097943,1.2083002,1.2818753,1.5563663,1.7261546,1.6073028,0.8800429,1.0526611,1.0668101,0.9734265,1.0441716,1.140385,0.7668507,0.91400063,0.5376365,0.5432961,0.5970624,0.30559254,-0.13585706,0.6479989,0.3593588,0.47538078,0.6508287,0.85740453,0.42727408,0.54895574,0.81778723,1.0639802,0.78665936,0.25748584,0.5319769,0.6678075,0.82344687,0.806468,0.6932758,0.14712344,0.5319769,0.588573,0.2914435,-0.28583673,-0.22924063,-0.5376894,1.1573639,0.81212765,1.6129624,1.9581984,1.9497092,1.5252383,1.9214112,1.4148761,0.99606496,1.3328117,1.5337278,1.2733858,1.5337278,1.5563663,1.1658533,1.315833,1.0413418,1.126236,0.9479583,3.1495466,3.2429302,3.2570794,3.3419733,3.4466763,3.4749744,3.1014397,2018-04-17
TFC_RDN,-2.3253403,-2.2974515,-2.1409798,-1.9924344,-1.8970248,-1.8030832,-1.7475988,-1.7939825,-1.941647,-1.9134647,-1.9613162,-1.9152261,-1.8729523,-1.8735393,-1.8491732,-1.7317462,-1.5421013,-1.6331074,-1.6692162,-1.6407402,-1.510396,-1.5550183,-1.5837879,-1.6850687,-1.737324,-1.6956372,-1.6571798,-1.6518956,-1.5359364,-1.4819199,-1.3421816,-1.3718319,-1.5350556,-1.5012953,-1.4648929,-1.5012953,-1.616961,-1.5814394,-1.5720452,-1.6791974,-1.6078606,-1.6078606,-1.7493602,-1.6695096,-1.7922211,-1.8456506,-1.6342815,-1.7825334,-1.720297,-1.6915274,-1.7376175,-1.7296911,-1.6093283,-1.5955306,-1.6612898,-1.5761552,-1.5532569,-1.7056186,-1.5793844,-1.5271294,-1.4099958,-1.4011886,-1.5024697,-1.6287037,-1.6888851,-1.670684,-1.6841881,-1.727049,-1.6973987,-1.5694032,-1.5074604,-1.5532569,-1.5878979,-1.5837879,-1.6874174,-1.8386048,-1.7596351,-1.7038572,-1.6786103,-1.6157869,-1.687711,-1.7925147,-1.8761815,-2.1083937,-2.2722044,-2.1365762,-2.133934,-2.1888313,-2.2437284,-2.3047905,-2.2484255,-2.0922475,-2.146851,-2.0197363,-2.0711105,-2.036176,-2.1145587,-2.1169071,-2.0012414,-2.0329468,-2.2108488,-2.2017481,-2.1081002,-2.0543773,-2.0103421,-1.9425279,-1.8048445,-1.8124772,-1.7434889,-1.6636384,-1.6577669,-1.7085543,-1.6492536,-1.702683,-1.7114899,-1.7426081,-1.7960374,-1.8259814,-1.7922211,-1.9219781,-1.7860562,-1.7986796,-1.858861,-1.469003,-1.4399397,-1.3172283,-1.2168281,-1.3774097,-0.7526973,-0.42155284,-0.57127243,-0.69222236,-0.4033516,-0.32761115,-0.29619935,-0.35755506,-0.31087777,-0.37487552,-0.37282056,-0.28504378,-0.2765303,-0.38837966,-0.28357595,-0.3828019,-0.31263918,-0.22750448,-0.17407513,-0.15205754,-0.2574484,-0.24687997,-0.22398166,-0.1963863,-0.14148909,-0.18934065,-0.29708004,-0.06721643,-0.035217535,-0.22310096,-0.31939125,-0.3067678,-0.37839836,-0.20959684,-0.0032186373,0.32176095,0.11362137,-0.10449954,-0.1790658,-0.19844127,-0.09363753,-0.08336266,-0.051657334,-0.005273612,0.011166187,-0.016429191,-0.20313834,-0.16380027,-0.22515595,-0.316162,-0.20020266,-0.08747261,0.16059221,-0.118297234,-0.11594869,-0.26684257,-0.19403775,-0.18611142,-0.11154517,-0.050776627,0.12037343,0.15090448,0.08309031,0.058430612,0.19376539,-0.057822257,-0.1086095,-0.07983985,-0.23689865,-0.20137694,-0.27623674,-0.30999705,-0.29443794,-0.5565941,-0.4920091,-0.22251384,-0.17965291,-0.24423786,-0.1423698,-0.072500646,-0.18258859,-0.19256991,-0.12945281,-0.029346177,-0.1770108,-0.15763533,-0.09980246,-0.09569251,-0.11095803,-0.15528679,-0.23484369,-0.23660508,-0.24864137,-0.1817079,-0.2098904,-0.13326919,-0.20078981,-0.41568148,-0.37399486,-0.31029063,-0.21605533,-0.15528679,-0.22016528,-0.2630262,-0.41245222,-0.48966056,-0.5968128,-0.55630046,-0.32907897,-0.40775517,-0.39307675,-0.48173425,-0.5380992,-0.38632467,-0.50610036,-0.3828019,-0.337886,-0.40570015,-0.36049074,-0.14266336,-0.13884698,-0.09011472,0.0032398554,-0.040795323,0.037293725,-0.18816638,-0.2947315,-0.2656683,-0.28886017,-0.25421914,-0.31087777,-0.37810478,-0.32702398,-0.3927832,-0.35990357,-0.26919112,-0.25715482,-0.3176298,-0.26625544,-0.17025875,-0.044318136,0.088961676,0.03993584,-0.010557833,0.09248448,0.2392684,0.16705072,0.18818758,0.20286599,0.3370265,0.48498467,0.42098692,0.5313684,0.5114058,0.51757073,0.5193322,0.54399186,0.63587856,0.721894,0.8249363,0.86750364,0.9009704,0.97348166,1.033663,0.8945119,1.0313145,0.7298203,0.73011386,0.80996436,0.8724943,0.8657422,0.77268124,0.76534206,0.5745229,0.59800833,0.54311115,0.4403624,0.42216116,0.3819424,0.3960336,0.46032497,0.45797643,0.38429093,0.38869444,0.4421238,0.5096444,0.38898802,0.36785114,0.37284178,0.2474883,0.111566395,0.1371068,0.15589514,0.24866258,0.22136077,0.3916301,0.3361458,0.3590441,0.3252838,0.28095505,0.09923655,0.09542016,0.116557054,0.18965544,0.11626348,0.1644086,0.14327173,0.12007987,0.10863072,0.14092317,0.15237232,0.12595122,0.16206005,0.22723211,0.12712549,0.11831845,0.017331112,-0.016135622,0.022028198,0.17497705,0.22576427,0.15413372,0.09013595,0.21813151,0.18231624,0.1955268,0.16793142,0.179087,0.10129152,0.0640084,-0.047840953,0.03406448,0.011166187,0.009404781,0.11039212,0.111272834,0.26069885,0.41394126,0.5252035,0.5392948,0.53547835,0.42979392,0.24396548,0.104814336,0.069879755,-0.12328788,-0.24335714,-0.0592901,0.007349805,-0.017016325,-0.073968485,0.041403677,0.08543886,0.3361458,0.38575876,0.44770157,0.5607252,0.5202128,0.53459764,0.37753886,0.43889454,0.45063725,0.78148824,0.7735619,0.8249363,1.1290725,1.1296598,0.95704186,1.1795663,1.3348637,1.3489548,1.4194112,1.414127,1.4320346,1.2805536,1.2617652,1.569718,1.569718,1.4170626,1.4464195,1.4898674,1.533022,1.3372122,1.065662,0.76592916,0.7764976,0.75448,0.72130686,0.602999,0.63118154,0.6904822,0.64086926,0.5627802,0.5322491,0.564248,0.53195554,0.43096823,0.5378269,0.47001272,0.32645804,0.36579615,0.4482887,0.73363674,0.5569088,0.5152222,0.41423485,0.43566528,0.29886267,0.2639281,0.0117533235,0.0032398554,0.07927394,0.155308,0.32469663,0.39251083,0.45797643,0.3405493,0.15648226,-0.13385633,-0.052538037,-0.04490527,-0.07983985,-0.029639745,-0.1121323,-0.16673595,-0.18200147,-0.1423698,0.12477695,0.23515846,0.2888814,0.4071892,0.4538665,0.5419369,0.6904822,0.59683406,0.61444813,0.6323558,0.7662227,0.7324624,0.68960154,0.60798967,0.6027054,0.6567219,0.60916394,0.46355423,0.32293525,0.34671423,0.21431515,0.2712673,0.24014911,0.22958067,-0.08189482,-0.026704066,0.029073825,0.07692539,0.01351473,0.10657574,0.073402576,0.20844378,0.051972117,0.116850615,0.06841192,0.010579051,-0.028171906,-0.08248195,-0.24071503,-0.4409283,-0.62851816,-0.60268414,-0.60972977,-0.850749,-0.93118656,-0.6652141,-0.6217661,-0.50521964,-0.5621718,-0.7450646,0.11039212,0.1453267,0.3919237,0.34289786,0.5557346,0.39133653,0.40307927,0.4694256,0.29299134,0.3793003,0.19699463,0.23192921,0.23398417,0.21754438,-0.032575425,0.08132891,0.16969283,0.18231624,0.30150476,0.18407764,0.29710126,0.20227885,0.17116067,0.18789403,0.22899352,0.21901222,0.40131786,0.22048005,0.21049875,0.35023704,0.40219855,0.4145284,0.3737225,0.46414137,0.4664899,0.4459402,0.41687694,0.45210508,0.4738291,0.5049473,0.44271094,0.5269649,0.5997698,0.7938181,1.055387,0.9872793,0.8636872,0.825817,0.7442052,0.68402374,0.6728682,0.6769781,0.6027054,0.6212002,0.3907494,0.42627114,0.33027443,0.39720792,0.7641677,0.69283074,0.8328626,1.0536257,0.8663294,0.916823,0.95322543,1.0028384,0.95939034,1.0345438,1.1290725,1.1901346,1.0947251,1.2153815,1.0277916,0.9960863,0.97348166,1.0313145,1.0953122,1.0225074,1.0151683,1.0806339,1.1311276,0.85664165,0.7444987,0.78090113,0.82170707,0.9549869,0.97817874,0.88423705,0.74332446,0.7858918,0.9033189,0.89509904,0.72747177,0.69928926,0.63940144,0.484104,0.566303,0.42597756,0.34818208,0.41717052,0.40190497,0.3790067,0.4867461,0.37019968,0.45562792,0.13417111,0.25013041,0.24836901,0.44329804,0.46737063,0.38311663,0.3205867,0.542524,0.61004466,0.6344108,0.5977148,0.4870397,0.30473402,0.089255236,0.05813704,-0.17260729,-0.26038408,-0.36489424,-0.09980246,0.061072722,-0.061051507,-0.029346177,-0.08747261,-0.18053363,0.013221163,0.042577945,0.18554549,0.017037544,0.46854487,0.42216116,0.19112328,0.061659854,-0.055767283,-0.094811805,-0.12945281,-0.004980045,-0.3830954,-0.40863582,-0.43769908,-0.45560673,-0.56305254,-0.47909212,-0.5642268,-0.42008498,-0.29502508,0.039348703,0.37460318,0.019092517,0.014101867,-0.10978377,-0.2821081,-0.22750448,-0.27330106,-0.3772241,-0.27682388,-0.279466,-0.14853473,-0.062225774,-0.058409393,0.08837453,-0.24922849,-0.07484919,0.2530661,0.15941794,0.30355978,0.27978078,0.39339152,0.3205867,0.5193322,0.6235488,0.61474174,0.47353557,0.53841406,0.5777522,0.4802876,0.5971276,0.5824492,0.5733486,0.5196257,0.5569088,0.5865592,0.52461636,0.72923315,0.7530122,0.9908021,1.0715333,0.97583014,1.1305405,0.9435377,0.95557404,0.7216004,0.95880324,0.90801597,0.76181924,1.1041193,1.1434574,1.1848505,1.3419093,1.4652078,1.4384931,1.4458324,1.461685,1.4296861,1.5747086,1.7106305,1.6533848,1.6671824,1.5664887,1.5843962,1.7003555,1.628138,1.3060939,1.3968065,1.3768439,2.2384655,2.1597893,2.4322202,2.5972054,2.7739334,2.6626709,2.695257,2.4950438,1.8764964,1.7229604,1.9258157,1.6354772,1.6284314,1.7317674,1.5512232,1.6812738,1.8676893,1.8145536,1.4575751,2.880792,3.062804,2.9444962,3.1740663,2.948019,2.9990997,2.6747074,2018-04-17
UCBI_RDN,-2.3203104,-2.2824113,-2.2478962,-2.2262394,-2.2370677,-2.2262394,-2.1981535,-2.105436,-2.2340224,-2.292563,-2.2912092,-2.2729366,-2.2939165,-2.3016992,-2.2069514,-2.1697292,-1.9700822,-2.0370824,-2.0891936,-2.075658,-2.0746431,-2.0671988,-2.0922391,-2.0858097,-2.1118655,-2.1061127,-2.1040826,-2.0766733,-1.9985065,-2.0238853,-1.9494407,-2.0188096,-2.125739,-2.1294615,-1.9941075,-2.0800571,-2.1771736,-2.0885167,-1.8990213,-1.9639912,-1.8905617,-1.8279605,-1.8675516,-1.79243,-1.8299909,-1.8404808,-1.7027582,-1.7704351,-1.7058035,-1.7379502,-1.7575763,-1.7819401,-1.6939601,-1.7318592,-1.7606219,-1.7098641,-1.67095,-1.6739954,-1.5596215,-1.524091,-1.3934743,-1.5670658,-1.5745102,-1.7058035,-1.7318592,-1.7910767,-1.7477633,-1.7389653,-1.7074955,-1.6269599,-1.5924447,-1.6232376,-1.6777177,-1.706142,-1.7193389,-1.8885313,-1.8350666,-1.7991978,-1.735243,-1.6496317,-1.7047884,-1.7758493,-1.6394801,-1.7690816,-1.8831172,-1.8848093,-2.041143,-2.0188096,-1.9687285,-1.9017284,-1.8648446,-1.8266069,-1.7579149,-1.5992123,-1.647263,-1.6503084,-1.6310205,-1.6597834,-1.5586061,-1.5602981,-1.6800864,-1.625268,-1.5477778,-1.4476159,-1.3501612,-1.2056708,-1.1352868,-1.0544128,-1.0442613,-0.9847056,-0.9373317,-1.1782618,-1.1647263,-1.2266507,-1.1982263,-1.2144688,-1.300757,-1.2672569,-1.2087164,-1.395843,-1.3582823,-1.2936509,-1.3109086,-1.0561048,-1.0791149,-0.97252375,-0.95594287,-0.9765843,-0.5532649,-0.36343104,-0.42231,-0.5799973,-0.32925415,-0.30793592,-0.2595469,-0.18916285,-0.19762246,-0.185779,-0.1614153,-0.21081948,-0.16006175,-0.29237023,-0.3241784,-0.35869363,-0.31774908,-0.31876424,-0.29372376,-0.27037522,-0.306244,-0.27172872,-0.26259238,-0.2910167,-0.21792556,-0.33669862,-0.44971916,-0.44735047,-0.4629162,-0.5678155,-0.55800235,-0.5952246,-0.6845582,-0.5820277,-0.38441092,-0.16209206,-0.28864798,-0.5634165,-0.51739615,-0.53972954,-0.5248406,-0.47036064,-0.409113,-0.37831998,-0.36579973,-0.3935473,-0.45682526,-0.43449187,-0.43483022,-0.4402444,-0.32993093,-0.3147036,-0.12825358,-0.2906783,-0.31808746,-0.3082743,-0.29169345,-0.32451677,-0.09746055,0.008792281,0.1532826,0.1979494,0.17189378,0.22129795,0.3072477,0.16986345,0.064287394,0.0531207,-0.17630424,-0.2172488,-0.2460115,-0.2950773,-0.18544061,-0.501492,-0.4294161,-0.37358257,-0.45005757,-0.55360335,-0.3908402,-0.3434663,-0.33162287,-0.34786534,-0.2527792,-0.23721349,-0.17325877,-0.18476385,-0.112011105,-0.14111221,-0.17156684,-0.13163742,-0.15769306,-0.1790113,-0.26326913,-0.2900015,-0.2839106,-0.2680065,-0.34245116,-0.413512,-0.4517495,-0.39050183,-0.19626893,-0.19999117,-0.16412237,-0.22909226,-0.17292038,-0.27781966,-0.34786534,-0.36579973,-0.27139035,-0.2304458,-0.22029427,-0.29440054,-0.30793592,-0.13231419,-0.20845078,-0.12825358,-0.102536336,-0.07309685,-0.015909811,0.11842896,0.078499556,0.13264112,0.15260583,0.15497452,0.14346944,-0.027076509,-0.056515988,0.018943828,0.02063575,-0.02436943,0.09338848,0.016575132,0.062933855,0.056504544,0.019620595,0.077146016,0.15835837,0.15937352,0.15362099,0.123504736,0.13230275,0.10963096,0.075792484,0.10150973,0.16072707,0.22569695,0.15395938,0.17595437,0.14922199,0.2270505,0.30623254,0.18103017,0.28356075,0.22332826,0.23415656,0.29709616,0.28119206,0.27442437,0.32450533,0.39522776,0.38406104,0.4206066,0.52922815,0.61416274,0.47170275,0.5613747,0.2984497,0.33736393,0.2977729,0.37154084,0.28863654,0.17967662,0.30081838,0.14211589,0.19016653,0.17493923,0.11335319,0.05041362,0.039585304,-0.013202733,0.036201455,0.047368154,-0.030121973,0.0060852026,-0.033844206,0.040600456,-0.11336465,-0.10693534,-0.021662353,-0.13840513,-0.26428428,-0.24364282,-0.23552157,-0.2504105,-0.22266294,-0.08189485,-0.1414506,-0.06599076,-0.060238224,-0.08392516,-0.185779,-0.2636075,-0.28255704,-0.26394588,-0.3059056,-0.28729445,-0.23382965,-0.28357223,-0.23552157,-0.19829924,-0.12791519,-0.103551485,-0.030121973,-0.011849194,-0.10287471,-0.08189485,-0.11945557,-0.08426355,-0.13096066,-0.04467252,-0.0517786,-0.01997043,-0.07986455,-0.0074501904,-0.053132143,-0.10625857,-0.14009705,-0.11979396,-0.061253376,-0.053132143,-0.11945557,-0.05888468,-0.032829054,-0.055500835,0.07646925,0.020297365,0.030110527,0.15937352,0.2889749,0.32788917,0.35766706,0.26968697,0.11809058,0.05041362,0.041615613,-0.033844206,-0.23890541,-0.19965278,-0.21555687,-0.23822865,-0.2125114,-0.110995956,-0.117763646,0.040938843,0.10996934,0.23111112,0.3542832,0.27611628,0.31570733,0.26664153,0.28999007,0.3634196,0.6466477,0.7542541,0.9714971,1.2283312,1.3284931,1.1860331,1.2533717,1.3674074,1.3291699,1.5880343,1.6036,1.5836353,1.447943,1.452342,1.6036,1.5927716,1.6232264,1.850621,1.9416465,1.957889,1.9142374,1.6665397,1.2053211,1.294993,1.2432201,1.2188565,1.0956843,1.0598155,1.1677604,1.171821,1.1044823,1.0560933,1.156932,1.1755432,1.1423814,1.2049826,1.1816342,1.0577853,1.0879015,1.0242851,1.0564317,1.1092198,1.1359522,0.8723504,0.9386738,0.7441025,0.64258707,0.53599584,0.5610363,0.6060415,0.7552692,0.852724,0.8530624,0.8429109,0.62634456,0.60671824,0.40504092,0.39759642,0.47576335,0.43211168,0.49606642,0.40098026,0.34616196,0.29506585,0.26901022,0.39015198,0.40098026,0.5664505,0.70484984,0.81888556,0.8892696,0.93596673,0.8892696,0.94002736,0.7677895,0.78640056,0.7755723,0.8127946,0.7292136,0.7765875,0.68725383,0.697067,0.6232991,0.70417315,0.6500315,0.60536474,0.648678,0.7579763,0.8127946,0.3275508,0.2852527,0.34277812,0.38473782,0.34040943,0.44090968,0.4412481,0.7498551,0.64698607,0.47745526,0.44023293,0.3292427,0.40402576,0.35699025,0.22028281,0.19490393,-0.026399741,-0.09847572,-0.051440217,-0.117763646,-0.038243208,0.13162597,0.24836874,0.38642973,0.40808636,0.33533365,1.0740278,0.91498685,1.1362906,0.9454415,1.1102349,1.112942,1.192124,1.1988918,1.0544014,1.1004218,0.89874434,0.9518708,1.0283458,0.9992447,0.63277394,0.73530453,0.70789534,0.75391567,0.8503553,0.8706584,0.9366434,0.7803097,0.7271832,0.70654184,0.7393651,0.68454677,0.78437036,0.6232991,0.635481,0.7468096,0.9802951,0.9914619,1.061169,1.0662448,1.1051592,1.1559168,0.977588,0.9782648,0.93258286,0.9583001,0.8561079,0.9346132,1.0148104,1.1278309,1.3237557,1.2584475,1.1748663,1.1863714,1.0750428,1.1366289,1.0530479,1.049664,0.9806335,0.973189,0.9640526,1.0016134,1.0242851,1.0564317,1.1410279,1.0286841,1.0997449,1.279089,1.1298612,1.0395125,0.87877965,0.8825019,0.79553705,0.8696433,0.8858858,0.7877542,0.6703346,0.7194004,0.46222797,0.40605608,0.3959045,0.5813394,0.5221221,0.5813394,0.44057134,0.5258443,0.57220304,0.3651115,0.318076,0.37086403,0.47102594,0.54276353,0.48726845,0.39827323,0.3495458,0.38981357,0.4212834,0.4520764,0.37357113,0.34785387,0.3624044,0.42026824,0.5035109,0.4097783,0.40808636,0.5627282,0.52618265,0.59656674,0.56678885,0.4493693,0.49640483,0.35597512,0.56035954,0.6422487,0.7183852,0.8215926,0.78369355,0.6754104,0.6676276,0.697067,0.7319207,0.72346103,0.644279,0.5532535,0.3542832,0.39252067,0.109292574,0.13839367,0.06936317,0.17493923,0.16749476,0.1556513,0.2223131,-0.13332935,-0.25142565,-0.4287393,-0.39490086,-0.46596164,-0.49912336,-0.1566779,-0.21589525,-0.404714,-0.47272933,-0.47678998,-0.32553193,-0.37595126,-0.39422405,-0.667639,-0.5634165,-0.4981082,-0.43347672,-0.37628967,-0.29609245,-0.46799195,-0.34718856,-0.13772836,0.15666644,0.17054023,-0.2128498,-0.19085477,-0.37798157,-0.50995165,-0.51299715,-0.61992675,-0.7938565,-0.7752453,-0.6321086,-0.56172454,-0.28695607,-0.23890541,-0.2416125,-0.4937092,-0.34312797,-0.16750622,-0.19423862,-0.14855668,-0.12453134,-0.028768433,-0.16378398,-0.1367132,-0.14923345,-0.1654759,-0.27443582,0.103540026,0.07376217,0.1779847,0.296081,0.22502019,0.22535858,-0.09339994,-0.03925836,0.052443925,0.11030773,0.1532826,0.5173847,0.5299049,0.57558686,0.5146776,0.567804,0.37864688,0.4581673,0.25513643,0.42602074,0.425344,0.45613703,0.6358194,0.54919285,0.5637434,0.7498551,0.8429109,0.8601685,0.77388036,0.76508236,0.7566228,0.89942116,0.9549163,0.82429975,0.8601685,0.8811484,1.0087194,1.060154,1.0077043,0.9227697,0.94476473,1.0114266,1.8103532,1.6905649,1.9517981,2.2316422,2.3534608,2.2675111,2.351092,2.1974654,1.9091617,1.6486053,1.7978331,1.4594482,1.6455598,1.6276253,1.5311857,1.5382918,1.646575,1.6881962,1.462832,2.5767949,2.7432802,2.6231534,2.8644218,2.7080882,2.8082497,2.5595372,2018-04-17
UMPQ_RDN,-2.0188398,-1.895405,-1.839631,-1.8652321,-1.9155204,-1.8323162,-1.8268303,-1.7152817,-1.9438647,-1.9264926,-1.9383786,-1.8679751,-1.801229,-1.7564267,-1.7381401,-1.536987,-1.3129756,-1.4583545,-1.4876131,-1.5104713,-1.4720695,-1.4172095,-1.468412,-1.5104713,-1.4720695,-1.4053231,-1.311147,-1.3422344,-1.1365097,-1.1063367,-0.90975535,-0.92621326,-0.98381615,-1.0158178,-1.085307,-1.0130749,-1.355035,-1.2535441,-1.2901174,-1.3367484,-1.178569,-1.1163943,-1.2160565,-1.3157187,-1.526015,-1.5269293,-1.4272672,-1.5964186,-1.4501255,-1.5525306,-1.5241864,-1.4885274,-1.2873744,-1.2608587,-1.3367484,-1.3458916,-1.2105705,-1.2014272,-1.0194751,-1.085307,-0.895126,-1.0432478,-1.148396,-1.330348,-1.4345819,-1.4958421,-1.501328,-1.5635027,-1.5525306,-1.4848701,-1.4565258,-1.5982473,-1.6357349,-1.5552737,-1.6137909,-1.8204299,-1.8295732,-1.7994003,-1.7774563,-1.729911,-1.836888,-1.9831809,-1.9447792,-2.233708,-2.241937,-2.1157591,-2.195306,-2.1834197,-2.0243258,-2.184334,-2.0618136,-1.9694661,-1.9493507,-1.735397,-1.8131152,-1.8405452,-1.8560889,-1.917349,-1.7216821,-1.7372257,-1.9447792,-2.0307262,-1.784771,-1.6668221,-1.5671599,-1.3495489,-1.4144666,-1.28646,-1.3184617,-1.2425721,-1.2334287,-1.4903561,-1.3486346,-1.3321767,-1.1566249,-1.1054223,-1.2361718,-1.1904552,-1.1337667,-1.4464681,-1.3504633,-1.2992607,-1.3129756,-0.96461517,-1.0231324,-0.95181453,-0.84758073,-1.0807354,-0.47636202,0.09600982,-0.056683615,-0.30721056,0.004576626,0.02926359,0.23590259,0.15727007,0.39773935,0.31727815,0.35933742,0.3383078,0.16915639,0.06857987,0.16732772,0.22584496,0.3447081,0.3611661,0.5193455,0.46814296,0.5156882,0.5303175,0.51111656,0.6043784,0.47454324,0.2505319,0.14355509,0.27430457,0.1353261,0.025606262,-0.12160118,-0.13531616,-0.32458287,-0.24046436,0.035663914,0.34105077,0.0054909578,-0.30721056,-0.31726822,-0.3757855,-0.27703762,-0.20846272,-0.22126336,-0.13897347,-0.17280376,-0.242293,-0.45990404,-0.44801772,-0.49373433,-0.5696239,-0.48916265,-0.39498645,-0.056683615,-0.34926984,-0.31269658,-0.47361898,-0.47819066,-0.5357936,-0.27520895,-0.0676556,-0.045711633,0.17921403,0.08869517,0.31544948,0.31727815,0.058522213,-0.0018236978,0.18012837,0.01554861,-0.0027380297,0.27430457,0.21670166,0.17281371,-0.01188135,0.14904109,0.52208847,0.40962568,0.24230291,0.24778892,0.21030132,0.24047427,0.20024367,0.26973286,0.3447081,0.35842308,0.35202277,0.5504328,0.43796995,0.43796995,0.5650621,0.30630618,0.5193455,0.5102022,0.56597644,0.45991394,0.413283,0.29441985,0.17007072,0.14629808,0.27064723,0.47728625,0.5184311,0.5440325,0.51111656,0.5595761,0.5138595,0.2907625,0.31727815,0.49100122,0.36299476,0.39956802,0.1581844,0.1755567,0.41785464,0.3794527,0.58334875,0.622665,0.6756963,0.7168412,0.9801689,0.87593496,0.36848074,0.36848074,0.35750875,0.35568008,0.18927169,0.058522213,0.082294844,0.121611126,-0.04936896,-0.109714866,-0.2907526,-0.2139487,-0.264237,-0.23223536,-0.117029525,-0.05394062,-0.09782855,-0.018281672,-0.068569936,0.09875282,0.045721564,0.0868665,0.020120269,0.24230291,0.38036707,0.21944463,0.30356315,0.36848074,0.48277223,0.61260736,0.46631426,0.59066343,0.5284888,0.59249204,0.5504328,0.5056305,0.45168492,0.5778628,0.70586926,0.7460998,0.78633046,1.1383483,1.1986942,1.0697733,1.3321867,0.9545676,0.92073727,0.8987933,1.0313715,1.0423434,0.9728542,0.99022645,0.8942216,0.9591392,0.89239293,0.8137604,0.76072913,0.7003832,0.647352,0.7003832,0.628151,0.53763217,0.5860917,0.08503784,0.20390101,0.022863265,-0.0054810257,0.092352495,-0.111543536,-0.25875098,-0.2907526,-0.28892395,-0.27246597,-0.2304067,0.064922534,0.07589451,0.21944463,0.19475769,0.1124678,-0.13988781,-0.16731778,-0.11977251,-0.10331454,-0.15543146,-0.061255276,-0.02651066,-0.061255276,-0.051197626,-0.023767665,0.011891282,0.012805614,0.097838484,0.19110036,0.018291606,0.019205937,-0.11428653,-0.089599565,-0.19840506,-0.32824022,-0.4160161,-0.36847082,-0.49464864,-0.4882483,-0.64642775,-0.685744,-0.69031566,-0.73603225,-0.6848297,-0.61899775,-0.73146063,-0.6766007,-0.64642775,-0.7086023,-0.5668809,-0.62905544,-0.53853655,-0.28069496,-0.19291906,-0.23132102,-0.18743308,-0.2788663,-0.41418743,-0.56505215,-0.5275646,-0.71591693,-0.7369466,-0.75797623,-0.71500266,-0.71866,-0.683001,-0.60071117,-0.62814105,-0.37304246,-0.49464864,-0.4315597,-0.33829787,-0.52116424,-0.4315597,-0.4882483,-0.46630433,-0.5403652,0.07040852,0.38951036,0.7790158,1.112747,1.1511489,0.88142097,0.6894113,0.7973024,0.8229037,0.9582249,0.93353796,1.0158278,0.6729533,0.6244937,0.8695346,1.0286285,0.93719524,1.1941226,1.3943613,1.2837272,1.1383483,0.7936451,0.2669899,0.30996346,0.23041661,0.25693223,0.15452707,0.25236058,0.3209355,0.29441985,0.22584496,0.114296466,0.12343979,0.102410145,0.08046618,0.11063913,0.055779215,0.107896134,0.1353261,0.025606262,0.2761332,0.40596834,0.41511166,0.017377272,0.102410145,-0.33372623,-0.44801772,-0.5376222,-0.39864376,-0.50287765,-0.3190969,-0.37487113,-0.23772134,-0.36572784,-0.44801772,-0.41418743,-0.7744342,-0.8439234,-0.669286,-0.696716,-0.7058593,-0.7890635,-0.6985447,-0.66197133,-0.58333886,-0.35567018,-0.45990404,-0.3510985,-0.28709528,-0.12342984,-0.10605754,0.062179543,0.017377272,0.10881047,-0.1654891,-0.02651066,-0.17280376,-0.26880863,-0.48733395,-0.48641965,-0.5668809,-0.5577375,-0.68025804,-0.7863205,-0.75889057,-0.8603814,-0.69214433,-0.59888244,-0.5979681,-0.95181453,-0.98107314,-0.8713534,-0.8420948,-0.86586744,-0.88506836,-0.80735016,-0.3766998,-0.49739164,-0.6253981,-0.54859424,-0.7662052,-0.77534854,-0.87043905,-1.0149034,-1.1035937,-1.3660069,-1.3906939,-1.3541206,-1.4345819,-1.4007515,-1.1118226,-0.88964003,-0.8448378,-0.8201508,-0.8457521,0.079551846,-0.052111953,0.22858796,0.23133093,0.41694033,0.3565944,0.3904247,0.43156964,0.24138859,0.3355648,-0.046625964,-0.0027380297,0.013719945,-0.12617284,-0.46996167,-0.1536028,-0.09874289,-0.07771325,0.020120269,-0.04388297,0.041149907,-0.09782855,-0.23314968,-0.19200473,-0.14354515,-0.1764611,0.022863265,-0.19931939,-0.20114806,0.2642469,0.639123,0.7598148,0.61535037,0.5769484,0.5102022,0.5284888,0.47545755,0.4443703,0.37396672,0.42242634,0.43979862,0.5458611,0.58060575,0.7744441,0.9664539,0.79090214,0.7698725,0.68849695,0.63455135,0.64918065,0.5504328,0.56323344,0.5431181,0.5284888,0.3611661,0.42608365,0.42882666,0.65466666,0.5083735,0.57146245,0.68575394,0.98839784,0.672039,0.56323344,0.43796995,0.43796995,0.28893387,0.3565944,0.4013967,0.4013967,0.14264075,0.23133093,-0.06582693,-0.26972297,-0.3053819,-0.10605754,-0.16274612,-0.23406403,-0.42333072,-0.1938334,-0.122515514,-0.38401446,-0.5019633,-0.44527468,-0.32732588,-0.22674935,-0.15451713,-0.25235066,-0.35018417,-0.20937705,-0.16183178,-0.024681997,-0.12983017,-0.05028329,-0.003652362,0.12984012,0.3465368,0.27521887,0.2267593,0.60529274,0.51477385,0.64643764,0.51477385,0.53854644,0.6756963,0.43979862,0.6107787,0.5888347,0.6729533,0.85856265,0.8165034,0.7113552,0.8283897,0.93719524,0.9655396,0.9545676,0.83844733,0.7561575,0.5102022,0.4791149,0.24778892,0.3419651,0.66929597,0.70678353,0.68301094,0.6894113,0.6244937,0.53214616,0.59157777,0.35202277,0.31544948,0.3474511,0.31179214,0.77535844,0.79547375,0.48551524,0.46722856,0.46631426,0.63455135,0.6208364,0.6601526,0.20298667,0.3072205,0.36390907,0.5010589,0.606207,0.5723767,0.40871134,0.5998067,1.0194851,1.4775655,1.7290068,1.3074996,1.4693365,0.72689885,0.46631426,0.52666014,0.28527653,-0.109714866,-0.079541914,0.09966715,0.10881047,0.4791149,0.6866682,0.74701416,0.40596834,0.6921543,0.864963,0.7287275,0.72689885,0.86404866,0.856734,0.7332992,0.79273075,0.86222,1.0194851,0.9033649,0.9801689,0.9765115,0.9975411,1.3312724,1.1575493,1.1392627,0.7131839,0.8137604,0.76895815,0.5678051,0.44345596,0.55134714,0.53214616,0.74427116,0.6939829,0.8073601,0.79821676,0.78633046,0.4992302,0.68849695,0.66929597,0.5970637,1.077088,1.1566349,1.0578871,1.2590401,1.3669313,1.5680844,1.597343,1.5397401,1.272755,1.3879609,1.4080762,1.1996086,1.2663548,1.3541306,1.6138009,1.7006625,1.8451267,1.7710661,1.6768898,1.831412,2.6460817,2.4751017,2.6917982,2.9916992,3.06576,2.9761555,3.1855376,2.9871275,2.4421856,2.1221695,2.3288085,1.8844433,2.007878,2.1761153,1.9585041,2.1468565,2.352581,2.362639,2.0901678,3.4589229,3.724993,3.659161,3.9526618,3.7323077,3.8996305,3.6875055,2018-04-17
WFC_SIVB,0.646559,0.71230155,0.6475476,0.5175454,0.66435397,0.8121512,0.86405325,0.66929704,0.6826433,1.0934107,0.798805,0.7661808,0.74640864,0.8922286,0.8388437,0.8373608,1.0622696,0.9545111,0.95302814,0.960937,0.8778938,0.967363,1.0326113,0.933256,1.0266796,0.97032887,1.1477844,0.87344503,0.9391876,0.7216934,0.8803653,1.009379,1.0820417,1.0197593,1.0331056,1.0509006,1.1576705,1.3870281,1.0948937,1.2763038,1.2036408,1.1240577,0.98565227,1.0553493,0.67077994,0.7172446,0.8853084,0.93721044,0.82698035,0.8764109,0.5407777,0.5373176,0.6954952,0.87344503,1.0083903,1.1823857,1.3227684,1.2609804,1.1972148,1.2713606,1.4171808,1.3287001,1.3548982,1.4774859,1.3687388,1.453265,1.4626569,1.4018573,1.4068003,1.3044791,1.2990417,1.3316659,1.2955817,1.3450121,1.1695337,1.2842126,1.3252399,1.4186635,1.3983971,1.4893492,1.4216294,1.3410577,0.5664816,-0.14581212,-0.50467765,0.2792903,0.722682,0.46564332,0.3761741,-0.4137255,-0.082046755,0.038563684,-0.3549032,0.15966845,-0.060791645,0.04202382,0.04696687,0.114686675,0.3470101,0.44784835,-0.024213063,-0.3479829,-0.19721985,-0.4532699,-0.44536102,-0.5318644,-0.16509002,-0.41075966,-0.17448182,-0.07265496,-0.02569598,-0.0667233,0.35343605,0.15274815,0.12358416,0.17993495,0.07415366,0.05734728,-0.0059237755,-0.03063903,0.40780962,0.49332443,0.3692538,0.5714246,0.6811604,1.0276682,0.985158,0.86701906,0.8423038,1.1008254,1.019265,0.8121512,0.97527194,1.0538664,1.0296454,1.0227252,1.1156546,0.97032887,1.1700282,1.1675565,1.0395315,0.94215345,1.1700282,1.0588094,1.2926158,1.498741,1.3904881,1.2288505,1.0682013,1.0429916,1.1359211,0.97724915,1.2530714,1.1235634,0.86059314,1.3311716,1.3311716,0.9742833,0.9189211,0.9199097,0.7172446,0.70340407,1.2456567,1.5565747,1.487372,0.9401762,0.9994929,1.1270236,1.3899939,1.2491169,1.2352765,1.4142148,1.3519323,1.1695337,0.66731983,0.6564451,0.31685746,-0.07067775,-0.33809683,-0.07710371,0.48442692,0.011376903,0.39742923,-0.2688941,-0.48243392,-0.62083936,-0.5610284,-0.4735364,-0.6836161,-0.5639943,-0.49034277,-0.30201253,0.13297595,-0.029156115,-0.2110604,-0.5373018,-0.25505352,-0.2911378,-0.626771,-0.6262767,-0.7043769,-1.0088688,-0.29360935,-0.018775707,-0.09193286,-0.19870278,-0.045962494,0.3682652,0.05833589,-0.13296019,-0.17744766,-0.18832238,-0.6099646,-0.08698981,0.16658871,0.17103745,0.22936545,0.16312858,-0.11022215,-0.09193286,-0.23923579,0.25852948,0.18537231,0.25358644,0.13940193,0.254575,0.50123334,0.5032105,0.3578848,0.15175956,-0.19623126,-0.2792745,-0.59513545,-0.42806032,-0.5017118,-0.5031947,-0.48342252,-0.7622106,-0.60601014,-0.9282971,-0.92384833,-0.9569668,-0.7538074,-0.47749087,-0.5990899,-0.7923632,-0.58475506,-0.259008,-0.08698981,-0.19919708,0.23678003,0.21255909,0.38358867,0.44043374,0.32081193,0.07959101,0.29411945,0.21750213,0.08057962,0.10924932,0.11518098,0.06426755,0.21157047,0.12506707,0.2516092,-0.03607639,-0.15915836,-0.46216738,-0.21254332,-0.29163212,-0.21254332,-0.22885539,-0.08006954,0.31932902,0.37370256,0.43647933,0.32427207,0.45180276,0.45971167,0.2540807,0.2694042,0.19426979,0.100351825,-0.17596474,-0.42064577,-0.5244498,-0.86502606,-0.9189053,-0.81361836,-0.95004654,-0.86502606,-0.74194413,-0.81460696,-0.6401172,-1.1260192,-1.0582994,-0.8506912,-0.58030635,-0.5229669,-0.5990899,-0.7997778,-0.63369125,-0.66730404,-0.32524487,-0.25011048,-0.2510991,-0.24813326,-0.09786452,-0.6386343,-0.42163438,-0.41767994,-0.30646127,-0.3786298,-0.33018792,-0.43349767,-0.5284043,-0.52790993,-0.42608312,-0.4522813,-0.42855462,-0.45870724,-0.3964248,-0.28520617,-0.11763673,-0.0019693347,-0.108739235,-0.33414236,-0.2980581,-0.39988494,-0.36330637,-0.2980581,-0.21600346,-0.26592824,-0.20858887,-0.19771416,-0.33265945,-0.2209465,-0.36429498,-0.36083484,0.029666193,0.40830392,0.49579594,0.34503287,0.3692538,0.29560235,0.17004885,0.21354769,-0.2510991,-0.3158531,-0.8897413,-1.0355613,-1.2940829,-1.5802855,-1.3677343,-1.1141558,-1.4542377,-1.5605134,-1.5555704,-1.7824564,-1.7468663,-1.7196797,-2.037518,-2.1942127,-2.3400328,-2.4903014,-2.181855,-2.0740964,-2.0627275,-1.97919,-1.9994565,-2.0330691,-2.1447823,-2.225848,-2.2584722,-2.0676706,-2.0464153,-2.1517024,-2.3855088,-2.3024654,-2.0736022,-1.9213562,-1.8457274,-1.8249665,-1.8991123,-1.8393015,-1.8946636,-1.8640167,-2.2040987,-2.0696476,-2.0202172,-1.2673904,-0.029156115,-0.17596474,0.22491671,-0.029156115,-0.2797688,-0.028167505,0.07267074,-0.30497834,-0.3395797,-0.3959305,-0.19771416,-0.51060927,-0.4354749,-0.14927226,0.28324473,-0.013832658,0.19525841,0.62283236,1.2748208,1.2278618,1.1561875,0.75777763,0.74542004,0.28373903,0.25506932,0.49381873,0.413247,0.6811604,0.5032105,0.47701234,0.5635157,0.5323745,0.32180053,0.20761603,0.27484155,0.628764,0.39891213,0.17696913,0.032137718,-0.18832238,-0.08896703,-0.07216066,-0.0860012,0.17944065,-0.13543172,0.027194668,0.16362287,0.3114201,0.04746118,0.07415366,0.76469797,0.9213926,0.6836319,0.5674702,0.763215,0.7271307,0.7261421,1.1102172,0.87739944,0.7805157,0.49826747,0.8319234,0.9579712,0.9347389,1.1364154,1.369233,1.234782,1.21847,1.1907889,1.2026523,1.2214358,0.967363,0.94165915,0.9001375,1.4315155,1.2021579,1.2145156,1.0845133,0.99207824,0.9535225,1.1374041,1.2100668,1.1339438,1.1502559,1.2145156,1.3613242,1.0024587,0.8744337,0.63321275,0.3578848,0.25012627,0.50617635,0.2906593,0.41225836,0.33267522,0.30449983,0.13544747,0.15027663,0.057841584,0.14039055,0.16164565,-0.06870052,-0.105773404,-0.36478928,-0.6910307,-1.323247,-0.8190557,-0.8768894,-1.0825204,-0.67916733,-0.87837225,-0.7538074,-0.4730421,-0.5664658,-0.4918257,-0.2614795,-0.15718114,-0.05387137,0.12556139,0.2506206,0.19130395,0.11518098,-0.11219937,-0.10231327,-0.39741343,-0.66631544,-0.6569236,-0.6677983,-0.71574587,-0.6569236,-0.42558882,-0.47897375,-0.43745214,-0.55410814,-0.66483253,-0.7315637,-0.73798966,-1.0523677,-0.75875044,-0.72118324,-0.7686365,-0.67175275,-0.6178735,-0.63319695,-0.2896549,-0.2209465,-0.10923354,-0.047445405,-0.21847498,-0.18535654,-0.1052791,-0.30448407,-0.3929647,-0.615402,-0.50616056,-0.39790773,-0.3361196,0.098868914,0.6752287,0.5694474,0.59465694,0.55264103,0.58575946,0.49727887,0.46218318,0.17004885,0.23875725,0.38408297,0.17647481,0.098868914,0.16065703,0.21601923,0.19525841,-0.013832658,-0.004935165,0.15917413,0.25309214,0.15126525,-0.36874372,-0.14976656,-0.270377,-0.2980581,-0.32326764,-0.6905363,-0.7449099,-0.71327436,-0.51654094,-0.63270265,-0.60403293,-0.30695558,-0.31387585,-0.36380067,-0.45969588,-0.5195068,-0.3969191,-0.35094872,-0.43844077,-0.41224256,-0.59118104,-0.5887095,-0.60353863,-0.7686365,-0.8818325,-1.0370443,-1.2184541,-1.3360989,-1.161609,-1.2693677,-1.0266638,-0.7330466,-0.78939736,-0.77456826,-0.6752129,-0.3000353,-0.031627644,-0.021247234,0.04498965,0.09689169,-0.0014750293,-0.12752283,-0.15816975,-0.14927226,0.21799645,0.32476637,0.4354907,0.2985682,0.31537455,0.32773218,0.17993495,0.34898728,0.39990073,0.23035406,-0.2985524,-0.29163212,-0.41916284,-0.36380067,-0.31091002,0.032632023,0.124572776,0.26742697,0.20811033,0.22887115,-0.54669356,-0.71129715,-0.5274157,-0.47749087,-0.20265722,-0.2787802,-0.28668907,-0.6752129,-0.8165841,-0.8818325,-0.98464787,-1.1467799,-1.0454475,-1.18583,-0.8378393,-1.0716456,-1.1087185,-0.8976502,-1.0647254,-1.0192493,-1.0899348,-0.68065023,-0.40680522,-0.5195068,-0.65741795,-0.25604215,0.37913993,0.3479987,0.64260453,0.5328688,0.34058413,0.87739944,0.6080032,0.58773667,0.5832879,0.920404,0.7661808,0.7424542,1.1799142,1.1542103,1.1769484,1.1443243,1.1902946,1.0617753,1.113183,1.3054677,1.5541033,1.5946362,1.2980531,1.271855,1.5422398,1.4562309,1.1665679,1.200675,1.6875656,1.7404562,1.774069,1.8813332,1.7053605,2.158144,2.2125175,2.4557157,2.6816132,2.566934,2.8017292,2.6030185,2.135406,0.0593245,-0.5995842,-0.38011274,-0.8205386,-0.924837,-0.8057094,-0.1433406,0.23678003,0.38902602,0.36183923,0.34008983,0.13099873,0.048944093,0.05190992,0.26594403,0.082062535,-0.31189862,-0.8299304,-0.9970055,-1.0726342,-1.5180032,-1.7320372,-1.6316934,-1.1813813,-1.1522174,-1.1625978,-1.4665954,-1.3909667,-1.9381624,-2.0043993,-2.401821,-2.4626203,-2.918864,-3.1867774,-2.9791691,-3.1249893,-2.833349,-2.5857022,-2.805668,-2.6010258,-2.397372,-2.2975223,-2.5214427,-2.549618,-2.697415,-2.9233127,-2.8407638,-3.4981897,-3.521422,-3.5486085,2018-04-17
WSFS_TOWN,-1.1848898,-1.260872,-1.4094701,-1.4705443,-1.193546,-1.097847,-1.0992897,-1.0536041,-0.99878156,-0.8684578,-0.65349555,-0.6429158,-0.5414459,-0.51307285,-0.54865944,-0.47748622,-0.43709064,-0.41929734,-0.41208386,-0.41352656,-0.526538,-0.56068194,-0.6318551,-0.5880932,-0.29474428,-0.19471712,0.043328296,-0.09757535,0.06256428,0.07554859,0.17749934,0.12604307,0.11642507,0.3174412,0.2890681,0.18375105,-0.010532487,0.05438899,-0.042271875,-0.07064497,-0.012456087,0.073144086,0.090937376,0.16980495,0.11161607,0.25300062,0.45353585,0.42852902,0.37226376,0.5877069,0.6189653,0.38813347,0.22799383,0.22799383,0.38091996,0.3236929,0.3203266,0.43526164,0.50066406,0.56750906,0.6713835,0.51557195,0.2712748,0.11594417,0.08035758,0.10488347,0.061602492,0.11161607,-0.096613556,-0.20385422,-0.33610168,-0.23222731,-0.24424984,-0.13556644,-0.17259572,-0.15768784,-0.07833937,-0.2543487,-0.17980923,-0.18894632,-0.20193061,-0.47075364,-0.60300106,-0.7814149,-0.8694196,-0.9473254,-1.0136895,-0.8973118,-0.7871857,-0.9377074,-0.8343139,-0.7636217,-0.80978805,-0.70591366,-0.6982193,-0.9016399,-0.79824644,-0.5837651,-0.51884365,-0.5914595,-0.80353636,-1.0920762,-0.853069,-0.8684578,-0.9276085,-0.9997434,-0.93818825,-0.86028254,-0.80353636,-0.5467358,-0.694853,-0.5775134,-0.9184714,-1.0704358,-1.0218648,-1.1012132,-1.0603367,-0.84200835,-0.8944264,-1.1396852,-1.1334336,-1.1512269,-1.1858517,-1.2954968,-1.2632766,-1.284917,-1.1820045,-1.3387778,-1.4142791,-1.352243,-1.50565,-0.675617,-0.27358472,0.14335546,-0.07785846,-0.21058682,-0.3308118,-0.3476433,-0.10671245,-0.34091067,-0.37313098,-0.29282072,-0.2807982,-0.37745908,-0.32985,-0.2899353,-0.26204312,-0.19712162,-0.12739114,-0.14422265,-0.2812791,-0.122101255,0.21500954,0.43862796,0.44007066,0.2587714,0.49345052,0.19336905,0.14527905,0.21356684,-0.11825405,-0.18606092,-0.06535507,-0.08699556,0.2996479,0.31215128,0.07602949,-0.024959484,0.103921674,-0.028325783,-0.10911695,-0.028325783,0.21549045,-0.11825405,-0.5414459,-0.569819,-0.54336953,-0.5895359,-0.42266366,-0.72082156,-0.79536104,-1.0853436,-1.2892451,-1.3479148,-1.1945078,-0.90452534,-0.9050062,-0.8093071,-0.8929837,-0.6400304,-0.49335596,-0.6126191,-0.5967494,-0.20625871,-0.27791283,0.16066785,0.3116704,0.22703204,0.18182744,0.016878802,-0.09757535,-0.22645651,-0.062469665,0.07699128,-0.14326085,-0.17500022,0.0067799063,0.3381199,0.32705918,0.43814704,0.6194463,0.9368402,0.9070244,1.3807108,1.5552773,1.389367,1.4388998,1.269142,1.3129039,1.1580541,1.2374026,1.2066251,1.1041933,1.269142,1.1594969,1.1955644,1.5826887,1.3542613,1.3898479,1.0556225,1.0729349,1.1094832,1.1796947,1.0022427,0.8536445,1.0815911,0.832004,0.8882693,1.015227,0.625698,0.8243096,0.6540711,0.83681303,0.8026691,0.5877069,0.51653373,0.8824985,0.807959,0.8858648,0.76563984,0.769487,0.8060354,1.0301348,1.0262877,0.48335162,0.5617383,0.70889366,0.5473113,0.5665473,0.5213427,0.5891496,0.47613814,0.5939586,0.43862796,0.69158125,0.7670826,0.9685796,0.9353975,0.95559525,0.81661516,0.65022385,0.74159485,0.79160845,0.6949476,0.5689518,0.95559525,0.71177906,0.880094,0.8762468,0.7295723,0.69783294,0.58482146,0.90269625,0.66753626,1.0344629,0.6131946,0.42997175,0.3217693,0.14527905,-0.043714575,-0.027844882,-0.26492852,-0.5039357,-0.48518062,-0.66311353,-0.5270189,-0.632336,-0.63281685,-0.7314014,-0.8997163,-0.92087585,-0.9078916,-0.76265985,-0.65974724,-0.6616709,-0.39573327,-0.48518062,-0.3663984,-0.3558186,-0.47460082,-0.5149964,-0.42699176,-0.6818687,-0.3067668,-0.35245228,-0.43660975,-0.51211107,-0.51980543,-0.119215846,0.07266318,-0.33033088,-0.15864964,-0.16009234,0.25155792,0.20587245,0.26165682,0.3145558,0.5203809,0.5093202,0.6752307,0.6487812,0.70600826,0.659361,0.7699679,0.8998109,0.8108444,0.8295995,0.80315,0.86710966,0.7045656,0.78295225,1.1080406,0.8906738,0.976274,0.94453454,0.77766234,0.7492892,0.5444259,0.54779226,0.5800125,0.59107316,0.62040806,0.47806174,0.43285713,0.44151333,0.23520732,0.10921157,-0.010532487,0.0231305,-0.066316865,-0.025440384,-0.14374174,-0.18317553,-0.2875308,-0.47940984,-0.34812418,-0.48373795,-0.42074007,-0.59049773,-0.64964837,-0.8458555,-0.7847812,-0.6679226,-0.7304396,-0.7304396,-0.81507796,-0.8929837,-0.9651186,-0.84008473,-0.8886556,-0.9064489,-1.2839552,-1.9740466,-1.2791462,-1.304153,-1.3267553,-1.2777035,-1.1190065,-1.3777307,-1.3594564,-1.2599101,-0.9016399,-1.3931195,-1.3161755,-1.5378703,-1.7561988,-1.972604,-2.0038624,-1.9581769,-2.0019388,-2.092829,-2.1726582,-1.7951517,-1.9365363,-2.0428154,-1.5979828,-2.02935,-1.7158033,-1.5123826,-1.4354386,-0.8319094,-0.9054871,-1.1771954,-1.3431059,-1.6157761,-1.3344498,-1.1911415,-1.0651457,-1.1925843,-1.0612986,-1.093038,-1.0781301,-1.0088805,-1.0959234,-0.80017006,-1.016094,-0.77949136,-0.96704215,-0.8934646,-0.9117388,-1.1065032,-1.2820315,-1.0935189,-1.0569705,-1.1161212,-1.0141704,-0.84200835,-0.98435456,-0.81940603,-0.91991407,-0.60300106,-0.80978805,-1.2195146,-1.3286788,-1.0935189,-0.891541,-0.8170015,-1.2642382,-1.256063,-1.3517622,-1.1069841,-1.2411551,-1.3604183,-1.357052,-1.0478333,-0.9934917,-0.9694467,-1.0199412,-0.9983007,-0.90452534,-0.65590006,-0.66503716,-0.64099216,-0.8203678,-0.9213568,-0.93818825,-1.093038,-1.0608177,-1.2724136,-0.8275813,-0.86028254,-0.814597,-1.059375,-1.1050605,-0.93482196,-0.9006781,-0.85066456,-0.6280079,-0.76843065,-0.83046675,-0.59963477,-0.5727044,-0.62896967,-0.5616437,-0.8934646,-0.8078644,-0.9141433,-0.75592726,-0.6332978,-0.45055583,-0.3336972,-0.2860881,-0.19471712,-0.2702184,-0.29907238,-0.3187893,-0.24761611,-0.26637122,-0.5501021,-0.4986458,-0.46257836,-0.7554463,-0.21924302,-0.030730281,-0.010051588,0.42275825,-0.21491492,-0.15864964,0.21645223,0.13518016,0.12796667,0.19000275,0.2789692,-0.21731941,-0.21251042,-0.08507196,-0.042271875,-0.19135083,-0.09757535,-0.13700914,0.17269035,0.0260159,0.013031605,0.0058181062,0.07554859,0.06977779,-0.12162034,0.16884315,0.38909528,0.5684709,0.37034017,0.27367932,0.017840602,0.09622728,0.14047006,0.18038474,0.2659849,0.2876254,0.12796667,0.15297346,0.21885674,0.31359398,0.16451506,0.23809274,0.23280282,0.16884315,0.39678964,0.39294246,-0.022554984,-0.21251042,-0.15864964,-0.3163848,0.37034017,0.050541792,0.10151717,0.13950826,0.066892385,0.09959358,0.46988642,0.31696028,0.38428628,0.337639,0.08757108,-0.12979566,-0.47940984,-0.65878546,0.10151717,0.21500954,0.3246547,0.009665306,-0.54000324,-0.54000324,-0.9732939,-0.881923,-0.9001972,-0.77660596,-0.8607634,-1.0362917,-0.6924485,-0.7145698,-0.7790104,-0.598673,-0.70062375,-0.92953205,-0.641954,-0.67176974,-0.6063674,-0.714089,-0.6251225,-0.49047053,-0.3620703,-0.50153124,-0.3712074,-0.37024558,-0.14518443,-0.49431774,-0.45921203,-0.60540557,-0.70399004,-0.5577965,-0.62993145,-0.66311353,-0.61165726,-1.0579323,-1.1512269,-0.9795456,-0.72082156,-0.7871857,-0.6236798,-0.54625493,-0.64483935,-0.2759892,-0.29137802,-0.22405201,-0.272142,-0.15287884,-0.49816495,-0.71793616,-0.3034005,-0.39477146,-0.502493,-0.41352656,-0.18029013,-0.08651467,-0.21154861,-0.31253758,-0.2658903,0.3073423,-0.008127989,0.029863097,-0.47363904,-0.066316865,0.025054099,0.12989026,0.11834867,0.20875783,0.08564748,0.110173374,0.13181385,0.048618194,-0.049004473,-0.13797094,-0.2875308,-0.089880966,0.043328296,0.13373746,-0.19327442,-0.3336972,0.0029327073,0.34100527,-0.040348276,0.0053372066,-0.15095524,-0.067759566,0.15922515,0.62665975,0.6608036,0.5021067,0.8094017,0.94309187,0.7252442,0.6963902,0.47277182,0.5905923,0.4703673,0.38620985,0.12844756,0.54250234,0.39823237,0.44872686,0.64974296,0.67474973,0.5771271,0.59107316,0.64685756,0.8363321,0.92337495,1.1267956,1.0330201,0.71514535,0.60550016,0.6213699,0.20442975,0.36312667,1.3691691,1.1407417,0.957038,1.1806564,1.0594697,1.3042476,1.2335554,1.2927061,2.6166232,2.7772439,2.4146452,2.209782,1.9928962,2.516596,2.699338,2.6776974,2.5228477,2.0842671,2.2780697,2.2054539,1.7909184,2.2294989,2.3607845,2.4117599,2.4290724,2.449751,2.1357234,2.4632163,2.258834,2.2997103,2.4425375,2.1549594,2.1727529,2.4338813,2.4473467,2.4963982,2.7349246,2.7647405,2.645958,2.7666638,2.5117872,2.8397608,2.8825607,2.906606,2.8205247,2.8936217,2.7166505,2.6161423,2.6421108,1.9553859,2.2886496,2.040986,2.1924696,2.1583257,2.0501232,2.2439258,2.2083392,2.6632705,2.3468385,2.2713373,2.3910813,2.6233559,2.7546415,2.5911355,2.7065513,2.7147267,2018-04-17
WSBC_USB,-0.059393663,0.13099802,-0.40868366,-0.42013583,-0.62412685,-0.85674834,-0.8166659,-0.4101152,-0.4101152,-0.8302652,-0.7128809,-0.7744361,-0.97914296,-1.0242357,-1.1158528,-0.857464,-0.99059504,-0.74795306,-0.6155378,-0.6312845,-0.65347296,-0.60838026,-0.42443034,-0.46594435,-0.43158793,-0.25694293,-0.3671697,-0.117370084,-0.020742724,0.07946342,-0.062256694,-0.13383253,-0.2147132,-0.29416236,-0.047941536,0.16463865,-0.17391498,0.02077125,0.1911217,0.370777,0.4487946,0.4824353,0.7844852,0.6420494,0.71648824,0.80094767,1.0328532,0.8460405,0.980603,0.88039684,1.4816338,1.4988121,1.5424732,1.2132244,1.3470712,0.6234396,0.60840875,0.47241467,0.5282438,0.3893867,0.32568425,-0.42156732,-0.62126386,-0.34999147,-0.31491932,-0.42800915,-0.37289578,-0.5489723,-0.8996938,-1.177408,-0.96912235,-0.8710635,-1.082928,-1.3985772,-0.90112525,-1.1351782,-1.2804772,-1.4587009,-1.2675935,-1.3713784,-1.3778203,-1.1058321,-0.5396674,-0.3864952,-0.18608285,-0.55827713,-0.9841533,-0.98987937,-0.57903415,0.033654895,-0.021458482,-0.09732886,0.20042656,0.123124674,0.31494787,0.38151336,0.36290368,0.46883583,0.1345768,0.080179185,0.27629694,0.30278,0.36934546,0.4459316,0.4702674,0.7522761,0.28488603,0.69215244,0.61628205,0.46955162,0.41873276,0.506771,0.40799642,0.2927594,0.46883583,0.61628205,0.57548386,0.85248226,0.7086149,0.6513542,0.92763686,0.96628785,0.9619932,0.9111744,0.480288,0.39511275,0.27987573,0.44807887,0.33785215,0.63560754,0.657796,0.60482997,0.64920694,0.5540111,0.6377548,0.81812584,0.657796,0.67282695,0.81884164,0.7150567,0.72078276,0.65421724,0.41229096,0.67497426,0.38222912,0.17537501,0.31208482,0.48529828,0.5719051,0.61270326,0.5626002,0.51822317,0.37793458,0.2476666,0.19326898,-0.10591795,-0.6606305,-0.9569545,-0.93691325,-0.8825156,-0.95838594,-1.0857909,-1.3441796,-1.4629953,-1.3277172,-0.92832416,-0.88967323,-0.9419235,-1.3227069,-1.4150397,-1.0686127,-1.2826245,-1.0958116,-1.1824182,-0.99059504,-1.2260796,-0.84458035,-0.5432462,-0.3764746,-0.26553202,-0.8130871,-0.7314906,-1.0106363,-0.8481592,-0.8402859,-0.6169693,-0.5489723,-0.74866885,-0.6527572,-0.7014288,-0.5904862,-0.49314314,-0.49457464,-0.4509134,-0.40796793,-0.60838026,-1.0335406,-1.1351782,-0.724333,-0.6098117,-0.78517246,-0.32136115,-0.7071548,-0.916872,-1.1323153,-0.7923301,-0.6892609,-1.0335406,-0.6312845,-0.38506365,-0.6527572,-0.47811222,-0.18393558,-0.34712845,-0.7787307,-0.6384421,-0.84744346,-0.45234495,-0.0021330116,-0.14099011,0.16105986,-0.20683984,-0.40510488,-0.90899867,-1.0077733,-0.7551106,-0.85030645,-0.8438647,-0.8789368,-1.1437674,-0.90184104,-0.8123713,-0.4952904,-0.52177346,-0.32279268,-0.31849813,-0.36931697,-0.20254529,-0.04149971,0.022202766,0.2956224,0.23406719,0.08447373,0.19899504,0.23979327,0.4137225,0.43948978,0.24480358,0.506771,0.10165193,-0.1753465,-0.09518158,-0.10305492,-0.26338476,-0.286289,0.087336764,0.18897443,-0.012153627,0.4309007,0.41658553,0.3521673,0.41873276,0.24695085,0.31924242,0.30564302,0.4001231,0.45022616,0.5575899,0.60697716,0.40155458,0.5124971,0.4459316,0.4351952,0.37507153,0.24981388,0.32353696,0.3450097,0.25052965,0.11381981,0.20257384,0.14388166,0.26269755,0.33642063,0.22046779,0.30707452,0.14817621,0.21617323,0.23979327,0.18754292,0.30707452,0.49818194,0.41515398,0.38366064,0.32282123,0.6427651,0.6348918,0.60626143,0.42946917,0.6091245,0.56474745,0.76158094,0.7988004,0.79379004,0.6892894,0.8696605,0.9104586,1.0063703,0.72507733,0.45237345,0.3435782,0.16821744,-0.032194857,-0.24334352,-0.22401804,-0.28271022,-0.19681923,-0.17892529,-0.2641005,-0.3822006,-0.23690169,-0.17820953,-0.33066604,-0.29774114,-0.33066604,-0.41942006,-0.28772053,-0.34569696,-0.4394613,-0.45019767,-0.40796793,-0.4745334,-0.62412685,-0.45950252,-0.55970865,-0.55827713,-0.4358825,-0.22187077,-0.27483687,-0.2676793,-0.49171162,-0.42944068,-0.2641005,-0.26338476,-0.28485748,-0.30275145,0.018623976,0.00931912,0.033654895,0.105946474,0.01289791,0.10093617,0.26269755,0.480288,0.38079762,0.27701268,0.15318651,0.5289596,0.62129235,0.40871215,0.30564302,0.42088008,0.32711574,0.45738372,0.36791396,0.26055026,0.048685826,0.011466394,0.076600395,0.31566364,0.3743558,0.4001231,0.26412904,0.3607564,0.46024677,0.45022616,0.33427334,0.18969019,0.19255322,0.35503033,0.5575899,-0.6735142,-0.39937884,-0.39150548,-0.45735523,-0.47668073,-0.4494819,-0.24334352,-0.3428339,-0.20254529,-0.18894589,-0.23690169,0.32568425,1.2168032,0.8875544,0.7551391,1.2561699,1.0958401,1.314862,1.2783583,1.6076072,1.5582199,1.673457,1.5431889,1.4794865,1.3449239,1.1645528,1.0357164,1.2339814,1.3814275,1.2160875,1.9919693,2.200971,1.97837,1.726423,1.4079106,1.6004497,1.508117,1.4794865,1.7056661,2.0792918,2.2267382,2.1830769,2.259663,2.4536333,2.549545,2.4357395,2.3240812,2.3820577,2.248211,2.1701932,1.7300019,2.1193743,2.153015,1.7779577,1.8495336,1.8380815,2.0091476,1.7278546,1.7300019,1.7400225,1.7156868,2.0778604,1.8187559,1.1645528,0.66924816,0.8403144,0.44664738,0.063000984,0.4309007,0.13743983,0.042243995,-0.16317861,-0.15458952,-0.06798276,-0.07514034,-0.1853671,-0.61983234,-0.5339413,-0.5568456,-0.48455402,-0.5010165,-0.44805038,-0.46021828,-0.7458058,-1.0435611,-1.0786333,-1.3119705,-1.239679,-1.2325214,-1.2625833,-1.3441796,-1.4365124,-1.8945976,-1.8895874,-1.988362,-1.9146388,-1.7994018,-1.6369246,-1.7936758,-2.5258963,-2.7442026,-2.4600465,-2.4686356,-2.3734398,-2.195216,-1.3334433,-0.8481592,-0.6463154,-0.7271961,-0.9655435,-1.106548,-1.0857909,-0.82167614,-0.8138028,-0.5210577,-0.6506099,-0.7178912,-0.4974377,1.426316e-05,0.7744646,0.60626143,1.0027915,0.9491096,0.7551391,1.0199696,0.72436154,0.51679164,0.47098315,0.54971653,0.28488603,0.3965443,0.64348084,0.4115752,0.40728065,0.1088095,-0.21542895,-0.37790608,-0.30131993,-0.3864952,-0.30633023,-0.15172647,-0.7551106,-0.760121,-0.7085864,-0.6928397,-0.85961133,-0.71001786,-0.869632,-0.9218823,-0.8431489,-0.13884284,-0.6663566,-0.77300465,-0.75153184,-0.40081033,0.18324837,-0.093034305,-0.047941536,0.048685826,0.2254781,0.14245014,-0.19681923,-0.52248925,-0.783741,-0.5682978,-0.12023311,-0.20039803,-0.43373522,-0.21686046,0.38366064,0.048685826,0.5024765,0.39010248,0.42803764,0.47527766,0.27915996,0.43948978,0.4681201,0.3399994,0.124556184,0.21044718,0.459531,0.3249685,-0.41083094,-1.0886539,-1.2060382,-0.96983814,-1.1967335,-1.203891,-1.417187,-1.1931547,-1.2883505,-1.4186184,-1.5610542,-1.5331397,-1.7120793,-1.63263,-2.0585063,-2.1107564,-2.1987948,-1.8931661,-2.257487,-2.2016578,-2.1279347,-2.0542116,-1.8910187,-1.8738407,-1.7178054,-1.5553282,-1.4801737,-1.357779,-1.1953019,-1.0485715,-0.5783184,-0.62985295,-0.49958497,-0.4960062,-0.736501,-0.40725216,-0.49099585,-0.4630813,-0.59692806,-0.7916143,-0.9519442,-1.008489,-1.3363063,-0.9290399,-0.89754647,-0.7543949,-0.6620621,-0.63343173,0.07159009,0.23764598,0.1431659,0.58335716,0.58693594,0.4430686,0.38366064,0.19541626,0.5439905,0.7308034,0.5769153,0.41658553,0.2834545,0.41944855,0.34787276,0.9083114,0.37936607,-0.48741707,-0.7042918,-0.48741707,-0.35357028,-0.26338476,-0.08945551,-0.7830252,-0.6413051,-0.79376155,-0.45449218,-0.5668662,-0.5804656,-0.63987356,-0.63414747,-0.44017705,-0.19753498,-0.18966164,0.13529256,0.26341328,0.44020554,0.41229096,0.4258904,0.4781407,0.4666886,0.41443825,0.46024677,0.35002002,0.20472112,0.005740329,-0.05152032,-0.004996044,-0.17463075,-0.31563511,-0.55970865,-0.87965256,-1.0900855,-0.90685135,-0.4716704,-0.60265416,-0.16890468,0.18467988,0.038665205,0.14030287,0.35646185,0.019339735,-0.024321517,-0.03935244,0.10308343,-0.07442459,-0.34569696,-0.6277057,-0.6735142,-0.8495908,-0.90470415,-1.0535818,-0.9490811,-0.5575614,-0.58690745,-1.0671812,-0.40939945,-0.7250488,-0.36788547,-1.2210692,-1.0514345,-1.5302767,-1.8115696,-1.8960291,-1.9532899,-1.6412191,-1.6712811,-1.4909099,-1.2833402,-0.71431243,-0.25622717,-0.14957921,0.69143665,0.57476807,0.2920436,0.046538547,-0.034342133,0.070874326,0.115251325,0.020055493,0.22834113,0.347157,0.02936035,-0.09518158,0.0028772962,-0.11450705,0.5797784,0.97917145,1.1652687,1.4164997,2.0177367,1.6691624,1.4873599,1.720697,2.0449355,2.1737719,2.3111975,2.5516922,2.8272593,2.8050706,2.8558896,3.0541546,2.6640663,2.2754095,2.6919808,2.994031,2.5638602,2.611816,2.7871768,2.7699986,2.6805286,2.6454568,2.437171,2.5874803,2.8057866,2.8351326,2.6719396,2.7184641,2.6726553,2018-04-17
CME_ARI,-0.40110165,-0.3777563,-0.24997129,-0.084096484,-0.1553612,-0.17133433,-0.16273342,-0.04477802,0.15918654,0.29065767,0.41107047,0.3373483,0.36560848,0.24150959,0.016534222,0.030049946,0.07796933,0.0128481155,0.0203432,0.114953265,0.1432134,-0.031385165,-0.017869437,0.15672913,-0.027699055,-0.03015646,0.14812823,0.16041525,0.44424543,0.45653245,0.6260933,0.81039864,0.7391339,0.56957304,0.54131293,0.45161763,0.34594926,0.22418489,-0.1702285,-0.02524165,0.0067046043,-0.02524165,0.007933307,0.10880975,0.2760361,0.387848,0.21570684,0.3877251,0.10377207,0.22799386,0.243967,0.5339407,0.46746787,0.4269207,0.22418489,0.28193387,0.45395216,0.50801504,0.6370288,0.6629544,0.6678692,0.67647016,0.8572122,0.6704495,0.7109966,0.5769453,0.43933064,0.2463015,0.31756625,0.27087554,0.44657996,0.3691717,0.38268745,0.39866057,0.14800535,0.24384412,0.31265143,0.21804139,0.12822326,0.2499876,0.16643588,0.15046276,0.012970985,0.12367706,0.08067247,0.23917505,0.33980575,0.4811065,0.581983,0.47385713,0.5168617,0.59918475,0.60164213,0.8461539,0.6877742,0.77243173,0.69502354,0.5930413,0.65201896,0.6052054,0.06949128,-0.07918167,-0.04477802,-0.16641952,-0.17391461,-0.22048241,0.15427174,0.5624466,0.45051178,0.70116705,0.88190913,0.54770213,0.100208834,-0.11358534,-0.22797748,-0.4061393,-0.44300038,-0.53515303,-0.5056642,-0.47973856,-0.37542176,-0.40368193,-0.4135115,-0.5573926,-0.61637026,-0.5254463,-0.35957152,-0.3644863,-0.18865903,-0.14454862,0.17749421,-0.033842567,-0.27356237,-0.37431592,-0.45430443,-0.3644863,-0.1396338,-0.05853948,-0.15437824,-0.12980421,-0.14454862,-0.31165212,-0.31165212,-0.41240573,-0.4174434,-0.4751924,-0.47027758,-0.44201744,-0.6349237,-0.6570403,-0.76406026,-0.6461048,-0.58712715,-0.33266294,-0.509596,-0.3289768,-0.30317408,-0.38549712,-0.6766995,-0.70987445,-0.7663948,-0.41732052,-0.7455068,-0.7874056,-0.9016749,-1.1400431,-1.2690569,-1.1056395,-1.3637898,-1.2716372,-1.1942289,-1.2286326,-0.93607855,-1.148644,-1.0698842,-1.3919271,-1.4361603,-1.2247007,-1.0821712,-1.1264045,-1.0367092,-0.97638,-0.9616356,-0.41093126,0.16422422,0.30441913,0.11888511,-0.12955844,0.2121436,0.11261873,0.36450267,0.22565933,0.1321551,0.16901617,0.09652273,0.08669311,-0.068123356,0.19727631,0.46157014,0.9174186,0.39878345,0.7074334,0.697481,0.31768912,0.26841816,-0.2514457,0.13203223,-0.30059382,-0.34728447,-0.3067373,-0.56980246,0.86335576,0.74662906,0.7232837,0.6998155,0.6678692,0.5769453,0.45284635,0.6420665,0.5671156,0.6678692,0.49941418,0.8607755,0.93326885,0.6050825,0.3334165,0.4232346,0.09259088,0.011496543,0.42569202,0.18597226,0.20931758,0.031155774,-0.029173499,-0.058662347,0.23020554,0.30761376,0.08030386,-0.0130775,-0.07697001,-0.279583,-0.25623766,-0.2403874,-0.3165669,-0.2440735,-0.15683565,-0.17280877,-0.17403749,0.052043714,0.34214026,0.38145876,0.13313805,0.09750569,0.1527973,-0.08557093,-0.08925703,0.1061066,0.18240902,0.031278647,0.07428322,0.010267841,-0.091714434,0.1024205,0.03361318,0.19825928,0.1589408,0.13313805,0.3077366,0.6468584,0.6812621,0.55224836,0.6099974,0.5891094,0.5645353,0.44031358,0.47963205,0.22897683,0.10352633,0.054378245,-0.15818721,-0.10166693,-0.15818721,-0.28105745,-0.37701908,-0.27737132,-0.15695852,-0.1434428,-0.38549712,-0.36350337,-0.29703057,-0.28351486,-0.33880642,-0.24173898,-0.06357716,0.23020554,0.13817573,-0.16555944,-0.1495863,-0.11272524,-0.10535303,0.15267442,-0.019343881,0.2005938,0.12072816,0.029681334,0.012479505,-0.014551943,0.26804954,0.26436344,-0.004722326,-0.100683965,-0.26287267,-0.27024487,-0.3292226,-0.17563479,-0.20143753,0.25821993,0.1783543,0.18941262,0.27665046,0.49425358,0.4130364,0.3049106,0.3085967,0.3098254,0.20907184,0.3049106,0.16238117,0.094679676,0.34668648,0.3688031,0.5174761,0.571539,0.56662416,0.5359066,0.5211622,0.5776825,0.45849836,0.62314445,0.7152971,0.7066962,0.7595304,0.59967625,0.38342467,0.20145391,-0.065174475,-0.09957813,0.2888146,0.31326577,0.4485459,0.22848535,0.4669764,0.6426808,0.28009084,0.21496962,0.0933281,-0.19308236,-0.17698635,-0.3823025,-0.25808072,-0.07623279,-0.12415217,-0.14504011,-0.03433405,0.32456985,0.39706326,0.60717136,0.6675006,0.46218446,0.46218446,0.24212395,0.047988992,0.20649157,0.028329762,-0.05153588,-0.049078476,-0.09699786,-0.090977214,-0.3453186,-0.405525,-0.45713046,-1.1121516,-1.2326872,-1.2130281,-0.9266175,-0.9032722,-0.7140521,-0.79023165,-0.6661327,-0.54080504,0.099348746,0.6424351,0.32665864,0.0032642381,0.26510066,0.26264325,0.20612298,-0.19209939,-0.08262204,-0.28290048,-0.1145683,-0.26582155,-0.42432413,-0.49927497,-0.14037104,0.14591657,0.2208674,0.00449294,0.10770392,0.21447814,0.10880975,-0.059645314,0.14075601,1.2505198,1.1990372,1.4902396,1.3477101,1.026896,1.0858737,0.97774786,0.9064832,0.8696221,0.8057296,0.80695826,0.55138826,0.5845632,0.14825109,-0.007916951,0.11372456,0.28955182,0.43330997,0.27235,0.17159644,0.3264129,0.21570684,0.08915052,0.13829862,0.26006296,0.29200923,0.06949128,-0.037405804,0.2722271,0.29557246,0.26976973,0.24384412,0.2929922,0.37175202,0.33231065,0.09271375,-0.0006676087,-0.11616561,-0.2881839,-0.21077566,-0.32516786,0.010390711,-0.009268523,0.26596075,-0.19738281,0.025012266,-0.32025304,-0.14454862,-0.26139823,-0.17158006,-0.16912267,-0.7874056,-0.17428322,-0.27368522,-0.254026,-0.27368522,-0.38549712,-0.117640056,0.18474355,0.07784646,0.19580187,0.2928693,0.048234735,-0.10903914,-0.32172748,-0.3929922,-0.80583614,-0.9471369,-1.0798366,-1.1044108,-1.5358081,-1.6107589,-1.9205147,-1.9033129,-2.0066469,-2.0679588,-2.1318514,-2.043385,-2.0938845,-2.034784,-2.092533,-2.2130685,-2.2018874,-2.224004,-2.3494546,-2.2683604,-2.1626918,-2.0127902,-2.029992,-1.9820727,-2.0213912,-2.7785175,-3.052395,-2.8582602,-2.8287714,-2.388773,-1.6181312,-1.5910996,-1.7558687,-1.8160751,-1.5026331,-1.6439339,-1.6132163,-1.5233982,-1.5050905,-1.507548,-1.6955394,-1.6648219,-1.5308932,-1.6992254,-1.9143713,-2.2745037,-2.2425575,-2.311365,-2.3752575,-1.7557458,-1.7188847,-1.8738241,-1.6402478,-1.5874135,-1.2593501,-1.045556,-0.99530196,-1.1009704,-1.0886834,-1.0519452,-1.1096941,-1.3320893,-1.4120778,-1.6000692,-1.5692288,-1.8372087,-1.7720876,-1.8224643,-1.5213094,-1.4452527,-1.5151658,-1.47339,-1.5754951,-1.6320155,-1.7191304,-1.2620533,-1.2803608,-1.5016502,-1.4770762,-1.2607017,-1.7228166,-1.5973661,-1.3306148,-1.3539602,-1.4486932,-1.5383884,-1.5826216,-1.226298,-1.2324415,-1.1266502,-1.0959327,-1.127879,-0.863708,-0.8035016,-0.75312483,-0.76049703,-0.8538784,-0.9547548,-0.9572122,-0.9965307,-0.99886525,-1.1402888,-0.8687457,-0.797481,-0.69291836,-0.71012026,-0.6818601,-0.6228824,-0.58970743,-0.5737343,-0.42629004,-0.5036983,-0.44472057,-0.48035294,-0.8626022,-0.91175026,-0.6830888,-0.36239752,-0.44472057,-0.13508762,-0.32799387,-0.13140151,-0.0625942,0.13154076,-0.056450687,-0.11419969,-0.23596406,-0.15732713,-0.118008666,-0.19553976,-0.3196387,-0.5690652,-0.5495289,-0.30735168,-0.28646374,-0.2680332,-0.22515148,-0.25464034,-0.24849685,-0.2398959,-0.15388677,-0.27552828,-0.31976154,-0.32221895,-0.36522356,-0.44140306,-0.60482043,-0.5458427,-0.73997766,-0.75963694,-0.71786106,-0.7375203,-0.66379815,-0.16727962,-0.20180614,-0.23977304,-0.06652604,-0.21765639,0.03901947,-0.10596738,-0.2337524,-0.14270556,-0.19566263,-0.14774324,-0.12685531,0.041476876,-0.031016551,0.00953062,-0.08262204,-0.24603944,-0.08274492,-0.14540872,-0.32111314,-0.20438643,-0.06431438,0.18879826,0.36573136,0.55249405,0.7478577,1.0722351,0.9297056,1.0194008,0.977625,0.94199264,0.9690241,0.965338,0.78963363,0.7589161,0.59291834,0.6555822,0.8277234,0.6704495,0.51305276,0.26731232,0.20341982,0.18130319,0.12343131,0.3115456,0.34717795,0.64587545,0.80179775,1.0280018,1.0843992,1.3425496,1.4899938,1.1261752,1.2355297,1.1962111,0.9738161,1.217222,1.4087766,1.4419515,1.2674758,1.3117092,1.0819418,1.3891174,1.3153952,1.3031082,1.4961373,2.0650263,2.1657798,2.0221448,2.3170333,2.6119218,1.9779115,2.4633718,2.6143792,2.5590875,2.6634045,2.620277,1.8436142,2.2467515,2.0513878,2.1079082,2.3217022,2.5846446,2.7382324,2.797333,2.3808029,2.611676,2.7824657,2.7675984,2.6545577,2.698791,3.0133388,2.6434994,2.2908618,2.1607423,2.5723574,2.5023215,2.2270923,2.376994,2.392967,2.1805243,2.1092598,2.3746593,2.0699413,2.013298,2.1619709,1.9237257,2.1484554,2.0612173,2.2627246,1.8302215,2.0120695,2.4875772,2.2258635,2.6165907,2.5675657,2.5354965,2.599389,2018-04-17
CME_BAM,-2.1525202,-2.1752684,-2.062306,-1.6178952,-1.706812,-1.7777379,-1.4708539,-1.3919705,-1.4222437,-1.5890925,-1.5181667,-1.4955049,-1.4426565,-1.4647129,-1.5935037,-1.4974943,-1.5181667,-1.5047599,-1.628015,-1.4152377,-1.4173136,-1.4146322,-1.4519114,-1.2392205,-1.2444102,-1.3527018,-1.1842097,-0.94245654,-0.6986274,-0.67086256,-0.9473867,-0.92368716,-0.8712712,-0.7904849,-0.9249845,-0.7713696,-0.72301894,-1.187929,-1.3472526,-1.3808128,-1.4189569,-1.6104567,-1.6606237,-1.7663205,-1.1681217,-1.103683,-1.1791066,-1.2011627,-1.2598063,-1.2941449,-0.98302263,-0.6006287,-0.6823664,-0.8312241,-1.0179665,-1.0107875,-1.1246148,-1.1400108,-0.9316447,-0.9635613,-0.87940174,-0.8321755,-0.7359932,-0.7051145,-0.71618587,-0.8521558,-0.7317549,-0.85855645,-0.7544166,-0.8203257,-0.7648825,-0.7591738,-0.6493253,-0.6834908,-0.54821277,-0.6239823,-0.6155923,-0.5920657,-0.57260436,-0.5834162,-0.46881047,-0.22160803,-0.011252405,0.27790004,0.5370388,0.18958876,0.082335085,0.10015304,0.32201245,0.36110815,0.37364992,0.2855116,0.49794307,0.49707815,0.41620544,0.4973376,0.60078555,0.70518494,0.65354747,0.6019965,0.4177623,0.2987453,0.20541732,0.30704886,0.41023725,0.33585164,0.2682991,0.5481101,0.68572354,0.2465889,0.25151908,-0.12369578,-0.31943375,-0.3477176,-0.41682702,-0.61342996,-0.90301484,-0.74879444,-0.7584818,-0.8968737,-0.7947233,-1.0062033,-0.9358829,-1.1269501,-1.1096512,-1.2501189,-1.2007303,-1.2643905,-1.2652555,-1.0565432,-1.0145932,-1.0382063,-0.8823425,-0.985358,-0.8872728,-0.8794882,-0.67008406,0.101536945,-0.16997056,-0.2663259,-0.21313153,-0.26200116,-0.28777662,-0.3644976,-0.5394768,-0.5696635,-0.5719989,-0.4866284,-0.6005422,-0.6093647,-0.66039664,-0.67138153,-0.8113302,-0.55054814,-0.6840963,-0.5312598,-0.1864046,0.07558848,-0.12456073,-0.064879246,0.08415148,0.36084867,0.29926428,0.024297,0.13250212,0.17869039,0.24442652,0.3006482,0.083113536,0.047737118,0.120392844,0.08467045,0.10785108,0.20169804,0.5313301,0.5814972,0.87800175,1.0985637,1.1389568,1.0303193,0.9784223,0.93837523,0.7491243,1.2773488,1.391003,1.3948089,0.9891477,0.84037644,1.0456289,0.9687349,0.9269579,0.6997357,0.7765432,0.80733544,1.1316913,1.1524501,0.7054444,1.1386974,1.7301495,1.9876449,1.7017792,1.8016808,1.3781153,0.9716757,0.4871312,0.4858338,0.8585404,0.5610844,0.72300285,0.64455193,0.574837,0.5463802,0.55641365,0.035108864,0.4489005,0.5232861,0.26198497,0.24814579,0.2907013,0.14763872,0.22245681,-0.13736197,0.012360702,-0.04446645,-0.40886948,-0.780711,-0.56698215,-0.59163326,-0.63392925,-0.40385282,-0.3491015,-0.37323362,-0.64205974,-0.81530905,-0.72725713,-0.5955255,0.118576445,-0.03477902,-0.10527236,-0.19410264,-0.58704895,-0.44934908,-0.58471364,-0.54241765,-0.4913856,-0.5311733,-0.67570627,-0.6804635,-0.71938616,-0.2882091,-0.4458893,-0.6092782,-0.5990718,-0.6675758,-0.73460925,-0.6378215,-0.58099437,-0.39745215,-0.62848,-0.5509806,-0.56776065,-0.38041267,-0.5942281,-0.53662246,-0.39442486,-0.20906626,-0.6795985,-0.5556513,-0.3459877,-0.22472183,-0.33768418,-0.3715037,-0.72345144,-0.8142711,-0.77898115,-0.97004837,-0.7745699,-0.79939395,-0.86737895,-0.9803413,-0.86841685,-1.1092187,-1.119425,-1.2590278,-1.1841233,-0.54051477,-0.23821504,-0.11020257,-0.11945753,-0.6052129,-0.7365987,-1.00283,-0.90872353,-0.8024213,-0.16616477,-0.08477307,-0.14099476,-0.2659799,-0.15751529,-0.3222881,-0.2833654,-0.38638082,-0.18995088,-0.3694278,-0.45021406,-0.6682677,-0.78036505,-0.8717902,-0.77266705,-0.7960206,-0.61187303,-0.74429667,-0.6567639,-0.6816744,-0.51759356,-0.4750381,-0.273159,-0.28933355,-0.42141125,-0.29988593,0.035800822,-0.18657757,-0.3000589,-0.30801642,-0.3682169,-0.5915467,-0.6267502,-0.6511417,-0.4819577,-0.33465686,-0.4221897,-0.21633184,-0.09800679,-0.0021704407,-0.12360928,-0.15976416,-0.034952007,0.1108784,0.1498876,0.089168176,0.20481186,0.32893205,0.30142668,0.0735991,0.04825609,0.053359285,0.14945513,0.50616014,0.5281298,0.7996374,0.7764567,0.68883735,0.822645,0.72343534,0.5500995,0.40037686,-0.2101042,-0.27757022,-0.31311962,-0.38811073,-0.51032805,-0.56023556,-0.5213994,-0.6546015,-0.6047805,-0.7357337,-0.773013,-0.739626,-0.71800226,-0.611527,-0.680031,-0.84636074,-0.6144679,-0.7264787,-0.8935869,-0.9390832,-0.8185958,-0.7999994,-0.8071785,-0.7148884,-0.73114944,-0.7487079,-0.75761694,-0.77716476,-0.73071694,-0.4100804,-0.33707872,-0.28898755,-0.49398047,-0.46016094,0.15135802,0.8541292,1.2278736,1.2724185,1.1701815,1.1193225,0.9682159,0.77377534,0.8555995,0.71461284,0.8298241,0.7544005,0.5706853,0.6553638,0.8130441,1.2266626,1.3263048,1.4655616,1.4116753,1.4032854,1.5957365,1.6160628,1.4176435,1.3385872,1.5530945,1.5791293,1.503014,1.5316437,1.3846024,1.4416891,1.5324222,1.5127013,1.5488563,1.5077711,1.4198923,1.3884082,1.2296901,1.213256,1.230209,1.3930789,1.4886558,1.4057937,1.3295916,1.0551432,1.0345575,0.9654481,1.1366215,1.2371286,0.85845387,0.7194566,0.8905435,0.9542903,1.0451964,0.99312645,1.2166294,1.1647323,1.1241663,1.272159,0.91190773,0.8146875,0.6330481,0.41023725,0.09357941,0.21078,0.26449335,0.24356157,0.13933523,0.16450524,0.13059925,0.045488253,0.20221701,0.24987571,0.49837556,0.41361055,0.5179234,0.83544624,0.72724116,0.66660815,0.7870091,0.6762091,0.75223815,0.8591459,0.7059634,0.6619374,0.74038833,0.5012299,0.59481734,0.69056726,0.73407423,0.51074433,0.5726747,0.5823621,0.50053793,0.38351032,0.20697424,0.028967725,0.13518347,0.21190444,0.1601805,-0.0042463187,-0.037027884,-0.030454274,0.010111836,-0.14514652,-0.066609144,-0.10034216,0.036492784,-0.13839991,-0.05069408,0.08821674,0.13501048,0.3096437,0.1107919,0.06443064,0.11814397,-0.22792216,-0.19341068,-0.19219975,-0.45306838,-0.37504998,-0.16789468,-0.32643986,-0.43179065,-0.21728326,-0.2881226,-0.6222524,-0.7634986,-0.84843653,-0.7579629,-0.4218437,-0.15189312,-0.37228215,-0.5735558,-0.48247668,-0.53454655,-0.37833682,-0.50557077,-0.64465463,-0.637735,-0.58454067,-0.6988004,-0.7106502,-0.79757756,-0.45341438,-0.31398457,-0.16728921,-0.022150762,-0.059343573,0.0023272943,0.06866889,-0.08416761,-0.11521928,-0.032616645,-0.11504629,-0.3529073,-0.4287633,-0.63142085,-0.69828135,-0.7947233,-0.71981865,-0.53705496,-0.45661467,-0.4090425,-0.5209669,-0.43447196,-0.48896378,-0.5950065,-0.75156224,-0.637908,-0.9995432,-0.8138386,-0.8600269,-1.1376755,-1.180923,-1.0536025,-1.0584462,-0.7253543,-0.7965396,-0.5587652,-0.63168037,-0.6031371,-0.4538468,-0.41864344,-0.26857477,-0.2714291,-0.3305051,-0.37280113,-0.37747183,-0.28232744,-0.2863927,-0.42564952,-0.32470995,-0.42253566,-0.37375256,-0.49242356,-0.49346152,-0.46396673,-0.5160367,-0.5319518,-0.5289244,-0.43490446,-0.54328257,-0.5416392,-0.7019142,-0.56706864,-0.35342625,-0.22800864,-0.349361,-0.26658538,-0.44260252,-0.37254167,-0.123003826,-0.02119932,-0.1845882,-0.4645722,-0.4390562,-0.49406698,-0.5275405,-0.46552366,-0.37574193,-0.3613838,-0.45791212,-0.37011975,-0.63046944,-0.68963194,-0.70476854,-0.90647465,-0.8258614,-0.8020753,-0.7682558,-0.91979486,-1.036909,-0.9236006,-1.0207344,-1.0452989,-1.2267653,-1.2797867,-1.3486365,-1.3414576,-1.2274572,-1.2288412,-0.89851713,-0.66065615,-0.70165473,-0.8984306,-0.7846033,-0.68945897,-0.40376627,-0.46284232,-0.70848775,-0.6883345,-0.8979981,-0.7572709,-0.7634986,-0.6699111,-0.30455664,-0.23821504,-0.26641238,-0.38577536,-0.16806766,-0.12871249,-0.21667781,-0.39131102,-0.33569482,-0.07534513,0.21242341,0.2904418,0.0989421,0.41326457,0.14573584,0.32209894,-0.087454416,-0.19003738,-0.20534697,-0.36743847,-0.55755424,-0.58151335,-0.45869055,-0.49571037,-0.41509712,-0.37011975,-0.14575198,-0.29772353,-0.33465686,-0.44865713,-0.5270215,-0.52018845,-0.4124158,-0.3034322,-0.36025935,-0.28414384,-0.07300977,-0.008830548,0.60035306,0.4463056,0.34000337,0.33187288,0.09167653,0.22583012,0.4619612,0.71495885,0.65328795,0.65190405,0.84106845,0.9523874,1.0246971,1.0160476,0.7732564,1.25486,1.9725082,2.1486118,2.0580518,2.4252226,2.3634653,2.4094806,2.581173,2.4968405,2.7469838,2.638692,2.1433358,2.2529247,2.1024237,2.0238862,2.2120128,2.445376,2.7498379,3.035963,2.8359,2.976887,2.9986835,2.9180703,2.8317487,2.696211,2.8913436,2.807703,2.66317,2.375661,2.4281633,2.4332666,2.5694962,2.5995963,2.444165,2.6290045,2.468124,2.4509115,2.4905262,2.4917371,2.6273613,2.5346386,2.5615385,2.5688906,2.6524446,2.539569,2.4918237,2.7468107,2.4489222,2.5687175,2.7137694,2.7337499,2.8192933,2018-04-17
SPGI_BAM,-1.5937611,-1.6533685,-1.4754808,-1.1444148,-1.2584496,-1.2370521,-0.8984289,-0.8122447,-0.9691594,-1.238156,-1.1634347,-1.2188812,-1.2436751,-1.2945366,-1.373758,-1.1198756,-1.1377918,-1.0802224,-1.1827943,-1.005586,-1.0482961,-1.024691,-1.0991575,-0.95744175,-0.95744175,-1.1234418,-0.9255154,-0.6948135,-0.5292379,-0.51590693,-0.9506489,-1.0097467,-0.8843338,-0.65685844,-0.78668666,-0.57475,-0.4964625,-0.9697538,-1.0482961,-1.0681652,-1.1876342,-1.4330255,-1.5814492,-1.6845305,-0.981896,-0.97671646,-1.0586551,-1.089053,-1.2336557,-1.3707012,-1.0090674,-0.6290078,-0.7001628,-0.81436753,-0.9341763,-0.9584607,-1.1846623,-1.2961498,-0.94215786,-0.872786,-0.7477128,-0.46207368,-0.40993863,-0.7415143,-0.9073446,-0.9220341,-0.6532922,-0.82031125,-0.809188,-0.8819563,-0.87694657,-0.8754182,-0.7320043,-0.640216,-0.4790558,-0.62229985,-0.6946437,-0.6636513,-0.56175864,-0.596572,-0.34455755,-0.085665345,0.29957372,0.6711422,1.0298892,0.5689949,0.46243215,0.43678916,0.55439025,0.5766368,0.53087,0.3051778,0.67148185,0.6401499,0.55014473,0.5572772,0.68430334,0.685577,0.70977646,0.6106859,0.59888333,0.47075337,0.24073073,0.37471956,0.4556393,0.3019512,0.0017925027,0.26102436,0.4466388,-0.27051556,-0.2096347,-0.34133095,-0.5783162,-0.58655256,-0.77590305,-0.91014665,-1.1388106,-1.0111902,-0.9039482,-0.9470827,-0.8096126,-1.1939176,-1.2063994,-1.4770942,-1.4296292,-1.7163719,-1.6113377,-1.732505,-1.805528,-1.7144191,-1.7719884,-1.6596518,-1.664237,-1.3286706,-1.1731994,-1.1502736,-0.9036085,-0.101458706,-0.5114067,-0.5997136,-0.48873562,-0.54817295,-0.57211775,-0.62527174,-0.9030141,-0.9861415,-0.99089646,-0.89375883,-0.867097,-0.85818136,-0.9948024,-1.1326971,-1.2584496,-0.94979984,-1.00185,-0.9841037,-0.6147428,-0.2441084,-0.2739969,-0.22559789,0.039322954,0.31264997,0.24353278,-0.046691414,0.054012477,0.22383355,0.4257508,0.35102955,0.30212104,0.12890357,0.22553176,0.33829293,0.43364745,0.5463237,0.87068194,0.8961551,1.2518454,1.4449319,1.4157227,1.1977574,1.1189603,1.013841,0.7524016,1.3244438,1.3508509,1.4732071,1.0838073,0.916109,1.0723444,0.8431709,0.6858317,0.25609952,0.3057722,0.31579164,0.5844486,0.5122746,0.70510644,0.97308403,1.4168266,1.4793206,1.4574138,1.5073411,1.0251342,0.6680005,0.005188924,0.0016226816,0.31579164,0.16728312,0.23962688,0.19768108,0.15047084,0.050191503,0.2638264,-0.33869871,0.16439617,0.30874407,-0.025124134,-0.00066990254,0.010877929,-0.29556417,-0.20649302,-0.5922415,-0.66815156,-0.8322836,-1.1710767,-1.5630236,-1.0854019,-1.2305989,-1.1856813,-0.95243204,-0.83092505,-0.78600734,-0.96015894,-1.2878287,-1.2137866,-1.0980536,-0.21277642,-0.3489729,-0.3224808,-0.3120368,-0.49561337,-0.42140156,-0.54087067,-0.3403969,-0.3208675,-0.4438179,-0.54537094,-0.48669773,-0.5060574,0.024888167,-0.3079611,-0.49476427,-0.23290022,-0.26550585,-0.14934824,-0.06520191,-0.12829043,-0.020454055,-0.29666802,-0.22143729,-0.2715345,-0.108166635,-0.4309115,-0.2376552,-0.118695535,0.11998796,-0.4517146,-0.29097903,-0.12956409,0.11361966,-0.0033021288,-0.0038965028,-0.3473596,-0.47880107,-0.47599903,-0.75594914,-0.39805114,-0.5242282,-0.5969116,-0.7419389,-0.54070085,-0.84196347,-0.8169998,-0.9689047,-1.0922797,-0.25608078,0.16116957,0.41148582,0.3364249,-0.269157,-0.39321128,-0.6547357,-0.6400462,-0.42242047,-0.1651416,-0.055522107,-0.074796796,-0.06936252,0.050446235,-0.018246382,-0.2524296,-0.36417186,-0.06239986,-0.24962756,-0.29038462,-0.40212688,-0.4746405,-0.6439521,-0.5287284,-0.43023226,-0.28325215,-0.33912328,-0.20029457,-0.2694117,-0.039898567,0.054097388,0.19589798,0.568825,0.42770374,0.42923215,0.76921386,0.5064158,0.27418548,0.2517691,0.14758387,-0.077683754,-0.18263318,-0.12786588,0.011047751,0.12847902,0.052399173,0.1872371,0.28853536,0.48051807,0.3285282,0.33515123,0.52543575,0.75180715,0.8168487,0.6765765,0.81362206,0.97563136,0.9364027,0.77091205,0.8444446,0.8717009,1.0360876,1.2717993,1.2560908,1.4876419,1.4303274,1.3522944,1.4282895,1.3981462,1.2546474,1.2821584,0.4538562,0.40358916,0.47083828,0.4832352,0.31664073,0.20141715,0.39688122,0.13374346,0.15301815,-0.03896455,-0.029369662,-0.043974277,0.019708624,0.026926018,-0.04813489,-0.29191303,-0.09279783,-0.123280704,-0.35457698,-0.416222,-0.27348745,-0.14111193,-0.04371954,0.06785289,0.01911425,0.22400334,0.18621817,0.10674191,0.14011176,0.298385,0.46336618,0.5505693,0.31664073,0.3590111,0.491981,0.9950759,1.6844646,1.463952,1.1594627,1.2202586,1.108856,0.82661337,0.9020139,0.8272927,0.93292135,0.7848374,0.5097273,0.6431217,0.78076166,0.91840166,0.93427986,0.7847525,0.54012525,0.36079425,0.4667626,0.51261425,0.14087595,0.21126679,0.5335022,0.4467237,0.21585195,0.23767394,0.018944431,0.1655,0.17322685,0.14563093,0.25032562,0.20702124,0.12151635,0.016991489,-0.030473499,0.10546826,0.15632966,0.40876868,0.5163503,0.25287294,0.24039109,-0.1297339,-0.21481426,-0.064862266,0.043993033,0.26747754,-0.13983826,-0.27442145,-0.101713434,-0.0058494452,0.112770565,0.051125515,0.33124536,0.16235831,0.07736287,0.30619675,0.13416801,0.040851347,0.1453762,0.0037454453,-0.5311909,-0.40815553,-0.55853206,-0.5181146,-0.6547357,-0.5692308,-0.5508901,-0.4764236,-0.37903118,-0.31645218,0.008755166,-0.19239789,0.042294826,-0.04847453,0.085599184,-0.0058494452,0.2187389,0.14164014,0.20379464,0.32334867,0.17755729,0.080759294,0.18986931,-0.30660254,-0.068513416,-0.06723976,0.03329431,-0.015783977,0.18681253,0.2671379,0.1316207,0.040341884,-0.23256055,-0.47132897,-0.27569512,-0.059767634,-0.110119574,-0.35007674,-0.3120368,-0.34693503,-0.30354574,-0.45714888,-0.38123885,-0.40331563,-0.19672832,-0.389645,-0.25642043,-0.074202426,-0.102987096,0.1372248,-0.036587056,0.021321924,-0.027331809,0.07804216,-0.05755996,-0.035143577,-0.41070282,-0.39151305,-0.07598554,-0.22305058,-0.2522598,0.016736755,0.025907092,-0.43668547,-0.6144881,-0.7012667,-0.4707346,-0.062314946,0.30483818,-0.041342046,-0.2666946,-0.3223959,-0.20997435,0.06479611,-0.13516818,-0.19316207,-0.03098296,0.059022196,0.033803772,-0.08965614,-0.145782,0.19386011,0.05350301,0.13323401,0.11395931,0.08186313,0.11098744,0.33727401,0.19844529,0.102496386,0.17534962,0.02208612,-0.19766232,-0.19706795,-0.4562149,-0.6583868,-0.7786202,-0.7341271,-0.5140389,-0.5361157,-0.2908941,-0.30643272,-0.107742086,-0.10689298,-0.22457898,-0.33216062,-0.16327357,-0.37436113,-0.12956409,-0.15435797,-0.45884708,-0.48160312,-0.13482854,-0.0047456077,0.32003716,0.18392558,0.45878097,0.3710684,0.28199723,0.44740298,0.24404223,0.35179374,0.19020896,0.19326574,-0.05993745,-0.00984024,0.12397875,0.21848416,0.060890228,0.14800842,0.04985186,0.015038545,-0.13567765,-0.13525309,0.024208883,-0.12829043,-0.099420846,-0.23009816,-0.028435644,-0.20530428,0.04356848,-0.07963669,0.005188924,0.3275942,0.032190472,0.092986405,0.011132661,-0.23298511,-0.20165314,0.037624747,0.067767985,-0.0433799,-0.38404092,-0.30600816,-0.5653249,-0.6159316,-0.48465988,-0.48262206,-0.37699336,-0.6779162,-0.6346119,-0.9017405,-0.95438504,-0.93307245,-1.1251401,-1.1799074,-1.1112148,-1.0883738,-1.2440997,-1.3791074,-1.1084127,-1.1409334,-1.1419524,-1.3128773,-1.4455923,-1.531182,-1.3686634,-1.1180077,-1.0804771,-0.69540787,-0.32681125,-0.7106069,-1.308292,-1.245713,-1.00652,-1.1369426,-0.9307799,-1.0690991,-0.94495994,-1.1503584,-1.1822,-1.2522511,-1.2711862,-0.68487895,-0.58086354,-0.55691874,-0.6153372,-0.43982714,-0.334623,-0.4183448,-0.5761085,-0.46810237,-0.3151785,-0.29794165,-0.30830076,-0.63580066,-0.3785217,-0.56727785,-0.33708543,-0.80859363,-0.8856074,-0.85461515,-1.0336065,-1.4320915,-1.4590081,-1.2409581,-1.1605477,-0.8478223,-0.87677675,-0.82498133,-0.9112504,-0.9898776,-1.0333518,-1.1398296,-1.1405938,-0.96873486,-0.84629387,-0.8779655,-0.688615,-0.505463,-0.50928396,0.14410254,0.011981767,-0.020284235,-0.12412981,-0.28656366,-0.03709652,0.26586425,0.5627964,0.67122716,0.60516673,0.8455484,1.0455976,1.0977327,1.0408427,0.76310027,0.9077029,1.4651407,1.3462658,1.9481965,2.4218276,2.2987072,2.3011696,2.418516,2.4313376,2.8910432,2.671125,2.3253691,2.257186,2.1951165,2.2439399,2.4818592,2.6240845,3.0404854,3.3690047,3.3251905,3.0511844,2.956764,2.7842257,2.669172,2.6570296,2.8054533,3.0121255,3.274414,2.7996793,2.6382644,2.6578789,2.8375494,3.2369688,2.8453615,3.163521,2.9512446,2.9412253,3.0015967,2.9719627,3.155879,3.0972908,3.0396366,3.0787802,2.9497163,3.0996683,2.9761233,3.1574924,2.8365307,2.9070063,3.0686758,3.1068008,3.3302004,2018-04-17
TROW_BEN,-0.88050234,-0.8696378,-0.9191803,-0.9343907,-0.96133494,-0.9526432,-0.9717649,-0.9963624,-0.97915286,-0.95942277,-0.9250906,-0.9356945,-0.9343907,-0.92743737,-0.92769814,-0.91266155,-0.89119315,-0.9035353,-0.91161853,-0.9042306,-0.9200495,-0.92726356,-0.92856723,-0.9150952,-0.90640354,-0.93395615,-0.9820211,-0.9655069,-0.9765453,-0.972634,-0.9920165,-0.98897445,-0.95855355,-0.97133034,-0.9672453,-0.9628994,-1.0034895,-0.9865408,-1.0498161,-1.0243495,-1.0200037,-0.9902781,-1.0121812,-0.9452553,-0.9476021,-0.941344,-0.96985275,-0.98349863,-0.9817603,-0.97150415,-0.99088657,-0.9641162,-0.9415179,-0.9057082,-0.90414375,-0.9102279,-0.8668564,-0.85555726,-0.8335673,-0.8385216,-0.82635325,-0.85416657,-0.7868061,-0.80271184,-0.7748985,-0.7459552,-0.721184,-0.69728196,-0.6807677,-0.674249,-0.71318763,-0.7137961,-0.6868519,-0.662776,-0.6319205,-0.68363595,-0.62470645,-0.6125381,-0.61323345,-0.6151456,-0.6249672,-0.63296354,-0.67164147,-0.71292686,-0.7574282,-0.67876863,-0.62166435,-0.67164147,-0.65382355,-0.7343954,-0.7033661,-0.69597816,-0.6939791,-0.6618199,-0.6768565,-0.6144503,-0.58255184,-0.5914173,-0.5892444,-0.5488282,-0.5879407,-0.6074969,-0.57429475,-0.6029772,-0.5769023,-0.5916781,-0.5443085,-0.5047614,-0.53474766,-0.5225793,-0.5718611,-0.61688393,-0.5510011,-0.5640386,-0.49433133,-0.47912094,-0.51406145,-0.5344869,-0.5675152,-0.57646763,-0.51866806,-0.531271,-0.54343927,-0.5247522,-0.5686451,-0.39828837,-0.42132133,-0.42653632,-0.3843817,-0.3448346,-0.3463122,-0.38307798,-0.37569004,-0.3624787,-0.37351713,-0.37742838,-0.30050707,-0.38047045,-0.3490066,-0.3365775,-0.37986204,-0.37629846,-0.38133964,-0.4165409,-0.3765592,-0.3974192,-0.37873212,-0.38160035,-0.42653632,-0.4430505,-0.42697093,-0.44131216,-0.41028288,-0.41115206,-0.38612005,-0.3859462,-0.42071292,-0.37064886,-0.36847594,-0.35396087,-0.3422271,-0.27269372,-0.21793619,-0.2107221,-0.23114753,-0.27156383,-0.25722256,-0.26852173,-0.26617497,-0.26965165,-0.24618413,-0.25939545,-0.2992033,-0.3244092,-0.36352172,-0.3380551,-0.3732564,-0.40932682,-0.4945052,-0.50580436,-0.4280139,-0.47277603,-0.4549581,-0.43627098,-0.43062142,-0.45174217,-0.44365892,-0.3800359,-0.39759305,-0.37934053,-0.3967239,-0.2507038,-0.18447325,-0.15970199,-0.18768917,-0.1894275,-0.19420792,-0.26765254,-0.3530917,-0.28416672,-0.30763426,-0.30328843,-0.22897463,-0.2918154,-0.19942293,-0.29138082,-0.2824284,-0.28746957,-0.3723872,-0.33197093,-0.3645647,-0.39411637,-0.41176048,-0.339185,-0.35587302,-0.35239634,-0.37004045,-0.38455552,-0.38829297,-0.37151805,-0.33310086,-0.3717788,-0.37934053,-0.35065803,-0.36134878,-0.32632133,-0.33005875,-0.3397934,-0.35891512,-0.31789044,-0.319368,-0.31919417,-0.32006332,-0.3244092,-0.34805053,-0.34700754,-0.3567422,-0.37716764,-0.3080688,-0.33370927,-0.31441376,-0.30181083,-0.21619786,-0.17508624,-0.19229575,-0.16795908,-0.17465167,-0.1566599,-0.16213566,-0.17560774,-0.189949,-0.189949,-0.1530094,-0.113809966,-0.1088557,-0.075392775,-0.079304025,-0.054967348,-0.036888666,-0.017158572,0.015000613,0.023518454,0.03281854,0.06914973,0.07219181,0.034383044,0.060458057,0.027603539,0.008308028,-0.007597732,0.04394388,0.009177195,0.081057325,0.05958889,0.048028965,0.0539393,0.05063647,0.09061816,0.17231989,0.11999602,0.13303353,0.095224746,0.08479474,0.102786504,0.046551384,0.048028965,0.036729798,0.055243053,0.032644708,0.016304364,0.04264013,0.013088446,0.028907292,0.068019815,-0.0010789783,-0.027501661,0.053070135,0.0710619,0.11365109,0.09348641,0.0871415,0.111043595,0.07871057,0.08175265,0.09087892,0.09670234,0.08740225,0.08974899,0.12277735,0.09348641,0.09061816,0.0461168,0.0409018,0.045247633,0.056286056,-0.16144033,-0.17447783,-0.20620243,-0.28660038,-0.3332747,-0.31284925,-0.3537001,-0.33544758,-0.36699837,-0.37829757,-0.38629386,-0.3697797,-0.3609142,-0.37108347,-0.41410723,-0.420626,-0.41089132,-0.43235973,-0.46130303,-0.430013,-0.42479798,-0.41019598,-0.41410723,-0.41280347,-0.419583,-0.3680414,-0.39437714,-0.39655003,-0.38499013,-0.3948117,-0.40585014,-0.45999923,-0.4649535,-0.45565343,-0.4067193,-0.42975223,-0.41741008,-0.419583,-0.4582609,-0.43757474,-0.48233685,-0.5147568,-0.50623894,-0.49972022,-0.48450977,-0.46929935,-0.5112801,-0.5112801,-0.5744686,-0.5251868,-0.53492147,-0.5045006,-0.53535604,-0.5588236,-0.48494434,-0.46712643,-0.47347134,-0.43088213,-0.46973392,-0.49128926,-0.49563512,-0.47390595,-0.4591301,-0.41975683,-0.48129386,-0.48346674,-0.60862684,-0.57577235,-0.5304018,-0.5475244,-0.5475244,-0.5356168,-0.5649077,-0.5721218,-0.5977622,-0.6248803,-0.43062142,-0.3617834,-0.29138082,-0.27895173,-0.3250176,-0.3057221,-0.2892079,-0.3048529,-0.27026007,-0.26243755,-0.2554842,-0.29112008,-0.27895173,-0.27703956,-0.19446868,-0.170132,-0.20993985,-0.18429941,-0.15492156,-0.18099658,-0.2414037,-0.19646776,-0.12780355,-0.123196974,-0.11537446,-0.044537343,-0.095383614,-0.07304602,-0.09129853,-0.14214481,-0.158659,-0.12189321,-0.12754281,-0.16039732,-0.19533785,-0.22558486,-0.22097827,-0.21228659,-0.26921704,-0.4337504,-0.39350796,-0.3848163,-0.39767995,-0.38829297,-0.38568544,-0.37482086,-0.4008959,-0.39637622,-0.39611548,-0.4315775,-0.46695262,-0.6597339,-0.6842444,-0.775507,-0.7770714,-0.8463441,-0.86224985,-0.805754,-0.80549324,-0.79202116,-0.7675106,-0.767076,-0.7311794,-0.7540385,-0.8014082,-0.73100555,-0.7116232,-0.74682444,-0.78228647,-0.7414356,-0.7190111,-0.7036269,-0.747259,-0.7824603,-0.7205756,-0.7329178,-0.7450861,-0.73752433,-0.7496927,-0.7362206,-0.76594615,-0.7329178,-0.69189304,-0.69119775,-0.69728196,-0.76160026,-0.8067969,-0.79940903,-0.7885444,-0.7768107,-0.8279177,-0.8374786,-0.838087,-0.85312355,-0.86068535,-0.9084895,-0.90631664,-0.86920315,-0.84964687,-0.79202116,-0.80401564,-0.761861,-0.74378234,-0.6749443,-0.6245326,-0.61992604,-0.5975884,-0.6351365,-0.5602142,-0.5584759,-0.54370004,-0.55908436,-0.7924557,-0.7866323,-0.74534684,-0.788979,-0.7766369,-0.7123185,-0.68511355,-0.66842556,-0.68493974,-0.7649031,-0.76924896,-0.7570806,-0.77941823,-0.7655115,-0.7429132,-0.74552065,-0.81966066,-0.7685536,-0.715969,-0.67381436,-0.630356,-0.80071276,-0.75794977,-0.75534225,-0.7416094,-0.7081465,-0.6905893,-0.7116232,-0.68989396,-0.7281373,-0.6632106,-0.69145846,-0.66208065,-0.63278973,-0.65251976,-0.66755635,-0.6916323,-0.65234596,-0.66364515,-0.6858089,-0.6877211,-0.6820715,-0.61166894,-0.627314,-0.6267055,-0.60845304,-0.65599644,-0.662776,-0.62149054,-0.61992604,-0.6727714,-0.5725564,-0.5173643,-0.64539266,-0.6629498,-0.4263625,-0.34466076,-0.34005418,-0.3511795,-0.3281466,-0.32875502,-0.33509994,-0.31397918,-0.1664815,-0.08026011,-0.13319239,-0.053489763,-0.03410733,0.0034406912,0.029776458,0.042118635,0.054721553,0.11582401,0.09731075,0.101917334,0.15902163,0.1449411,0.1983949,0.21464832,0.23724668,0.1905724,0.18666114,0.19726498,0.22533907,0.18292372,0.1510253,0.2331616,0.25680292,0.2654946,0.23246625,0.21925491,0.19882949,0.23098867,0.24072334,0.24185325,0.24185325,0.27357787,0.34571874,0.3602338,0.3471963,0.3528459,0.37396666,0.34919542,0.38439667,0.43628597,0.46409932,0.46653298,0.40238845,0.4326355,0.5599684,0.60142773,0.5856089,0.5996894,0.62750274,0.6625302,0.6683536,0.68425936,0.68052197,0.72902143,0.8598311,0.9095475,0.89112115,0.91563165,0.9563087,0.9412721,1.0151514,1.0068942,1.010197,0.9676079,0.978907,0.9893371,0.9030288,0.9734313,0.9243234,1.0241038,1.0403572,1.086423,1.0673013,1.0375758,1.029058,1.1088476,1.1249272,1.2027177,1.2257504,1.3039756,1.344392,1.3439573,1.3793323,1.3945428,1.4221824,1.4313086,1.4786782,1.5090991,1.6131383,1.592713,1.4966699,1.4499958,1.4484313,1.5012766,1.4871092,1.4699866,1.523875,1.5499499,1.5805446,1.6199179,1.6687651,1.6439939,1.6890167,1.7385592,1.7602884,1.7991402,1.7869717,1.8017476,1.7887101,1.6570313,1.7448173,1.8186964,1.9382068,2.1070862,2.2687511,2.3415005,2.343065,2.4623146,2.4612718,2.5082066,2.4866514,2.5813906,2.5447118,2.5818253,2.5540118,2.5574884,2.6950777,2.5755672,2.406688,2.3687055,2.437109,2.3697484,2.1892223,2.2515416,2.2415464,2.0284264,2.1149087,2.1766193,2.235462,2.3448033,2.5029917,2.5681794,2.5453203,2.5305443,2.596601,2.6855168,2.778083,2.7055078,2.7113311,2.601034,2.583129,2.6459699,2.739579,2.74462,2.8069391,2.9819026,2.9979823,3.0251002,3.0146704,3.0251002,3.0064132,2.9082842,2.793728,2.8108506,2.5616605,2.3906953,2.5419304,2.4167702,2.4399772,2.5510566,2.4185088,2.502557,2.5488837,2.576697,2.4185088,2.4734402,2.6077263,2.6233714,2.6820402,2.6301508,2.6275434,2.7120264,2018-04-17
SPGI_BXMT,-0.70323414,-0.8236159,-0.59397775,-0.45029932,-0.68849546,-0.64228255,-0.47197947,-0.24814163,-0.16351308,-0.2558438,0.003557025,-0.1835767,-0.16066045,-0.15333864,-0.17292683,-0.049787495,-0.01888381,-0.073464476,-0.02534981,0.0007043767,-0.031340376,-0.1844325,-0.17577946,-0.16370326,-0.27353022,0.028279977,0.17338468,0.08514277,0.26714173,0.21199055,0.20077012,0.27997866,0.30441633,0.18384439,0.2016259,0.30460653,0.2902482,0.44391087,0.48479882,0.5058133,0.5849268,0.66698796,0.786609,0.80030173,0.61288273,0.6754508,0.40150148,0.44657332,0.3388383,0.15189473,0.15417686,0.3629907,0.36603355,0.36337107,0.45246878,0.47529,0.6091743,0.50961685,0.63855654,0.74496037,0.76293194,0.8274019,0.7565611,0.08229012,0.020672914,0.11880401,0.12973917,-0.03305196,-0.21238844,-0.31166062,-0.18918692,-0.11292612,0.1611183,0.31725326,0.030657183,-0.16047025,-0.14839405,-0.26849052,-0.31708065,-0.3141329,-0.33419654,-0.2932135,-0.369189,-0.0359997,0.14714032,0.27912286,0.34349763,0.41880754,0.4856546,0.5053379,0.27684075,0.29538295,0.3987439,0.31259394,0.2722765,0.34321237,0.12793249,-0.22845837,-0.16199167,-0.38050452,-0.6534079,-0.718163,-0.98279375,-0.91547126,-1.0896729,-1.2837481,-0.9490374,-0.65454894,-0.49118727,-0.6677662,-0.6092869,-0.50459474,-0.8817149,-1.1118284,-1.2764263,-1.1286591,-1.2461883,-1.2473294,-1.1046017,-0.94399774,-0.69505656,-0.6361969,-0.6220287,-0.55898523,-0.6340099,-0.5246584,-0.24994831,-0.14192805,-0.17977318,-0.3645297,-0.26202452,-0.1649394,-0.5295078,0.033224568,0.041021805,0.011734617,0.1407694,0.21332178,0.11690225,0.15522282,0.21493827,0.29310083,0.20362277,0.29291067,0.14476311,0.21275124,0.037788805,-0.29901385,-0.29606614,-0.24110511,-0.47454685,-0.6625363,-0.5292226,-0.16066045,-0.36386406,-0.078884505,-0.11891668,-0.059771765,-0.06262441,0.05747208,-0.0027188011,0.6583349,0.3917074,0.19877326,0.15721968,0.2795032,0.2746537,0.15455721,0.13135567,0.1205156,0.11861384,0.39988497,0.49639955,0.48109037,0.30821988,0.10615728,-0.03000914,0.046061486,-0.011181658,0.08381153,0.336366,0.35462296,0.46806327,0.6473047,1.0740608,1.2095616,1.2317172,0.8507935,1.3312746,0.96870303,0.9585286,0.5611547,0.54441917,0.696085,0.42156512,0.121086136,0.875041,0.87456554,0.9900028,1.3504825,1.4998661,1.6598047,1.6982203,1.5295336,1.2840158,1.2777399,1.1682934,1.1267397,1.1661062,1.2023349,0.87751335,1.013965,1.0199555,0.697226,0.8079088,0.6840087,0.5639122,0.28349692,0.716624,0.73079216,0.8430914,0.3170631,0.21294142,0.14923227,0.11576119,0.11671207,0.2812148,0.08362136,0.14105467,0.5592529,0.5180797,0.2789327,0.2228306,0.24203844,0.080198176,0.31829923,0.31734833,0.12175175,0.19763221,0.20809191,0.20885263,-0.03485864,0.016679207,0.06935811,0.24498616,0.16254462,0.17015168,0.22330604,0.42156512,0.60698724,0.58369064,0.5975735,0.71224993,0.6841038,0.39864883,0.379441,0.43088377,0.27912286,-0.09124599,-0.12291039,-0.3238319,-0.50963444,-0.4926136,-0.3337211,-0.33733445,-0.30975884,-0.19099359,-0.052640148,0.3316116,0.5441339,0.40093094,0.5912026,0.80049187,0.6975113,0.34596992,0.42099458,0.39655688,0.14057924,0.08723471,-0.028963167,0.048153426,0.013065852,-0.047790643,-0.09172142,-0.18814094,-0.059106145,0.116236635,0.16920081,0.17233872,0.13782167,0.07934239,0.18175246,0.19496973,0.38790384,0.13449359,0.22273551,-0.19356097,0.060229644,-0.111214526,-0.0359997,0.17424048,0.1416252,0.36479738,0.26400384,0.3007079,0.46910924,0.46017095,0.5480325,0.47719175,0.3349397,0.12260755,0.04929449,0.024571532,0.100356884,0.1309753,0.16615798,-0.05387629,0.30365565,0.33199194,0.21056421,0.36327597,0.45437056,0.15484248,-0.0594865,0.027614359,-0.022211898,-0.0018630067,0.02751927,-0.11596894,0.0581377,0.23357558,0.23062783,0.2568722,0.21569897,0.30356055,0.21531862,0.2511669,0.25344902,0.24137282,0.13687079,0.016393943,-0.0530205,0.059944376,-0.024589106,0.13943817,-0.0017679185,0.24355985,0.21246597,0.40597063,0.63218564,0.5669551,0.45950532,0.45028177,0.17043695,0.23490682,0.32115188,0.15579335,-0.10940786,-0.18005845,-0.14886948,-0.096095495,-0.08363892,0.05518996,0.17414539,0.27046984,0.4084429,0.75275755,0.8219818,0.61877817,0.3259063,0.360043,0.011734617,0.25221288,0.17604715,0.020768004,-0.053210676,-0.24633497,-0.18785568,-0.38145542,-0.52646506,-0.7098903,-0.48728865,-0.6603493,-0.88599384,-0.62830454,-0.3661462,-0.22313341,-0.30329284,-0.29730228,-0.18785568,-0.083448745,-0.09752182,0.05414399,-0.23454401,-0.5379707,-0.14858422,-0.2006926,-0.6381937,-0.57800287,-0.88133454,-0.6726157,-0.895883,-1.1435881,-1.286791,-1.0354726,-1.1828594,-1.4219115,-1.7799187,-1.8106321,-1.8949755,-2.12604,-2.1974514,-2.135834,-1.5941161,-1.6002018,-1.3387092,-1.6338631,-1.8990643,-1.8579862,-1.8921229,-2.2493694,-2.3541567,-2.350068,-2.2647738,-2.490133,-2.4882312,-2.7406907,-2.5920677,-2.6028125,-2.4312735,-2.3533962,-2.7040815,-2.68088,-2.613843,-2.7278538,-2.5570753,-2.5042062,-2.4713056,-2.425568,-2.45999,-2.4636984,-1.8715838,-1.8197607,-1.7599502,-1.634814,-1.6298695,-1.597159,-1.718777,-1.850379,-1.9784629,-1.6344335,-1.6589664,-1.6670488,-1.6703769,-1.6704721,-1.4486312,-1.0356628,-0.9331576,-0.75049305,-0.7940435,-0.73309183,-1.0295771,-0.9818429,-1.133889,-1.2143337,-1.0340463,-0.89131874,-0.8687829,-0.76447105,-0.971288,-0.74022347,-0.3450366,-0.34294465,-0.19527255,-0.1674117,-0.6732813,-0.64561063,-0.9252653,-0.87591445,-0.9780393,-0.9953454,-1.0562018,-0.9748063,-1.1967424,-1.1939847,-1.5605501,-1.5275544,-1.4167765,-1.5103434,-1.5478082,-1.3922439,-1.389296,-1.4575695,-1.5543693,-1.710314,-1.7130717,-1.7171603,-1.6245444,-1.7222953,-1.3780757,-1.1942701,-1.2036839,-0.8890367,-0.9426664,-1.2649207,-0.96729434,-1.0490702,-1.0727472,-0.78025573,-0.38250136,-0.36823812,-0.46931696,-0.5649758,-0.34836468,-0.2979679,-0.45533898,-0.44839755,-0.4051324,-0.30319774,-0.41682822,-0.4018994,-0.43803293,-0.63258356,-0.8825706,-0.8254226,-0.72890794,-0.7836788,-0.6187007,-0.34922048,-0.36728725,-0.3474138,-0.2816127,-0.1706447,0.008596704,-0.105414145,-0.19365604,-0.44915825,-0.5836131,-0.5228517,-0.5175267,-0.5786685,-0.64969945,-0.8703994,-1.0191175,-1.0377547,-0.91699266,-0.98983026,-0.79737157,-0.7721732,-0.92298317,-0.8937911,-0.9953454,-0.8418729,-0.5869412,-0.15581094,-0.066998474,-0.30253214,-0.15172213,0.03198842,-0.15989973,-0.15609619,-0.002908978,-0.09428881,-0.06452618,-0.014034307,0.1594067,0.40131128,0.49183533,0.47690648,0.51180387,0.32457507,0.56248593,0.3357004,0.28226078,0.26733193,0.21674496,-0.32316628,-0.16275238,-0.36139178,-0.3337211,-0.22760257,-0.22798292,0.007075291,-0.11425736,-0.1577127,-0.2111523,-0.0073781274,-0.15913902,-0.11777562,-0.10104008,-0.03542917,0.00935741,0.23709385,0.08970701,0.0016552595,0.20476384,0.035031244,0.1189942,0.34321237,0.16767938,0.17690295,0.19744202,0.26514488,0.19202201,0.19810764,0.29452714,0.32552594,0.35177028,0.27303723,0.06726617,0.09132351,-0.0011973889,-0.020595398,0.050720815,0.052242227,0.22825064,0.18650687,0.08029327,0.08190977,0.10358989,0.08038836,0.06641038,0.22653905,0.22435202,0.18451002,0.1351592,0.06469879,-0.08031084,-0.0748908,0.052337315,0.12213211,-0.31860206,0.37259462,-0.12861569,-0.67879647,-0.5379707,-0.6072901,-0.692299,-0.5111558,-0.3731827,-0.3451317,-0.25479782,-0.4836753,-0.4732156,-0.5720123,-0.4450695,-0.41188362,-0.50354874,-0.45885727,-0.44421366,-0.60282093,-0.7015225,-0.4860525,-0.38126525,-0.31593958,-0.5155299,-0.33723935,0.2535441,0.21769583,0.26771227,0.23633313,0.13240163,0.3193452,0.39703235,0.50980705,0.10682289,-0.04541344,-0.043131318,0.12707669,0.6112662,0.3079346,0.11880401,-0.08848842,-0.21438532,-0.08763263,-0.16760188,-0.032766696,0.11290854,0.49193043,0.7377336,0.9497804,0.89814746,1.1783726,1.0510495,0.96955884,1.1386257,1.0600828,1.1045842,1.3946035,1.5359048,1.6281403,1.5237334,1.6277599,1.3078829,1.6026566,1.482465,1.5066174,1.9274782,2.0201893,1.8128968,1.2809728,2.4048214,2.8745575,2.1257372,2.4759474,2.550782,2.6513853,2.4000669,2.532715,2.3572774,2.395598,2.4649172,2.5446012,2.7324004,2.7938275,2.9004216,2.920485,2.7332563,2.52197,2.317055,2.2642808,2.3211436,2.4460897,2.5955684,2.5221603,2.6362662,2.2489717,2.509038,2.4031098,2.159018,2.6692617,2.632748,2.3299868,2.3338857,2.410812,2.0430105,1.934895,2.0943582,1.9408855,2.0009813,1.9368919,1.8857344,1.7180939,1.8588245,2.1801279,1.9689367,2.382761,2.3852332,2.3361678,2.5243473,2018-04-17
IBKR_CACC,-1.3553162,-1.2266264,-1.244643,-2.121878,-1.8321116,-1.6410074,-1.5873867,-1.7002047,-1.652375,-1.7027786,-1.6643862,-1.7197226,-1.7398841,-1.8093765,-1.6866922,-1.464917,-1.4717804,-1.7469621,-1.7349509,-1.6993468,-1.5993977,-1.7671235,-1.7225109,-1.5200391,-1.4224494,-1.1901643,-1.1163822,-0.73117095,-0.69342196,-0.5653757,-0.57588536,-0.5059639,-0.4062294,-0.32451144,-0.2921245,-0.35303766,-0.25737828,-0.5132563,-0.35432452,-0.49052113,-0.47293353,-0.2447238,-0.2284231,-0.28526106,-0.69513786,-0.9325704,-1.1161678,-0.86329246,-0.82018137,-0.98040015,-1.9277711,-0.7412517,-0.44140458,-0.46842942,-0.37083972,0.29877588,0.3723435,0.25545034,0.28140277,0.42682216,0.25673723,0.13877165,-0.11753541,-0.2582362,-0.17179959,-0.4978136,-1.194025,-0.9904808,-0.505535,-0.108312644,-0.26531413,-0.10724024,-0.11024299,-0.009007067,0.19882686,0.3047814,0.58682644,0.7292431,0.86157906,0.92892665,1.1564931,0.9066205,0.57931954,0.36204833,0.18252616,0.33652487,0.58403814,0.7138003,0.3963656,0.27132207,0.023594333,-0.07528228,0.20375997,0.17051512,0.07785851,0.19989927,0.14391924,0.029385371,0.034318477,0.20504686,0.11003094,0.10273852,0.21298273,0.31228828,0.43068287,0.31979522,0.44741255,0.15700269,0.4354015,0.5735285,0.49888843,-0.034745015,0.023165368,-0.31764796,-0.38456663,-0.48708943,-0.4662846,-0.42660528,-0.49545425,-0.48365772,-0.3886418,-0.38456663,-0.0006422342,0.34403175,0.009009496,0.023165368,-0.08707884,-0.15271062,0.030243304,0.23400204,0.5089691,1.2184786,1.2030358,1.6116257,1.6811181,1.8505597,2.1553397,2.4243016,2.3449426,2.590311,2.1703537,2.2840297,1.9415004,1.4426131,2.0824156,2.507306,2.352664,1.9584445,1.938712,1.1706489,1.2789627,1.2527958,0.88710254,0.23271516,0.49631462,0.1293344,-0.016728451,-0.4008673,-0.14327335,0.29169795,0.5327767,0.8131059,0.7213072,0.9600266,0.70221823,0.56023055,0.5184064,0.74854654,0.7414686,0.3989394,0.4958857,0.9887674,0.9336453,0.774499,0.56387675,0.2786145,-0.059196062,-0.17952098,-0.2494424,-0.069276765,-0.29791555,-0.33673695,0.08343506,0.18402754,0.060699873,-0.08707884,-0.22992447,-0.076998144,-0.26316932,-0.5574398,-0.28161484,-0.028525012,-0.19217546,-0.3311604,-0.042680882,-0.08836574,-0.10745472,-0.29813004,-0.58853984,-0.48194185,-0.29298246,-0.4008673,-0.37963352,-0.27882656,-0.72430754,-0.9113366,-0.56365985,-0.46113703,-0.63744193,-0.8765904,-0.3832797,-0.31807694,-0.48322874,-0.14970785,-0.29298246,-0.27882656,-0.16236235,-0.04632709,-0.3961487,-0.5282702,-0.102521606,0.28011587,0.36204833,0.75605345,1.1539192,0.42167458,0.4819443,0.6127789,0.87316114,0.8613645,1.0145054,1.0769198,1.0803516,1.1496296,1.1785847,1.2407848,1.1691475,1.0775633,1.1629275,1.0925771,1.154777,1.1522034,0.94394046,1.1011564,0.93343085,0.8660832,0.86308044,0.61385125,0.41095042,0.5913306,0.7328893,0.5722416,0.59905195,0.5531526,0.3834966,0.33716834,0.6558899,0.70436305,0.592403,0.60269815,0.5379243,0.58511055,0.7165886,0.7005024,0.81353486,0.72473896,0.71701753,0.6769092,0.93579006,0.95745295,1.0145054,0.7476886,0.7929445,1.0754185,0.981904,1.1577798,1.1534902,1.2298462,1.1957433,1.1320419,1.0014219,1.3362297,1.4295298,1.5884616,1.2675952,1.1022289,1.0706999,1.0393854,1.112095,1.1472702,0.7699948,0.8924645,1.025873,0.98790944,0.76441824,0.504036,0.3927194,0.42703667,0.25244758,0.27003515,0.44634014,0.22027513,0.43625942,0.27604067,0.41309527,0.44483873,0.2320717,0.16601098,0.030243304,0.124186814,0.27389586,-0.2706762,-0.4722901,-0.18810028,-0.040536053,-0.029597424,0.12461577,0.20504686,0.309929,-0.15700026,-0.1941058,-0.29941693,-0.41051906,-0.4720756,-0.45534596,-0.42596182,-0.41866943,-0.379848,-0.29298246,-0.36183146,-0.41802597,-0.24536724,-0.25223067,-0.2243479,-0.38134938,-0.45749077,-0.3920735,-0.524624,-0.33437765,-0.4263908,-0.03646088,-0.19281891,-0.3862825,-0.30928314,-0.14112853,-0.39185905,-0.29040864,-0.08000091,-0.2593086,-0.13190576,-0.23807482,-0.18037891,-0.29791555,-0.29641417,-0.18852925,-0.08879471,0.055766765,0.03002882,-0.2370024,-0.082574695,-0.03860571,-0.179092,-0.37448594,0.03088675,0.20375997,0.39572215,0.40687525,0.57889056,0.4553484,0.3483214,0.2661745,0.17630616,0.2618848,0.03002882,0.32944694,0.09244334,0.03581986,0.039251585,-0.07206504,-0.18466856,-0.08815126,-0.06713193,-0.07528228,-0.14498922,-0.30177623,0.4836602,0.33009037,0.31078693,0.48473257,0.6211437,0.36848283,0.53470707,0.5162616,0.63572854,0.4000118,0.6207147,0.686561,0.62779266,0.4394767,0.32215452,0.25287655,0.29019657,0.09244334,0.057482634,0.30542484,0.37813455,0.36762488,0.52998847,0.4832312,0.36226282,-0.003216029,-0.07185056,0.19217789,0.015015017,0.20783514,0.093301274,0.034103993,-0.04654157,-0.44976938,-0.3800625,-0.40451354,-0.398937,-0.5312729,-0.611704,-0.7324579,-0.73374474,-0.56816393,-0.46413976,-0.19732305,-0.0008567171,0.05683918,0.11024542,0.07056609,-0.0077201696,0.08858265,-0.051045716,-0.16257682,0.008151565,-0.11002851,-0.20997754,-0.39571974,-0.27260658,-0.16279131,-0.16965476,-0.17158511,-0.08750781,0.3650511,0.060056426,0.11968268,0.103810936,0.3513242,0.32773107,0.35475594,0.29770347,0.24987377,0.3611904,0.38950214,0.33094832,0.70929617,0.5379243,0.4025856,0.31078693,0.1231144,0.09072748,-0.009864999,0.20375997,0.03067227,0.0566247,0.159362,0.21984616,0.3182938,0.16643995,0.15979098,0.19947031,0.085794374,-0.09908988,-0.13640991,-0.17351545,-0.23764586,-0.09093953,0.20247307,0.228211,-0.0017146488,0.01372812,-0.024020871,-0.15228164,-0.38778386,-0.3852101,-0.42681977,-0.179092,0.11796681,-0.028739495,-0.17694718,-0.14305888,-0.33652246,-0.30263418,-0.27174863,-0.22542033,-0.23678792,-0.48172736,-0.68377024,-0.8028083,-0.6344392,-0.56687707,-0.6031247,-0.57910264,-0.5106826,-0.5501474,-0.9737511,-0.77149373,-0.83004755,-0.7204468,-0.7155137,-0.8643649,-0.97418004,-0.95058703,-0.87144285,-0.9179856,-0.9387904,-0.9203449,-1.0278008,-1.1830864,-1.3327955,-1.4046472,-1.2577264,-1.0335917,-0.9889794,-0.88731456,-0.93514425,-0.9964863,-0.9379325,-1.0001326,-1.0582573,-1.0359511,-0.9917677,-1.1787968,-1.4140846,-1.5232563,-1.4001431,-1.3726894,-1.5138191,-1.4927998,-1.5228273,-1.7932903,-1.8610669,-1.8651421,-1.9481469,-2.085845,-2.2070277,-2.2132478,-2.0399456,-1.8606379,-1.5953226,-1.3660403,-1.4404659,-1.4318867,-1.4263101,-1.4110818,-1.3229294,-1.3626087,-1.3857728,-1.5468494,-1.752753,-1.6667453,-1.4852929,-1.5519971,-1.5891025,-1.3763355,-1.3390155,-1.1678582,-1.1790113,-1.9608015,-2.1815042,-1.9129716,-1.9305594,-2.1525493,-2.3170576,-2.1883678,-1.9528655,-1.9871829,-1.8597798,-1.789644,-1.5991832,-1.5513536,-1.4799308,-1.5700136,-1.5202535,-1.5665818,-1.4762845,-1.3979983,-1.4616997,-1.471566,-1.647013,-1.665244,-1.6343584,-1.4878666,-1.5496377,-1.3536003,-1.356603,-1.3797673,-1.4951591,-1.4477583,-1.3763355,-1.5642226,-1.2845368,-1.0612601,-1.107803,-1.2369217,-1.2373506,-1.1639974,-1.2643754,-1.3282913,-1.3182106,-1.3207844,-1.0912877,-1.0082829,-0.9799711,-0.9784697,-1.0803492,-0.75240475,-0.9450104,-0.88130903,-0.81996685,-0.88388276,-0.8570724,-0.7571234,-0.41480872,-0.4952398,-0.5578688,-0.3596866,-0.2282086,-0.2080472,-0.3135728,-0.26059553,-0.23078239,0.30563933,0.41073593,0.7354631,0.516905,0.45406154,0.41867182,0.29641655,0.3738449,0.40687525,0.4012987,0.37684765,0.39936835,0.40644628,0.43647394,0.47014773,0.4568498,0.567094,0.5709547,0.7479031,0.7654907,0.2745393,0.33438003,0.4956712,0.60698783,0.47036225,0.5244119,0.55744225,0.554654,0.3395276,0.43861878,0.50167674,0.12096957,0.13941509,-0.1366244,-0.2949128,-0.19174649,-0.10981403,0.15979098,0.045257106,0.019948125,0.059841946,-0.0137256915,-0.14498922,-0.12933198,-0.07420986,0.009652945,0.082148165,0.37448835,0.2496593,0.042254344,0.121827506,0.15228407,0.1256882,-0.16107544,-0.22070171,-0.22027272,-0.15678579,-0.22091618,-0.8448469,-1.0121435,-0.9349298,-0.5962612,0.74597275,1.4709249,1.450549,1.3229318,1.1564931,1.4979498,1.2206234,0.9900543,1.0359536,1.2793918,1.6159154,1.8559217,1.7587609,1.9104003,2.023862,2.0849893,2.305907,2.4528277,2.6362107,2.4850001,1.7315216,1.770343,1.8805872,2.083488,1.8754398,2.2555034,2.4350255,2.4137917,2.341082,2.2932525,2.0815578,1.979035,1.7958666,2.1392536,2.2128212,1.677043,1.5356988,1.8951722,1.3726918,1.3278649,1.4224519,1.1968157,1.6596699,2.116733,2.2866035,2.3640318,2.428162,2.8062954,2.7485995,2.930052,2.8712838,3.044586,3.2451274,2018-04-17
SEIC_IBKR,-0.043752607,0.003172681,-0.09936777,-0.12775467,-0.02608321,-0.00204124,-0.28214467,-0.17091434,-0.14426541,-0.018551992,0.0017243696,-0.07358783,-0.13152027,0.01707647,-0.027241858,-0.050125178,0.023738703,0.046911683,-0.028110847,-0.12254075,-0.216681,-0.012179419,-0.073298156,0.010414238,-0.14194812,-0.20190822,-0.10313338,-0.37976086,-0.41307202,-0.4278448,-0.4698458,-0.3870024,-0.4055408,-0.5692,-0.5799175,-0.68390626,-0.7684877,-0.58020717,-0.58947635,-0.5156124,-0.70910686,-0.72619694,-0.8860905,-0.89072514,-0.9726995,-1.0242594,-1.2189125,-1.6664406,-1.8987497,-1.6015562,-1.2516443,-1.6389227,-1.7220558,-1.6713649,-1.6968551,-1.654854,-1.6169083,-1.6577507,-1.7110486,-1.6997519,-0.6193116,-0.6190219,-0.24709553,-0.12514772,-0.24854383,-0.113850884,0.17465274,0.47734982,-0.03882835,-0.23029512,0.07500893,0.10310617,0.12222388,0.30210415,0.45852175,0.4330315,0.36322287,0.3846579,0.28588307,0.3186149,0.32730478,0.37278172,0.28211746,-0.24332991,-0.29054487,-0.3510843,-0.15382428,-0.14339644,-0.23087443,-0.23840566,-0.011600095,0.20130168,0.045753036,0.13438968,0.19029452,0.25778583,0.23750946,0.19753607,0.028373297,-0.094153844,-0.10979561,-0.3354425,-0.40177518,-0.49186015,-0.6604436,-0.9095532,-1.0668398,-0.8440895,-0.8649452,-0.7589287,-0.9266432,-0.52024704,-0.72387964,-0.47505975,-0.38989902,-0.49910173,-0.2957588,-0.31980076,-0.26099932,-0.11414054,-0.13152027,-0.21754998,-0.1767076,-0.5063433,-0.38497478,-0.19959092,-0.08343634,-0.015365705,-0.0376697,-0.12022345,-0.17149368,-0.1920597,-0.035352405,-0.18481815,0.028373297,0.050677292,-0.280986,-0.35832584,-0.19292869,-0.08256736,-0.07474647,-0.16627975,0.11845827,-0.062290996,-0.11471987,0.029531946,0.06313277,-0.04404227,-0.062001333,-0.111823246,-0.024924561,-0.058235724,-0.14252745,-0.22334322,-0.36093283,-0.2980761,-0.25230944,-0.42581716,-0.5909246,-0.56195843,-0.51937807,-0.4539144,-0.44203824,-0.29228282,-0.37251928,-0.2795377,-0.3861334,-0.42321017,-0.41509965,-0.45883864,-0.4171273,-0.47940466,-0.4930188,-0.58571076,-0.6891202,-0.23377106,-0.23985398,-0.12022345,-0.37396762,-0.3102419,-0.03709038,-0.18221118,-0.15179664,-0.36006382,-0.16917637,-0.44030026,-0.26476493,-0.07909141,-0.064897954,0.3018145,-1.3220322,-1.7359595,-1.4100895,-1.5146576,-1.7666638,-1.702069,-1.9181572,-1.9459647,-2.1194725,-2.2842903,-2.2136128,-2.425935,-1.8399484,-2.0015798,-2.1229484,-2.215061,-2.236496,-2.1406178,-1.9917313,-1.9839104,-2.1571286,-2.2735727,-2.1875432,-2.064147,-2.1206312,-2.3323743,-2.3908858,-2.640575,-2.6489751,-2.7402186,-2.835228,-2.724577,-2.6990867,-2.5316617,-2.5232618,-2.5258687,-2.3454092,-2.4030516,-2.407107,-2.263145,-2.3894374,-2.2877662,-2.0832646,-2.1594458,-2.1154172,-2.1325073,-2.1724806,-2.064147,-1.8020027,-1.7837539,-1.510023,-1.6687579,-1.5850456,-1.5928664,-1.4289175,-1.3107353,-1.4813464,-1.401979,-0.811937,-0.86002094,-0.704762,-0.70563096,-0.68158895,-0.6833269,-0.6190219,-0.42842412,-0.3846851,-0.41133404,-0.3519533,-0.26795122,-0.23956431,-0.06344964,0.037932154,-0.081698366,0.017945457,0.089202374,0.2548892,0.16074896,0.048359994,0.17957701,0.1674112,0.18189432,0.13612767,-0.07474647,-0.028110847,-0.06663593,-0.06924289,-0.07011188,0.035035532,-0.109505944,-0.10110574,-0.062001333,-0.038249027,-0.08459499,-0.18163185,-0.06084268,0.03242857,-0.039118014,0.06400176,0.04488405,0.21926075,0.30036616,0.31977355,0.422314,-0.14687239,-0.349636,-0.2798274,-0.1544036,0.26155144,0.34265685,0.510661,0.5494757,0.48285344,0.54542047,0.4498319,0.5726487,0.53702027,0.6395607,0.6004563,0.6297122,0.4776395,1.1847053,1.1818086,1.2374237,1.0862199,1.2330787,-0.29894507,-0.4539144,-0.4524661,-0.41973424,-0.22102593,-0.25607505,-0.25607505,-0.30676597,-0.3380495,-0.20770146,-0.23058479,-0.17699726,-0.2812757,-0.23464005,-0.25404742,-0.2418816,-0.28214467,-0.2864896,-0.23782633,-0.16483144,-0.2218949,-0.07474647,-0.30010372,-0.4487005,-0.42349985,-0.43103108,-0.32588366,-0.32530436,-0.3707813,-0.41886526,-0.4637629,-0.8322133,-0.69723076,-0.61757356,-0.6381396,-0.5103985,-0.45217642,-0.5011293,-0.5083709,-0.4889635,-0.41046506,-0.51764005,-0.50083965,-0.35282227,-0.36991233,-0.49968106,-0.41423064,-0.6019318,-0.93880904,-1.0934887,-1.030632,-1.0708951,-1.0581499,-1.1520004,-1.0636535,-1.0624949,-0.96256137,-0.80990934,-0.83453065,-0.43218973,-0.25404742,-0.16888672,-0.017103678,-0.14368609,-0.12920298,-0.20828077,-0.29228282,-0.25694406,-0.07880175,-0.14021015,-0.04259396,-0.20335653,-0.18626645,-0.28735858,-0.3893197,-0.9031806,-0.9260639,-0.7777568,-0.63205665,-0.7108448,-0.6940444,-0.52488166,-0.33080792,-0.22797781,-0.3562982,-0.24448857,-0.19756328,-0.29749674,-0.36672607,-0.20017023,-0.5413924,-0.2850413,-0.3354425,-0.11703717,-0.049545854,-0.29315183,-0.34355307,-0.18481815,-0.37512624,-0.36846402,-0.30850396,-0.3018417,-0.08749161,0.05994649,0.07645724,0.10368549,0.24706832,0.26444805,0.44403866,0.35916764,0.45446652,0.29370397,0.3530847,0.22766095,0.38060263,0.27226895,0.29804888,0.3585883,0.43187287,0.29833853,0.599877,0.45041123,0.51268864,0.49907452,0.7447081,0.70502436,0.18594958,0.11990658,0.050966956,-0.07880175,-0.13644454,0.08196082,-0.059104707,-0.053311463,-0.18626645,-0.25549576,-0.12514772,0.009545251,-0.10487135,-0.19930126,-0.04520092,0.05038763,0.13323104,0.15292808,0.29370397,0.32817376,0.5471585,0.5277511,0.55758625,0.42202434,0.50341946,0.61088413,0.5642485,0.5752557,0.5700418,0.78062624,0.8591247,0.927485,1.0636263,1.0691298,1.0494328,1.1679047,1.2156991,1.0285772,1.1296693,1.064785,1.0555158,1.0291564,1.1131585,1.101572,0.9996109,1.0737644,1.0714471,0.97267234,1.1114205,1.2417687,1.1716704,1.2507482,1.5325896,1.4532222,1.5001473,1.5702456,1.5221617,1.7428844,1.3356192,1.1511043,1.3440194,1.2154094,1.1215588,1.1383592,1.1209794,0.99265903,0.86984223,0.7548463,0.95529264,0.9920797,0.9949763,0.972093,1.262045,1.2490102,1.2078782,1.1997677,1.2452445,0.94486475,0.90199476,0.9216917,0.8941738,0.88635296,0.87563545,0.906919,0.8608627,0.76353616,0.9121329,1.1209794,1.056095,1.1253244,1.081006,1.012356,1.030315,1.0633366,1.2119335,1.4566981,1.5650318,1.5992119,1.7211597,1.6281781,1.4477186,1.4436634,1.2426376,1.2979631,1.2875353,1.1713808,1.4445323,1.4439529,1.3796479,1.140966,1.2684176,1.2136714,1.458436,1.529693,1.6244124,1.6661239,1.705518,1.8251485,1.7162355,1.8665701,2.0238569,1.9656346,1.6142744,1.7507054,1.9331925,1.7472293,1.4080348,1.3987656,1.4853746,1.4219385,1.3249017,1.2090367,1.2214923,1.3747236,1.3240328,1.2249683,1.0352393,1.1073653,1.30057,1.2965147,1.2232302,1.0995444,1.0656539,1.0714471,1.287825,1.2145404,1.1091032,1.0763714,1.221782,1.2414789,1.3805168,1.534038,1.1511043,1.0717368,0.9767276,1.0540674,1.021915,1.132566,1.2214923,1.1302485,1.1635599,1.3031771,1.1609528,1.224389,1.1988987,1.3631371,1.3243225,1.3321433,1.5679284,1.702042,1.6580133,1.4827677,1.2524861,1.3660338,1.3269293,1.2730522,1.3608198,1.3417021,1.548521,1.4888506,1.6310748,1.4862436,1.552866,1.5215824,0.98078287,0.9836795,1.1331452,0.5651175,0.64622295,0.37104377,0.6827204,0.29746953,0.30615944,0.20796391,0.21636412,-0.0046482007,0.3409189,0.46894962,0.36380222,0.3808923,0.35279506,0.28993836,0.28211746,0.31050438,0.4938606,0.64100903,0.8014819,0.7652741,0.96687907,1.0187286,0.9121329,0.9048914,1.0517502,0.89793944,1.0500121,0.74673575,0.5381789,0.5274614,0.60103565,0.36293325,0.2740069,0.3707541,0.062263787,0.26531705,0.3924788,0.5555586,0.62565696,0.7229835,0.78178483,0.74992204,0.6945965,0.83363444,0.86346966,0.8721595,1.0120664,0.92777467,1.0876683,1.2611761,1.2107748,1.2220715,1.1221381,1.1522629,1.2435067,1.3793583,1.3451781,1.507389,1.6693102,1.6910348,1.3790686,0.8843253,1.0462465,1.4077451,1.2817421,1.1189518,0.86665595,0.74123216,0.11208569,0.14394855,0.14192091,-0.13992049,-0.18800442,-0.46086627,-0.09791946,-0.2919932,-0.28533095,-0.51908845,-0.70736885,-0.48490825,-0.895939,-0.7096862,-0.5720966,-1.0225215,-1.0187558,-1.3014661,-1.2739482,-0.7334385,-0.7267763,-1.1716975,-1.1977671,-1.0477221,-1.0830609,-1.2084845,-0.9979001,-0.9900793,-1.0204939,-0.8385859,-0.63350505,-0.5576135,-0.66768515,-0.6222082,-0.34152544,-0.54226136,-0.59845585,-0.4469625,-0.32182837,-0.15845887,0.0049106553,-0.36991233,-0.6271324,-1.0952266,-1.2142777,-1.3970547,-1.9051224,-2.1246862,-2.6802588,-2.620009,-2.572504,-3.040309,2018-04-17
KKR_IVZ,-0.90947974,-1.1806676,-1.0382761,-1.544875,-1.5799363,-1.551315,-1.2021337,-1.0883635,-1.3380854,-1.4876323,-1.3946127,-1.1305802,-0.95241183,-1.2300396,-0.93738556,-0.944541,-0.78068334,-1.13702,-1.0017837,-0.9667225,-0.70269,-0.88085824,-0.8379262,-0.6032306,-0.67406857,-0.63829184,-0.459408,-0.11738209,-0.09591603,-0.27479985,-0.23258327,-0.17534046,-0.1460035,-0.3320427,-0.38213015,-0.47443423,-0.38213015,-0.3957253,-0.089476205,-0.032233384,-0.060139265,0.10371833,0.24610987,0.13162422,0.56595415,0.5516435,0.48796082,0.73052734,0.8442974,0.8657635,0.9566365,1.0646824,1.0296211,0.93803257,0.86003923,1.017457,0.7398293,0.8042274,0.64609414,0.86862564,0.7612953,1.1247873,1.3029555,1.3659227,1.4596578,1.4682443,0.7190787,0.8400042,0.91871315,0.9616452,0.71120787,0.45361513,0.5029871,0.3255343,0.30263716,0.48080546,0.73768264,0.78061473,0.30120608,0.21534185,0.2711536,-0.06657908,0.18099615,0.5645231,1.120494,0.91585094,0.6747156,0.38921696,0.15881456,0.4428821,0.4142607,0.7004748,1.077562,1.0153104,0.87864316,0.44216654,0.45003745,0.4994094,0.4793744,0.2868954,0.71550107,0.85002166,0.66469806,0.8271246,0.6553961,0.41926944,0.269007,0.28832644,0.10228727,0.28188664,0.37562177,0.50441813,0.50656474,0.5494969,0.4571928,0.46434814,0.5502124,0.48509866,0.82640904,0.8328489,0.4264248,0.27687788,0.2754468,0.040035687,0.31837893,-0.2654979,-0.51378864,-0.42863995,-0.30055913,-1.3144727,-0.59392864,-0.50877994,0.035742477,0.27258468,0.27974004,0.35844892,0.31623232,0.18600489,0.32839644,0.13591743,0.4994094,0.5909979,0.3555868,0.14092617,-0.20753953,-0.23616096,-0.30055913,-0.45082155,-0.5509965,-0.7220094,-0.72916484,-0.88586706,-0.9931974,-1.0440004,-0.93738556,-1.3151883,-1.280127,-0.9881886,-0.91019523,-0.7234405,-0.733458,-0.6497404,-0.6690599,-0.8822894,-0.26836005,-0.15530546,-0.4536837,-0.5824801,-1.0232497,-1.0089391,-1.1806676,-1.5878073,-1.5162537,-1.5878073,-1.309464,-1.474037,-1.3538271,-1.2200221,-0.6926725,-0.8794272,-0.9008933,-0.651887,-0.55815184,-0.40932053,-0.60251504,-0.010051789,0.33412072,-0.19322884,-0.3742593,-0.45153707,-0.5524276,-0.24546291,-0.9080487,-0.30843002,0.06794156,0.103002794,0.1394951,0.7176477,0.8507373,0.7290963,-0.17104724,-0.037242133,-0.12811512,-0.055130515,-0.38284573,0.06722602,0.46577924,0.21033311,0.55951434,0.41569173,-0.19108222,-0.25476488,0.24539433,-0.28911057,-0.5817645,-0.65975785,-0.64473164,-0.27265325,-0.22399685,-0.116666555,-0.016491607,-0.67836183,-0.67836183,-0.5860577,-0.6282743,-0.61897236,-0.83363295,-0.7191473,-0.66977537,-0.8636855,-1.013948,-0.97101575,-1.0053614,-1.1334423,-0.7556396,-1.29086,-1.3559737,-1.5284177,-1.5069517,-0.99391294,-1.1441753,-1.0726217,-1.2579454,-1.5556082,-1.6486276,-1.6414723,-1.6200063,-1.5048051,-1.5391508,-1.4675974,-1.4532865,-1.4404069,-1.7466561,-1.996378,-1.6200063,-1.563479,-1.6779647,-1.0504402,-0.9008933,-0.9080487,-1.0082237,-1.0225344,-1.2865669,-1.0304053,-0.95169634,-0.7813989,-0.60251504,-0.5094955,-0.82289994,-0.90947974,-1.1720812,-1.3366543,-1.5992557,-1.826796,-1.7702687,-1.8983496,-1.8768834,-1.7552426,-1.4776149,-1.3280679,-1.1198472,-0.6926725,-0.6497404,-0.5438411,-0.3663884,-0.27408433,-0.21827258,-0.23973864,-0.47514975,-0.561014,-0.8450815,-0.6661977,-0.773528,-1.0862169,0.572394,1.5977561,1.1627107,1.0002841,0.5366172,0.65038735,0.7784682,0.6282058,0.5859892,0.46506366,0.48008993,-0.07588104,-0.033664454,-0.18965115,-0.1538744,-0.24617846,-0.11738209,0.055061925,0.09799405,0.07724352,-0.0086207185,0.35630232,0.38563925,0.18600489,-0.100209236,0.042897828,0.19888453,-0.021500355,0.17169419,-0.07731211,-0.012913929,0.1151669,0.007836595,-0.048690703,-0.09162282,-0.09806263,-0.23401435,-0.41218263,-0.297697,-0.33991358,-0.33275822,-0.57604027,-0.73274255,-0.8400728,-0.99033517,-0.88944477,-0.96815366,-0.88944477,-0.96815366,-1.1677879,-1.0604577,-1.0389917,-0.86726314,-0.8257621,-1.1820986,-0.79070085,-0.7477687,-0.78282994,-0.7413289,-0.7978562,-0.8908758,-1.0690441,-1.1613482,-0.9481187,-0.97674006,-1.2479279,-1.3116106,-1.076915,-1.3903195,-1.4897789,-1.5040896,-1.7101638,-1.6965686,-1.340232,-1.318766,-1.0125167,-1.3051708,-1.1842452,-0.98532647,-0.8644009,-0.8214689,-0.813598,-0.8422194,-0.7706659,-0.6196879,-0.08446747,-0.15530546,0.10085619,0.24968755,0.2847488,0.24181665,0.54878134,0.32696536,0.16239223,0.027871586,0.027871586,-1.0704752,-1.3108951,-1.1033899,-1.2808425,-1.5162537,-1.409639,-1.1806676,-0.8593922,-0.9588517,-0.944541,-0.8379262,-0.5874888,-0.71700066,-0.6246967,-0.81002027,-0.7449066,-0.75206196,-0.79427856,-0.9509808,-0.92092824,-0.7341736,-0.44867495,-0.29268825,-0.05012177,-0.13670154,-0.12954618,0.006405524,0.006405524,-0.107364595,-0.029371243,-0.0014653646,-0.06657908,-0.32345626,-0.08160532,-0.032233384,-0.21755703,-0.2597736,-0.3649573,-0.20825508,-0.015060537,0.62749016,0.69904375,0.5566522,0.5709629,0.54234153,0.6983282,0.79134774,0.9337393,0.855746,0.877212,0.9351704,0.84286636,1.513323,1.7480186,1.7759246,1.8252965,1.5977561,1.6049116,0.8993936,1.0560958,1.3709314,1.5927474,0.97953355,0.7369671,0.4872453,0.40138105,0.109442614,0.19530687,0.35988,0.0321648,-0.096631564,0.06722602,0.12375332,0.20961757,0.40925196,0.36703536,0.34485373,0.37347516,0.4164073,0.45862386,0.38063052,0.35916445,0.744838,0.8514528,0.8943849,0.49583173,0.34556928,1.0224657,1.1584175,1.3995528,1.6857669,1.6356795,1.6571456,1.3988373,1.0789931,1.1283649,1.4432005,1.4002684,1.2356952,1.3573363,1.242135,1.0711222,1.0417851,1.1147698,1.0789931,1.0568115,1.1054678,0.74984676,0.62749016,0.29905948,0.25755844,0.2711536,0.0006812415,0.06579496,0.10228727,0.34700036,0.6110329,0.6961816,0.6317834,0.51729774,0.5387638,0.774175,0.8886606,0.9251529,0.7677351,0.8035119,0.61031735,0.6675602,0.7534244,1.1433913,0.9587831,0.94518787,1.0746998,1.3165507,1.3809489,0.88150525,0.88150525,1.0525181,0.8879451,0.42570928,0.4328646,0.018569626,0.004258918,0.011414272,-0.18750454,-0.22256577,-0.4579769,-0.22185025,-0.6583268,-0.7155696,-0.84436595,-0.90733314,-0.86511654,-0.7577862,-0.7220094,-0.86511654,-1.0869325,-0.9724468,-1.0504402,-0.95813614,-0.94310987,-1.1570549,-1.2286085,-1.107683,-1.3853108,-1.49121,-0.9996371,-1.0840703,-0.9774556,-1.0339829,-0.9409633,-1.0132324,-0.955274,-1.0125167,-0.92021275,-1.0912256,-1.126287,-1.1763744,-0.19322884,-0.02221589,-0.206824,-0.3849923,-0.14314136,0.05720853,0.11445136,-0.0064741117,0.0929853,-0.1502967,0.019285161,-0.33776698,-0.14457244,-0.3298961,-0.2876795,-0.017922677,0.004258918,-0.010051789,0.11230476,0.27616236,0.2754468,0.24682541,0.5681008,0.55379003,0.7684507,0.6189038,0.4049587,0.47508118,0.57454056,0.7026214,0.67399997,0.7748905,0.6045931,0.36131105,0.40424317,0.39780337,0.19816901,0.26328272,0.3985189,0.38492373,0.2933352,0.2647138,0.40710533,0.30049056,0.42213154,0.21605738,-0.12596852,-0.2189881,-0.07588104,-0.096631564,-0.21183276,-0.2619202,-0.41862246,-0.5467033,-0.68265504,-0.68265504,-0.58963543,-0.52523726,-0.83864176,-0.7957096,-1.0454314,-1.0024993,-0.8379262,-0.6669132,-0.9881886,-0.81002027,-0.52595276,-0.38284573,-0.46227014,-0.6969657,-0.44008854,-0.31129217,-0.21183276,-0.41218263,-0.4837362,-0.4415196,-0.27050665,-0.2569115,-0.2569115,-0.08446747,-0.30556786,-0.6268433,-0.7191473,-0.47658083,-0.40574282,-0.47658083,-0.8400728,-0.804296,-0.74633765,-0.7892698,-1.1312957,-1.2321862,-1.7466561,-1.5813675,-1.5520304,-1.2593765,-1.1878229,-1.1813831,-0.8107359,-0.8457971,-0.6375763,-0.43078658,-0.2876795,-0.17319384,-0.1803492,-0.2733688,-0.19465992,-0.28052413,-0.20181526,0.2124797,0.41354516,0.2568429,-0.042966414,0.27830896,0.5008404,0.8292712,0.6797243,0.3949412,0.5795494,0.115882434,0.037173547,0.037889082,0.35200912,0.9881201,1.1383824,1.4317518,0.96092975,1.3888198,1.644266,2.0363793,2.2510397,2.192366,2.301843,2.138701,2.295403,2.435648,2.2145476,2.3934314,2.2145476,1.8947033,2.4742868,2.0113356,2.173762,2.1809175,2.2596264,2.2381604,1.9390665,2.0592763,2.2796614,2.67893,2.5365386,2.5522802,2.495753,2.3104293,1.939782,1.9769899,1.9698346,2.018491,2.3032742,2.2667816,2.2381604,2.3376198,2.4800112,2.2810924,2.6424377,2.7554924,1.9998871,2.2274272,2.041388,1.8066925,2.2045302,1.8124168,1.8345983,1.9562393,2.361948,2.3905694,2.2982652,2.5687375,2.6696281,2.6760678,2.748337,2.7705185,2018-04-17
PMT_MFA,1.1797655,1.2432727,1.3338044,1.2473263,1.1581459,0.9270875,0.9189802,0.9081704,-0.4403459,-0.5551995,-0.5660092,-0.71869695,-0.7484238,-0.82409203,-0.80382377,-0.77950186,-0.81598467,-0.77950186,-0.7659896,-0.77544814,-0.8078774,-0.74572134,-0.72950673,-0.7254531,-0.6254629,-0.62681407,-0.50250196,-0.5065556,-0.32278988,-0.34305817,-0.36332643,-0.3673801,-0.5416873,-0.49844828,-0.22685334,-0.19442408,-0.3984581,-0.38089228,-0.34305817,-0.42142886,-0.45115563,-0.45791173,-0.31468254,-0.18631677,-0.23090701,-0.29036063,-0.05930221,-0.19982897,-0.28495574,-0.5011507,-0.6470824,-0.6403263,-0.5606044,-0.4457508,-0.65113604,-0.5187166,-0.5268239,-0.55384827,-0.48223367,-0.31468254,-0.28225332,-0.11064853,-0.05524856,0.08798063,0.009609947,0.046092853,0.021770917,0.033931885,0.13257085,0.08662942,0.07581966,-0.5443897,-0.7578823,-0.84165794,-0.97948223,-0.9889407,-1.0267749,-1.0483944,-1.083526,-1.1551406,-0.9078676,-0.9051652,-0.7349116,-0.6605946,-0.7632872,-0.8619262,-0.9470529,-0.98218465,-0.8592237,-0.78760916,-0.8713847,-0.80382377,-0.8132823,-0.5606044,-0.5660092,-0.6822141,-0.81868714,-0.46601906,-0.2092875,-0.2525265,-0.30792648,-0.3754874,-0.35792154,-0.5119605,-0.66464823,-0.67816037,-0.14307778,0.21634641,-0.08497537,-0.079570495,-0.19442408,-0.31333134,-0.37278497,-0.33224842,-0.37143376,-0.34981427,-0.3025216,-0.42278007,-0.51060927,-0.5268239,-0.4970971,-0.55384827,-0.55925316,-0.55925316,-0.58087265,-0.5835751,-0.51601416,-0.60789704,-0.74166775,-0.4552093,-0.49304345,-0.5633068,-0.5849263,-0.5443897,-0.51736534,0.017717259,0.16364889,0.26093665,0.060956262,0.0852782,0.094736725,0.05960504,0.22445372,0.3501171,0.3866,0.53523403,0.47037554,0.4447024,0.3663317,0.45280972,0.5176682,0.66359985,0.720351,0.7284583,0.5541511,0.3082293,0.3649805,0.24742444,0.20283423,0.6473852,0.56766325,0.8811461,0.80953145,0.66900474,0.42443413,0.36362925,0.5190194,0.43659508,0.8054778,0.8297998,0.6811657,0.7662924,0.7676437,0.732512,0.6352242,0.65549254,0.58522916,0.78250706,0.8838485,0.74467295,0.5892828,0.5230731,0.23796591,0.34741464,0.45416093,0.88519967,0.8379071,0.70683885,0.73926806,0.5527999,0.5190194,0.38119513,0.08122454,-0.22820456,-0.033629052,-0.07686806,-1.5064576,-1.4470038,-1.4483552,-1.4672722,-1.4699746,-1.225404,-1.5051062,-1.4267356,-1.5375355,-1.4132234,-1.4456527,-1.6361744,-1.522672,-1.4807843,-1.3672819,-1.2294577,-1.1510869,-1.1510869,-1.0592041,-0.9321895,-1.0686626,-0.96326756,-0.9889407,-1.0240724,-1.1510869,-0.90381396,-1.0362334,-0.8997603,-0.92137975,-0.91732615,-0.95516026,-0.96867245,-1.1578431,-0.6443799,-0.7673409,-0.7822043,-0.8294969,-0.77004325,-1.0173163,-0.97948223,-0.98758954,-0.95516026,-0.95516026,-0.98218465,-1.1037943,-1.1497358,-1.0443407,-1.0065066,-0.749775,-0.77544814,-0.6619458,-0.7254531,-0.8713847,-0.72139937,-0.72410184,-0.8092286,-0.7119409,-0.87949204,-0.9146237,-0.8294969,-0.97813094,-0.88759935,-1.0794724,-1.1429797,-1.0592041,-0.86057496,-0.5849263,-0.44980446,-0.32819474,-0.27684844,-0.30927768,-0.1660485,0.02717579,0.02717579,0.021770917,-0.08092171,-0.04308759,-0.1525363,-0.24441917,-0.17820947,-0.18091191,-0.11875584,-0.013360773,-0.04308759,-0.013360773,-0.11199974,-0.029575396,0.036634322,-0.01741443,0.055551384,0.1433806,0.25282934,0.21904886,0.16229767,0.22715616,0.2947171,0.20418544,0.31228295,0.56766325,0.50010234,0.23120983,0.20553666,0.17851229,0.24607323,0.19202448,-0.0039022416,0.19878057,0.34741464,0.4230829,0.12311232,0.13662452,0.031229448,0.14878547,0.13932694,0.09068307,0.10419526,-0.0052534607,0.07581966,0.056902602,0.06636113,0.09068307,-0.0511949,-0.013360773,-0.0052534607,0.07581966,-0.25522894,-1.5172673,-1.3348527,-1.2794528,-1.2159455,-1.2078382,-1.1605456,-1.2281064,-1.2929649,-1.1970284,-1.083526,-1.1564919,-1.3145845,-1.2578332,-1.459165,-1.3497162,-1.2335113,-1.0673114,-1.0875797,-1.0024529,-1.1686529,-1.2875601,-1.2213503,-1.2172967,-1.3199893,-1.2605357,-0.9754285,-0.9592139,-0.84165794,-0.706536,-0.8294969,-0.7038336,-0.7565311,-0.7673409,-0.83490175,-1.1010919,-1.0754187,-0.80247253,-0.7673409,-0.7511262,-0.56195563,-0.5187166,-0.42953613,-0.18091191,-0.14307778,-0.19712652,-0.19442408,-0.21334116,-0.19037044,-0.1660485,-0.27144358,-0.106594875,-0.106594875,-0.27955088,-0.22820456,-0.1957753,-0.22550212,-0.29711673,-0.33224842,-0.26063383,-0.2660387,-0.19037044,-0.060653433,-0.13902412,-0.14578022,-0.35792154,0.109600134,0.24201958,0.2920147,0.44605362,0.5176682,0.5446926,0.60819983,0.5487462,0.6784632,0.11635623,-0.12010706,-0.26333624,-0.26874113,-0.13361925,-0.27955088,-0.2890094,-0.27279478,-0.34711182,-0.2038826,-0.22009724,-0.1363217,0.14202937,0.036634322,-0.040385146,-0.044438805,0.11095136,0.19878057,0.26904395,0.1866196,0.1501367,-0.10524365,0.065009914,-0.14578022,-0.18901922,0.24742444,0.2798537,0.23931713,0.5014536,0.37984386,0.2717464,0.03798554,-0.064707085,0.0055562905,0.33525366,0.4379463,0.5919852,0.47442922,0.40821946,0.52172184,0.5406389,0.55685353,0.3379561,0.28931224,0.33525366,0.3217415,0.44064873,0.45686334,0.38119513,0.2785025,0.3730878,0.2433708,-0.19442408,-0.14713143,-0.23766309,-0.29306304,-0.1295656,-0.14578022,0.0852782,-0.05930221,-0.1160534,0.046092853,0.06771235,0.062307477,0.13257085,0.019068478,-0.1160534,-0.1309168,-0.072814405,-0.13226803,-0.109297305,-0.20523383,-0.25658014,-0.22685334,-0.16469727,-0.124160714,-0.18091191,-0.121458285,-0.08362415,-0.07551684,0.0055562905,-0.0039022416,0.00015141488,-0.095785126,-0.1525363,-0.2957655,-0.12280949,0.20959033,0.42443413,0.3717366,0.3893024,0.3825463,0.3149854,0.30687806,0.47037554,0.37984386,0.49064383,0.65279007,0.73116076,0.6257657,0.5095609,0.460917,0.46361944,0.5419901,0.5014536,0.46902433,0.43119022,0.31228295,0.15148792,0.13121964,0.35552198,0.33390245,0.36903414,0.3230927,0.39605853,0.9027655,0.7622388,0.57306814,0.5541511,0.64468277,0.5771218,0.8352046,0.71494615,0.69602907,0.68792176,0.63387305,0.504156,0.41497558,0.26363906,0.24742444,0.19067326,0.14202937,0.04744407,0.12581477,0.21769764,0.21499519,0.16905376,0.098790385,-0.0511949,-0.079570495,0.029878229,-0.1673997,-0.29711673,-0.07551684,-0.20253141,-0.14578022,-0.14307778,0.008258727,0.021770917,0.20283423,0.07311723,0.38119513,0.3298488,0.2649903,0.40281463,0.16500011,0.21094155,0.21634641,0.2649903,0.31903905,0.092034295,0.008258727,-0.0052534607,-0.23225823,0.04068798,0.10284404,0.083926976,0.092034295,0.0785221,-0.04308759,-0.010658336,0.05420016,-0.056599773,0.05960504,0.0055562905,-0.09983878,-0.34035572,-0.42683375,-0.872736,-0.8457115,-0.64573115,-0.81598467,-0.9321895,-1.0159651,-1.0105603,-0.96461874,-0.9024627,-0.953809,-0.9808334,-1.1673017,-0.97002363,-0.9132725,-0.953809,-0.77815056,-0.7943652,-0.70788723,-0.7916628,-0.8808432,-0.8565213,-0.8376042,-0.9240822,-1.1618967,-1.2078382,-1.2537795,-1.2456722,-1.2105407,-1.0619066,-1.0213699,-1.0240724,-1.1808138,-1.1051456,-1.0808237,-1.1024431,-1.1132529,-1.0375847,-0.73220915,-0.80247253,-0.8673311,-0.7484238,-0.7943652,-0.72680426,-0.7132921,-0.49169222,-0.55655074,-0.75923353,-0.77004325,-0.64843357,-0.81598467,-0.82409203,-0.87003344,-0.872736,-0.89705783,-0.8078774,-0.87003344,-0.953809,-0.8592237,-0.72410184,-0.7538287,-0.7349116,-0.44304836,-0.50520444,0.29741955,-0.61059946,-0.32143867,-0.29441428,-0.32143867,-0.32954597,-0.20253141,-0.33224842,-0.61870676,-0.54033613,-0.5443897,-0.55384827,-0.50790685,-0.46466786,-0.45385808,-0.35657033,-0.3241411,-0.5484434,-0.23766309,-0.25658014,-0.2754972,-0.21063872,-0.034980275,-0.032277834,-0.032277834,-0.10254121,-0.10254121,0.13257085,0.05420016,-0.053897336,0.029878229,-0.113350965,-0.07011197,0.15689279,0.2433708,0.27039516,0.27039516,0.55009747,0.50010234,0.5406389,0.5419901,0.68521935,0.56901455,0.7743998,0.78791195,0.89060456,0.9068192,0.8689851,0.7244047,0.79872173,0.85006803,1.0365362,1.0635606,1.2257068,1.0824777,1.08518,1.2824581,1.3148873,1.6986333,2.1499405,2.5147696,2.4972038,2.4728818,2.6755645,2.6917791,2.65935,2.6890767,3.3106375,3.1836228,3.2376714,3.2160523,2.8714912,2.9958034,2.9795887,2.733667,2.8282523,2.9876962,2.887706,2.9417548,2.8377106,2.7809598,2.764745,2.7633939,2.8174427,2.7201548,2.7066426,2.6742134,2.5471988,2.5066624,2.622867,2.6552963,2.6093547,2.8660865,2.9606717,2.9903986,2.9606717,2.9093256,2.9471595,2.887706,3.0687692,3.0093157,3.03634,3.1201155,3.128223,3.2660472,3.190379,3.1606522,3.1633546,3.1579494,3.179569,2.930945,3.1066034,2.993101,2018-04-17
RWT_PMT,-0.5687641,-0.52748346,-0.6926058,-1.068718,-1.300348,-0.9838634,-1.0893583,-1.300348,0.5503989,1.0526462,0.8714703,0.6834142,0.7499218,0.86229676,0.9356845,1.0320059,0.98384523,0.8026692,0.66506726,0.5274652,0.4747178,0.5481055,0.5710392,0.16281994,-0.07798359,0.19263369,0.23850104,0.34628925,0.06649852,0.25226122,0.45407748,1.2338221,1.2590492,1.4883858,1.0847534,0.74304175,0.8806437,0.98384523,1.1489675,1.2751027,1.1787814,0.970085,1.0664065,1.020539,1.0755799,0.95403147,0.5870928,0.6994678,0.81872284,0.7109346,0.74533504,0.9632049,0.9746718,1.0434728,1.2613425,1.0159523,0.76826876,1.0365926,0.80954933,0.6994678,0.74762845,0.26372808,-0.17430498,-0.37612128,-0.19494528,-0.38988146,-0.34860086,-0.31649372,-0.40364167,-0.27291974,-0.41281515,-9.114843e-06,-0.4563891,-0.04587645,0.75680196,0.85312337,0.98613864,1.057233,1.2200619,1.194835,0.7957892,0.970085,0.9379779,1.0732865,1.2728094,1.5801206,1.401238,1.4172914,1.32097,1.4287584,1.4264649,1.201715,1.0985136,0.75450855,0.86459017,0.8370698,0.8416565,0.8600034,0.57333255,0.63754684,0.80954933,0.7843223,0.3371158,0.5068249,0.5779193,0.7590953,0.51141167,0.06879188,0.52975863,0.27978164,-0.24998607,-0.18118508,0.56645244,0.15593983,0.075671986,0.14217962,0.11695258,0.14217962,0.23850104,0.16740666,0.35546273,0.35316935,0.35546273,0.3783964,0.28207502,0.12153932,-0.034409616,0.029804653,-0.11009072,-0.36465442,-0.12385092,-0.07798359,0.23162094,0.119245954,0.1582332,-0.4563891,-1.1031185,-1.7292076,-1.4884042,-1.575552,-1.6741669,-1.5847255,-1.756728,-1.7544347,-1.8576362,-1.7383811,-1.5113378,-1.4150164,-1.8782765,-1.4654704,-1.4723506,-1.6030725,-1.9906514,-2.0525723,-1.4631772,-0.9701032,-0.7270063,-0.41281515,-1.0801848,-1.3462155,-1.1627462,-1.2842945,-1.536565,-1.4035496,-1.3347486,-1.0893583,-0.7774604,-0.90359557,-0.9701032,-0.76370025,-0.7728737,-0.6169247,-0.50913656,-0.97468996,-0.5251901,-0.83250123,-0.7843405,-0.6169247,-0.4632692,-0.48620287,-0.87378186,-1.0778915,-0.7797538,-1.1879731,-1.5205113,-2.2842023,-2.7658093,-2.9561589,-2.7520492,-2.488312,-2.3094292,-2.2337482,-2.4676716,-2.426391,-2.4240978,-2.5318859,-0.3256672,-0.28209323,-0.630685,-0.74994,-0.7522334,-1.7865418,-1.8003021,-1.7590215,-1.456297,-1.5709654,-1.731501,-1.4287767,-1.3783226,-1.093945,-1.0801848,-0.2408126,-0.44262892,0.061911788,0.15593983,0.419677,0.213274,0.70405453,0.85082996,0.61919993,0.6123198,0.4953581,0.05273832,0.027511286,0.28207502,-0.029822884,0.5847994,0.13071279,0.009164353,0.1857536,0.27748826,0.40821016,0.78661567,0.38068974,1.0893401,0.6558938,0.40133005,0.44719738,0.3783964,0.28666174,0.6283734,0.72240144,0.92880446,1.1810746,0.7522152,0.9586182,0.38756984,0.45866424,0.5251719,0.3095954,0.35775608,0.7315749,0.8944039,0.9677916,0.50453156,0.42197037,0.45866424,0.538932,0.6994678,0.4311438,0.5435188,-0.16742487,-0.45409572,-0.76370025,-0.8990088,-0.53436357,-0.39446822,-0.62151146,-0.18577181,-0.3463075,-0.17889172,-0.06651675,0.05273832,0.144473,0.19492707,0.26602143,0.15364647,0.1857536,0.16740666,0.16970003,0.12153932,0.3439959,0.013751086,-0.4793228,-0.66737884,-0.9196491,-0.89442205,-0.94258285,-0.94028944,-0.94028944,-0.7315931,-0.7820471,-0.78892726,-0.7132461,-1.0824782,-1.0549577,-1.19944,-1.1237588,-1.0480777,-1.1122919,-1.3462155,-1.2728277,-1.4333633,-1.1719195,-1.2728277,-0.58252424,-0.53436357,-0.31420034,-0.2912667,-0.39446822,-0.7522334,-0.84396803,-0.7797538,-0.9127691,-0.70636606,-0.70636606,-0.8898354,-0.75452673,-0.9127691,-1.0411975,-1.0274374,-1.0664246,0.81184274,0.35316935,0.32794234,1.0755799,0.92880446,0.9058708,0.7407484,0.76138866,0.75680196,0.50453156,0.43802392,0.63984025,0.6421336,0.738455,0.8485366,0.85312337,0.61919993,0.57562596,0.8554167,1.0618197,0.5916795,0.40133005,0.26372808,0.40133005,0.21786073,-0.37153453,-0.43804216,-0.3738279,-0.41052178,-0.45180237,-0.5733508,-0.35777435,0.23620766,0.47013104,0.7934958,0.694881,0.44261065,0.47013104,0.35775608,0.08484545,0.1582332,0.21556735,0.06649852,-0.0045958483,0.055031687,0.12612605,0.11695258,-0.059636652,0.08025872,0.12612605,-0.14907794,0.029804653,0.034391385,0.21786073,0.15135309,0.15135309,0.43343717,0.23620766,0.098605655,0.17658013,-0.0045958483,-0.1582514,-0.19723865,-0.26833302,-0.19723865,-0.87148845,-0.905889,-1.1283456,-0.60087115,-0.35777435,-0.09403715,-0.17889172,-0.19494528,-0.016062682,0.2889551,0.43343717,0.25684798,0.5366387,0.14676636,0.5343453,0.40133005,0.4265571,0.25914133,0.17658013,0.08255208,0.51141167,0.4747178,0.41509023,0.42426372,0.57562596,0.27060816,0.19034033,0.3210622,0.4173836,0.16052656,0.14217962,0.3783964,0.32794234,0.098605655,0.2545546,0.29812855,0.22474083,-0.07110348,-0.036702987,0.018337818,0.16052656,0.11236585,-0.08715705,-0.2706264,-0.2614529,0.020631183,-0.013769316,-0.14678459,-0.4632692,-0.5962844,-0.75682014,-0.25915954,-0.27750647,-0.096330516,0.018337818,-0.04587645,-0.23163916,-0.5572972,-0.3531876,-0.4632692,0.08713882,0.80037594,0.58250606,0.66736066,0.80037594,0.83018965,1.2246486,0.75450855,1.3851843,1.889725,1.6466281,1.6879088,1.8071638,1.7383629,1.8530313,1.1558477,1.3828909,1.0870467,1.2498758,1.2063018,1.1810746,0.970085,0.89899063,0.9746718,0.67882746,0.8921106,1.2590492,1.4837991,1.3828909,1.2751027,1.2613425,1.1673145,1.183368,1.1879548,1.458572,1.32097,1.3049165,0.91045755,0.7820289,0.8278963,0.76138866,0.5779193,0.8806437,0.32794234,0.6306668,0.538932,0.5481055,0.4678377,0.5503989,0.5939729,0.6214933,0.73386824,0.68570757,0.7063479,0.66506726,0.73616165,0.76368207,0.8852305,0.73386824,0.6994678,0.75450855,0.74533504,0.43573055,0.47701117,1.0709932,1.0480595,0.82560295,0.74304175,0.4747178,0.2683148,0.12153932,0.144473,-0.11238408,-0.13073102,-0.13531776,0.05273832,0.14676636,0.6490137,0.738455,0.7590953,0.9127509,0.93339115,1.0320059,0.944858,0.8668835,0.70405453,0.6834142,0.7820289,1.0595263,0.94715136,0.9930187,1.0847534,1.0228325,1.6168144,1.0090723,0.8691769,0.56645244,0.8668835,0.6513071,0.8347764,0.57333255,0.6054397,0.6214933,0.557279,0.76597536,0.56645244,0.8141361,0.5779193,0.58250606,0.7843223,0.72240144,0.55269223,0.80496264,0.85312337,0.6834142,0.738455,0.89899063,0.99531204,0.94256467,0.9563248,1.0090723,0.9632049,1.0732865,1.2131819,1.3301435,1.2384089,1.1696079,1.4883858,1.3095032,1.183368,1.0686998,1.0801666,1.0549396,0.33023566,0.39903668,0.67653406,0.669654,0.7178147,1.1443809,1.0159523,0.970085,0.8806437,0.8554167,0.944858,0.5962662,0.66736066,0.6925876,0.6742407,0.5870928,0.6742407,1.2063018,1.1397942,0.94256467,0.6925876,0.5962662,0.48618463,0.28666174,0.4678377,0.51599836,0.6077331,0.5205851,0.5274652,0.5274652,0.52975863,0.5366387,0.40133005,0.39903668,0.5687458,0.58938617,0.38756984,0.69029427,0.38298312,0.45637086,0.83248305,0.9723784,0.72240144,0.9058708,0.9723784,1.0388861,1.0182457,0.9265111,1.0159523,1.0274192,1.2498758,1.3026232,1.1329141,1.183368,0.9723784,0.6536004,0.6627739,0.38298312,1.458572,1.401238,0.85082996,0.5503989,0.5205851,0.35546273,0.022924552,-0.3187871,-0.19035853,0.22244747,0.29354182,0.19492707,-0.07110348,-0.13302438,-0.22475904,-0.27979985,0.10089902,0.08713882,0.10548575,0.064205155,-0.020649416,-0.24310598,-0.65820533,-0.61004466,-0.19723865,-0.17889172,-0.22017232,-0.37153453,-0.41969523,-0.55959064,-0.25227946,-0.13761112,-0.5527105,-0.67655224,-0.8393813,-0.87607515,-0.74305993,-0.94028944,-0.97468996,-0.8210344,-0.9655165,-0.96092975,-1.0205573,-0.8164477,-0.50225645,-0.5916977,-0.55959064,-0.2912667,-0.36924118,-0.43116206,-0.62151146,-0.6169247,-0.5687641,-0.5664707,-0.4770294,-0.4816161,-0.23622587,-0.26603964,-1.2132001,-1.3462155,-0.89212877,-0.72929966,-0.9907435,-1.2040266,-1.1352257,-1.3209883,-2.3369498,-2.1076133,-2.1901743,-2.1351335,-2.1672406,-2.3598835,-2.3346565,-2.162654,-2.275029,-2.093853,-1.9126769,-2.1374269,-2.1122,-2.0663326,-2.080093,-2.0365188,-2.0961463,-2.100733,-2.187881,-2.093853,-1.9929448,-1.949371,-1.8025954,-1.8553429,-2.0112917,-2.12596,-2.1488938,-2.12596,-2.2887893,-2.3415365,-2.3048425,-2.3484166,-2.2566822,-2.2452152,-2.3896973,-2.2429218,-2.332363,-2.2154014,-2.37823,-2.426391,-2.4034574,-2.4057508,-2.4997787,-2.2887893,-2.5961,-2.502072,2018-04-17
PKX_AA,-0.16151497,0.11234379,-0.33173296,-0.25920728,-0.7632264,-0.47175097,-0.29398298,-0.06977114,-0.37451622,-0.36330563,-0.45116007,-0.408148,-0.42210403,-0.4282813,-0.51865244,-0.5262024,-0.44749945,-0.3935056,-0.44566914,-0.40540254,-0.43079796,-0.6051341,-0.56372356,-0.41821465,-0.59163564,-0.45962524,-0.6449432,-0.8094415,-0.97371095,-0.89821106,-0.78244454,-0.7337128,-0.6579841,-0.87464595,-0.8689263,-0.97485495,-1.0558456,-0.97371095,-0.98194724,-0.54359025,-0.36124653,-0.48707974,-0.44589794,-0.65432346,-0.46992064,-0.418901,-0.32235265,-0.062221155,-0.30199057,-0.49028274,-0.44772825,-0.4838767,-0.53878576,-0.38458288,-0.341342,-0.610625,-0.8565717,-1.1533092,-0.922005,-0.8677823,-0.8124157,-0.9123959,-1.0487533,-0.9009565,-0.9746262,-1.0846729,-0.94740033,-0.90370196,-0.79479903,-0.618175,-0.873502,-0.85611415,-0.55869025,-0.895008,-0.89317775,-0.85016567,-0.94419736,-0.9933867,-1.0633956,-0.8908899,-0.8794505,-0.95678073,-0.96890646,-0.77992785,-0.62023413,-0.36239046,-0.52208424,-0.8606899,-0.8307187,-0.957467,-0.9364186,-1.1931183,-1.3367969,-1.3473212,-1.0123761,-0.940308,-0.9753125,-0.9149126,-1.141641,-1.0126048,-1.2317834,-1.4246514,-1.5019815,-1.5877769,-1.4646891,-1.4495891,-1.4532498,-1.9876974,-1.8900051,-1.9728264,-1.5346982,-1.7081192,-2.170041,-2.4724984,-2.3606212,-2.0842457,-1.50038,-1.3685983,-1.3985695,-1.2798288,-0.9544928,-0.8783065,-0.97874427,-1.0940533,-0.5728751,-0.39304802,-0.3379102,-0.14275439,-0.22992246,-0.27224818,-0.47609797,-0.5294054,-0.718384,-0.5694433,-0.73028094,-0.6943613,-0.92223376,-0.7376022,-0.6897856,-0.51407665,-0.4413222,-0.5625797,-0.80303544,-0.8474202,-0.97485495,-1.0585911,-0.9780579,-1.369056,-1.3203242,-1.5749648,-1.4724679,-1.5225724,-1.3770635,-1.4159575,-1.222403,-1.4418104,-1.4990073,-1.2297243,-1.361506,-1.4212195,-1.529436,-1.725507,-1.6754025,-1.6390253,-1.8133615,-1.6994252,-1.6143163,-1.5118194,-1.6751738,-1.70606,-1.7570796,-1.814963,-1.8721596,-1.8474506,-1.840587,-1.3811817,-1.0624806,-1.0304503,-0.9885822,-0.94396853,-0.5278039,-0.31640416,-0.3395117,-0.30976933,0.060866576,-0.17707253,-0.3431723,-0.04163027,0.25167546,0.33197987,0.2853072,0.26723298,0.3219132,0.34753746,0.29766175,0.018998444,-0.22694823,-0.22328763,-0.18004677,-0.28345874,-0.03682573,0.08283018,0.13384981,0.1450604,-0.018522723,0.17937854,0.33083594,-0.2036119,-0.05741661,-0.1409241,-0.23358306,-0.35712835,-0.2507421,-0.2438785,-0.015090908,0.11623317,0.34616473,0.02494692,0.33060718,0.24641334,0.2784436,0.46193123,-0.053756014,0.24366789,-0.11896048,0.18464066,0.12103771,0.07688171,0.14757706,0.37636468,0.20202853,0.14689071,0.404048,0.5923402,0.60927045,0.5088327,0.62070984,0.79001266,1.1428031,1.050373,1.3466529,1.3407044,1.6314934,1.4903314,1.5065753,1.3418483,1.467224,1.2048045,1.0867501,1.441371,1.3230877,0.74311113,0.6783643,0.22765273,0.38620254,0.36195105,0.08328776,0.3779662,0.13133314,0.22033152,0.30658448,0.014880267,0.17434523,0.24092242,0.116919525,0.11119985,0.17709066,0.09335441,0.08763472,0.15283918,0.16336341,0.21140881,-0.08075295,0.03158176,-0.030648466,0.06384082,0.11005591,0.13911192,0.113258936,0.1599316,0.05537567,0.44179794,0.5337705,0.20408762,0.4534661,0.3482238,0.23131335,0.18326794,0.06406961,-0.17981799,-0.04940905,-0.11301199,-0.29444054,-0.39007378,-0.2823148,-0.26058,-0.012574244,0.36629802,0.34341928,0.15032253,0.23954971,0.22033152,-0.0009060773,-0.14893167,-0.14138167,-0.25646183,0.13568011,0.33472535,0.07802565,0.18784368,-0.0011348648,-0.08967566,0.033869635,0.06406961,0.17205733,0.4145722,0.43012977,0.48641148,0.55847955,0.6310052,0.6250568,0.56763107,0.35646015,0.3614935,0.15535586,0.4408828,0.5543614,0.36858588,0.51157814,0.46604937,0.85613227,0.5262205,0.5374311,0.38162678,0.35668895,0.21049367,0.676534,0.81540805,0.68088096,0.7950459,0.8021384,0.982423,1.0261215,1.0398487,1.3198848,1.4651648,1.0993334,1.2457576,1.1748334,0.8206701,0.89845794,0.86162317,0.8849595,1.0936139,1.061126,1.2704666,1.1496668,1.1350243,1.1354818,1.4404558,1.4665375,1.1803242,0.9904306,1.0009547,0.8863322,0.9032625,0.7682778,0.73327327,0.93117464,1.7079085,1.9675826,1.6550586,1.9405856,2.0099082,2.2823942,2.2581427,2.3055017,2.2899442,2.3553774,2.440029,2.1197264,1.6642101,1.4882724,1.5667466,1.5141253,1.3860043,1.1434895,0.85796255,1.278703,0.89914435,-0.09310748,-0.107521094,-0.12628168,-0.01966666,-0.08647264,-0.6904719,-0.8938641,-0.47037825,-0.46992064,-0.16059983,-0.25783452,-0.33836776,-0.46122676,-0.14916044,0.02792116,0.103192285,0.13476495,-0.5474796,-0.13497561,0.1855558,0.5005963,0.18258157,0.4532373,0.1949361,0.09243927,0.31779507,0.17731945,-0.050781775,-0.07366053,0.07573777,0.23154213,0.13384981,0.00092422357,0.1615331,0.25350574,0.36858588,0.31047386,-0.27545118,-0.39373437,-0.5513691,-0.4394919,-0.3763465,0.028378734,-0.38687074,-0.2610376,-0.11918928,-0.70282644,-0.84124297,-0.9162853,-0.9517473,-1.400171,-1.8543142,-0.66644925,-1.084444,-1.2105061,-1.1002305,-0.69321734,-1.1411835,-1.1626894,-1.505642,-1.5028967,-1.261297,-1.0739199,-1.2965302,-1.1473607,-1.0320518,-0.8641217,-0.54267514,-0.20681491,-0.22031339,0.002983312,0.5232463,0.0697893,0.14345889,0.2766133,-0.57333267,-0.15030438,-0.20109524,-0.4861646,-0.15121953,-0.12422259,-0.22145732,0.12103771,0.18601339,0.13247709,0.21598457,0.54360837,0.5619114,1.0542623,0.9588579,0.7254945,0.7920717,0.88884884,0.76530355,0.78886867,1.0620412,1.0988759,0.8902216,0.4985372,0.34227535,0.3612647,0.19996943,0.08649079,0.036843874,-0.23243913,0.3335814,0.5266781,0.49144483,0.4054207,0.25190422,0.38231316,0.6042371,0.32534507,-0.58843267,-0.6426553,-0.2237452,0.006415126,0.16038917,0.38551617,0.54795533,0.6374113,0.5518447,0.81723833,0.81151867,0.79001266,0.91447306,0.7600415,0.87489283,0.9689246,0.64152944,0.61773556,0.8792398,1.1130607,0.9993533,0.71771574,1.0622699,0.9025761,0.9668654,1.007132,0.77148086,0.598975,0.50745994,0.6319204,0.4898433,0.4461449,0.69529456,1.0673032,0.9314034,1.1789515,1.0279517,1.310962,1.0627275,0.9869988,1.1304486,1.2983787,0.9700684,0.97922003,0.8886201,1.0682184,0.7033021,1.1064259,1.1631652,1.1336516,1.0377896,1.0293245,1.3006666,1.2757287,1.4953648,1.3592361,1.3795983,1.5086344,1.4814087,1.6575751,1.9479067,1.9094704,1.9408143,1.8017114,2.1993444,2.2711837,2.4391139,2.4741182,2.343023,1.9428734,1.8790418,2.0032732,2.108058,1.5125239,1.7319312,1.5326571,1.1368546,1.5720086,1.5008557,0.752949,1.4008756,1.5502738,1.6697009,1.3770816,0.76027024,0.6845416,0.9002882,0.5710629,0.41319948,0.38826165,0.32351476,0.37293285,-0.1148423,-0.15671043,-0.20635734,0.33243746,0.28256178,-0.06862721,-0.36627984,-0.79045206,-1.101832,-1.1075517,-1.1844244,-1.6097404,-1.5541451,-1.5992162,-1.7023995,-1.3672256,-1.4024589,-1.5232588,-1.6701405,-1.8039812,-1.91174,-1.8705581,-1.9574975,-1.8355536,-1.7264222,-1.4889406,-1.753419,-1.8797096,-1.3095711,-1.1148729,-1.2592379,-1.1249396,-0.51796603,-1.0643108,-1.2130228,-1.7634858,-1.6234678,-1.7751539,-0.8547414,-1.0958835,-1.3056817,-1.2699909,-1.2041001,-1.2038713,-1.2532895,-1.2363591,-0.9645595,-0.2770527,-0.05878934,-0.2438785,-0.022869686,-0.1960619,-0.08601506,-0.34866324,0.13568011,0.39947224,0.055604458,0.5223311,0.40839493,0.34296167,1.2068636,1.2370636,1.1176366,1.5960313,1.7031039,1.4349648,1.5237345,1.2887696,1.1331941,0.9428427,1.318512,0.8961701,0.9204215,0.18532702,-0.35392535,-0.7078598,-0.5781372,-0.8483353,-0.8407854,-1.396968,-1.8845143,-1.9398808,-1.4775013,-0.71243554,-0.5259736,-0.41432527,-0.4337722,-0.047121175,-0.707631,-0.94488376,-0.33653745,-0.46122676,-0.5458781,0.49876603,0.81403536,0.60172045,0.5092903,0.27981633,0.88198525,0.9858548,0.5674023,0.6946082,0.9117276,1.0407637,1.3272059,0.97144115,1.3278923,1.129991,0.76530355,1.1288471,1.4093406,1.168885,1.1736895,1.6726751,1.7250675,0.95451087,1.0771412,0.805799,1.3553467,1.7802054,1.9348658,1.569492,1.6152495,1.244156,1.3182832,0.88770497,0.5362872,0.9137867,0.6010341,0.5577932,0.3278617,0.58479017,0.43218887,0.55870837,0.48526755,0.42990097,0.3800253,0.5092903,0.032954484,0.11966498,0.6914052,0.73624754,0.9570276,0.6849991,0.6358098,-0.13200139,-0.2566906,-0.8330066,-1.924781,-2.0835595,-2.1235971,-2.3688576,-2.434977,-2.67978,-2.9021616,2018-04-17
MTRN_ACH,-0.80888975,-0.7855368,-0.79399216,-0.6107933,-0.82338464,-1.068388,-0.85640067,-0.9727621,-0.6957493,-0.7082309,-0.65770024,-0.59046024,-0.44752485,-0.8998852,-0.9584686,-0.8346583,-0.9381355,-0.89867735,-0.8308333,-0.9987321,-1.1181133,-0.9969203,-0.7019901,-0.74507207,-0.70460725,-0.48013827,-0.47731984,-0.6373672,-0.614417,-0.67541623,-0.38451248,-0.29311436,-0.37968087,-0.37625846,-0.42397067,-0.31525928,-0.33921605,-0.18520819,-0.13387224,0.011277651,-0.008854096,0.011881603,-0.0072435555,0.32633948,0.04127395,-0.30559605,-0.3303581,-0.37042028,-0.033012193,0.11515747,0.6742161,0.3140591,0.24057825,0.47249594,0.59872204,0.7136743,0.5715442,0.24520855,0.3138578,0.39659926,0.49383563,0.29614183,0.30077216,0.41189942,0.4461234,0.47873682,-0.0030158893,0.05898989,0.1121377,0.1836054,0.15461569,0.24098088,-0.053546578,-0.11655893,-0.21339263,-0.10629174,-0.12561822,0.048118744,0.057379346,0.09039541,0.19870421,0.31929335,0.30560377,0.20051607,0.022350112,0.32573554,0.2494362,0.17333822,0.2572876,0.14616035,0.37344778,0.3543226,0.38673472,0.17816983,0.15984994,0.15582359,0.22386888,0.13206814,0.38693604,0.3853255,0.33801588,0.25245595,0.08636906,0.117573276,0.16669473,0.21340036,0.17333822,0.14112741,0.23594794,0.24581248,0.18843701,0.19930817,0.42518637,0.45820245,0.4449155,0.5963062,0.63355,0.5799995,0.6039563,0.725552,0.6671699,0.45639056,0.46484593,0.55322427,0.5028949,0.4541761,0.59328645,0.5745639,0.23474003,0.4477339,0.3611674,0.1823975,0.41733497,0.4322325,0.3104354,0.42538768,0.45035106,0.28607598,0.3045972,0.17736456,0.061808333,0.081336126,-0.012075175,-0.23755074,-0.0664309,-0.079717845,-0.1139418,-0.08736791,0.06019779,0.023960652,0.034831792,-0.024758175,0.06643864,-0.021537095,0.07046498,-0.040058304,-0.11434445,-0.15561453,-0.12018265,-0.06320982,-0.123806365,-0.28405508,-0.17010939,-0.22829013,-0.22647828,-0.21721768,-0.18057789,-0.18238975,-0.18842927,-0.16306327,-0.22245194,-0.15400398,-0.1761489,-0.27841818,-0.28506166,-0.38390854,-0.46685132,-0.56187314,-0.6917229,-0.87653244,-0.95444226,-1.1199253,-0.9538383,-0.8376781,-1.1799178,-0.96712524,-0.9020997,-0.95887125,-0.9572607,-0.7764776,-0.9127695,-0.8859943,-0.7140691,-0.8489519,-0.9554488,-0.96591735,-0.8998852,-0.93249863,-0.84512687,-0.92585516,-1.0224875,-0.8243911,-0.5485862,-0.7643985,-0.7293693,-0.98665303,-0.8193583,-0.85559535,-1.0168507,-1.3474139,-1.0907342,-1.0400021,-0.7656064,-0.94276583,-0.92484856,-1.0085967,-1.0271178,-0.8576086,-0.9995374,-0.864856,-0.77869207,-0.79821986,-0.86203754,-0.8467374,-0.7662104,-0.5993182,-0.49704894,-0.4249773,-0.5371111,-0.7003796,-0.54174143,-0.5918695,-0.37042028,-0.47107896,-0.4638315,-0.60072744,-0.8487506,-0.838886,-0.85982305,-0.87089556,-0.62508684,-0.74970233,-0.57797855,-0.58723915,-0.5508007,-0.40565082,-0.34505427,-0.3212988,-0.44188794,-0.3676018,-0.15118554,-0.15702374,-0.12340373,-0.091192946,-0.29512754,-0.13407356,-0.25244823,-0.35693198,-0.3476714,-0.57576406,-0.5326821,-0.8823706,-0.8304307,-0.76198274,-0.89384574,-0.8489519,-0.89867735,-0.82902145,-0.9850425,-0.8823706,-0.84150314,-0.7722499,-0.8000317,-0.6268987,-0.65488183,-0.7305772,-0.7505076,-0.73480487,-0.73218775,-0.534494,-0.457792,-0.572543,-0.4400761,-0.53952694,-0.5234215,-0.5290584,-0.55019677,-0.5163754,-0.5610679,-0.3557241,-0.44068003,-0.5181872,-0.6405883,-0.54274803,-0.7595669,-0.8859943,-0.9552475,-0.87371397,-0.71648496,-0.5805957,-0.9000866,-0.88841015,-0.86465466,-0.6756175,-0.74527335,-0.7100428,-0.7378246,-0.67803335,-0.6496476,-0.6681688,-0.7654051,-0.75332606,-0.76701564,-0.75393,-0.8121108,-0.66675955,-0.6627332,-0.49986738,-0.4817488,-0.50671214,-0.53207815,-0.72514164,-0.65468055,-0.5620745,-0.5967011,-0.68689126,-0.62991846,-0.5632824,-0.6589082,-0.44913536,-0.41189164,-0.35975042,-0.2737879,-0.34968457,-0.3118369,-0.28606826,-0.29774466,-0.230102,-0.24399291,-0.200307,-0.32431856,-0.2820419,-0.21137947,-0.18641609,-0.1161563,-0.15903692,-0.23191385,-0.37484926,-0.28566563,-0.22667961,-0.2313099,-0.17252518,-0.17353177,-0.01247781,0.012686873,0.115358785,0.14414719,0.09120068,0.067243904,0.0326173,0.10126656,-0.0056330166,-0.008652778,-0.07629545,-0.16084878,-0.12722877,-0.12018265,-0.16447249,-0.19829383,-0.19990435,-0.15923823,-0.22627695,-0.2776129,-0.26090357,-0.30358288,-0.2971407,-0.26976153,-0.28949064,-0.27459314,-0.32451987,-0.37746638,-0.2081584,-0.28727618,-0.15863429,-0.2542601,-0.2574812,-0.13407356,0.0453003,0.10187051,0.142134,0.29614183,0.22165439,0.47571704,0.80326056,0.88741124,1.0587324,0.7960131,0.85640836,0.785142,0.9987398,1.0532968,0.80446845,0.70058864,0.75675625,0.8149369,0.733806,0.7400469,0.9639119,0.9667303,1.1308041,1.2224035,1.2002585,1.3015213,1.1817373,1.1632161,1.4368066,1.3192371,1.4780767,1.5885999,1.5412904,1.4812977,1.487136,1.5420955,1.5207559,1.6804007,1.3945299,1.4420408,1.5785341,1.3442006,1.2292483,1.2560234,1.2830001,1.18979,1.0315546,1.1213422,0.8876125,1.1046327,0.8696953,1.0307492,0.8845928,0.7619905,0.63556314,0.4843737,0.6351605,0.42055607,0.46524855,0.33217767,0.2794325,0.40364543,0.3774741,0.4324338,0.2033345,0.20776348,0.2715811,0.36318058,0.03281862,0.07227684,0.12723652,-0.26412466,-0.3327739,-0.4426932,-0.470475,-0.14897105,-0.24016786,-0.22345853,-0.32311067,-0.43222472,-0.36176363,-0.6317303,-0.59307736,-0.5304676,-0.5663021,-0.5652956,-0.64401066,-0.66233057,-0.563685,-0.8032528,-0.5451638,-0.51154375,-0.6268987,-0.61361176,-0.6784359,-0.7581577,-0.53348744,-0.6794425,-0.59267473,-0.563685,-0.38088876,-0.5075174,-0.4420893,-0.4702737,-0.40142316,-0.42376938,-0.46282497,-0.3523017,-0.44591427,-0.46886447,-0.5520086,-0.6210605,-0.5886484,-0.59307736,-0.48315805,-0.26996285,-0.21460055,-0.11816948,-0.08535473,0.41733497,0.03765024,-0.18017524,-0.19044244,-0.10588911,0.014901365,0.1501867,0.14575772,0.3760649,0.22628468,0.2367532,0.19045019,0.26976928,0.06845181,0.066237316,0.020940889,0.026779097,0.05013192,0.056775395,-0.0028145718,-0.036031954,-0.032408237,-0.044285968,-0.053546578,0.10468895,0.14052346,0.2023279,0.003224952,0.28345886,0.5000765,0.2921155,0.24279273,0.11153375,0.28366017,0.24440326,0.19024888,0.17917642,0.11072848,0.18541726,0.28667992,0.20816612,0.22769393,0.20474371,0.24077955,0.14052346,0.1304576,-0.031401653,-0.08112707,-0.12561822,-0.107097015,0.052749045,0.020135619,-0.093206115,-0.26875496,-0.35431486,-0.5429493,-0.6556871,-0.44853142,-0.4426932,-0.42839968,-0.5818036,-0.7579564,-0.4296076,-0.32250673,-0.6051564,-0.55623627,-0.60938406,-0.95343566,-0.64461464,-1.0369824,-1.5755067,-1.7363592,-1.393113,-1.1106646,-1.0567116,-0.9043142,-1.3194308,-1.3119822,-1.3035268,-1.3679483,-1.245346,-1.1569676,-1.0695959,-1.1628058,-1.0661734,-1.0708036,-1.5114876,-1.5594012,-1.6840167,-1.4635742,-1.4931678,-1.5563815,-1.6115425,-2.14906,-2.2132804,-2.4709668,-2.6738946,-2.2108645,-2.2360294,-2.316959,-2.9587588,-2.9027927,-2.7886457,-2.2557583,-1.960627,-1.7707845,-1.453911,-1.7428013,-1.706363,-1.8897632,-1.9874021,-2.100341,-1.7844743,-1.8275561,-1.9205648,-1.6540203,-1.8335956,-1.9557954,-2.034108,-1.9272082,-1.7397817,-1.566246,-1.764141,-1.588995,-1.346206,-1.5767145,-0.67581886,0.23554529,0.7281692,0.5828179,0.60939187,0.39659926,0.5526203,0.5802008,0.55060714,0.70542026,0.9143877,1.037594,1.0498744,0.9947134,0.8141317,1.106646,1.1773083,1.3979523,1.2809868,1.2852145,1.3160161,1.261459,1.2590433,1.3876852,1.191602,1.3361479,1.2129415,1.2143508,1.3498374,1.4468724,1.1881795,1.097184,1.2878317,1.324874,1.2141495,1.2000573,1.0406139,0.98263437,0.8916389,0.81976855,0.69293857,0.8405043,0.6999847,0.56912833,0.71407694,0.67059237,0.48578295,0.7277665,0.72112304,0.9161996,1.3061515,1.2872277,1.4945847,1.2966896,1.6447675,1.8299797,1.7913265,1.4595555,1.3588967,1.2282417,1.0218914,0.8851967,0.8322502,0.94257224,1.2093178,1.2717263,1.3794311,1.1549622,1.1328171,1.2952805,1.2437432,1.1372463,1.2852145,1.2463603,1.2177731,1.2016678,2.0482078,1.6483911,1.931041,2.0393498,2.0226405,2.0121717,2.3338773,2.433932,2.1319559,2.117461,2.225971,2.3119335,2.311531,2.7512083,2.6328337,2.6982617,2.712354,2.7997258,2.7171855,2.7431557,2.9625916,3.0453331,2.921724,2.9966142,2.9094439,2.8150258,2.8186498,2.6145139,2.259591,2.5122445,2.570425,2.6885984,2.723829,2.922328,2.6402824,2.5853226,2.2269776,2.3375008,2.3479695,2.3775632,2.353405,2.7342975,2018-04-17
SCCO_ACH,-2.0969338,-2.0128846,-1.777456,-1.566203,-1.5076847,-1.8865846,-1.5937675,-1.5664289,-1.3454604,-1.3861295,-1.3827404,-1.3034357,-1.2544069,-1.6095833,-1.5833743,-1.5377346,-1.6387293,-1.5119776,-1.5643954,-1.7634478,-1.8716726,-1.7989203,-1.5747886,-1.6574824,-1.6730722,-1.4387733,-1.5000027,-1.5135591,-1.4699528,-1.5607804,-1.268867,-1.2507918,-1.2959797,-1.2568923,-1.2971095,-1.1089021,-1.1633534,-0.9534559,-1.1068687,-1.0677811,-1.0915048,-0.92950636,-1.0083592,-0.8563021,-0.8276078,-1.009037,-1.0045183,-0.8906448,-0.59014577,-0.3041068,-0.051054984,-0.35065028,-0.5368241,-0.41685045,-0.33890143,-0.22525406,-0.2745088,-0.42227298,-0.42701772,-0.35675064,-0.41278356,-0.51084113,-0.53524256,-0.50993735,-0.33076763,-0.2600487,-0.24829984,-0.11544764,-0.21870182,-0.0754564,-0.20401579,-0.01761599,-0.20559737,-0.377763,-0.4805653,-0.42091736,-0.4674608,-0.40962037,-0.45051536,-0.40284222,-0.3680476,-0.2636637,-0.3623991,-0.36782166,-0.46090856,-0.40758696,-0.27925348,-0.19610791,-0.2092124,-0.35675064,-0.1515979,-0.032753915,-0.11974048,-0.12697053,-0.105506316,-0.030042645,0.012659855,-0.06302976,-0.050603107,-0.06280381,-0.013323147,-0.17554747,-0.21892777,-0.2214131,-0.18119593,-0.0869793,-0.050377168,-0.17035086,-0.10121348,-0.041339602,0.02147148,-0.08426803,-0.037724573,0.06010708,-0.024394166,-0.011289694,0.18459953,0.12517755,0.02169742,0.06756307,-0.03885427,-0.10821758,-0.03659488,0.03909473,0.00859295,-0.025071984,0.10958775,0.09106074,0.0052038627,0.036157526,0.012433915,0.06575556,0.15138648,0.16855785,0.007011376,0.03231656,-0.09895408,-0.13871938,-0.12312958,-0.18752223,-0.24129573,-0.1412047,-0.3167594,-0.34613147,-0.20830864,-0.1412047,-0.035013307,-0.232936,-0.19791543,-0.26795655,-0.28874296,-0.30726996,-0.21124583,-0.36782166,-0.2548521,-0.07613423,-0.15702045,-0.3172113,-0.23948821,-0.14007501,-0.15476106,-0.19045945,-0.09533905,-0.2473961,-0.362851,-0.3840893,-0.5393095,-0.48689157,-0.20785676,-0.20401579,-0.29393956,-0.2347435,-0.2826426,-0.2903245,-0.262534,-0.2236725,-0.3276045,-0.30094367,-0.4188839,-0.5124227,-0.6439193,-0.61499906,-0.5890161,-0.52010465,-0.6920443,-0.6457268,-0.55874026,-0.518749,-0.50971144,-0.24016602,-0.20876051,-0.19949701,-0.11070292,-0.16786551,-0.4385406,-0.38905993,-0.082008645,-0.15182385,-0.19181506,-0.2937136,-0.3456796,-0.3305417,-0.056251585,-0.1509201,-0.36104348,-0.5831417,-0.6581535,-0.5564808,-0.7424288,-0.9080422,-0.81789243,-0.8906448,-0.82082963,-0.7537257,-0.62832946,-0.596698,-0.49366975,-0.4229508,-0.5806563,-0.41346136,-0.32398945,-0.318341,-0.29213205,-0.29213205,-0.14007501,-0.07274514,-0.057155337,-0.02846107,0.06462587,-0.027105434,0.09919455,0.049261995,0.1710432,0.13060008,0.0856382,-0.036820818,-0.14527161,-0.1267446,-0.18390721,-0.34861684,-0.3126925,-0.34206462,-0.20469362,-0.1902335,-0.15995766,-0.07048575,0.030283108,0.10439115,0.08609008,0.061462715,0.18776268,0.18234015,0.32355213,0.28943533,0.21758665,0.30344355,0.28491655,0.24018058,0.20854908,0.17962888,0.2397287,0.15590526,0.15048273,0.19069989,0.18482548,0.112976834,0.05355484,0.15477557,0.062366467,0.107102424,0.06598149,0.1249516,0.04361352,0.11365465,0.05739581,0.040902246,-0.087657124,-0.078393616,-0.07161544,-0.038176455,0.041128185,-0.09556499,0.060784895,-0.111154795,-0.10731383,-0.05444407,-0.14594944,-0.036820818,-0.06777448,0.122240335,0.10077613,0.08857541,0.07931191,0.18256609,-0.15046822,-0.16628395,-0.15453511,-0.035013307,0.013563612,-0.11364014,-0.39719376,-0.44983757,-0.4611345,-0.44351128,-0.42995492,-0.44780412,-0.36488444,-0.37821487,-0.3391274,-0.29868427,-0.3059143,-0.2860317,-0.25440022,-0.24265137,-0.2785757,-0.24671827,-0.22728752,-0.2525927,-0.24626641,-0.40239036,-0.32647482,-0.36375475,-0.36827353,-0.45819733,-0.5318535,-0.52123433,-0.5128746,-0.5128746,-0.4871175,-0.50293326,-0.5395354,-0.5368241,-0.49118444,-0.55512524,-0.49163634,-0.48485813,-0.5978277,-0.58268976,-0.54473203,-0.54382825,-0.5964721,-0.6258442,-0.6260701,-0.6037021,-0.5625812,-0.6256182,-0.6427896,-0.7451401,-0.5774932,-0.6183882,-0.61499906,-0.61048025,-0.65182716,-0.6070912,-0.6143213,-0.5526399,-0.5659703,-0.5887901,-0.56958526,-0.56935936,-0.43085867,-0.49366975,-0.5284644,-0.52484936,-0.5858529,-0.5497027,-0.62064755,-0.6364633,-0.58833826,-0.56642216,-0.5121968,-0.5659703,-0.6258442,-0.54269856,-0.53501666,-0.388834,-0.2826426,-0.35516906,-0.3016215,-0.23451756,-0.3045587,-0.33777174,-0.30275118,-0.21192366,-0.29732865,-0.4789837,-0.50406295,-0.3847671,-0.3802483,-0.3063662,-0.17825872,0.35925052,0.15590526,0.23317645,0.12449973,0.09580546,-0.076360166,0.04790636,0.025312448,0.11726967,0.28039777,0.09399795,-0.03930615,-0.15927984,0.053102963,0.014693306,0.04361352,0.14551206,0.16110186,0.238599,0.32535964,0.43222886,0.4277101,0.1387339,0.23837306,0.34501633,0.24108435,0.14777146,0.25260726,0.2846906,0.27859023,0.31654802,0.2921466,0.33981973,0.30525103,0.20967878,0.2541888,0.3915598,0.31948522,0.401953,0.41144246,0.48893958,0.21103442,0.49571776,0.5890306,0.4423961,0.6272143,0.5619179,0.67127246,0.6640424,0.6084614,0.6082354,0.44149235,0.58134866,0.5623698,0.5684702,0.48780987,0.54971725,0.58134866,0.45979345,0.47244605,0.5212489,0.37235498,0.40850523,0.46747535,0.35473174,0.31202924,0.3147405,0.31112546,0.38907447,0.22910957,0.16223156,0.30683264,0.38252223,0.41460562,0.32716715,0.16223156,0.2742974,0.14008953,0.120432824,0.14121923,0.25034785,0.13037415,0.12269221,0.08089348,0.18188827,0.037739098,0.26819706,0.29643944,0.27542707,0.38907447,0.36941776,0.44646302,0.50904816,0.40692368,0.4179947,0.41076463,0.36128396,0.26638952,0.27678272,0.19680025,0.22843176,0.1728507,0.1843736,0.28559437,0.14302674,0.118173435,0.14257486,-0.046762142,-0.13804156,-0.078393616,0.02418275,0.13376324,0.1554534,0.23023927,0.18505143,0.1988337,0.17533603,0.22685017,0.033672195,0.008367011,0.17262477,0.22323513,0.15974624,0.33981973,0.40082332,0.33281565,0.34433854,0.36761025,0.23136897,0.25599632,0.32016304,0.38658914,0.42680633,0.39698234,0.38500756,0.31519237,0.34976107,0.39336735,0.3296525,0.3540539,0.41731688,0.4677013,0.3192593,0.4862283,0.59445316,0.5250898,0.42974353,0.19002208,0.16991349,0.15793872,0.06575556,-0.15634263,-0.14820883,-0.0076746684,0.16177969,0.13353729,0.027797777,-0.06348163,-0.0029299464,-0.07907143,-0.112962306,-0.13578217,-0.19158913,-0.2745088,-0.024168227,0.088801354,0.079537846,0.049939815,-0.018745687,-0.02552386,-0.16176517,-0.2675047,-0.15295354,-0.10821758,-0.07613423,0.02147148,-0.055799704,0.007011376,0.07569688,-0.103472866,-0.02349041,-0.122903645,-0.39335278,-0.3547172,-0.5842714,-0.9780833,-1.086986,-0.84048635,-0.59579426,-0.5460876,-0.48531002,-0.59963524,-0.55580306,-0.5469914,-0.45277476,-0.34116083,-0.3016215,-0.075004525,-0.2641156,-0.069807924,-0.21192366,-0.70379317,-0.69837064,-0.7849053,-0.6730655,-0.5874345,-0.62064755,-0.9439665,-1.3696358,-1.5386384,-1.8777729,-2.0271187,-1.5171741,-1.5804371,-1.5422534,-2.2501206,-2.241309,-2.1825647,-1.747858,-1.6353403,-1.8280662,-1.6425704,-1.9532367,-2.0576205,-2.0490348,-2.0246334,-1.9620482,-1.7164525,-1.8023094,-1.7623181,-1.476505,-1.4821535,-1.4493924,-1.4697269,-1.3445567,-1.2033447,-1.0492542,-1.2751933,-1.0458652,-0.7867128,-1.0275639,-1.0544508,-0.8637581,-0.48101714,-0.6703542,-0.477854,-0.5874345,-0.45141914,-0.17916247,-0.2889689,-0.15453511,0.013111733,-0.069807924,0.14031546,-0.10618413,-0.17938843,0.045872908,0.23136897,0.4832911,0.48803586,0.5323199,0.43742546,0.36128396,0.25486663,0.3106736,0.21464944,0.47696483,0.41663906,0.36150992,0.59264565,0.70516336,0.49503994,0.41709092,0.561692,0.6726281,0.5162782,0.5533322,0.53186804,0.5994238,0.72346437,0.67104656,0.6235993,0.72820914,0.7209791,0.6629127,0.82852614,0.8018653,0.6909292,0.6344444,0.6981592,0.98058313,1.2948644,1.3325962,1.2621033,1.089034,1.3000611,1.4455658,1.460478,1.1353514,1.0501723,0.9466922,1.1525228,1.1547822,1.1864136,1.0705068,1.1120796,1.359709,1.619991,1.2648146,1.2406391,1.493691,1.5165107,1.419131,1.678735,1.7038143,1.9819455,2.3088794,2.1739938,2.0967226,2.1821275,2.0185475,2.1706047,2.3493226,2.8364472,3.05719,2.8732755,2.934731,2.9476092,2.9848895,3.1638331,3.2670875,3.0974069,3.1428208,3.2065358,3.209473,3.3174717,3.2483344,3.3174717,3.3475218,3.599218,3.743141,3.6450834,3.5153944,3.4381232,3.4035547,3.2035985,3.383898,3.5149426,3.590858,3.6475687,3.763702,3.5682642,3.2664094,3.122486,3.2786102,3.3122752,3.104863,3.1837158,3.431797,2018-04-17
GGB_CLF,0.8175202,0.87623715,1.0320629,0.69331133,0.89204556,0.81300354,0.5103855,0.25970936,0.3184263,0.78816175,0.65266114,0.70008636,0.58942753,0.90785396,0.7971951,0.9010789,0.90785396,0.9914127,0.921404,0.62556106,0.46973532,0.31616795,-0.024841929,0.14453384,0.35681817,0.27777612,0.31390962,0.1738923,0.17615065,0.28003445,0.3387514,0.10162531,0.06323347,0.024841629,-0.06549211,0.042908378,0.013549913,0.08355856,0.110658675,0.27777612,0.13550046,-0.01355021,0.067750156,0.09485027,0.09485027,0.21454248,0.08807525,0.26648438,0.3342347,0.42005178,0.60975266,0.46070194,0.48102704,0.54877734,0.33649305,0.50135213,0.5103855,0.36359316,0.40424338,0.42908514,0.57813585,0.35004312,0.39295164,0.3342347,0.051941752,0.08355856,0.20550911,0.31390962,0.35004312,0.44037685,0.32745966,0.16260058,0.16711727,0.054200098,-0.19647603,-0.26648468,-0.3816602,-0.485544,-0.69556993,-0.5149025,-0.5894278,-0.485544,-0.6775032,-0.8694624,-0.9168876,-0.84462065,-0.84462065,-1.0252881,-1.122397,-0.9891546,-0.75654525,-0.86720407,-0.9055959,-1.0298048,-1.1336886,-0.74073684,-0.4810273,-0.29584312,-0.27551806,-0.30261818,-0.22131781,-0.31616822,-0.23035118,-0.27551806,-0.26422635,-0.15582585,-0.06323377,-0.10614229,-0.101625614,-0.22809285,-0.14905082,-0.18744266,-0.28003475,-0.6165279,-0.051942047,-0.056458738,0.07678353,0.056458443,-0.06323377,-0.01355021,-0.018066898,-0.015808554,-0.07000879,-0.049683705,0.011291569,-0.056458738,-0.16711758,-0.1784093,-0.20325108,-0.30035982,-0.33875167,-0.4177937,-0.4019853,-0.35907674,-0.3658518,-0.22357616,-0.5532943,-0.6639531,-0.630078,-0.55103594,-0.51038575,-0.39521024,-0.4087603,-0.16937593,-0.04065033,0.1942174,0.35681817,0.23938426,0.39069328,0.39972666,0.29810122,0.30487627,0.15130886,0.18970071,0.34100974,0.079041876,0.08807525,-0.03161696,-0.042908672,-0.09485058,-0.1580842,-0.083558865,0.23938426,0.1219504,0.12420874,0.0858169,0.06549181,0.0700085,0.07678353,-0.024841929,0.038391694,0.033875003,0.0180666,0.09485027,-0.054200392,-0.24390125,-0.43134373,-0.48780236,-0.4336021,-0.261968,-0.15130918,-0.32068494,-0.29584312,-0.3974686,-0.4177937,-0.5081274,-0.650403,-0.5239358,-0.56458604,-0.4968357,-0.48328567,-0.53296924,-0.4336021,-0.3613351,-0.3500434,-0.5013524,-0.25745133,-0.3139099,-0.4290854,-0.4019853,-0.33875167,-0.571361,-0.6097529,-0.56684434,-0.47199395,-0.4765106,-0.36359343,-0.39521024,-0.4336021,-0.54200256,-0.58039445,-0.65491974,-0.8852708,-0.912371,-1.2172472,-1.0162547,-0.781387,-1.0749717,-0.6255613,-0.46747726,-0.08130051,-0.045167018,-0.30035982,-0.3613351,-0.3500434,-0.26648468,-0.3252016,-0.19195935,-0.0338753,0.03161666,-0.090333894,0.1264671,-0.101625614,0.24164261,0.11743371,0.39069328,0.18066733,0.20325078,0.038391694,-0.051942047,0.20550911,0.13324212,0.110658675,0.43134347,0.022583285,0.09936696,-0.4019853,-0.26422635,-0.027100272,-0.09485058,-0.18066762,-0.09710892,0.15356721,0.038391694,-0.8694624,-0.69782823,-0.86494565,-0.73396176,-0.29810148,-0.11065898,0.21905918,0.31616795,0.37488487,0.49457708,0.49231875,0.3026179,0.020324942,-0.12646739,-0.072267145,-0.20099273,-0.11291733,-0.18744266,-0.25067627,-0.3929519,-0.30261818,-0.28906813,-1.214989,-1.2533808,-1.2104723,-1.2127306,-1.2962893,-1.221764,-1.3437146,-1.3572646,-1.596649,-1.603424,-1.4656651,-1.4475982,-1.2895143,-1.3459729,-1.4543734,-1.5288987,-1.5085735,-1.3369396,-1.4272733,-1.2646725,-1.379848,-1.4724401,-1.7095662,-1.6192324,-1.7027912,-1.8428084,-2.003151,-1.9805673,-2.3441608,-2.54967,-2.3961027,-2.443528,-2.4209447,-2.4028778,-2.1973684,-2.271894,-2.2809272,-2.1205847,-2.1273596,-2.5406368,-2.3148024,-2.5587034,-2.3419023,-2.4254613,-2.5745118,-2.4186862,-2.1838183,-1.9354005,-2.136393,-1.8021582,-1.1404636,-0.5758777,-0.4697356,-0.3455267,-0.16937593,0.0180666,0.18292567,0.32971802,-0.101625614,-0.09936727,-0.02032524,-0.1377591,-0.076783836,-0.14001745,-0.024841929,-0.049683705,-0.20776775,0.16034225,0.21680082,0.074525185,0.14905052,0.0180666,0.15130886,-0.17615095,-0.09710892,-0.13324241,-0.29584312,-0.51941913,-0.5600693,-0.46747726,-0.5849111,-0.51716083,-0.51038575,-0.4810273,-0.42231038,-0.21454279,-0.2258345,-0.090333894,-0.0858172,0.036133353,0.23712592,0.41779342,0.37940156,0.3071346,0.178409,0.41779342,0.45392692,0.3184263,0.52167726,0.5194189,0.50812715,0.76557827,0.67072785,0.6029776,0.6300777,1.3956561,1.2849973,1.2691889,0.9665709,0.75654495,0.63911104,0.70234466,0.92366236,0.9507625,0.63685274,0.39746833,0.25519267,0.6165277,0.467477,0.3545598,0.42005178,0.70911974,0.85139537,0.40198502,0.14679217,-0.5871694,-0.18518433,0.1580839,0.03161666,-0.7384784,-1.0343214,-1.4724401,-1.2691891,-0.9868963,-1.0591633,-1.1720804,-1.294031,-1.2533808,-2.0212176,-1.7569914,-1.7050495,-1.6192324,-1.8676503,-1.7434413,-1.6598827,-1.5288987,-1.2398307,-1.5040569,-1.3143561,-1.2849976,-1.0185131,-1.1269135,-0.6029778,-0.58265275,-0.49909407,-0.95076275,-0.8084871,-0.5307109,-0.25067627,-0.23260954,-0.73170346,-0.5736194,-0.28906813,0.0180666,-0.49006066,-0.2416429,-0.2258345,-0.27777642,-0.20776775,-0.31165153,-0.08807555,-0.24615958,0.029358316,-0.32068494,-0.47876894,-0.6662114,-1.8970087,-1.4905069,-1.8608752,-1.9173337,-1.6847243,-1.4250149,-1.4634068,-1.43179,-1.747958,-1.0275465,-1.2104723,-1.0117381,-1.2262807,-1.0749717,-0.62330294,-0.54200256,-0.59846115,-0.25067627,-0.6413697,-0.6413697,-0.4381188,-0.44263545,-0.4765106,-0.4810273,-0.30713487,-0.49457735,-0.26874304,-0.15356752,-0.28229308,-0.43586046,-0.36811015,-0.5758777,-0.56458604,-0.46296054,-0.7791287,-0.5916861,-0.68653655,-0.78590363,-0.72492844,-1.0659382,-0.7542868,-0.73170346,-0.9146293,-0.76332027,-0.6910532,-0.34326833,-0.51038575,-0.44037712,-0.7046033,-0.5758777,-0.5374859,-0.5239358,-0.5465193,-0.33649334,-0.24615958,-0.10840064,-0.0067751794,-0.04742536,-0.24615958,-0.22357616,-0.29584312,-0.04065033,-0.04742536,0.22809255,0.20776746,0.22131751,0.42456844,0.35681817,-0.59846115,-0.39069355,-0.49006066,-0.41101864,-0.28680977,-0.2100261,-0.11743402,0.051941752,0.07226685,0.036133353,0.18066733,0.013549913,-0.06323377,-0.09710892,-0.09259224,-0.08807555,-0.35456008,-0.3093932,-0.15130918,-0.25970966,-0.34326833,-0.38843524,-0.33423498,-0.3455267,-0.38843524,-0.49909407,-0.31842658,-0.41101864,-0.4177937,-0.485544,-0.38843524,-0.4448938,-0.16260087,0.038391694,0.047425065,0.013549913,-0.18518433,-0.022583583,-0.18518433,-0.15582585,-0.07452549,-0.16485922,-0.20776775,-0.17163426,-0.11517567,-0.12420905,-0.3252016,-0.485544,-0.2416429,-0.0338753,-0.38843524,-0.30035982,0.004516538,-0.042908672,-0.067750454,0.13324212,0.24841763,0.18066733,0.34326807,0.21905918,0.092591934,0.045166723,0.079041876,0.20550911,0.103883654,0.022583285,0.1264671,0.10614199,0.103883654,-0.07000879,-0.090333894,-0.33197662,-0.32068494,-0.22809285,0.081300214,0.29810122,0.38617662,0.25519267,0.39520997,0.5126438,0.56684405,0.60523593,0.7971951,0.9349541,0.770095,0.62330264,0.67072785,0.62556106,0.56910247,0.3545598,0.31165126,0.09033359,0.022583285,0.13550046,0.015808256,0.22131751,0.26874274,0.10614199,0.047425065,0.16711727,0.44489354,0.36810985,0.3703682,0.10162531,0.30939293,0.29132617,0.3387514,0.31616795,0.58039415,0.58039415,0.6458861,0.8242953,0.70234466,0.92366236,0.7768701,0.7678367,0.42682678,0.50135213,0.474252,0.58039415,0.43134347,0.42005178,0.49457708,0.36359316,0.30035955,0.28906786,0.1264671,0.31165126,0.46973532,0.4223101,0.28906786,0.37714323,0.26648438,0.52167726,0.40198502,0.5510357,0.30035955,0.18744235,0.42005178,0.8242953,0.8310703,0.8626871,0.7836451,0.7904201,0.82881194,0.7226698,0.7429949,0.71815306,0.72492814,0.842362,0.7768701,0.7068614,0.5623274,0.5758774,0.58942753,0.57813585,0.62556106,0.5307106,0.65943617,0.7926785,0.72492814,1.0252879,1.1969218,1.0343212,1.1201383,1.2646723,1.3595227,1.3821061,1.0840048,0.9710876,0.9552792,0.8107452,1.2466055,1.5943903,2.0618675,2.0596092,2.0415423,2.2402766,2.3848104,2.414169,2.0234756,2.23576,1.9195919,1.7705412,2.0663843,1.9647588,1.9150752,2.1973681,2.2131765,2.3961022,2.3983607,2.565478,2.5722532,2.9177797,3.091672,2.9426212,3.0419884,2.9448798,2.6761367,2.8726127,2.4638524,2.6219366,2.4570775,2.6309698,2.6851702,2.7709873,2.7077537,2.3035102,2.1657512,2.2154348,2.6061282,2.5632195,2.5699947,2.3983607,2.427719,2.3757772,2.3802938,2.5112777,2.5948365,2.599353,2.3735187,2.6625867,2.696462,2.4886942,2.5180528,2.612903,2.7506623,2.6829119,2.7913122,2.9313295,2018-04-17
MT_HBM,-0.9293357,-0.59238136,-1.1110891,-1.2995741,-1.6933731,-1.5355544,-1.1959822,-1.1724216,-1.4012963,-1.4338324,-1.1234304,-0.79358166,-0.65782756,-0.1690381,0.019446904,-0.24196385,-0.23149246,0.09910425,0.17801365,0.10994962,0.3193774,0.41474184,0.10359199,0.025056578,-0.19858238,-0.010097372,0.22251707,0.040015705,-0.31862935,-0.43119678,-0.12565663,-0.25841886,-0.18811099,-0.30254832,-0.3332145,-0.5074883,-0.5516178,-0.6589495,-0.31152377,0.041885596,-0.096112356,-0.1978344,0.017203033,-0.006357591,-0.23710212,-0.34443384,-0.5946253,-0.31152377,-0.5628371,-0.35004354,-0.21167159,-0.46934256,-0.02094274,-0.011967265,-0.4222213,-0.3403201,-0.15482694,0.082649216,0.24009404,0.5624632,0.5822841,0.95551425,0.43680656,0.6724128,1.0856587,1.0407813,1.4177512,1.1024877,1.2154291,1.3998003,1.9334671,1.9847022,1.9888159,1.7921034,1.8841021,1.8059406,1.9446864,2.074457,2.056132,2.1829107,2.1488786,2.0804408,2.0172384,1.8392248,1.7591933,2.142147,1.7614372,1.5392942,1.5280749,1.4630026,1.6892595,1.6477479,1.473848,1.2042097,1.2460953,0.86688143,0.92858785,0.77189094,0.5991131,0.59537333,0.37510017,0.33583245,0.3908072,0.31040192,0.3178815,0.29357293,-0.0833971,0.12004703,0.2677684,0.090502754,-0.056096688,0.020942817,-0.07853538,-0.53665864,-0.6645592,-0.47532624,-0.44092023,-0.3302227,-0.59163344,-0.56807286,-0.60210484,-0.34667772,-0.24383374,-0.4760742,-0.3451818,-0.6312751,-0.76179355,-0.8881982,-0.9753351,-1.0441471,-1.1522268,-1.2030878,-1.0310578,-0.8799706,-0.95850605,-0.99216413,-1.456271,-1.4184992,-0.89081603,-0.38893723,-0.67203873,-0.5546096,-0.4745783,-0.6256654,-0.46036708,-0.34106806,-0.701957,-0.82312596,-0.86762935,-1.0736914,-1.0557404,-1.1305361,-1.2259005,-1.5662206,-1.7876158,-1.8216476,-1.3698821,-1.4360762,-1.5336845,-1.2995741,-1.4125155,-1.1256744,-0.8362152,-1.1294141,-1.0897725,-1.0643419,-1.2303882,-1.0407813,-1.0946342,-1.0321797,-1.1929904,-1.269656,-1.0871546,-1.0946342,-1.3983045,-1.2374938,-1.3998003,-1.0546185,-1.1847628,-0.74795634,-0.50524443,-0.52768314,0.25318328,0.0964864,0.343312,0.31862944,0.5538617,0.50599253,0.7068188,1.1211865,0.9558882,1.1761614,0.66156745,0.5643331,0.4749523,0.51235014,0.6499741,0.28272754,0.27375206,0.21391557,0.060210526,0.021316793,-0.07142979,-0.13089232,-0.2408419,-0.19671248,-0.324987,-0.28646722,-0.256175,-0.38519746,-0.6215517,-0.6533398,-0.51048017,-0.25393113,-0.00037393993,-0.5460081,-0.7898419,-0.21391548,-0.41324586,-0.79021585,-0.19708645,0.02617851,-0.95140046,-0.69223356,-0.78797203,-1.011985,-1.0347975,-1.2101934,-1.5396682,-1.2027138,-0.96411574,-1.011237,-0.80891484,-0.8006873,-0.54226834,-0.2322404,-0.069933884,-0.12864846,-0.15968864,0.16791624,0.23672824,0.5392766,0.40539238,0.6619414,1.182893,0.976831,0.7083147,0.22476093,0.27188218,0.31900343,-0.07853538,-0.3504175,-0.31675947,-0.5841539,-0.39342502,-0.92223024,-0.6570796,-0.4334407,0.029918293,-0.09461644,-0.2801096,-0.34779966,-0.29095498,-0.6780224,-0.6245435,-0.60135686,-0.77525675,-0.97009945,-0.90353125,-0.8665074,-0.95214844,-1.148113,-0.91400266,-0.9626198,-0.5299271,-0.718038,-0.4704645,-0.43493658,-0.20830579,-0.37397814,-0.6316491,-0.6656811,-0.94504285,-1.1380156,-1.1750394,-1.6791619,-1.628301,-1.7169338,-1.5527574,-1.5359284,-1.6215694,-1.6305449,-1.6170816,-1.3597846,-1.6799101,-1.4446777,-1.5486436,-1.7977132,-1.7490959,-1.6462519,-1.8227696,-1.7389985,-1.5965129,-1.5041401,-1.5497656,-1.5209693,-1.3672642,-1.4671165,-1.4633766,-1.2629243,-1.3635244,-1.1271702,-1.1017398,-0.64436436,-0.60995835,-0.44017228,-0.48018795,-0.45587936,0.03029227,-0.16941209,-0.2303705,0.12453477,0.30217442,0.5744305,0.292077,-0.018698871,-0.16155854,0.033658076,-0.10433988,-0.019820806,0.1462255,0.29058108,0.3227432,0.18362331,0.16716827,0.13837196,0.33246663,0.4188556,0.3354585,0.4551315,0.36911651,0.40240055,0.5097323,0.50225276,0.6211778,0.71803814,0.651844,0.52282155,0.6985913,0.41810766,0.360889,0.43418872,0.274874,0.5336669,0.39155522,0.7049489,0.7490783,1.0336757,1.0220823,1.1062274,1.3122895,1.0347975,0.7169162,0.737485,0.805923,0.8997915,0.9708473,1.2528268,1.300696,1.1241784,1.1885027,1.0168467,1.0804229,1.078179,0.84481674,0.9757091,1.0905204,1.3137853,1.5288228,1.3586627,1.6054884,1.3279965,1.1353978,1.1346498,0.98580647,0.8549141,0.7614196,0.73711103,0.46635082,-0.5460081,-0.14585145,-0.40464434,-0.30666205,-0.16978605,-0.35789707,-0.15333101,-0.18324928,-0.27749175,-0.62603945,-0.62678736,-1.0187166,-1.1428773,-1.0774312,-0.942799,-0.88969404,-0.7812404,-0.67540455,-0.83509326,-0.34256396,-0.2374761,-0.27113414,-0.6967213,-0.39417297,-0.31189775,-0.20232216,-0.11817708,-0.026926389,0.21877727,-0.17165595,0.07142987,0.25542715,0.2217691,0.12640466,0.17389989,0.33957222,0.047869246,-0.07367366,-0.39118114,-0.48467568,-0.5538616,-0.60360074,-0.42783102,-0.3919291,-0.8249959,-0.78946793,-0.4528875,-0.10882762,-0.32124722,-0.4480258,-0.46223697,-1.1529747,-1.8134202,-1.6051142,-1.7595673,-1.6997309,-1.9454346,-2.0026531,-1.8631592,-1.9211259,-2.0363111,-2.1948779,-2.2715435,-1.8051927,-2.0022793,-1.6739262,-1.8590456,-1.6372764,-1.3796054,-0.8515483,-0.89268595,-1.028066,-0.78797203,-1.1911205,-0.84145087,-0.74309456,-1.13278,-0.94055516,-1.1421293,-0.7292574,-0.20606193,-0.18586713,0.08152728,-0.14024179,0.21054977,0.37697005,0.2270048,0.034406032,0.11032359,-0.08077925,0.1394939,0.22438696,-0.054974753,-0.40277445,-0.023934565,0.0029918638,-0.3504175,-0.28310144,0.19110288,-0.060584426,-0.25505307,-0.45625335,-0.22326493,-0.12490867,-0.22214298,-0.32610893,-0.57443047,-0.5508698,-0.4330667,-0.6136982,-0.22438687,-0.013089199,0.2356063,0.5561056,0.4768222,0.25019145,0.24009404,0.29619077,0.26440263,0.34592986,0.28160563,0.7053229,0.8986696,0.58265805,0.60509676,0.805923,0.85192233,0.42371732,0.49776497,0.39005926,0.61369824,0.5306751,0.6604455,0.5097323,0.63987666,0.60322684,0.5202037,0.5882677,0.79507756,0.7296315,0.92896175,0.8178903,0.7849802,0.3556533,0.5804142,0.14136378,-0.02879628,-0.26552445,-0.007105547,0.19035494,0.27450004,0.39604294,0.44204226,0.48317987,0.59537333,0.38183177,0.37996188,0.27786583,0.1514612,0.059836548,0.08788491,0.28908518,0.25505316,0.48991144,0.4749523,0.463733,0.37023845,0.13874593,0.06694213,0.31264582,0.30142644,-0.06806399,-0.07853538,0.22251707,0.5370327,0.0777875,-0.030666173,-0.48467568,-1.2752656,-0.56695086,-0.86613345,-0.8784747,-0.9869284,-1.0299358,-0.9887983,-0.5033746,0.034406032,-0.4977649,-0.18549314,-0.0104713505,-0.1843712,-0.43194473,-0.36201084,-1.2086976,-1.0811709,-1.063594,-1.5351804,-1.4753438,-1.6365285,-2.1163425,-1.8564278,-2.0920339,-2.0890422,-1.6896335,-1.7449821,-1.8556796,-2.1799188,-2.2857547,-1.7842499,-0.8130286,-0.56395906,-0.42296928,-0.13986781,-0.34405988,-0.3193773,-0.30292228,-0.43269268,-0.5733085,-0.7692731,-0.6791443,-0.62379557,-0.4465299,-0.30815798,-0.77937055,-0.6193078,-0.46896857,-0.63688475,-0.7004611,-0.8175163,-0.7434686,-0.90427923,-1.0561143,-1.0063753,-0.84481674,0.103218004,-0.49926084,-0.19409463,0.094242536,0.21765535,0.45961922,0.49065942,0.4958951,0.7154203,0.65296596,0.67016894,0.47345644,0.4203515,0.36911651,0.40651432,0.42446527,0.064698264,0.07703955,-0.20082624,-0.45213956,0.024682598,-0.07516958,0.017203033,0.3466778,0.23336244,-0.0953644,0.18998097,0.24495573,-0.015333068,-0.11668116,0.38108382,0.61519414,1.2554448,1.2584366,1.1675599,1.284989,1.2546968,1.7289011,1.9001831,1.9974174,1.7782663,1.7378765,1.4435557,1.148113,0.86949927,0.9446689,0.97196925,0.7741348,0.8291096,0.6260395,0.53478885,0.3534094,0.04712129,0.18137945,0.35640126,0.7184121,0.23710221,0.34405997,0.5280572,1.1047316,0.64960015,0.7247697,0.891938,0.43269277,0.30329633,1.2950865,1.1967301,1.2819972,1.080049,0.8608978,1.148113,1.6522356,1.9914337,1.9327193,1.9057928,1.5725782,1.5407901,1.2191689,1.2917206,1.5224652,1.404288,1.5995046,2.0336933,1.8526878,1.7281531,1.5056361,2.2345195,2.0497744,1.8081845,1.7360067,2.0019052,1.7648029,1.783128,2.0998874,1.9820844,1.9409468,1.6511136,1.6125938,1.7584454,1.6484958,1.4285966,1.388955,1.4226129,1.1350238,1.4817015,1.441312,1.0908943,1.4831975,1.6563493,1.3365979,1.5995046,1.8044447,1.6279271,1.9992874,1.9951736,2.121952,2.2745352,2.1376593,2.1851544,1.9660033,1.9368329,1.9914337,1.7775182,2.1634636,2.1911383,2.3878508,2.7012444,2018-04-17
SCCO_RIO,-1.8607328,-1.5171787,-1.338715,-1.1574843,-1.266776,-1.4295608,-1.3465544,-1.3968194,-1.5374691,-1.5900397,-1.8759507,-1.7883328,-1.6841137,-1.4254105,-1.433711,-1.4964269,-1.301362,-1.2432575,-1.5711328,-1.5997239,-1.6859583,-1.700715,-1.7025596,-1.7703482,-1.574822,-1.7113214,-1.6273926,-1.6675124,-1.5891175,-1.5365468,-1.2391073,-1.5545316,-1.7270004,-1.5974182,-1.6762742,-1.2778435,-1.4452398,-1.2778435,-1.5420806,-1.7136271,-1.7297672,-1.3341033,-1.3977416,-1.3032066,-1.1962206,-1.244641,-1.1653237,-1.1367326,-1.0574154,-0.9896268,-0.7687377,-0.917688,-0.9794817,-1.1164422,-1.109525,-1.2049823,-1.2884499,-1.3433264,-1.4765977,-1.2773824,-1.2331123,-1.194376,-1.0315912,-1.2266563,-1.01499,-0.9799428,-1.1016855,-1.0597212,-1.0933849,-1.0408142,-1.4309442,-1.4180322,-1.5365468,-1.6296984,-1.5204066,-1.5840448,-1.446162,-1.4152652,-1.2852218,-1.3991251,-1.1454945,-1.1989874,-1.263548,-1.0929236,-1.2750766,-1.439706,-1.0523429,-0.9116931,-1.2022156,-0.93013895,-0.8291478,-0.6797363,-0.55707127,-0.56029934,-0.6640574,-0.5469261,-0.7802663,-1.0297467,-0.81854147,-0.75259745,-0.65529555,-0.6672854,-0.6354662,-0.39244196,-0.34817186,-0.31312475,-0.2536368,-0.08209026,-0.18077564,-0.30482408,-0.09869154,-0.2623986,-0.13051066,-0.054421466,-0.81254655,-0.9863988,-0.81393,-0.6880369,-0.63177705,-0.9407453,-0.9527351,-0.91215426,-0.8406765,-0.7369185,-0.8157746,-0.9135376,-0.8033236,-0.8097797,-0.73046243,-0.67097455,-0.58012867,-0.7327682,-0.5137235,-0.552921,-0.65806246,-0.310819,-0.471298,-0.59350187,-0.6931096,-0.6659019,-0.5423146,-0.64468914,-0.7489083,-0.5833567,-0.66129047,-0.6151758,-0.3177362,-0.6765083,-0.68111974,-0.625321,-0.45838594,-0.43486744,-0.3790687,-0.43210056,-0.06179981,0.3642997,0.280371,0.60824627,0.4869647,0.3832067,0.6345317,0.79869986,0.94488335,0.80561703,0.9541063,0.97854704,0.73736733,0.7064705,0.9010744,1.0269674,0.8835508,1.0735433,1.003449,0.9139865,0.95364517,0.994226,1.2012808,1.3313242,1.3723663,1.2151153,1.2045089,1.227105,0.8821674,1.3045777,1.2390949,1.5651256,1.3446975,1.5978669,1.8312072,1.9220532,1.9206696,1.8957677,2.1872125,2.03734,1.965862,1.8893117,1.868099,1.9321983,1.710848,1.7744862,1.7057753,1.7477397,1.8039995,1.7214543,1.138565,0.81760687,0.56904876,0.49526533,0.5981011,0.9038413,1.0408018,1.148249,0.7078539,0.7341393,0.59902334,0.6492883,0.5031048,-0.011995973,0.5487584,0.61839145,0.80100554,0.8471202,0.97393554,1.3423917,1.3857396,1.3290185,1.3995739,1.4277039,1.6693447,1.5333065,1.7062365,1.6126237,1.8593372,1.531923,1.4323153,1.409258,1.2423229,1.456295,1.3340911,1.0952171,0.8549597,0.7498183,0.7410565,0.32786912,0.27160922,0.46667424,0.35784367,0.21073785,-0.31727505,0.04795309,0.32325763,0.6142412,0.8443533,0.9204426,0.626231,0.47082457,0.46851885,0.8877011,1.0089827,0.928282,0.93381584,1.3225625,1.0518693,1.1616223,1.3446975,1.2012808,1.0813828,1.0403407,1.050486,1.0089827,1.0620146,1.0652425,0.87709475,0.74659026,0.86418265,0.89554065,0.9033801,1.0643203,1.1311866,0.94534445,0.69079155,0.66404504,0.5985622,0.72445524,0.9079916,0.8789394,0.95364517,0.8775559,0.7839432,0.74151766,0.7179992,0.6806463,0.6266921,0.67695713,0.49388188,0.7156935,0.6276144,0.42286533,0.22411111,-0.06456669,-0.10468645,-0.24210814,-0.0903909,-0.32326993,-0.3744572,-0.6110255,-0.43809548,-0.60456944,-0.47590947,-0.5049617,-0.07010044,0.062248643,-0.101458415,-0.06410554,0.0041441605,-0.28038332,-0.4560802,-0.6133312,-0.62670445,-0.7959452,-0.66636306,-0.44178465,-0.27392727,-0.51234007,-0.76597077,-0.63362163,-0.51602924,-0.6211707,-0.153568,-0.32603684,-0.5589159,-0.46299738,-0.53631973,-0.49712223,-0.24671963,-0.41780502,-0.42610568,-0.42195535,-0.28453362,-0.28683937,-0.04519853,0.03457984,-0.14019473,-0.16970812,-0.1992215,-0.19368774,-0.30021262,-0.3601617,-0.26101515,-0.08255141,-0.19829921,-0.22412343,-0.06410554,-0.28868395,-0.28453362,-0.43625087,-0.5501541,-0.6280879,-0.62670445,-0.6668242,-0.7848778,-0.8655784,-0.81531346,-0.854972,-0.829609,-0.7973287,-0.7456803,-0.7724268,-0.751214,-0.5985745,-0.49389422,-0.32511455,-0.4058152,-0.26516548,-0.42287764,-0.15817946,0.035040982,-0.23888013,-0.20383297,-0.39566997,-0.41411585,-0.38736933,-0.61287004,-0.49804455,-0.6751248,-0.96426386,-1.0103785,-0.5994968,-0.7751937,-0.6008802,-1.0924625,0.11066904,-0.17063043,-0.23334636,-0.0359756,0.007833334,-0.10699218,0.22411111,0.02904608,-0.097769246,-0.032286424,0.04288048,-0.17339729,-0.10929792,0.21396588,0.15263338,-0.034131013,0.092223175,0.28728822,-0.33525977,-0.37584066,-0.009690239,-0.28822282,-0.5257133,-0.33341518,-0.07701764,-0.22135654,-0.30574638,-0.31819734,-0.24487503,-0.17616418,-0.12728263,-0.13327754,-0.30851328,-0.4025872,-0.29514,-0.28453362,0.040574744,0.012444801,0.349543,0.24901304,-0.2656266,-0.65714014,-0.36661774,-0.15541258,-0.3633897,-0.36569545,-0.27761644,-0.19092087,-0.20198838,-0.35186106,-0.16924699,-0.12958837,-0.04981,0.22364998,0.094528906,-0.016607437,0.43485513,0.8079228,0.553831,0.51094437,0.8189903,0.2752984,-0.22366229,-0.35693365,-0.23795782,-0.26055402,-0.4394789,-0.49942794,-0.43671206,-0.46161398,-0.09177434,-0.03551445,0.119891964,0.16185632,0.1853748,0.33201945,0.29189968,0.49526533,0.38274556,0.46667424,0.2863659,0.37951756,-0.00092845265,-0.12128773,-0.5727503,-0.55384326,-0.5353974,-0.50911206,0.037346717,0.08115565,0.12865376,0.34032005,0.25823596,0.14110471,0.17707416,0.1360321,0.1447939,0.26515317,0.12911491,0.2199608,0.22826144,0.30066147,0.20105378,0.119430825,0.39842457,0.37260035,0.52108955,0.4699023,0.48465896,0.32049075,0.2951277,0.19413659,0.18814167,0.4076475,0.34124237,0.23517863,0.113435924,0.19321428,0.14986649,-0.08070682,-0.10053612,0.05348685,0.09406776,0.11574165,0.40810862,0.31495702,0.22226653,-0.21812852,-0.45976937,-0.5616828,-0.53309166,-0.5815121,-0.5270968,-0.48328784,-0.41319355,-0.28361136,-0.30805212,-0.036436748,-0.24118586,-0.35877824,-0.16970812,-0.23703553,-0.30528525,-0.22965719,-0.0046176254,0.07285502,0.14156587,0.24624614,0.04979768,0.09775693,0.2199608,0.2310283,0.25823596,0.2725315,0.31126782,0.32925254,-0.22458456,-0.46345854,-0.609642,-0.82038605,-1.0689441,-0.9070816,-1.0426587,-1.0726333,-1.0043836,-1.097074,-0.9292167,-0.8217695,-0.82730323,-0.6004191,-0.65714014,-0.5543044,-0.37860754,-0.20844443,-0.012457119,-0.22089541,-0.1102202,-0.20936674,-0.40489292,-0.70279366,-0.55338216,-0.22919604,-0.26977694,-0.751214,-0.98732114,-0.63823307,-0.64238346,-0.64146113,-0.44870183,-0.22550686,-0.22689031,-0.08209026,-0.10791447,-0.17800876,-0.0106125325,-0.041970506,-0.4842101,-0.41411585,-0.593963,-0.31496933,-0.47590947,-0.83929306,-1.074939,-0.9946995,-0.999311,-0.88909686,-1.0915403,-1.2211225,-1.345171,-1.5356245,-1.5157951,-1.2566308,-1.0989186,-1.0998409,-0.91584337,-1.0108396,-1.0726333,-1.2552472,-1.0311301,-1.008995,-1.0389695,-0.766893,-0.79179496,-1.0440421,-0.7881058,-0.73046243,-0.5280191,-0.7152446,-0.63500506,-0.47314262,-0.23242407,-0.068255864,-0.45008528,-0.25225338,-0.25502023,0.3218742,0.22918373,0.088534,0.33893663,0.68756354,0.7106208,0.5169393,0.15540028,0.30342832,0.16416205,-0.17708647,-0.3560114,-0.29836804,-0.08531829,0.012905947,-0.05349917,0.2978946,0.094528906,0.21119902,0.21673277,0.17292383,0.17384613,0.3744449,0.3633774,0.5233953,0.22918373,0.2042818,0.023051174,0.040574744,0.10190725,-0.07378962,0.064093225,0.20289837,0.30481178,0.13234293,0.28406018,0.14986649,0.016133973,0.08346138,0.142027,0.19967034,0.0027607207,0.23425634,0.5247787,0.5888781,0.42932138,0.43992776,0.47082457,0.5565978,0.42609337,0.2978946,0.24025126,0.20704868,0.19598117,0.39289078,0.110207886,-0.032286424,0.0069110403,-0.14019473,-0.3495553,0.062248643,0.08576712,-0.023524636,0.34908187,0.122658856,0.03596328,0.18306907,0.34032005,0.37398377,-0.075173065,-0.5690611,-0.3495553,-0.25824827,-0.19230431,-0.055804905,-0.24671963,-0.116676256,-0.23841898,-0.32926485,-0.56952226,-0.19230431,0.080694504,-0.29652345,-0.057188343,0.45468444,0.31126782,0.4196373,0.8411253,1.1427152,1.4922644,1.846425,2.0811486,2.4279308,2.2849755,2.519238,2.7511947,2.670494,2.8420408,2.723987,2.7193756,2.8544917,2.6368303,2.7023132,2.9517934,3.1879008,2.927353,3.1906676,2.959633,2.8448076,2.8729374,2.6751056,2.8821604,2.9803846,3.2220254,3.582642,3.6255288,3.4332306,3.1653044,3.094749,2.974851,2.8263617,2.2098086,2.5754979,2.6986241,2018-04-17
D_AEE,0.90340006,0.8645032,0.81464964,0.8190324,0.75603056,0.664541,0.56757295,0.5823647,0.66837585,1.0277601,0.7291863,0.77301365,0.820128,0.98119354,1.146094,1.1061015,1.0896662,0.9105219,1.0398127,1.021186,0.93024427,0.8962781,0.9422968,0.8162932,0.80533636,0.6009913,0.21092789,0.04109691,-0.06244521,-0.1396909,-0.16050892,-0.14078659,-0.1068204,-0.14297797,-0.012043753,0.07835016,0.26023367,0.48539668,0.23229373,0.30570456,0.17312682,0.20435378,0.030140072,0.059175692,0.12710808,-0.09093298,-0.09695925,0.099168144,0.05972353,0.37473264,0.5105974,0.3588452,0.39116788,0.47772688,0.53579813,0.62838334,0.71275103,0.5659294,0.49964058,0.40102905,0.39500278,0.3035132,0.37911534,0.46786574,0.78670967,0.90833056,1.0425519,0.9286008,0.79109246,0.34734052,0.62290496,0.5982521,0.8962781,0.986672,1.0425519,1.6391517,1.8270614,1.9815528,2.13714,2.1426184,2.0620856,1.9574478,2.0560594,1.3252382,0.6974115,0.9094263,1.017899,0.93243563,0.61633086,0.14354333,0.27447757,0.22517179,0.06520195,0.44540423,0.32926175,-0.0032782822,0.09149836,0.18791853,0.11012499,0.25311172,0.2980348,0.15559587,0.1561437,0.1495696,0.12108182,0.12929945,0.30570456,-0.0071131755,-0.11339451,0.1769617,-0.19283158,-0.2700773,0.04712317,-0.08928946,-0.057514627,0.062462743,0.1939448,0.4278733,0.40541178,0.5653815,0.7039856,0.80040574,0.8371111,0.9631148,1.1115799,1.2447056,0.8047885,0.5823647,0.35501033,0.13313435,0.048766695,0.19777969,-0.16324812,-0.15667401,-0.31938303,-0.39991578,-0.9669322,-1.1986693,-1.3608304,-1.2671494,-1.2282528,-0.99815917,-0.7823094,-0.8727034,-0.9022868,-0.901739,-0.94501853,-1.0474648,-1.0556825,-1.14772,-1.1279976,-1.258932,-1.2638624,-1.5120348,-1.7530853,-1.4638247,-1.6785787,-1.7043273,-1.5399748,-1.6977532,-1.8385485,-1.6440647,-1.3652133,-1.0775962,-1.3964403,-1.4227365,-1.4660162,-1.3186467,-1.113206,-1.1953822,-1.2633146,-0.95926243,-0.90393037,-1.1153973,-1.1318326,-1.0376039,-0.93844444,-0.93241817,-0.402655,-0.44976938,-0.6267224,-0.50126654,-0.3971766,-0.6710976,-0.2207715,-0.38621974,-0.42456865,-0.13202113,-0.13859522,-0.09202867,-0.2284413,0.09752462,0.30460885,-0.76368284,-1.0967708,-1.3635697,-0.9126958,-0.6332965,-1.206339,-0.7779267,-0.8737991,-1.0896487,-1.1696336,-1.171825,-0.8310674,-1.1285455,-1.0474648,-0.6924634,-0.7171163,-0.8617465,-0.7987447,-1.0770484,-1.2556449,-1.2353748,-1.4506766,-0.9389922,-0.77354395,-0.57577306,-0.57851225,-0.541259,-0.6612364,-0.47770932,-0.45141292,-0.13476034,0.033427123,0.3194006,-0.17310928,-0.036148798,-0.35499275,-0.15448265,-0.2706251,-0.37142798,0.060271375,0.1468304,0.2032581,0.1835358,-0.24652007,-0.5111277,-0.6475404,-0.4377169,-0.29363447,-0.33636615,-0.19557078,-0.25035498,-0.3084262,-0.27391216,-0.45689133,-0.48921403,-0.77409184,-1.1121103,-0.9011911,-0.96802783,-1.0447257,-0.8173713,-0.82832813,-0.7340994,-0.5023622,-0.69739395,-0.38895893,-0.77463967,-0.8727034,-0.8595552,-0.90995663,-0.6700019,-0.41854241,-0.4864748,-0.38238487,-0.6962983,-1.1740164,-0.79107493,-0.71547276,-0.9105044,-0.8031274,-0.6930112,-0.6404184,-0.70889866,-0.8611987,-0.76751775,-0.7543695,-0.38238487,-0.45908272,-0.5565986,-0.42511654,-0.44429097,-0.6354878,-0.55878997,-0.6048087,-0.47880504,-0.47442228,-0.3971766,-0.3177395,-0.32650498,-0.53578055,-0.54454607,-0.53085,-0.35608843,0.30132183,0.22298041,0.5549726,0.46896145,0.7226122,0.92202663,0.63714886,0.7916403,0.8393025,0.6661845,0.6924809,0.6130438,0.7017942,0.82779783,0.8858691,0.6952201,0.8157453,1.0189947,1.1159626,0.78999674,0.48649237,0.5593553,0.93627053,0.719873,0.73849964,0.6294791,0.4267776,0.22681531,0.07451527,-0.035053115,0.06465411,0.23448509,0.4645787,0.24270271,0.28324306,0.86888593,0.76150894,0.54401577,0.7220643,0.6009913,0.7554827,0.76917875,0.43773445,0.73521256,0.5571639,0.47991827,0.5210064,0.6667323,0.81136256,0.7056291,0.8135539,0.04328828,0.47334418,0.47663122,0.47663122,0.71220315,0.7576741,0.9231223,0.78451836,0.9625669,1.0036551,0.9044957,0.79109246,0.71220315,0.7998579,0.55332905,0.4760834,0.2098322,0.099168144,-0.12435134,-0.06901931,-0.19995353,0.027400864,0.048218854,0.040549066,0.40102905,0.17477033,0.15066528,0.16326565,0.15559587,0.1364214,0.06739332,0.13149081,0.14409119,0.3089916,0.18901421,0.22845882,0.6442708,0.5620945,0.55880743,0.5407287,0.21147573,0.17422248,0.3900722,0.054792956,-0.47770932,-0.6294616,-1.2277049,-0.8776339,-0.7160206,-0.7406735,-0.6754803,-0.30294776,-0.072854206,-0.105724715,0.08601995,0.29036495,0.74726504,0.3626801,0.19065773,0.4097945,0.29584342,-0.09695925,0.087663464,0.10519441,0.28050384,0.5034755,0.53689384,0.10683793,0.1835358,0.6031826,0.79383165,0.7017942,0.6612539,0.68919384,0.73028195,0.6563233,0.73849964,0.7987622,0.6552276,0.52648485,0.4815618,0.4437607,0.5938693,0.41691643,0.29255635,0.30953944,0.23010235,0.19942321,0.4514305,0.50073624,0.4295168,0.4267776,0.35446247,0.28598225,0.48375317,0.37199342,0.38240242,0.3062524,0.4618395,-1.2178438,-1.553123,-1.5739409,-1.3350819,-1.285776,-0.9817239,-1.4402676,-0.91433936,-0.79052705,-0.93515736,-1.2266092,-0.95597535,-0.86777276,-0.5943997,-0.35608843,-0.031766057,0.18463148,0.21311925,0.42896897,0.12820376,0.4514305,0.22626746,0.083828576,0.050410222,-0.1720136,-0.27610353,0.0016522947,0.0958811,0.25311172,0.69193304,0.3588452,0.28159952,0.26899913,0.63440967,0.6618017,0.48320535,0.4371866,0.33528802,0.62564415,0.5034755,0.52648485,0.6294791,0.7132989,0.60866106,0.6596104,0.8754601,0.6618017,0.743978,0.5275805,0.5407287,0.4892316,0.5319632,0.58181685,0.4295168,0.55058986,0.46293518,0.5922258,0.5374417,0.41965565,0.54620713,0.5374417,0.44923913,0.5823647,0.29529554,0.43828228,0.8650511,1.0425519,0.7078205,0.7428823,0.6880982,0.68207186,0.6294791,0.44923913,0.64043593,0.74069095,0.76917875,1.0074899,1.0020115,1.3586566,1.6939359,1.6895531,1.5882024,1.7207801,1.9974402,1.7815906,1.6435344,1.4917822,1.5416358,1.3515347,1.1975912,1.1915648,1.0978838,1.3383865,1.4046752,1.4528854,1.38824,1.2195048,0.948323,0.9044957,0.7697266,0.72863847,0.5642859,0.35774952,0.55825967,0.37144557,0.30570456,0.25365955,0.25256386,0.1599786,0.13806492,0.37199342,0.43444738,0.3221398,0.41308156,0.2985826,0.2596858,0.21914552,0.059175692,0.20928437,0.04438396,0.088759154,0.03945338,0.08821131,0.068489,0.16874407,0.088759154,0.28050384,0.44211718,0.13861276,-0.070662834,-0.20981467,-0.14955206,-0.30185208,-0.30952188,-0.3396532,-0.3555406,-0.30349562,-0.28212976,-0.12544702,-0.11229882,-0.21912798,-0.20981467,-0.10955961,0.14354333,0.10190736,0.19723186,-0.065184414,0.0027479785,-0.1342125,-0.21748446,-0.18516178,-0.19721432,0.18846639,0.24215488,-0.23008482,-0.10243767,0.18901421,0.25913796,0.0032958204,-0.09531572,-0.25912043,-0.42292514,-0.447578,-0.2799384,-0.118325084,-0.38457623,-0.4070377,-0.28815606,-0.5494767,-0.76039577,-0.5385198,-0.6579493,-0.63713133,-0.83051956,-0.55824214,-0.413064,-0.30185208,-0.3319834,-0.21638878,-0.34841865,-0.3988201,-0.09038515,-0.06847147,0.05753216,0.03726202,-0.065732256,0.17477033,0.089306995,0.5204586,0.31775707,0.07835016,0.07451527,0.040001225,0.0120612895,0.15285666,-0.0153308045,0.099715985,0.008226397,0.19832753,0.28324306,0.15943076,0.16983975,-0.01423512,-0.04874916,0.049862377,0.484301,0.48484886,0.70234203,1.0009159,1.0814486,1.4041275,1.2134784,1.4172757,1.4107016,1.5230092,1.6029942,1.5328704,1.5049304,1.7657032,2.1081042,2.3683293,2.5743177,1.7541984,1.4013883,1.3115423,1.4380937,1.2403227,1.3148293,1.3405778,1.3816661,1.4293282,1.2644279,-0.053131897,-0.008756702,0.0016522947,0.32816607,0.19613616,0.0071307137,0.11341204,0.18517932,-0.100246295,-0.10243767,-0.25418985,-0.1303776,-0.22570209,-0.09202867,-0.06080168,0.14463903,-0.45963055,-0.31664383,-0.2799384,0.06520195,0.26790345,0.26680776,0.050958063,0.14737824,-0.071758516,-0.088741615,-0.49469244,0.018087551,-0.12928192,-0.2799384,-0.2837733,-0.13530818,-0.2152931,-0.55824214,-0.59659106,-0.26843375,0.1364214,-0.37964565,-0.2799384,-0.5845386,-0.54016334,-0.32814848,-0.31445247,-0.21748446,-0.33362693,-0.35061002,-0.44100392,-0.4705874,-0.40320283,-1.5032693,-2.023719,-2.6110053,-2.9128664,-3.2163706,-3.1139243,-3.083245,-2.9851816,-2.7972717,-3.4776914,-3.8650155,-4.0419683,-4.077578,-4.146606,-4.167424,-4.588715,-4.461067,-4.62542,-4.8467484,-5.008909,-5.1256,-5.031371,-4.75745,2018-04-17
POR_AEE,0.122411795,-0.16742016,-0.45804185,-0.49436957,-0.5583379,-0.4343499,-0.47857493,-0.44382665,-0.5717634,-0.42487305,-0.46435973,-0.6799568,-0.71075636,-0.5457022,-0.5630763,-0.57018393,-0.5006874,-0.48173386,-0.29219797,-0.35063818,-0.5212205,-0.40907842,-0.41144764,-0.35853553,-0.36643285,-0.51569235,-0.4296115,-0.28903902,-0.39328375,-0.41934496,-0.6807465,-0.5283281,-0.54412276,-0.57334286,-0.6388907,-0.6151987,-0.6325728,-0.39723244,-0.2377064,-0.22428094,-0.2692957,-0.428032,-0.43119094,-0.4256628,-0.4477753,-0.51016426,-0.46593916,-0.4185552,-0.26771623,-0.21480414,-0.27877247,-0.26534703,-0.25034213,-0.16189204,-0.19111215,-0.16189204,-0.04817051,-0.30325422,-0.34984845,-0.36959177,-0.2377064,-0.34826902,-0.40828872,-0.36880204,-0.115297794,0.22507706,0.2906249,0.015008119,-0.104241535,-0.18716349,-0.27087516,-0.29061848,-0.2598189,-0.1034518,0.123991266,0.27561998,0.2140208,0.40987456,0.25587666,0.11925286,-0.0671241,-0.1658407,-0.069493294,-0.43592933,-0.65705454,-0.59940404,-0.51569235,-0.63652146,-0.6151987,-0.70522827,-0.69101304,-0.49436957,-0.48094413,-0.13741031,-0.25113183,-0.34511006,-0.23691666,-0.20058896,-0.23138854,-0.29456717,-0.3079926,-0.19664028,-0.15162551,-0.18321481,-0.052119173,0.08213542,0.24876904,0.11451446,-0.102662064,0.20138508,0.03948984,0.1753239,0.33879858,0.13583726,0.09003274,0.10898633,0.15637031,0.15084217,0.13109885,0.2858865,0.41698214,0.44541255,0.40434644,0.5093809,0.43830493,0.57571846,0.4067156,0.43751523,0.1611087,-0.18795322,-0.23691666,-0.2621881,-0.5338562,-0.41697574,-0.3269462,-0.34905872,-0.8584364,-0.9982192,-1.0890384,-1.0850897,-1.2919998,-1.3488605,-1.0866692,-1.0866692,-0.8039449,-0.5346459,-0.45962134,-0.43829855,-0.28272116,-0.35458684,-0.35853553,-0.3917043,-0.08686742,-0.28035197,-0.37038153,-0.24876265,-0.35853553,-0.33563328,-0.40670922,-0.45488292,-0.30167475,-0.32536674,-0.0671241,-0.035534784,-0.6033527,-0.83158547,-1.2335596,-0.7763042,-0.66969025,-0.6459983,-0.5291178,-0.36327392,-0.25823945,-0.5133231,-0.7999962,-0.8679132,-0.94846594,-1.0408647,-0.88607705,-0.6538956,-0.67047995,-0.35853553,-0.038693715,-0.38064805,0.2503485,0.13109885,0.041859034,0.42408976,0.109776065,0.33879858,0.28193784,0.3648598,0.44699198,0.5212269,0.58993363,0.43277678,0.49121702,0.70997304,0.6586404,0.67127615,0.39723885,0.36959818,-0.09871341,-0.46514943,-0.53938437,-0.638101,-0.45093426,-0.3198386,-0.36485338,-0.49515927,-0.47541597,-0.7431354,-0.85211855,-1.0685054,-1.1956524,-0.7873604,-1.1482683,-1.1695911,-0.90108204,-0.992691,-0.79525775,-0.7455046,-1.0503415,-0.9405686,-0.82684714,-0.66100323,-0.83000606,-0.81579083,-0.9626811,-0.67679787,-0.8947641,-1.0582389,-0.9776861,-1.0653464,-1.1103612,-1.1474786,-1.0590285,-1.0779822,-1.051921,-0.8947641,-0.7210229,-0.7960475,-0.69417197,-0.69812065,-0.6373112,-0.5378049,-0.6341523,-0.63968045,-0.72260237,-0.7344484,-0.62388575,-0.8023654,-0.6602135,-0.45330346,-0.5970348,-0.1539947,0.28904542,0.35933167,0.65469176,0.63573813,0.71313196,0.8236946,0.840279,0.9476827,1.0171791,0.89240134,0.964267,0.6649583,0.39329016,0.48963758,0.60177964,0.41935137,0.538601,0.29615304,0.41461295,0.47226346,0.18795963,0.3482754,0.58914393,0.65548146,0.24324092,0.29694274,0.5362318,0.39329016,0.43751523,0.40355667,0.38065442,0.13188858,0.28746596,0.16505738,0.1176734,0.18401095,0.06713049,0.03475144,0.07660729,0.30720928,0.34432673,0.30562982,0.5765082,0.6902297,1.0961524,0.8386995,0.8000026,0.8892424,0.77315164,0.6112564,0.80395126,0.77631056,0.77552086,0.94926214,1.008492,1.0432403,1.2580477,1.3378106,1.2240891,1.2043458,1.0211278,0.8442276,0.7233985,1.1024703,0.8908219,0.84975576,1.0013845,0.964267,0.90029866,0.89240134,0.920042,0.920042,0.92241114,0.7447213,0.6633788,0.5243858,0.82053566,0.736824,0.9895385,0.8671299,0.9184625,0.83396107,0.6444252,0.81579727,0.71708065,0.88055533,0.93346745,1.1372186,1.3441285,1.4689063,1.4973367,1.2075047,1.2193508,1.0598247,0.93741614,1.2375146,1.3314928,1.4523219,1.3030624,1.2714732,1.4001995,1.2154021,1.1830231,1.3954611,1.2667347,1.2059252,1.3259647,1.0961524,0.8110588,0.7352445,0.82448435,0.69812703,0.81895614,0.7376137,0.82448435,1.1774949,1.0629836,1.0361327,0.8931911,1.0771987,1.1008909,0.77315164,0.93741614,0.8315919,0.74156237,1.0163894,1.6726574,1.7097749,1.307011,1.3875638,1.3109597,1.1111573,1.011651,1.2951651,1.5099723,1.540772,1.4231019,0.6586404,0.7289266,0.8363303,0.9129344,1.0369225,1.2280377,0.9974358,0.884504,0.96189785,1.0811474,1.0053332,0.701286,0.4272487,0.31431687,0.17927256,0.04027957,0.3245834,0.6080975,0.61362565,0.71313196,0.5378113,0.48095053,0.6823324,0.70444494,0.79605395,0.77315164,0.78973603,0.6870708,0.5662417,0.46594557,0.56308275,0.6238922,0.5464983,0.45173043,0.55518544,0.5536059,0.49832463,0.5109604,0.6696967,0.86318123,0.87976557,0.8592326,0.92083174,0.93425715,0.96979517,0.93820584,1.0045434,1.0282354,0.76762354,0.6404765,0.6341587,0.5259653,0.6633788,0.54254967,0.5836158,0.6057283,0.6317895,0.64995337,0.6199435,0.57966715,0.77157223,0.6073078,0.47384295,0.31668606,0.29299408,-0.04027318,0.24561012,0.22981547,0.47305316,0.68470156,0.8055307,0.9863795,0.98322064,1.0953627,0.8308022,0.62547165,0.6444252,0.39960802,0.3127374,0.26614317,0.28272757,0.25587666,0.5717698,0.49595547,0.44383305,0.17848283,0.075027816,-0.02368879,0.09793007,0.14926271,0.09003274,0.46278667,0.4201411,0.46278667,0.4643661,0.45725852,0.6073078,0.6965476,0.8481763,0.8308022,0.7376137,0.8876629,0.8971398,0.9690054,1.0211278,1.1206342,1.1790744,1.2793704,1.3228058,1.3054316,1.5328747,1.446004,1.5826278,1.0313944,0.9934872,0.7020757,0.68312216,0.68944,0.9318879,0.9753233,0.86634016,0.9366264,0.9840104,0.9129344,0.76999277,0.665748,0.8276432,0.60493857,0.58993363,0.6910195,0.8031615,1.1356391,1.5984224,1.5099723,1.4349478,1.5384028,1.6386989,1.8211272,1.5676229,1.5905252,1.6900316,1.7761124,1.795066,1.5004957,1.4294196,1.5297158,1.644227,1.5155005,1.5652537,1.4791728,1.6331708,1.5842073,1.5384028,1.4096763,1.3741384,1.3480772,1.2651552,1.3188571,1.354395,1.1309007,0.9745335,0.9863795,0.76288515,0.80947936,0.7952642,0.7913155,0.67917347,0.50622195,0.42645895,0.49358624,0.6665377,1.0140202,0.5709801,0.470684,0.36407006,0.49437597,-0.116087526,0.07265862,0.19269802,-0.06633437,0.038700104,0.028433576,0.02606438,0.24561012,0.22744626,0.2835173,0.14768325,0.22507706,0.17374443,0.10661714,-0.1105594,-0.027637456,0.12793992,0.2211284,0.10898633,0.104247935,3.1953557e-06,0.07660729,0.04896663,0.06713049,0.40276694,0.35301378,0.3774955,0.3814442,0.503063,0.6033591,0.48568892,0.26614317,0.24797933,0.118463136,-0.06870356,-0.244814,-0.102662064,-0.09634422,-0.10740048,-0.23849611,-0.33879218,-0.17215855,0.21086186,0.17611364,0.068709955,0.15479083,0.3561727,0.35222405,0.115304194,-0.015001729,-0.18005589,-0.11450806,-0.003945469,-0.29693633,-0.55754817,-1.643431,-1.2801538,-1.5162839,-1.6276363,-1.6118414,-1.5486629,-1.3322761,-1.2209238,-1.199601,-0.1634715,-0.33010516,-0.18874295,-0.46357,-0.28509036,-0.2542908,-0.3293154,-0.111349136,-0.06554463,0.0134286545,-0.024478523,-0.027637456,0.11372473,-0.105031274,0.30720928,0.3561727,0.18164176,0.21323109,-0.07423169,-0.093975015,-0.0118427975,-0.06317543,0.099509545,0.29457355,0.27719945,0.331691,0.07028942,0.046597432,0.13583726,-0.041062914,-0.12872326,-0.08449822,-0.07897009,-0.15162551,0.087663546,0.015797852,-0.24007559,-0.19032241,-0.324577,-0.22980908,-0.4422472,-0.39249405,-0.41223738,-0.37590966,-0.6049321,-0.7044385,-0.8078935,-0.88923603,-1.1103612,-1.1893345,-1.252513,-1.1482683,-0.9737375,-1.128525,-0.9642606,-0.9982192,-0.9745271,-1.0882487,-1.258831,-1.435731,-1.4831151,-1.7768958,-1.6955533,-1.7176658,-1.6039442,-1.4712691,-1.536817,-1.7753162,-1.6647537,-1.7334604,-1.725563,-2.3865695,-2.2333615,-2.3423445,-2.4457994,-2.393677,-2.2554739,-2.4197383,-2.317073,-2.2996988,-2.3510315,-2.415,-2.3818312,-2.4347432,-2.1646545,-2.3178627,-2.3826208,-2.5105574,-2.4687016,-2.589531,-2.6787705,-2.692986,-2.8067074,-2.902265,-2.9962432,-2.8880498,-2.5729463,-2.6321764,-2.5847924,-2.6882474,-2.6921961,-2.5381982,-2.7980204,-2.686668,-2.8138149,-3.2623835,-3.1802511,-3.139185,-3.199205,-3.2228966,-3.166036,-2.9528081,-3.029412,-3.0688987,-2.5492544,-2.5666287,-2.633756,2018-04-17
D_ALE,0.47486982,0.4470893,0.34540218,0.28355125,0.36007866,0.29980022,0.09275683,0.09747428,0.21331374,0.5985717,0.289317,0.33072567,0.30609015,0.52728593,0.74324,0.7280394,0.6426012,0.5000295,0.4565242,0.43555778,0.3212908,0.23165935,0.19601645,-0.024130967,-0.051911473,-0.2877837,-0.74694824,-0.9031481,-1.1232955,-1.258529,-1.0960393,-1.1154332,-1.0090284,-1.0404781,-0.9099622,-0.85178035,-0.7500932,-0.5519605,-0.8177099,-0.6945322,-0.83972466,-0.7217885,-0.76162475,-0.7212644,-0.6394954,-0.72860265,-0.6646551,-0.47228822,-0.5131727,-0.073402055,-0.07078125,-0.2400851,-0.21282874,-0.123197295,-0.012599436,0.123158135,0.26730227,0.11634405,0.06340384,-0.04037994,-0.09279599,-0.048766512,-0.009978632,-0.0382833,0.26625395,0.49793288,0.645222,0.83339566,0.82186407,0.16089769,0.39205247,0.35221627,0.53462416,0.6378838,0.6929206,1.3402587,1.4786372,1.5583096,1.8445013,1.8659917,1.8597019,1.7438623,1.765353,0.9775398,0.4727732,0.7442883,0.9408485,0.8360165,0.32181495,-0.16146103,-0.11271409,-0.13001138,-0.42144465,-0.0036887068,-0.2877837,-0.6567927,-0.543574,-0.3779393,-0.4004782,-0.21440123,0.004697861,-0.08021614,0.0109877875,-0.03146921,-0.07235373,-0.12634227,-0.019413522,-0.25633407,-0.15936437,0.05711391,-0.32447496,-0.3077018,-0.055056434,-0.18137911,-0.23798846,-0.07497454,0.1420279,0.459145,0.4366061,0.547204,0.71493536,0.72856355,1.0635021,1.174624,1.3848124,1.6102015,1.2432891,1.0776544,0.7411434,0.5430107,0.36951354,0.530955,0.20649965,0.030905886,-0.12739058,-0.25371328,-0.88585085,-0.9995936,-1.1379721,-1.1107157,-1.0614446,-0.87222266,-0.68614566,-1.0048352,-0.8627877,-0.84444207,-0.84758705,-1.0682588,-1.0488647,-1.1191022,-1.1201507,-1.0808386,-1.013746,-1.2276036,-1.4142046,-1.095515,-1.3602161,-1.5185126,-1.356547,-1.6097165,-1.6453594,-1.4524683,-1.3230007,-0.9136313,-1.0278983,-1.1348271,-1.2417558,-1.1903881,-0.87379515,-0.9576608,-0.94350845,-0.64106786,-0.67933154,-0.94875,-0.8056542,-0.6017558,-0.45603922,-0.37374604,0.0005045773,-0.19605562,-0.31766087,-0.20339386,-0.019937681,-0.18504824,0.05921055,-0.30665347,-0.20182137,0.068121284,0.10219171,-0.050863154,-0.13472883,0.16666344,0.4900705,-0.44765264,-0.64159197,-0.70973283,-0.34282055,-0.06868461,-0.7401342,-0.556678,-0.39313996,-0.73751336,-0.86226356,-0.74642414,-0.39890572,-0.6332054,-0.6300605,-0.21964283,-0.18137911,-0.23484349,0.016753554,-0.41725135,-0.55248475,-0.39418826,-0.7333201,-0.4245896,-0.347538,-0.18714489,-0.022034323,0.014656912,-0.23903678,0.12839974,0.22484526,0.4869255,0.53829324,0.69658977,0.29980022,0.42717123,0.23585263,0.38733503,0.28879285,0.23794928,0.8391614,1.1588992,1.2715938,1.396344,1.0881375,0.84283054,0.7395709,0.7573924,0.7023555,0.5629288,0.6305455,0.45285508,0.38156924,0.41721216,0.24319087,0.2788338,-0.21544956,-0.7050154,-0.52889746,-0.51789016,-0.73436844,-0.4990204,-0.40362316,-0.2521408,-0.1499295,-0.23274685,-0.09332015,-0.3302407,-0.47123986,-0.5053103,-0.4895855,-0.39576077,-0.1923865,-0.23903678,-0.19133818,-0.36273864,-0.7883569,-0.3234266,-0.33600646,-0.5687337,-0.54252565,-0.5556297,-0.45866004,-0.5488156,-0.3328615,-0.31766087,-0.40571982,0.0005045773,-0.15202613,-0.3533038,-0.28516293,-0.07078125,-0.19867642,-0.17299256,-0.1855724,-0.008406151,-0.022558486,0.067072965,0.028809244,0.03614749,-0.06920876,-0.14416373,-0.04981483,0.22589359,0.74324,0.6274006,0.9439935,0.92250293,1.0530188,1.2962294,0.94189686,1.1148698,1.0870892,0.9183096,0.94189686,0.8423064,0.9534284,1.0441082,1.0986208,0.91044724,1.0362457,1.1630926,1.308285,0.955525,0.6619952,0.8103326,1.135312,0.92250293,0.88790834,0.876901,0.78255206,0.5267617,0.40148735,0.2667781,0.377376,0.4539034,0.71650785,0.47539398,0.52623755,1.2385716,1.0760819,0.7815038,0.85960364,0.81138086,1.0231417,1.0456806,0.64102876,0.90625393,0.74690914,0.6242556,0.5576872,0.6294972,0.7794071,0.6782441,0.6887273,-0.035662502,0.48115975,0.47749063,0.6294972,0.7055004,0.7605373,1.0650746,0.9796364,1.1337396,1.1510369,1.236475,1.1793416,0.9785881,1.0268109,0.7573924,0.6074825,0.2746405,0.16928425,0.10795748,0.15355945,-0.039331622,0.12682725,0.08856355,0.15984936,0.5188993,0.39205247,0.33911225,0.35536122,0.2505291,0.15722856,0.022519318,0.132593,0.14255208,0.37999678,0.24843249,0.28774455,0.66356766,0.6813891,0.64731866,0.68558234,0.5414382,0.69554144,0.9759673,0.20649965,-0.5703062,-0.99277955,-1.4776281,-1.1578902,-1.1453103,-1.0818869,-1.0666863,-0.69872546,-0.5414773,-0.58445853,-0.3008877,-0.0010679043,0.44132355,-0.06658797,-0.19133818,0.16718762,-0.061870523,-0.46809492,-0.27258304,-0.45708755,-0.22121531,0.058686394,0.16718762,-0.17037174,-0.06291884,0.504747,0.88004595,0.7820279,0.82658154,1.0483015,0.9922163,0.89681906,0.9177855,0.9937888,0.8506929,0.8119051,0.67509913,0.80089766,1.0923309,0.8601278,0.73642594,0.648367,0.5508731,0.5739362,0.9114955,0.84440297,0.7663031,0.8071876,0.82658154,0.632118,0.4858772,0.36951354,0.34592634,0.25262576,0.4858772,-1.2328451,-1.4388402,-1.5515348,-1.314614,-1.2124028,-0.84968376,-1.3188075,-0.85649776,-0.7071121,-0.91205883,-1.3392497,-1.0703554,-0.9319769,-0.6138115,-0.24899583,0.03981661,0.32024246,0.2625848,0.5728879,0.30766264,0.7442883,0.41197056,0.31238008,0.32391158,0.23690096,0.25996402,0.49216712,0.6211106,0.70812124,1.0483015,0.6467945,0.6378838,0.6992105,1.1609958,1.2831253,1.1007174,1.0147551,0.82658154,0.8423064,0.7977527,0.7416675,0.7631581,0.9544767,0.7715447,0.87165934,0.88790834,0.5744603,0.6588502,0.38943166,0.59018517,0.52361673,0.5833711,0.57708114,0.40253568,0.3836659,0.21174125,0.3412089,0.20335469,0.042961575,0.19339563,0.26048818,0.19811307,0.32862902,0.17138089,0.34540218,0.6253039,0.746385,0.38471422,0.49164298,0.33596727,0.47224903,0.4685799,0.36269945,0.40410817,0.67929244,0.7752138,1.0304799,0.9177855,0.9377036,1.0294317,1.0215693,1.1070074,1.1819624,1.422552,1.2176052,1.174624,1.0294317,0.9177855,0.6242556,0.36269945,0.6111516,0.6871548,0.87585264,0.9156888,1.2317575,1.0530188,0.9775398,0.55611473,0.42245376,0.16456681,0.21803118,0.11005412,-0.2547616,-0.17561336,-0.24847166,-0.46652243,-0.4696674,-0.53833234,-0.52418005,-0.4083406,-0.2400851,0.0109877875,-0.12948722,0.0026012193,-0.025179287,0.055017266,-0.04719403,-0.32604742,-0.20915963,-0.32080582,-0.24427837,-0.190814,-0.24060926,-0.27310723,-0.3396756,-0.43716943,-0.14468788,0.11844069,-0.096989274,-0.21702203,-0.33128905,-0.27310723,-0.3077018,-0.35854536,-0.4272104,-0.28096962,-0.291977,-0.28988034,-0.16932344,-0.22173949,-0.31923336,-0.22907773,-0.18085496,0.07441121,0.04872734,0.093280986,-0.19028986,-0.27782464,-0.50583446,-0.6326813,-0.6746141,-0.7763012,-0.44712847,-0.148357,-0.6206256,-0.628488,-0.27887297,-0.18190329,-0.43874192,-0.53780824,-0.7684388,-0.8753676,-0.9414118,-0.6494544,-0.53833234,-1.2186928,-1.1384962,-1.0672104,-1.2590531,-1.5457689,-1.3392497,-1.3654578,-1.3287666,-1.3549745,-1.0284225,-0.9644749,-0.6405437,-0.55720216,-0.3024602,-0.49377877,-0.64106786,-0.12791474,-0.07287789,0.15880105,0.12630309,-0.18190329,0.08332194,-0.0047370275,0.83758897,0.5435349,0.47434565,0.4712007,0.6315939,0.5550664,0.88214254,0.6667126,0.87794924,0.8124292,1.1206355,1.1421261,1.1012416,0.85803115,0.68610656,0.62477976,0.49793288,0.96862906,0.9282687,1.0813235,1.262683,1.3109057,1.6206846,1.4330351,1.3911023,1.5640752,1.582421,1.6620933,1.7538214,1.9037313,1.9655823,2.2198002,2.5075643,2.499702,1.8785716,1.5918558,1.3921506,1.5263357,1.4639606,1.5027486,1.5095627,1.5625027,1.5473021,1.3245339,0.053444784,-0.003164546,-0.13315636,0.2798821,0.06340384,-0.23379518,-0.19710393,-0.4135822,-0.80513006,-0.7841637,-0.9214937,-0.61590815,-0.69243556,-0.5252284,-0.46075666,-0.16932344,-0.572927,-0.49797204,-0.44712847,-0.07759534,0.07755617,0.007318664,-0.06553964,-0.25371328,-0.48224726,-0.6442128,-0.44817683,-0.02832425,-0.058201402,-0.20339386,0.18500906,0.16561514,-0.16513014,-0.5026895,-0.56296796,-0.08755438,0.2295627,-0.27677634,-0.3381031,-0.8271448,-0.7595281,-0.2149254,-0.28044546,-0.4366453,-0.4282587,-0.48591638,-0.57712024,-0.55405724,-0.4314037,-1.5043602,-2.1144829,-2.7964158,-3.0883732,-3.4746795,-3.3179555,-3.3829513,-3.2036884,-2.8682258,-3.5244746,-3.7703059,-3.6392658,-3.6230168,-3.812763,-3.6990201,-4.1995935,-4.1608057,-4.585376,-4.8731394,-5.1069155,-5.2012644,-5.1572347,-4.9564815,2018-04-17
D_AQN,-0.31521124,-0.20743172,-0.32426837,-0.4397464,-0.3165698,-0.47733334,-0.859543,-0.77033055,-0.64443684,-0.28486997,-0.6172656,-0.6390026,-0.7350079,-0.5153732,-0.34419397,-0.15897623,-0.14901341,-0.28577566,-0.27309573,-0.17709044,0.043902848,0.014014412,-0.050291013,-0.28577566,-0.29483277,-0.47688046,-0.71281797,-0.95192546,-0.8839972,-0.9075456,-0.90664,-1.162956,-1.0995562,-1.2417527,-1.1584275,-1.0470251,-0.97592676,-0.77938765,-1.0556294,-0.9016586,-1.2277142,-1.3590422,-1.5673555,-1.6044897,-1.2693769,-1.2517155,-0.9229428,-0.63764405,-0.6557582,-0.2907571,-0.2056203,-0.31430554,-0.25452864,-0.2744543,-0.33604258,-0.14584343,-0.012704039,-0.31249413,-0.2228288,-0.4365764,-0.22192308,-0.4755219,-0.29981416,-0.011798329,0.26263183,0.43924534,0.5633276,0.6711072,0.66386145,0.23817769,0.5506477,0.8536078,1.218609,1.1420765,1.3852596,1.9286855,2.143339,1.8738902,1.9191756,1.9391013,2.0061238,1.9916323,2.0622778,1.537419,0.5384206,0.8517964,0.61585885,0.3450515,0.02714721,-0.48457906,-0.09195368,-0.18931752,-0.40668797,0.0443557,-0.09648223,-0.3772524,-0.09104797,-0.10327506,-0.21014884,-0.21920596,-0.07248091,-0.051649578,0.13854957,0.10594399,0.15575807,0.22368632,0.4618881,0.48860657,0.4224897,0.802888,0.18202366,0.168438,0.32422015,0.10594399,0.10594399,0.50898504,0.56876194,0.9084033,0.8069637,0.89119476,1.0261456,1.2254019,1.3349928,1.171512,1.3666925,1.2847258,0.84455067,0.84455067,0.5954804,0.17070228,-0.05119672,0.10639685,-0.052102435,-0.175279,-0.1109736,-0.25679293,-1.3463622,-1.6520394,-1.6085653,-1.4645574,-1.4419147,-1.3096809,-1.003551,-1.3060582,-1.3078696,-1.353155,-1.1593331,-1.3495322,-1.3857607,-1.1507288,-1.0963862,-1.0800835,-1.0828006,-1.4985216,-2.0174935,-1.465916,-1.319191,-1.2983596,-1.3010768,-1.6615493,-1.6280382,-1.4305933,-1.3146625,-1.2077886,-0.9560012,-1.2476399,-1.4795016,-1.1779002,-1.0914049,-1.4609346,-1.5922626,-1.0923105,-1.0135137,-1.2616783,-1.1135948,-0.9750211,-0.7114594,-0.6326626,-0.50767463,-0.42978358,-0.5131089,-0.3700067,-0.07836802,-0.1915818,0.2961431,-0.31113553,-0.47416338,-0.5352988,-0.3962723,-0.7282151,-0.6023214,-0.3188341,-0.04712103,-0.7327436,-1.0112495,-1.3237195,-1.2286199,-0.9578126,-1.4287819,-0.8699587,-0.056630984,-0.32290977,-0.40170658,-0.37362954,-0.40080085,-0.4746162,-0.42797217,-0.061159536,0.2168935,0.30203024,0.31923872,-0.33106118,-0.2694729,-0.54888445,-0.83508885,-0.43295357,-0.25996292,-0.1612405,0.16209804,0.2490462,0.0352986,0.19198647,0.23727196,0.49630508,0.66748434,0.84183353,0.5334392,0.5968389,0.42203683,0.6982785,0.74809253,0.47366235,0.8898362,0.7630367,0.87806195,1.0383726,0.7693767,0.38852555,0.31697446,0.44286817,0.28663316,0.19515646,0.3174273,0.074696995,0.15258808,0.20964782,0.08103696,-0.034893937,-0.6181713,-1.1425775,-1.0130609,-0.99585235,-1.1978258,-0.89894146,-0.94558555,-0.7916148,-0.6630039,-0.6240584,-0.22781022,-0.6548525,-0.87584585,-0.7060252,-0.80610615,-0.89667714,-0.6974209,-0.68383527,-0.63854975,-1.0415908,-1.253074,-0.8047475,-0.89894146,-1.344098,-0.88988435,-0.9772854,-0.93471694,-0.8559202,-0.6575697,-0.6774953,-0.71281797,-0.42751932,-0.58149004,-0.5298645,-0.5180903,-0.23279162,-0.3731767,-0.4084994,-0.25996292,-0.27173716,-0.14584343,-0.2106017,-0.20607316,-0.09648223,-0.3772524,-0.24139586,-0.0625181,0.24632908,0.715487,0.6416716,1.0057671,1.2552903,0.9631987,1.0166355,0.5818947,0.9170075,0.93602735,0.64076585,0.6045375,0.29704884,0.5347978,0.63895446,0.6271802,0.5021922,0.6271802,0.9369331,1.0709782,0.7630367,0.53117496,0.6362373,0.8744391,0.78115094,0.7249969,0.5030979,0.30384165,0.10730256,-0.0493853,0.0067687305,0.09009407,0.19787359,0.10367972,-0.32200408,-0.500429,0.1412667,0.16481516,-0.06478238,0.15168236,-0.055725276,0.17885368,0.18700506,-0.1028222,0.22051634,0.18111795,0.23093198,0.14579524,0.05295995,0.096434034,0.16979657,0.24768762,-0.5294117,-0.07021663,0.048884254,0.18111795,0.35139146,0.7200155,0.9419145,0.8096808,0.9894643,1.012107,1.0845639,0.9025161,0.73360115,0.5773662,0.21598779,0.12541677,-0.06976378,-0.24909441,-0.3813281,-0.3840452,-0.4356707,-0.06342381,-0.26992574,-0.16305193,0.020807238,-0.10418077,-0.15127769,-0.038063925,-0.16214621,-0.084255144,-0.34238255,-0.21014884,-0.073386624,0.19470361,0.03711002,0.03982715,0.60680175,0.43743393,0.5017394,0.70642984,0.45826524,0.77707523,0.9111204,0.5429492,0.047525685,0.2418005,0.026241498,0.20240213,0.13447386,0.23908338,0.30067167,0.6828814,1.0877339,1.0188999,1.359447,1.6080644,1.7520722,0.8635706,0.44060388,1.040184,0.915196,0.699637,0.82643646,0.72861975,1.1044894,1.3793725,1.4581693,0.9876529,1.281103,1.5125118,1.8082263,1.6619542,1.5016434,1.8535117,1.9640083,1.3295585,1.7285237,1.871173,1.7099568,1.7457323,1.5768174,1.5804402,1.8394731,1.409261,1.3168786,1.3078214,1.1321137,1.1583793,1.3205013,1.4581693,1.3078214,1.4319037,1.3223128,1.1556622,1.1638135,1.200042,1.1900791,1.0786767,1.3195957,-0.34600538,-0.60458565,-0.6770424,-0.40985796,-0.34374112,-0.06297095,-0.53031737,-0.119124986,-0.085613705,-0.27490714,-0.5420916,-0.24864157,-0.0022883713,0.3717699,0.31199306,0.4922294,0.8816848,0.99489856,1.3082743,1.0284098,1.2068347,0.96229297,0.8119451,0.73450685,0.51849496,0.61178315,0.71775126,0.8554192,0.9414617,1.258913,0.8857605,0.9872,0.88304335,1.32503,1.4880577,1.3431442,1.2453275,1.008937,1.0098428,0.8486263,0.78613234,0.7960952,0.95731163,0.9772372,1.152945,1.1293966,0.82145506,0.7766224,0.73178977,0.78115094,0.6846928,0.75307393,0.7548854,0.67744714,0.70280707,0.7870381,0.965463,1.008937,0.93195176,0.9881057,0.9093089,0.7118641,0.799718,0.52709925,0.82688934,1.1384536,1.1330194,0.7643953,0.6597858,0.7118641,0.79745376,0.70144844,0.19243933,0.35727856,0.7304312,0.60182035,0.73269546,0.98131293,0.9826715,1.2036648,1.2100047,1.2380817,1.2933301,1.4355266,1.2398931,1.0170885,0.7793395,1.1801163,0.8857605,0.7082413,0.69465566,0.56061053,0.7915666,0.86402345,0.83096504,0.73677117,0.705977,0.38580844,0.15349378,-0.12727636,0.016731543,-0.30841842,-0.6743253,-0.3115884,-0.66979676,-0.88082725,-0.63583267,-0.51627886,-0.49363613,-0.67568386,-0.2237345,-0.34600538,-0.35506248,-0.56699866,-0.34872252,-0.45378485,-0.7014966,-0.69425094,-0.51673174,-0.7458764,-0.5457145,-0.7069309,-0.55386585,-0.8273903,-0.7105537,-0.5511487,-0.34283543,-0.057536695,-0.06568808,-0.22237594,-0.046215314,-0.070669495,-0.09602938,-0.33558974,-0.036252502,-0.12908779,-0.072028056,-0.11278501,-0.14901341,-0.0937651,-0.15897623,-0.32426837,-0.059348114,0.24134766,0.50400364,0.49585226,0.34459862,0.012202992,-0.1834304,-0.2703786,-0.45650202,-0.55703586,-0.05527242,0.21915777,-0.14448486,-0.25045297,0.13356815,0.54928917,0.2893503,0.22413918,-0.15716481,-0.27490714,-0.26041576,0.09009407,0.09733975,-0.37634668,-0.41166937,-0.46420053,-0.6670796,-0.9777382,-0.73138505,-0.7051195,-0.68881667,-0.784822,-0.437935,-0.51718456,-0.21648882,-0.17210902,-0.13225777,-0.28985137,-0.48005044,-0.14674914,0.099604025,0.24451765,0.47547376,0.35637286,0.64438874,0.70144844,0.9659158,0.9532359,0.6923914,1.2797444,0.95595306,0.7847738,1.2439688,1.0818467,1.2177032,1.087281,1.3019344,1.6732755,1.1982305,0.8866662,0.49992794,0.5506477,0.58325326,0.6004618,0.57012045,1.0669025,1.4174124,1.7661108,1.9753298,1.5668546,1.7742622,1.6764455,1.7162967,1.6891254,1.7498081,1.8331331,1.7289767,1.8684559,1.9237043,2.3185937,1.4545465,0.95278305,0.5859704,0.60861313,0.4944937,0.43743393,0.4012055,0.42520684,0.43698105,0.19108075,-0.5371102,-0.5103918,-0.78708625,-0.35506248,-0.4999761,-0.7458764,-0.6643625,-0.7359136,-1.103632,-1.3268895,-1.7697818,-1.6638137,-1.6882678,-1.4410089,-1.4998802,-0.9881539,-1.4736146,-1.4319519,-1.2480928,-0.90392286,-0.86361873,-0.6399083,-0.7671606,-1.0212123,-1.1525403,-1.0968391,-0.85229737,-0.4891076,-0.3822338,-0.6910809,-0.4746162,-0.38268667,-0.54888445,-0.78255767,-0.76444346,-0.25905722,-0.11504929,-0.58782995,-0.497259,-0.8205975,-0.8477688,-0.1743733,-0.6032271,-0.8450517,-0.9003,-1.0452137,-0.97637963,-0.71825224,-0.50269324,-1.2136757,-1.5352029,-1.9989265,-2.429139,-2.7905173,-2.7977629,-2.9662251,-2.5323899,-2.1347833,-2.7805543,-2.9490166,-3.0966473,-3.1201956,-3.2814121,-3.0830617,-3.3991544,-3.4217973,-3.7080016,-3.8945782,-4.0114145,-3.9960177,-3.8393295,-3.717059,2018-04-17
NEE_AQN,-1.3358234,-1.2048166,-1.3693548,-1.4652704,-1.1018828,-1.2921544,-1.8442541,-1.6134328,-1.42784,-1.211055,-1.5214162,-1.6368269,-1.6516432,-1.533893,-1.4239409,-1.093305,-1.0005085,-1.0543149,-1.1783035,-0.9474821,-0.43515235,-0.3719884,-0.35327315,-0.49909607,-0.3041456,-0.26905453,-0.2885496,-0.35795194,-2.2904258e-05,-0.017178545,0.05222382,-0.28387076,-0.35171354,-0.3914834,-0.43749171,-0.34469533,-0.4257947,-0.35327315,-0.5716176,-0.44918874,-0.84454817,-1.2687604,-1.3623366,-1.4613714,-0.9318861,-0.6472584,-0.09281932,0.20350537,0.24249543,0.3555667,0.29942098,0.48189458,0.4678582,0.39143756,0.21520238,0.49359164,0.5817092,0.24171565,0.5559758,0.33061305,0.870236,0.59964466,0.72285336,1.1026169,1.0807824,1.1587626,1.1751385,1.0144993,1.3888042,1.3552727,1.2616965,1.6843491,1.9253079,1.6937066,1.95572,2.0898461,2.298833,1.5151321,1.1314695,1.2546782,1.2765126,1.3903637,1.5182513,1.8629236,0.9575738,1.176698,0.44836313,-0.021857355,-0.3376771,-0.53652656,-0.02965537,-0.19107436,-0.1310296,0.15125865,0.009334717,0.017132735,0.31813622,0.11850697,-0.049930222,-0.3010264,-0.290889,-0.18639553,0.09199371,0.021031745,0.013233727,0.09901193,0.3087786,0.59886485,0.44290453,0.5676728,0.03506818,0.20896398,0.22923882,0.01947214,0.03506818,0.33685148,0.28382495,0.34620908,0.19180834,0.1684143,0.32749385,0.55909497,0.6362954,0.13644241,0.3984558,0.12552519,0.022591347,0.067040056,-0.047590815,-0.48038083,-0.6753313,-0.59657127,-0.5131325,-0.71276176,-0.34937415,-0.5903329,-1.6204511,-2.104708,-2.0579197,-1.994756,-1.5237556,-1.5167375,-1.3592174,-1.5237556,-1.8185207,-1.9152162,-1.6617806,-1.593158,-1.647744,-1.1190385,-1.0410583,-0.92408794,-0.8383098,-1.2055964,-1.801365,-1.42784,-0.7735863,-0.45620695,-0.74239427,-0.95995885,-0.7143214,-0.5903329,-0.74239427,-0.66909283,-0.21602802,-0.5575812,-0.7338164,-0.45620695,-0.7377154,-1.2375684,-1.5377921,-0.99738944,-0.82817245,-0.7845035,-0.43905136,-0.39070362,-0.23006444,-0.036673587,-0.38914403,-0.10373654,0.049884416,0.10914935,0.40391442,0.64097416,1.3084846,0.5263433,0.33295244,-0.36263075,0.0062155104,-0.7088627,-0.43125328,-0.45074835,-0.19731277,0.0444258,-0.13804783,-0.61294717,-0.96931654,-0.8617039,-0.62230474,0.011674123,1.3685293,1.279632,1.271054,1.2960076,0.6784047,1.0394529,1.3864647,1.3880243,1.889437,1.9526008,1.5517827,0.9677112,1.2071103,0.6144609,0.36024553,0.1738729,0.52556354,0.34153026,0.7821184,0.822668,0.66748744,0.5676728,0.5676728,0.5902871,0.78601736,0.6511116,0.82812667,0.6721662,0.7088169,0.97239,1.2585772,0.7719809,0.7906962,0.397676,0.34308988,0.5286827,0.55909497,0.46941778,0.59340626,0.59964466,0.36258492,0.20740438,0.33997068,0.06236124,0.2230004,0.3103382,0.24951366,0.120066576,-0.25579792,-0.6230846,-0.48817885,-0.5497832,-0.5552418,-0.32909927,-0.67611104,-0.48895863,-0.5957915,-0.3485943,0.0077751135,-0.37042877,-0.37120858,-0.11699318,-0.21524821,-0.50689405,-0.26515552,-0.17391871,-0.056948435,-0.3376771,-0.049930222,0.012453925,-0.07722328,-0.5801955,0.16997388,-0.23942208,-0.31272343,-0.18171673,-0.19653298,-0.31194365,-0.31272343,-0.43827152,-0.5996905,-0.43281293,-0.40474004,-0.22538564,-0.2487797,-0.3805662,-0.053829227,-0.27997175,-0.016398743,-0.2542383,-0.5482236,-0.33299828,-0.5879935,-0.41097847,-0.22616543,0.5216645,0.49983004,0.25185308,0.3586859,0.7719809,0.013233727,-0.20199159,-0.47648183,-0.05772824,-0.035113987,-0.49441725,-0.6620746,-0.97165596,-0.7244588,-0.6152865,-0.6698727,-0.6948263,-0.49207783,-0.25813732,-0.1279104,-0.15364386,-0.118552774,-0.1715793,-0.3002466,-0.14584585,-0.25579792,-0.17781772,-0.44061095,-0.35171354,-0.3821258,-0.09047991,-0.066306055,-0.018738149,-0.6113875,-1.014545,-1.3638963,-1.1822025,-1.0800483,-1.1151394,-1.030141,-1.2555038,-1.0246824,-1.0317006,-0.90615255,-0.81959456,-0.57629645,-0.4694636,-0.5536822,-0.8406492,-0.90459293,-0.7283578,-0.61216736,-0.79230154,-0.5638196,-0.27529293,-0.12089218,-0.13414882,0.24405505,0.32359484,0.32515442,0.3618051,0.23937625,0.17465271,0.02804996,0.36726373,-0.025756363,-0.43203312,-0.5123527,-0.40707946,-0.35093373,-0.47492224,-0.5911127,0.21676199,0.6113417,0.30020076,0.4889128,0.33919087,0.36102533,0.24561465,0.2635501,0.054563224,0.19180834,-0.18561573,-0.0070411204,0.24093583,0.57313144,0.45538133,0.43432668,0.72363317,0.54973733,0.54427874,0.7906962,0.5895072,0.8078518,0.6175801,0.1762123,0.25497228,0.61290133,0.8912906,0.47019756,0.34542927,0.63863474,0.55207676,0.5684526,0.7540454,0.77587986,0.91000587,0.80551237,0.60042447,-0.13726802,-0.7860631,-0.10607596,-0.035113987,0.04832481,0.24015604,-0.085021295,-0.14740545,-0.10607596,-0.025756363,-0.16378127,0.25419247,0.10447054,0.28226534,0.021031745,-0.21914722,0.22767921,0.41327202,-0.7244588,0.15827686,0.23079842,0.08263609,0.25809148,0.043646,-0.025756363,-0.026536167,-0.081122294,-0.011719931,-0.017178545,-0.09359912,-0.07956269,-0.2534585,-0.007820922,-0.0405726,0.07483807,-0.06474645,-0.31038404,-0.48739904,-0.37978637,0.15671727,0.31345743,0.28538454,0.0062155104,-0.22304624,-0.24410087,-0.15286405,-0.043691806,0.13800202,-0.20433098,-0.125571,-0.21680781,-0.15520346,-0.27997175,-0.18561573,0.046765205,0.31969583,-0.17235911,-0.26281613,0.36648393,0.4873532,0.74312824,0.37818098,0.3048796,0.28148553,0.18868913,0.1278646,0.20194575,0.41483164,0.30332,0.3423101,0.3579061,0.13020399,-0.18171673,-0.15832266,-0.22070682,-2.2904258e-05,0.09355331,0.03896719,-0.021077555,-0.5326276,-0.5934521,-0.7494125,-1.101103,-1.1541295,-0.9077122,-0.6441392,-0.36419037,-0.7283578,-1.030141,-1.2516048,-1.0519755,-1.0644523,-0.9256476,-1.0558745,-0.90693235,-0.6776707,-0.7564307,-0.35873175,-0.43671194,-0.06708586,-0.082681894,0.0038761045,0.042086396,-0.07410407,0.058462236,-0.11231436,0.120846376,0.051444016,-0.05460903,-0.22616543,-0.5248295,-0.26281613,-0.1684601,-0.28231117,-0.75175184,-0.53496695,-0.32598007,-0.7018445,-1.0379391,-0.47492224,-0.66441405,-0.4608858,-0.49129805,-0.44528973,-0.5513428,-0.65817565,-0.73303664,-0.94280326,-1.1112404,-0.35639232,-0.5513428,-0.8234936,-1.1174788,-1.2087157,-1.0059671,-0.8811989,-1.1400931,-1.156469,-1.1728448,-1.1977985,-1.3888499,-1.2695402,-0.99037117,-1.4255005,-1.7288435,-1.2391279,-1.5767822,-1.6937523,-1.1572487,-0.7556509,-0.5918925,-0.71354157,-0.20667039,-0.821934,-0.5458842,-1.0660119,-0.81413597,-1.097204,-1.5962771,-1.2765584,-1.2133945,-1.3007323,-0.9396841,-1.0184441,-0.92018896,-1.2648613,-1.0090865,-0.708083,-0.67689085,-0.39070362,-0.30804464,-0.43749171,-0.083461694,-0.067865655,-0.021077555,-0.26827475,0.25653186,0.089654304,0.12318579,-0.110754766,-0.34625491,-0.19107436,-0.40551984,-0.9287668,-0.65271705,-0.38914403,0.20428516,0.088874504,0.2573117,-0.35015392,-0.4741424,-0.5201507,-1.0784888,-1.2367885,-1.2009176,-0.62464416,-0.4686838,-0.7556509,-0.57551664,0.071718864,-0.055388834,-0.095158726,-0.5131325,-0.5053345,-0.36808938,-0.31272343,-0.28776976,-0.4140977,-0.53574675,-0.63634115,-0.85156643,-0.85858464,-0.74707305,-0.79464096,-0.81881475,-0.802439,-0.7306972,-0.92018896,-0.65739584,-0.5879935,-0.63166237,-0.6831293,-1.0137652,-0.9030334,-0.4179967,-0.3868046,0.051444016,0.23469743,0.18011132,0.63941455,0.36882332,0.53726053,0.21052358,0.46317935,0.45460156,0.068599656,0.97706884,0.9450969,0.999683,1.0449116,0.98798597,1.2687147,0.62771755,0.21208319,-0.27529293,-0.083461694,-0.12869021,-0.65895545,-0.60358953,-0.03199478,0.07795728,0.6846431,0.49359164,0.023371149,0.15749706,0.22611961,0.38519916,0.30176038,0.41873065,0.42730847,0.3524475,0.02804996,0.20116594,0.6479924,0.19726694,-0.13882762,-0.37042877,-0.22226642,-0.27607277,-0.40084106,-0.48194042,-0.54120535,-0.54120535,-0.6441392,-0.39070362,-0.21602802,-0.62152493,-0.4343725,-0.32130125,-0.2940082,-0.15520346,-0.125571,-0.3018062,-0.65193725,-1.246926,-1.2328895,-1.2250915,-0.87262106,-1.2001379,-0.65661603,0.09277351,0.11070896,0.18634972,0.6175801,0.7119361,1.2266053,1.3989416,0.51074725,0.25341266,0.19336794,0.37662137,0.77354044,1.299127,1.0659662,1.4535277,1.649258,1.6905874,1.7545311,1.8559055,2.1194785,1.9642979,1.7794849,2.1732848,2.3908494,2.1748445,2.9569857,2.3986475,1.9292067,2.093745,1.8722813,1.8559055,2.3713543,2.987398,3.3180337,3.679082,3.6689444,3.446701,3.2923002,3.4272058,3.0989096,3.6876597,3.8288038,3.5901845,3.7157326,3.5129843,3.2353747,3.2595484,3.6478899,3.6447704,3.3819773,3.41161,3.3718398,3.3897755,3.7157326,3.7742178,3.5075257,2018-04-17
D_AWK,0.9549232,0.9490595,0.79840624,0.6666975,0.7077437,0.6779739,0.5345377,0.5539332,0.59137094,0.88591135,0.65767634,0.7239818,0.6964673,0.8168996,0.9192897,0.9111706,0.9192897,0.8475715,0.8998941,0.9549232,0.81509537,0.74202406,0.86651593,0.68970144,0.6838377,0.45785797,0.15113902,-0.04326669,-0.1605416,-0.2769144,-0.2967609,-0.25616574,-0.13753767,-0.23045546,-0.013496906,0.13715623,0.31983444,0.481764,0.22691666,0.30404747,0.09971848,0.17910458,0.021234509,0.048297945,0.17324083,0.0731061,0.06092756,0.24270365,0.17008343,0.54852045,0.5692691,0.45019004,0.46642807,0.48086187,0.48627457,0.58595824,0.7357093,0.62249386,0.4921383,0.40237796,0.33246407,0.2666097,0.31622598,0.40508428,0.7641259,0.9057579,1.0627259,1.2359319,1.2192428,0.8421588,1.0970062,1.078964,1.3441857,1.3554622,1.3387729,1.8674121,1.9499556,2.086175,2.3166654,2.2787764,2.2711084,2.2187858,2.1362424,1.4113932,0.76322377,1.0045395,1.05596,1.0176202,0.73300296,0.19398947,0.24044837,0.11911395,-0.0112416195,0.41410542,0.2666097,0.0022901006,0.04423843,0.118662894,0.07400822,0.2539801,0.4240287,0.23909518,0.31983444,0.2539801,0.2557843,0.2517248,0.39470997,0.29908583,0.23413356,0.47815552,0.025294024,0.038374685,0.30585167,0.18902783,0.23007405,0.32524714,0.42808822,0.67932713,0.6058048,0.75690895,0.8430609,0.93507665,0.92470235,1.0920446,1.2720164,1.3874872,1.0266414,0.8583969,0.7325519,0.47003654,0.34599578,0.49484468,0.26255018,0.190381,0.10332695,-0.094687216,-0.50063884,-0.59896934,-0.6995551,-0.56288475,-0.6395645,-0.47041798,-0.22504279,-0.439295,-0.5317618,-0.44515875,-0.40230832,-0.68331707,-0.63054335,-0.7410524,-0.84389347,-0.7996898,-0.8032983,-1.1406891,-1.5182241,-1.107762,-1.3296821,-1.414932,-1.2385685,-1.407264,-1.5114583,-1.3310353,-1.1411402,-0.88899916,-0.97470003,-1.2394706,-1.1623398,-1.0752858,-0.82765543,-0.97515106,-1.0631074,-0.7906687,-0.7532309,-1.0085293,-1.1587315,-0.93004537,-0.7401503,-0.6585089,-0.3423177,-0.4672606,-0.6373092,-0.5768675,-0.47267327,-0.68647444,-0.40997627,-0.7627031,-0.7875113,-0.67790437,-0.5985183,-0.67790437,-0.69594663,-0.42080167,-0.21151108,-0.9291432,-1.0779922,-1.1429443,-0.72120583,-0.46816272,-1.1050556,-0.9958997,-1.1921096,-1.4789821,-1.4203446,-1.3540393,-1.0707753,-1.2484918,-1.3409586,-0.9710916,-0.98327017,-0.86915267,-0.8650932,-1.0004103,-1.0382991,-1.0978386,-1.7996839,-1.2336069,-1.0094314,-0.7153421,-0.69820195,-0.6106968,-0.72120583,-0.4812434,-0.41899744,-0.2841313,-0.12896758,0.059123322,-0.028381798,0.10468011,-0.14295036,0.05957438,0.01582182,-0.0035736451,0.28194565,0.3351704,0.4163607,0.4240287,0.121369235,-0.33329657,-0.5051494,-0.47447753,-0.54033184,-0.55656993,-0.4789881,-0.6233264,-0.66617686,-0.67068744,-0.80194515,-0.895314,-1.3075804,-1.4613909,-1.4176383,-1.6066314,-1.8023902,-1.6224183,-1.5556618,-1.4604887,-1.4528208,-1.4722162,-1.2530024,-1.3982428,-1.7766799,-1.7473613,-1.7681099,-1.6972939,-1.5619767,-1.595806,-1.6255758,-1.7387911,-2.1519597,-1.8231387,-1.7870542,-2.04551,-1.9476306,-1.7816416,-1.6679751,-1.675192,-1.4433486,-1.5737042,-1.634597,-1.3012655,-1.2764573,-1.391477,-1.3477244,-1.1812843,-1.3247205,-1.3364481,-1.2917933,-1.2548066,-1.312993,-1.1533186,-0.98056376,-1.0689709,-1.2841253,-1.3341926,-1.4063619,-1.4041066,-0.935007,-0.97470003,-0.77127326,-0.73518866,-0.6255817,-0.35133883,-0.6368581,-0.5037962,-0.42486116,-0.46004367,-0.44425666,-0.627386,-0.4668095,-0.3409645,-0.37750018,-0.54799986,-0.37163642,-0.3062331,-0.2683443,-0.56423795,-0.8091621,-0.74601406,-0.44290346,-0.64001554,-0.59445876,-0.6774533,-0.69414246,-0.81096625,-0.82269377,-0.926888,-0.8835865,-0.70135933,-0.4925198,-0.6458793,-0.6021268,-0.119946435,-0.11588691,-0.34186664,-0.20429416,-0.3400624,-0.20203887,-0.16144371,-0.4668095,-0.22594489,-0.27511016,-0.30172256,-0.24082978,-0.21421741,-0.11408268,-0.1700138,-0.082508676,-0.6652748,-0.2638337,-0.37163642,-0.32021588,-0.15557995,-0.029734971,0.14121576,0.046944775,0.2021085,0.2156402,0.34103414,0.16151334,-0.054092064,-0.04371775,-0.24173191,-0.39238507,-0.627837,-0.70135933,-0.6860234,-0.67790437,-0.7396992,-0.596714,-0.6481346,-0.6012246,-0.2638337,-0.44831616,-0.4320781,-0.3423177,-0.28458235,-0.3346497,-0.4036615,-0.38110864,-0.3626153,-0.19076243,-0.34908354,-0.31390107,0.06588919,-0.048679378,-0.09243193,0.06092756,0.092501566,0.2508227,0.3649402,-0.43027386,-0.9940955,-1.1641442,-1.3400564,-1.0459671,-1.1645951,-1.1479061,-1.1095662,-0.8064557,-0.73248225,-0.59400773,-0.49612826,-0.13934189,0.031608824,-0.19391984,-0.27195275,-0.026577568,-0.13483132,-0.3666748,-0.14610776,-0.20745155,0.17188767,0.39786738,0.5106317,0.190381,0.34734896,0.68113136,0.8430609,0.86200535,0.8286271,1.0248371,0.9896546,0.937783,0.9878504,1.1109891,1.0230328,0.913877,0.80426997,0.8214102,1.0609217,0.8642606,0.8529842,0.9490595,0.80426997,0.7609685,0.9228981,0.8322356,0.74788785,0.796602,0.74518144,0.6869951,0.8376482,0.7194712,0.6436936,0.6103154,0.74337727,-0.6129521,-0.8601315,-0.8204385,-0.5845355,-0.5349192,-0.305331,-0.7266185,-0.37975544,-0.21151108,-0.3675769,-0.66617686,-0.40817204,-0.28548446,-0.018007478,0.113250196,0.30585167,0.49845314,0.4249308,0.46236855,0.28510305,0.6143749,0.4492879,0.33697462,0.35682115,0.21744443,0.16061123,0.34599578,0.47229183,0.5715244,0.9413914,0.78397244,0.8295292,0.7681854,1.1863157,1.2431488,1.204358,1.1109891,1.0279945,1.0216798,0.8804987,0.81329113,0.7505942,0.91297483,0.7772066,0.81509537,0.9598848,0.7393178,0.8376482,0.63737875,0.717667,0.61257064,0.66940385,0.6346724,0.42267552,0.45560268,0.31351966,0.4668791,0.30089006,0.34013203,0.38298246,0.39065045,0.33156195,0.4163607,0.33246407,0.9156812,1.1069295,1.2269108,1.0433304,1.0735513,1.0234839,1.0469389,1.0361135,0.858848,1.0040885,1.3586196,1.3622279,1.6878914,1.6599258,1.7988514,1.9422878,1.9973166,1.9549173,2.0753496,2.2169816,2.103315,1.944994,1.8132852,1.7767496,1.5891098,1.3563643,1.3536578,1.2426978,1.2936672,1.2499146,1.3536578,1.4316908,1.3757596,1.0825725,0.9355277,0.73164976,0.81464434,0.7185691,0.4691344,0.71586275,0.57738817,0.3649402,0.27743506,0.2981837,0.29683053,0.21203175,0.38884622,0.47093865,0.418616,0.4429731,0.35817435,0.39380786,0.38433567,0.2201508,0.30224323,0.16421968,0.19444051,0.20165744,0.31126437,0.22691666,0.28600517,0.2864562,0.39696527,0.81329113,0.62294495,0.45019004,0.47590023,0.37711874,0.41906708,0.3617828,0.36854863,0.38794413,0.53498876,0.53543985,0.72578603,0.6477531,0.7118032,0.8678691,0.9743187,1.1628606,1.174137,1.3166711,1.1488779,1.1177548,0.9675528,0.9147791,0.8376482,0.82998025,1.126776,1.2318723,0.7623217,0.7844235,1.0546069,1.1114401,0.82501864,0.73210084,0.4524453,0.43214774,0.29547736,0.5891156,0.69195676,0.35817435,0.4357562,0.4303435,0.22375925,-0.06762379,0.15564959,0.0699487,0.09205051,-0.041011404,0.23458461,0.27427766,0.40508428,0.41410542,0.53679305,0.3798251,0.32389396,0.5588948,0.49484468,0.6445957,0.77404916,0.5092785,0.6910546,0.7027821,1.0496452,0.92334914,0.76683223,0.544912,0.59091985,0.57242656,0.66534436,0.43395197,0.64910626,0.57738817,0.84712046,1.0275434,0.9391362,0.86020106,0.7266881,0.7659301,0.81464434,1.0961041,1.1006148,1.3130627,1.6188796,1.5182937,1.6639853,1.5065663,1.4867197,1.4285334,1.5376892,1.5692633,1.5760291,1.55934,1.7587073,1.9143221,1.951309,2.0748985,1.3157691,1.0189734,0.6820334,0.6463999,0.43756044,0.41049698,0.47048756,0.5007084,0.5169465,0.6058048,-0.45914155,-0.45959264,-0.3233733,0.0036432724,-0.17858388,-0.39238507,-0.24082978,0.2760819,-0.19617511,-0.15648207,-0.37118536,-0.42621434,-0.45823947,-0.3432198,-0.33013913,-0.02612651,-0.54213613,-0.50605154,-0.31976482,0.09385474,0.10242483,0.115505494,0.12587981,-0.18354551,-0.1542268,-0.023871223,0.08212725,0.4145565,0.20797224,0.0027411578,0.19308735,0.20661907,-0.08160656,-0.38291284,-0.34637722,0.08257831,0.23097618,-0.28368023,-0.26022527,-0.5660421,-0.46771163,-0.21737482,-0.43478444,-0.52680016,-0.6485856,-0.71895057,-0.8177321,-0.572357,-0.44515875,-1.3603541,-1.7085704,-2.1654913,-2.416279,-2.6368463,-2.4343214,-2.5042355,-2.3044171,-2.0071702,-2.6314337,-2.9165018,-2.8989105,-2.8037374,-2.9530375,-2.949429,-3.3490658,-3.3242576,-3.603462,-3.8398159,-3.9670143,-4.05046,-4.0279074,-3.894394,2018-04-17
D_CMS,1.120141,1.1369072,1.046586,1.1250086,1.0135944,0.99087894,0.91083384,0.92110986,1.008186,1.1639494,0.9276001,1.0579437,1.158541,1.2099212,1.2818537,1.2304734,1.1352847,1.0157578,1.0406368,1.0287381,0.95247895,0.89677185,0.9124564,0.7237014,0.72261965,0.6625859,0.45111534,0.28723922,0.2629012,0.20557159,0.13363916,0.0070813773,-0.010766516,-0.07296373,0.1877237,0.28669837,0.39486745,0.5652337,0.3575491,0.46355477,0.3624167,0.5322421,0.3813463,0.3072505,0.40135756,0.1303941,0.07414618,0.18988708,0.099565916,0.29481107,0.42136884,0.19962229,0.246135,0.25641105,0.3240167,0.42461392,0.50465906,0.5522534,0.5235886,0.42461392,0.38891813,0.34456885,0.38837728,0.49330127,0.80104226,0.9584282,1.0233296,1.1558368,1.1325805,0.69341403,1.0368508,0.99466485,1.322958,1.3186312,1.2634649,1.8237807,1.997392,2.13693,2.370575,2.2580793,2.2402315,2.1358483,2.0401187,1.3489184,1.0444226,1.2959156,1.3094368,1.3516228,1.0952622,0.5636112,0.623645,0.525752,0.2764223,0.721538,0.62310416,0.27804485,0.31698573,0.45273787,0.3537632,0.5030365,0.5701013,0.42461392,0.48627028,0.50141394,0.48735198,0.382428,0.5057407,0.28020823,0.21584764,0.34240544,-0.009143982,-0.20222574,0.14932367,-0.04808484,0.06441098,0.24288991,0.49005622,0.78319436,0.79887885,0.93841696,0.9816846,1.0633522,1.0720057,1.1293354,1.2753636,1.3072735,0.8946085,0.7626422,0.68043375,0.4413801,0.37701955,0.47653505,0.239104,0.11092366,0.10984197,-0.03510455,-0.38394976,-0.50131315,-0.7089977,-0.6397695,-0.59704274,-0.39476666,-0.3331103,-0.5132118,-0.5694596,-0.46778077,-0.47535262,-0.6484231,-0.5889301,-0.61380893,-0.6954766,-0.63219774,-0.767409,-1.0583838,-1.2438936,-0.942102,-1.3471951,-1.3899219,-1.2276683,-1.4818656,-1.6122093,-1.4645585,-1.2292908,-1.0399951,-1.0410767,-1.0719049,-1.2027894,-1.0032176,-0.77498084,-0.8658428,-0.9891556,-0.7284682,-0.75605124,-0.94913304,-0.833933,-0.7030484,-0.54403996,-0.6159724,-0.17464264,-0.20817503,-0.35582578,-0.38989908,-0.35420325,-0.47373006,-0.32067084,-0.4456061,-0.5429582,-0.2530652,-0.2709131,-0.4012568,-0.6024512,-0.29416946,-0.18113278,-1.1416739,-1.3731557,-1.4742938,-1.1898092,-1.1746655,-1.819894,-1.4396796,-1.3374599,-1.7084798,-1.787984,-1.6911728,-1.358012,-1.6479051,-1.6495277,-1.2314543,-1.274722,-1.2417303,-1.1443782,-1.4607726,-1.5289191,-1.4634769,-1.6738657,-1.2525473,-1.2714769,-1.0859668,-1.0021359,-0.8496175,-1.1097641,-0.83988225,-0.77119493,-0.5451216,-0.4337075,-0.16815248,-0.44236106,-0.3715103,-0.5656737,-0.5386315,-0.6105639,-0.7144062,-0.31634408,-0.26820886,-0.19952151,-0.19843984,-0.5294371,-0.80148226,-0.96049076,-0.7555104,-0.7825527,-0.8139217,-0.7117019,-0.7284682,-0.75659215,-0.7133245,-0.83339214,-0.9085696,-1.0524344,-1.3309698,-1.2060345,-1.1222036,-1.197381,-1.0756907,-1.0886711,-1.0318824,-0.9329077,-0.95400065,-0.8761189,-1.1524909,-1.4164233,-1.4423839,-1.5289191,-1.4472516,-1.3904629,-1.4029022,-1.3098768,-1.4191276,-1.79177,-1.4667219,-1.4331896,-1.6873868,-1.6662939,-1.4834882,-1.4191276,-1.4715896,-1.2887838,-1.3174487,-1.3937078,-1.0940796,-1.1021923,-1.1962993,-1.1097641,-0.9988908,-1.1324797,-1.1162542,-1.2125248,-1.0356683,-1.061088,-1.0129528,-0.80256397,-0.8663837,-1.0800176,-0.99077815,-1.211443,-1.1162542,-0.49752727,-0.44993287,-0.22169617,-0.1562539,-0.08810739,0.0730645,-0.16652995,0.033582795,0.07090112,0.0849631,0.050889842,-0.10703698,0.03574618,0.11146451,0.08766732,-0.07134119,-0.054034136,0.15959974,0.19313215,-0.04213554,-0.34284553,-0.28605676,0.095239155,-0.07945387,-0.1167722,-0.13732432,-0.35636663,-0.5456624,-0.6549132,-0.8068907,-0.7273865,-0.5494484,-0.365561,-0.42938077,-0.2709131,0.27425894,0.13580254,-0.10271021,0.048726466,0.0059996867,0.115791276,0.12065888,-0.09676092,0.1520279,0.053053226,-0.057820056,-0.0524116,0.054134917,0.17798848,0.11470958,0.12985325,-0.4980681,-0.06268766,-0.098924294,-0.09730177,0.10551521,0.18447861,0.34619135,0.2715547,0.3862139,0.44678855,0.39216322,0.14986452,0.10605606,0.24072653,0.054134917,-0.02428765,-0.20168489,-0.3017413,-0.38665396,-0.39963427,-0.5002315,-0.33365113,-0.35528496,-0.2719948,0.034123644,-0.12921163,-0.24982013,-0.17356095,-0.21953279,-0.2579328,-0.29308775,-0.26225957,-0.23575814,-0.06647358,-0.17626518,-0.07080034,0.31752658,0.25262514,0.24288991,0.22882794,0.1471603,0.16068143,0.38350967,0.08442225,-0.46669906,-0.7311724,-0.95886827,-0.62354416,-0.6749245,-0.62733006,-0.5489075,-0.2687497,-0.0048172185,0.19205046,0.2904843,0.43867588,0.707476,0.45760548,0.44516605,0.78589857,0.66637176,0.33104768,0.40298012,0.38837728,0.6268901,0.7826535,1.0720057,0.5706422,0.73127323,1.0492903,1.1639494,1.2369635,1.1872058,1.3451326,1.3500003,1.3170086,1.3326931,1.4235551,1.3143045,1.2018086,1.0768734,1.0271156,1.2293917,0.95031554,0.84971833,0.75507045,0.623645,0.5814591,0.90109867,0.89514935,0.6820563,0.669076,0.5917351,0.68043375,0.89514935,0.7772451,0.7804901,0.55928445,0.77291834,-1.099488,-1.4391389,-1.3699106,-1.0794767,-1.0443218,-0.7733583,-1.2287501,-0.77714425,-0.70358926,-0.82149357,-1.1357245,-0.8836907,-0.7208963,-0.42559484,-0.2590145,-0.08864824,0.07360534,0.17582509,0.41812378,0.30346456,0.56956047,0.37052938,0.20503075,0.11687297,0.0070813773,-0.12001727,0.044399705,0.20881666,0.29697445,0.644738,0.4338083,0.44246182,0.50898576,0.7967155,0.9129972,0.77886766,0.70585346,0.6328394,0.6679943,0.63662535,0.60147035,0.62797177,0.6642084,0.57605064,0.58091825,0.7572338,0.5506309,0.5690197,0.35538572,0.44732943,0.4159604,0.45273787,0.41541955,0.3586308,0.50141394,0.42623645,0.54143655,0.36458012,0.3359153,0.36890686,0.2894026,0.1806927,0.23153216,-0.049707375,0.20557159,0.48464775,0.599307,0.38459137,0.375397,0.31157726,0.30995473,0.25857443,0.08928986,0.10551521,0.38999984,0.38675475,0.6923323,0.6149915,0.805369,0.8589127,0.885955,0.8508,1.1022931,1.2764452,1.1298761,1.1033747,0.93571275,0.9227324,0.82105356,0.62310416,0.6896281,0.5387323,0.61877745,0.5587436,0.72261965,0.69341403,0.5933577,0.2607378,0.19745891,0.09145324,0.097402535,-0.0026538377,-0.20492998,-0.0870257,-0.24765675,-0.372592,-0.42938077,-0.41261455,-0.41045117,-0.4228906,-0.22385956,-0.18113278,-0.23954406,-0.13299756,-0.14543699,-0.081076406,-0.08594401,-0.24332997,-0.041594695,-0.2411666,-0.13786516,-0.17572431,-0.30011874,-0.1048736,0.0005912339,-0.11136374,-0.0048172185,0.07739127,-0.073504575,-0.21250181,-0.29416946,-0.3282427,-0.37800047,-0.49860895,-0.4380343,-0.46237233,-0.4191047,-0.39963427,-0.30714974,-0.30931312,-0.20222574,-0.22602294,-0.020501731,0.19259131,0.16014059,0.16014059,-0.063769355,-0.0762088,-0.22223702,-0.29200608,-0.2709131,-0.27469903,0.08063633,0.20286736,-0.14543699,0.050349,0.3813463,0.53710973,0.21260259,0.21801102,0.03141941,-0.10433275,0.026010962,0.20016314,0.3548449,0.009785603,0.074687034,0.04602224,-0.08486232,-0.24549337,-0.054574985,-0.10108768,-0.003194683,-0.15246798,0.11470958,0.086585626,0.21152088,0.2796674,0.52196604,0.31860825,0.28615752,0.60038865,0.6268901,0.7853578,0.6809746,0.57442814,0.9135381,0.84971833,1.4538425,1.057403,0.89298594,0.8881183,0.8075324,0.7929296,0.79941976,0.47383085,0.5673971,0.37756038,0.6966591,0.74371266,0.609583,0.5154759,0.47329,0.47599423,0.5435999,0.92976344,0.93192685,1.1401522,1.602575,1.6690989,1.9476342,1.7615834,1.7464398,1.7475214,1.8876004,1.8789469,1.8486595,1.8746202,1.9470934,2.2153525,2.4181695,2.5777187,1.8638033,1.6220454,1.5209073,1.5036002,1.3673073,1.553358,1.5338876,1.6393523,1.6728848,1.4684453,0.20016314,0.25803357,0.39973506,0.7101802,0.61174643,0.47599423,0.7253239,0.7675099,0.35700828,0.33267024,0.25262514,0.32077163,0.22287863,0.46896324,0.4868111,0.6825971,0.22990963,0.34456885,0.34943643,0.6766479,0.6825971,0.87351555,0.75290704,0.7280281,0.571183,0.5365689,0.5830816,0.93895775,0.7837352,0.5170984,0.49059704,0.45814633,0.35430402,-0.05024822,-0.028614411,0.480321,0.7301915,0.39216322,0.4375942,0.07090112,0.03304195,0.28615752,0.18880539,0.2558702,0.19908145,0.09361661,0.034123644,0.109301135,0.19042791,-1.0194429,-1.5559615,-2.0941024,-2.4186099,-2.7133706,-2.6684802,-2.624672,-2.5073085,-2.3948126,-3.186069,-3.4462159,-3.4808297,-3.4900243,-3.6776977,-3.6068468,-4.0130215,-3.8496864,-4.049258,-4.291557,-4.4100018,-4.577123,-4.5576525,-4.232064,2018-04-17
D_CNP,-0.18781583,-0.20980966,-0.42872515,-0.6026299,-0.62564677,-0.6271812,-0.81336164,-0.71515656,-0.6056988,-0.4512305,-0.65838176,-0.4333285,-0.52693015,-0.4113347,-0.26402706,-0.24970548,-0.26402706,-0.44304672,-0.3806456,-0.37348482,-0.47527027,-0.4737358,-0.47885066,-0.6471291,-0.5959806,-0.73817337,-1.1437808,-1.2194806,-1.5222796,-1.5432504,-1.6235535,-1.6624264,-1.5432504,-1.6225306,-1.454252,-1.3248464,-1.2123197,-1.0020995,-1.2476122,-1.2491467,-1.3642308,-1.2563075,-1.4859642,-1.4823837,-1.4332812,-1.4967054,-1.442488,-1.236871,-1.2015786,-0.7847185,-0.5826821,-0.77295434,-0.72231734,-0.6936742,-0.6916283,-0.5744983,-0.29676208,-0.4067313,-0.43946636,-0.5714294,-0.6036529,-0.67577225,-0.5105627,-0.46197167,-0.16735643,-0.0512494,0.079690695,0.2469462,0.3073014,-0.11007015,0.16510865,0.21472266,0.5809458,0.41931653,0.6193071,1.1200507,1.2663352,1.3179952,1.6453454,1.5998234,1.625909,1.4954804,1.5947084,0.76866066,0.17943022,0.45512047,0.46330425,0.36356473,-0.053806823,-0.47731623,-0.31466407,-0.40928873,-0.6026299,-0.18065503,-0.33103156,-0.6425258,-0.43179405,-0.34842205,-0.3867834,-0.23742984,-0.022094773,-0.1013749,-0.03948525,0.029565185,0.119075015,0.16255121,0.38504708,0.28991088,0.23876245,0.44642526,0.082248114,0.047978636,0.19886664,0.016778067,-0.016468441,0.26894003,0.42494285,0.8643083,0.88988256,1.0223571,1.1313032,1.2422954,1.4289874,1.5067331,1.5210546,1.5855017,1.255594,1.0965223,0.9850187,0.6806853,0.43005773,0.63362867,0.38453558,0.27456635,0.2402969,0.18454507,-0.2957391,-0.3637666,-0.27732566,-0.16684495,-0.14229368,-0.051760886,0.25103807,-0.060967613,-0.02823259,0.13237362,0.20960781,-0.058410186,-0.12694915,-0.23487242,-0.14024773,-0.11774242,-0.11927687,-0.4532764,-0.77039695,-0.23026906,-0.3699044,-0.42923662,-0.34944504,-0.6220663,-0.9882895,-0.72282887,-0.57603276,-0.32438228,-0.43997782,-0.51823497,-0.69572014,-0.49317223,-0.3197789,-0.47015542,-0.46197167,-0.27732566,-0.1954881,-0.632296,-0.65940475,-0.5069823,-0.2384528,-0.06199058,0.353335,0.40704092,0.3303182,0.48120618,0.49245885,0.32520333,0.640278,0.44131038,0.116006106,0.4617698,0.6796623,0.62953675,0.6469273,1.0325867,1.3793734,0.25922182,0.23518206,-0.026698135,0.2167686,0.51189536,0.07150694,0.38913894,0.35486946,0.19170585,-0.05994464,-0.02823259,0.106287904,0.0014335259,-0.060967613,0.35640395,0.4402874,0.45102862,0.56406677,0.12009799,0.03468004,0.03314558,-0.22771163,0.28019267,0.21421118,0.36561063,0.49297035,0.6019167,0.29195684,0.5037115,0.48836696,0.7052365,0.8852791,1.0842466,0.79986125,0.7717295,0.48938996,0.72569597,0.6622718,0.6494847,1.042305,1.2607088,1.375793,1.3609599,1.1446018,0.73081076,0.52417094,0.605497,0.5476992,0.5037115,0.46381572,0.32776076,0.39271933,0.5195676,0.4310807,0.42187396,-0.08500739,-0.7028809,-0.59956104,-0.6542899,-0.78881043,-0.5954692,-0.45532236,-0.3202904,-0.1755402,-0.12541468,0.10679939,-0.19906849,-0.47475877,-0.41491506,-0.58830833,-0.467598,-0.40366238,-0.43025962,-0.49010333,-0.8343325,-1.2118083,-0.86655605,-0.9084978,-1.20209,-0.97396785,-0.9463477,-0.801086,-0.85786086,-0.6026299,-0.5791016,-0.6614507,-0.20213741,-0.3560943,-0.47987363,-0.36785847,-0.106489755,-0.15405783,-0.060967613,0.007059858,0.06792654,0.11037978,0.1799417,0.22188345,0.088897415,-0.019537348,-0.06915137,0.089408904,0.47916025,0.87760687,0.70063317,1.3144147,1.2561055,1.4965035,1.6857527,1.341012,1.461211,1.4847393,1.2376921,1.2699157,1.1420444,1.1231196,1.290375,1.3067425,1.0029206,1.0704366,1.238715,1.3573796,1.0065011,0.7860511,1.0151963,1.3834652,1.3154378,1.3282248,1.0607183,0.88323325,0.8806758,0.7001217,0.6034511,0.7323453,0.874538,1.0438393,0.7052365,0.7272304,1.3144147,1.290375,0.86021644,0.99985176,0.8653313,1.0218456,1.0898731,0.66380626,0.8868136,0.6791508,0.6433469,0.6136808,0.81162536,1.0407705,0.7671262,0.6627833,-0.098306,0.37532887,0.3937423,0.51189536,0.6776164,0.7451324,0.9768349,0.7865626,0.991668,1.0704366,1.0264488,0.82441247,0.65920293,0.57378495,0.37839776,0.33952492,0.08531702,-0.1249032,-0.23180352,-0.19446513,-0.18014355,-0.015956955,-0.07528918,0.008082828,0.35128906,0.12521283,0.11805205,0.29911762,0.18249913,0.12470135,-0.010330623,0.1799417,0.24234284,0.4213625,0.25103807,0.34463978,0.91801417,0.7497357,0.7788904,0.6868231,0.28428456,0.3461742,0.6300483,-0.078869574,-0.89417624,-0.9483936,-1.4041265,-1.0368805,-1.0916095,-1.1018391,-1.1003046,-0.73357004,-0.40008202,-0.5274417,-0.24305618,0.15794785,0.5753194,-0.19395365,-0.38627192,-0.10546678,-0.17298277,-0.39547864,-0.21236709,-0.19037326,0.05667388,0.4014146,0.572762,0.0045024343,0.12725878,0.6755704,0.8530556,0.7640573,0.6622718,0.73183376,0.7886086,0.7860511,0.7927004,0.9302898,0.8111139,0.689892,0.5589519,0.5998707,0.60600847,0.34208235,0.18607952,0.05104755,-0.05329534,-0.11774242,0.25308403,0.15436746,0.04030637,0.03468004,0.019846976,-0.10444381,-0.116207965,-0.18986176,-0.28397498,-0.2860209,-0.044088617,-1.7422179,-1.9304444,-1.9703401,-1.6665182,-1.6491277,-1.3509322,-1.8639513,-1.373949,-1.3089905,-1.3985002,-1.7059026,-1.4762459,-1.338145,-0.98419756,-0.716691,-0.51158565,-0.24714807,-0.19804552,-0.12541468,-0.56375706,-0.19293067,-0.53051054,-0.69111675,-0.7586328,-0.90696335,-0.9708989,-0.8097812,-0.58575094,-0.43844336,-0.08193848,-0.28857833,-0.19446513,-0.20674077,0.30525544,0.3502661,0.24796918,0.19221734,0.13748847,0.1937518,-0.04766901,0.006036889,0.044398244,0.12725878,-0.02925556,0.08071367,0.15487894,-0.10086342,-0.011865078,-0.15201189,-0.023629226,-0.14280517,-0.113139056,-0.12029984,-0.24152173,-0.19804552,-0.22106233,-0.09574857,-0.2824405,-0.34126127,-0.4041739,-0.46146017,-0.56068814,-0.38729492,-0.6195089,-0.25686628,0.09861563,0.30474398,0.06434615,0.122143924,0.13237362,0.19835515,0.15794785,-0.053806823,0.06997248,0.40090308,0.38607004,0.74052894,0.72365,0.858682,1.0448624,1.0039437,0.97120863,1.07504,1.1962618,1.1266999,1.0673677,0.93080133,1.0862926,0.8034416,0.62339896,0.7609884,0.71444327,0.858682,0.8295273,0.922106,0.86226237,0.92926687,0.6944954,0.5471878,0.33901343,0.29093388,0.073041394,-0.1182539,0.058719818,-0.08654185,-0.4005935,-0.467598,-0.41491506,-0.4113347,-0.4604372,-0.23129202,-0.15098892,-0.29011276,-0.22822313,-0.27476823,-0.1780976,-0.054829795,-0.26453856,-0.05329534,-0.3970131,-0.27527973,-0.23487242,-0.23180352,-0.28806686,-0.23384945,-0.21594748,0.058208335,0.1497641,-0.021583287,-0.18270098,-0.31159517,-0.36325508,-0.4067313,-0.44151226,-0.4404893,-0.3601862,-0.27732566,-0.23436093,-0.115696475,-0.21799342,-0.23691836,-0.23538391,-0.09370264,0.12777026,0.054116454,0.122143924,-0.05329534,-0.05687573,-0.24663657,-0.30238843,-0.30085397,-0.4379319,-0.04050822,0.039794885,-0.47987363,-0.50340194,-0.13257548,-0.055852763,-0.32131338,-0.40775427,-0.581659,-0.6149056,-0.58830833,-0.39599013,-0.3034114,-0.64559466,-0.5714294,-0.63996834,-0.60518736,-0.8486541,-0.56017673,-0.61899745,-0.53562546,-0.53511393,-0.2527744,-0.23487242,-0.16326456,0.00399095,0.1333966,0.069461,0.011151736,0.38351262,0.42596585,0.60652,0.62442195,0.44284484,0.69961023,0.6239105,1.1660842,0.9676282,0.6300483,0.7671262,0.7625229,0.6551111,0.90266967,0.6827312,0.90266967,0.90727305,1.2468988,1.5164512,1.4110855,1.4540501,1.1942159,1.0668561,1.1758025,1.4801359,1.5563471,1.6340927,2.0264015,2.013103,2.2299726,2.2228117,2.2954426,2.3281777,2.4575832,2.5910807,2.650413,2.7905598,2.7163944,2.9915733,3.003849,3.1455302,2.3859754,1.9987813,1.6714311,1.8187387,1.5824329,1.5532781,1.6407421,1.7149073,1.7097925,1.5384451,0.24643472,0.08173663,0.13748847,0.5604863,0.35128906,0.16562013,0.082248114,-0.007773199,-0.36632404,-0.4410008,-0.6798641,-0.61695147,-0.65735877,-0.44355822,-0.5376714,-0.1683794,-0.71873695,-0.54278624,-0.49010333,-0.18116653,-0.18935028,-0.20316038,-0.3172215,-0.28499794,-0.45532236,-0.40519685,-0.2558433,0.0065483735,-0.09216818,-0.2599352,-0.06659394,0.014220645,-0.34177274,-0.61899745,-0.9708989,-0.49726412,-0.32591674,-0.80159754,-0.78881043,-1.0113063,-0.9335606,-0.6338305,-0.7882989,-0.7755118,-0.984709,-0.9862435,-1.0895635,-1.0133522,-0.66605407,-1.5867267,-1.9688057,-2.5084221,-2.743705,-3.1078823,-2.9554598,-3.0899801,-2.9084032,-2.5447376,-3.0966296,-3.4669445,-3.4152846,-3.357487,-3.5820284,-3.457738,-3.749284,-3.7994096,-4.1610293,-4.2996416,-4.5027013,-4.631084,-4.477127,-4.11295,2018-04-17
D_CPK,1.0768521,1.0221415,1.0464573,1.1642956,1.2260203,1.4757252,1.2802633,0.87110275,0.72848105,0.61485136,0.42266273,0.60409623,0.5638816,0.58024806,0.820133,0.62934726,0.5807156,0.4479138,0.5325516,0.5161851,0.3674845,0.29874554,0.24964625,0.08644963,-0.18944153,-0.57475394,-0.9904611,-1.0652791,-1.3107754,-1.3729678,-1.4164557,-1.648859,-1.6773833,-1.7447195,-1.1845201,-1.2121093,-1.008698,-0.82632923,-0.985785,-0.97783566,-1.3205953,-1.2270728,-1.4697635,-1.4529296,-1.3598747,-1.4926765,-1.4622818,-1.1821822,-1.2598057,-0.91798127,-0.85999733,-0.9829793,-0.988123,-0.8258617,-0.7342097,-0.63881683,-0.43400267,-0.52705747,-0.47468495,-0.5527762,-0.67809623,-0.6018754,-0.54856765,-0.39004713,0.059328128,0.29640746,0.47082675,0.67657614,0.78038603,0.36187318,0.6153189,1.1460587,1.8016509,0.86642665,1.3779943,1.9204243,2.053694,2.067722,2.383828,2.1673236,1.9910338,1.872728,1.9367908,1.374721,0.55593216,0.80610466,1.1404473,1.1109878,0.6143837,0.08364396,0.19914415,0.27255926,0.033141848,0.43809393,0.36000273,0.08504679,0.18277773,0.27302685,0.15051249,0.3389602,0.5096386,0.4278065,0.3702902,0.3132415,0.36234078,0.22720088,0.46474785,0.05558723,-0.050560724,0.07148604,-0.097321935,-0.17401034,-0.021101162,-0.08890492,-0.13519852,0.10889501,0.34878004,0.597082,0.6499222,0.8308881,0.79441434,0.9917467,1.0291556,1.1189371,1.3415205,1.4607617,1.0960243,0.90102994,0.9122526,0.49327213,0.3983469,0.60923994,0.3553266,0.3352193,0.30716255,0.17108743,-0.26285663,-0.8950683,-0.83755195,-0.6322702,-0.57148063,-0.5041445,-0.13753659,-0.3933204,-0.47281453,-0.4980656,-0.53126603,-0.8160418,-0.86373824,-1.0035542,-0.9913963,-0.8193151,-1.050783,-1.5010936,-1.6044358,-1.171427,-1.3397673,-1.3832552,-1.2074331,-1.4075711,-1.5099783,-1.4024274,-1.208836,-1.0344166,-0.9979429,-1.3177897,-1.577782,-1.5684297,-1.4978203,-1.5913428,-1.7012316,-1.7395757,-1.7152599,-1.428146,-0.9605339,-0.6766934,-0.87916946,-0.84643656,-0.41015443,-0.3512353,-0.6809019,-0.60468113,-0.71316713,-0.9563255,-0.8426957,-1.0900625,-1.3065668,-1.0643438,-1.2294109,-1.4412392,-1.6324925,-1.4211318,-0.9619368,-1.5272799,-2.1608942,-2.197368,-1.7671648,-1.3327532,-2.4802732,-2.2352448,-1.8878089,-2.1716495,-2.2993073,-2.3918946,-2.0374446,-2.0257542,-2.134708,-1.67411,-1.6287516,-1.6413772,-1.2579353,-1.5726382,-1.6521323,-1.4870652,-1.6100472,-0.5990698,-0.65518326,-0.5172376,-0.6074868,-0.42979416,-0.36058757,-0.15483823,-0.14361554,0.14490114,0.32773748,0.33802494,0.3095006,0.40021735,0.17108743,0.27583253,0.08972292,-0.16559331,0.056054838,0.40395826,0.32352898,0.5666873,0.4923369,0.1280671,0.043896925,0.039220802,0.020983933,0.025192441,0.18277773,-0.11789687,-0.014554591,0.03594752,-0.14501837,-0.24976347,-0.5920556,-1.0895948,-0.8964711,-0.8955358,-1.0704228,-0.7533817,-0.6065516,-0.35918474,-0.26379186,-0.31850246,-0.5195757,-0.6163714,-0.9432323,-0.9610016,-0.68651325,-0.49666274,-0.37274548,-0.36713415,-0.354041,-0.2581805,-0.7164404,-0.1337957,-0.17821884,-0.3358041,-0.44803104,-0.20674318,-0.0070727966,-0.045416992,0.27676776,0.16220279,0.11076546,0.53816295,0.5283431,0.38198048,0.3903975,0.50870335,0.42032468,0.54377425,0.44510815,0.6363614,0.6171894,0.84444886,1.0506657,0.957611,1.0394431,1.0286881,0.20428789,0.18090728,1.0581475,0.84070796,0.9594815,0.95433766,1.1194048,1.3363768,1.0763845,1.2330346,1.1395122,0.91459066,0.94872636,0.7275458,0.7172584,1.0034369,1.037105,0.9122526,1.0852691,1.2479981,1.3270246,1.1245486,0.86782944,1.0665646,1.3948283,1.2498686,1.3031763,0.9861353,0.9632223,0.3127739,-0.10947985,-0.22591527,0.04717021,0.04483215,0.095334254,0.14490114,0.3010836,0.84164315,0.58492416,0.49467498,0.4137781,0.3048245,0.4081668,0.3286727,0.08504679,0.42313033,0.27349448,0.3057597,0.40255544,0.5021568,0.8542687,0.45726603,0.7181936,0.16033234,0.7691633,0.66067725,0.8645562,1.0300909,1.0137244,1.1339008,1.0731112,1.1937551,1.4481361,1.503782,1.2381783,0.9992285,1.0876071,1.024947,0.78412694,0.58679456,0.5414362,0.4133105,0.45679843,0.16594368,0.29640746,0.19633847,0.13508129,0.38618898,0.22953893,0.15191533,0.24824344,0.12853472,0.13087279,0.1271319,0.1355489,0.13601652,0.24917865,0.023321992,0.101880826,0.557335,0.4427701,0.50028634,0.91926676,1.095089,1.2503362,1.4355105,0.3932032,-0.37929204,-0.8211855,-1.2350223,-0.84503376,-0.9904611,-1.0101008,-1.1840526,-0.8960035,-0.7089586,-0.6584565,-0.45598045,-0.06458908,0.27536494,-0.0458846,-0.20674318,0.2898609,0.12946995,-0.22544765,0.07382411,-0.57896245,-0.16138479,0.331946,0.47456765,0.009293627,0.09159336,0.18838908,0.21504296,0.10795979,0.09767232,0.5596731,0.62513876,0.5358249,0.68873405,0.8294853,0.72801346,0.79862285,0.5358249,0.8126512,1.0759169,1.0174654,0.7312867,0.76822805,0.8093779,0.6223331,1.0988297,1.0221415,1.017933,1.011854,1.0286881,0.7878678,0.95387006,0.65553355,0.66395056,0.73783326,0.90897936,-0.5191081,-0.7103615,-0.8352139,-0.6247884,-0.49572748,-0.083761185,-0.5808329,-0.4583185,-0.62057996,-0.5331365,-0.5298632,-0.29792756,-0.0921782,0.21878386,0.36561406,0.47830856,0.6620801,0.6106428,0.73689806,0.4586689,0.82808244,0.75794065,0.49373975,0.3590675,0.42733887,0.38712424,0.5956792,0.76308435,0.88933957,1.0160625,0.7967524,0.64945465,0.72474015,1.2587532,1.4355105,1.2377107,1.2377107,0.9959552,1.066097,0.9080441,0.82901764,0.8898072,1.0221415,0.80142856,0.9216048,0.9669633,0.81078076,0.9809916,0.66395056,0.8220035,0.87577885,0.76776046,0.5933412,0.3749663,0.36561406,0.38712424,0.34690958,0.070550814,-0.14361554,0.07616216,0.045299765,-0.08329357,-0.0052023483,0.0074231788,0.28331435,0.648987,0.5956792,0.46053934,0.43856156,0.39180034,0.4441729,0.41471335,0.29874554,0.4123753,0.6817198,0.7845945,1.0399107,0.8996271,1.0525362,1.1105201,1.240984,1.1984313,1.4177413,1.6174117,1.1469939,1.0763845,0.96088433,0.8851311,0.5330192,0.4044259,0.6569364,0.8084427,0.93984175,1.0441192,1.0712407,1.0366374,1.0698379,0.6807846,0.6316853,0.33802494,0.42546844,0.014437361,-0.32130814,-0.23059139,-0.3694722,-0.6668735,-0.8426957,-0.76366925,-1.0213236,-0.9951373,-0.8127685,-0.7660073,-0.7108291,-0.52331656,-0.499936,-0.4653327,-0.39939937,-0.48637524,-0.47515258,-0.51677006,-0.6968007,-0.7010092,-0.65892416,-0.7141023,-0.6060839,-0.8216531,-0.6841752,-0.45270714,-0.54108584,-0.62057996,-0.69493026,-0.7454324,-0.79453164,-0.7734891,-0.88010466,-0.77208626,-0.67342013,-0.58130056,-0.35544384,-0.39098236,-0.32551664,-0.36386085,-0.27501455,-0.031856243,-0.0023966755,0.09813993,-0.033259075,-0.13426329,-0.3315956,-0.3503001,-0.2006642,-0.07300611,0.19306518,0.2664803,-0.17026943,-0.22077154,0.0583929,-0.26425946,-0.20580795,0.033141848,-0.399867,-0.6369464,-0.79032314,-0.55604947,-0.6280618,-1.1952752,-0.8324082,-0.6748229,-0.9259307,-1.444045,-0.9226574,-0.84970987,-0.80996287,-1.0517184,-0.6341407,-0.6112277,-0.65985936,-0.5761568,-0.29138097,-0.43680835,-0.63086736,-0.13099001,-0.05383401,0.17342548,0.27723536,0.03875319,0.300616,0.08037067,0.7354952,0.50823575,0.48859602,0.4394968,0.4324826,0.4390292,0.61672175,0.4829847,0.5264726,0.39600885,0.86175054,0.90290034,0.9290866,0.5722986,0.3829157,0.26928595,-0.00754041,0.48111427,0.56902534,0.7065033,0.7537321,0.68031704,0.991279,0.9290866,1.0983622,1.0184005,1.3326359,1.4387838,1.4972353,1.551946,1.7628391,1.8297076,2.119627,1.9919691,1.4626321,1.3518081,1.2919537,1.5608307,1.1932875,1.1306275,1.0558095,1.0487953,1.0927508,1.0151273,0.073356494,-0.06692715,-0.05851013,0.43341783,0.3127739,0.1972737,0.13882218,0.2473082,0.20989923,0.28004104,0.45258993,0.5722986,-0.0070727966,-0.399867,-0.31382635,-0.035129525,-0.33720696,-0.14361554,-0.083761185,0.277703,0.1743607,0.18418056,0.26040134,0.20756117,0.09065814,0.05979574,0.058860514,0.57650715,0.59006786,0.55032086,0.82901764,0.99268186,0.665821,0.3249318,0.2660127,0.72988385,1.0085807,0.503092,0.6929425,-0.13847181,0.045767374,0.3169824,0.16360563,0.023789603,0.00040899712,-0.089840144,-0.23713797,-0.13519852,0.01630781,-0.87589616,-1.3397673,-2.490561,-2.3236232,-2.6378586,-2.7603729,-2.3741255,-2.1702464,-1.3018907,-2.1931596,-2.3918946,-2.340925,-2.5728605,-2.9385333,-2.960511,-3.4529064,-3.5408177,-3.8868506,-4.1094337,-4.4423738,-4.55273,-4.5055013,-4.1561947,2018-04-17
D_CWT,0.19803403,0.14866331,0.11381338,0.045565613,0.061538495,-0.10641878,-0.2830885,-0.32035857,-0.21290465,0.07654332,-0.2932531,-0.17999084,-0.19789983,-0.036718927,0.18109311,0.16173202,0.1375307,0.0015191807,0.04362951,0.06783084,0.02814065,-0.05850013,-0.020746049,-0.19160748,-0.2666316,-0.6567572,-1.0265536,-1.1112583,-1.4215194,-1.4520131,-1.4858949,-1.5372019,-1.3823133,-1.5425261,-1.1862824,-1.0817326,-0.8745692,-0.6688578,-0.9205517,-0.87118095,-1.1732137,-1.123359,-1.28696,-1.285992,-1.1543367,-1.2501739,-1.249206,-0.978635,-1.0822167,-0.5788288,-0.50912905,-0.7027397,-0.69547933,-0.6504648,-0.60835445,-0.49218804,-0.40167508,-0.51880956,-0.5744726,-0.64659256,-0.6925751,-0.7482382,-0.59722185,-0.43120068,-0.02800645,0.1704445,0.95359975,0.88825613,0.84178954,0.36841142,0.6709282,0.7653133,1.1815763,1.2425636,1.269669,1.8006464,1.8727664,1.919233,2.3442085,2.3175871,2.2527275,2.2164254,2.0223308,1.250308,0.6234935,0.97344476,1.1380138,1.0566974,0.6118769,0.062022522,0.1685084,0.18738544,-0.060436238,0.38535237,0.17286465,-0.14901312,-0.03962309,0.023784408,-0.10157851,0.16899243,0.35534272,0.16415216,0.19609793,0.15882787,0.1123613,0.107037,0.3567948,0.11478143,0.04604964,0.43714324,-0.027038397,0.007811528,0.25079295,0.11478143,0.10848909,0.39261276,0.5992922,0.8780916,0.87712353,0.940047,1.0537932,1.1544708,1.1651194,1.1922249,1.4168133,1.5063581,0.97731704,0.88728803,0.67044413,0.24062839,0.4274627,0.7556328,0.45844042,0.42068633,0.33936983,0.17189659,-0.47379503,-0.52849007,-0.4868638,-0.26711562,-0.35762864,-0.20758036,0.12058975,-0.13449232,-0.094802134,-0.09673825,-0.060436238,-0.31939054,-0.33633146,-0.48928392,-0.599642,-0.6030302,-0.60690236,-1.067696,-1.4370084,-0.97427875,-1.1020617,-1.2061275,-1.0638237,-1.4002222,-1.4902512,-1.3184217,-1.1001257,-0.7579187,-0.79567283,-0.99412376,-1.1388478,-0.9800871,-0.64223635,-0.80535334,-0.80583733,-0.5652761,-0.49122,-0.7070959,-0.74388194,-0.5507553,-0.46605062,-0.37360153,-0.048819598,-0.112711124,-0.27486008,-0.2264574,-0.031394634,-0.15820962,0.13995083,-0.30971,-0.400223,-0.084637575,-0.14368883,-0.04930362,-0.06382443,0.19658194,0.4836098,-0.291801,-0.33584744,-0.327619,0.08864399,0.45698833,-0.33633146,-0.06721261,-0.19838385,-0.62045515,-0.7782479,-0.8019651,-0.60109407,-0.6417523,-0.6577252,-0.0009009529,0.055730175,0.13462654,0.3369497,0.03685313,-0.30728987,-0.42103615,-0.81697,-0.41474378,-0.20564425,0.0779954,0.21061873,0.30936018,0.16221607,0.47731745,0.5508895,0.78031814,1.066862,1.3069392,0.98748153,1.1021959,0.80209935,1.0629897,0.8640548,0.8466298,1.0881591,1.1331736,1.3674426,1.4376264,1.0828348,0.6205893,0.49667853,0.5542777,0.4473078,0.35921493,0.4652168,0.2570853,0.19997014,0.22417147,0.13172238,0.15592371,-0.41474378,-0.92297184,-0.7554986,-0.74872226,-0.944269,-0.66256547,-0.48444366,-0.35375643,-0.25211084,-0.34020367,-0.15482144,-0.2898649,-0.7070959,-0.6267475,-0.6088385,-0.5347824,-0.2719559,-0.37553763,-0.34891617,-0.4650826,-0.9684704,-0.59867394,-0.6688578,-0.925876,-0.8803775,-0.7114522,-0.6238434,-0.671762,-0.44668955,-0.50138456,-0.5865733,-0.13546038,-0.17224641,-0.3677932,-0.4258764,-0.25840315,-0.5362345,-0.52461785,-0.5212297,-0.34165573,-0.32519886,-0.23807405,-0.15530547,-0.23178169,-0.4258764,-0.5362345,-0.655305,-0.52849007,0.033464946,0.17673686,0.36453924,0.46328068,0.41923425,0.7323995,0.5271722,0.69512945,0.70868224,0.57460684,0.6631837,0.70190585,0.75224465,0.9134255,0.8901922,0.6559233,0.7624092,0.99861413,1.012651,0.6336581,0.3495344,0.4889341,0.7353037,0.5000667,0.6380143,0.5818672,0.47150913,0.11332935,0.12881821,0.078479424,0.1665723,0.26337767,0.4763494,0.19270974,0.20577846,0.8611507,0.85437423,0.42794672,0.5818672,0.5092632,0.62978584,0.6109088,0.20190625,0.54314506,0.36066702,0.39551693,0.39696902,0.46666884,0.71981484,0.4453717,0.48457786,-0.26856774,0.2861269,0.24498461,0.3766399,0.4942584,0.5876755,0.6593115,0.47489733,0.70480996,0.6041325,0.75660086,0.6593115,0.40519747,0.4545682,0.15785982,-0.01638981,-0.30535373,-0.5130012,-0.58560526,-0.47089088,-0.5715684,-0.71338826,-0.9762148,-0.91087115,-0.5139693,-0.6267475,-0.57931286,-0.46798673,-0.54349494,-0.58221704,-0.6117427,-0.6335239,-0.56576014,-0.2826045,-0.42055213,0.16366814,0.650599,0.36502326,0.26821792,0.3587309,0.25805333,0.5165236,0.6447907,-0.26421148,-1.0004162,-1.5526906,-1.9960591,-1.6402994,-1.9839584,-1.9500763,-1.9733099,-1.6349752,-1.8271339,-1.2104838,-1.1373957,-0.8314908,-0.49944845,-0.88424975,-1.0362341,-0.6393322,-0.8837657,-1.0836688,-0.7864763,-0.8861858,-0.5004165,-0.15288535,0.09542036,-0.33245924,-0.21435672,0.25030893,0.4255266,0.469089,0.42359048,0.71691066,0.5939679,0.4603765,0.47296122,0.62978584,0.5871915,0.49522644,0.3151685,0.43811128,0.8393694,0.6476949,0.3911607,0.36889547,0.432787,0.30887616,0.67576844,0.650115,0.48118967,0.41584608,0.2899991,0.110909216,-0.058016103,-0.034298796,-0.06914873,0.05669823,0.29774353,-1.1901547,-1.3794091,-1.3978021,-1.1277151,-1.0899612,-0.7182285,-1.2671149,-0.93652457,-0.89586633,-0.9771829,-1.3469793,-0.9578217,-0.84843177,-0.65336895,-0.4055473,-0.6925751,-0.19209151,-0.22984558,0.12639809,-0.19209151,0.16221607,0.07267111,0.09009607,0.1414029,0.06928292,0.0489538,0.31032822,0.44682375,0.5668624,1.0392724,0.75079256,0.79241884,0.6375303,1.1796402,1.3538897,1.2270749,1.1554389,1.124461,1.2212665,0.93859494,0.8214605,0.6564073,0.9802212,0.80355144,0.75224465,0.86453885,0.650599,0.70480996,0.4076176,0.52233195,0.4986146,0.51458746,0.5465332,0.30548796,0.2716061,0.21642704,0.4090697,0.19174169,-0.074473016,0.33065736,0.64382267,0.53733677,0.53346455,0.46424872,0.8713152,1.1360776,1.4550514,1.3180718,1.1559229,1.1075202,1.2459518,1.1501145,0.8935804,1.159311,1.5445963,1.4792527,2.0024858,1.8045186,2.119136,2.2314303,2.3708298,2.3814785,2.5053895,2.5184581,2.3596973,2.2280421,1.990385,1.9971614,1.5828344,1.0944514,1.3258163,1.1999693,1.3471134,1.4961936,1.6762516,1.6559224,1.8190395,1.5353998,1.3001629,1.0436286,1.2043254,1.0087788,0.62639767,0.559602,0.24208046,0.017976088,-0.08705772,-0.11609931,-0.11997153,-0.16450198,-0.082701474,-0.036234904,-0.07689314,0.053794067,0.10606895,0.0905801,-0.0076773274,-0.2046762,-0.16208185,-0.16159782,-0.16934225,-0.07834523,0.017492061,-0.2898649,-0.14562494,-0.16885822,0.3001637,0.4056815,0.17528477,0.21207081,0.1830292,0.21449094,0.24546866,0.17867295,0.08719191,0.25127697,0.49716252,0.687385,1.0097468,1.0058746,1.1806082,1.2822537,1.2556324,1.6104239,1.6138122,1.5702497,1.3040351,1.1520507,1.0339481,1.0629897,1.0136191,0.98748153,1.2691851,1.3422731,1.0426606,1.0300759,1.2851579,1.4037446,0.8901922,0.75950503,0.5174917,0.46328068,0.28515884,0.51797575,0.61139286,0.23772423,0.22126731,0.2135229,-0.2850246,-0.61222667,-0.40312716,-0.53042614,-0.5430109,-0.7138723,-0.38860634,-0.3973188,-0.14562494,-0.035266846,0.014103875,-0.14610896,-0.37795776,-0.0831855,-0.03236269,0.22223537,0.5257201,0.30355185,0.33501357,0.2319159,0.8219445,0.7890307,0.39696902,0.24692073,0.2570853,0.05476212,0.5475013,0.20868261,0.51603955,0.34178996,0.7314315,1.013135,0.76628137,0.50055075,0.20045418,0.14817928,0.02959273,0.4313349,0.5818672,0.88680404,1.1041319,0.9134255,1.2014214,1.1486624,1.1718957,1.3626022,1.483609,1.5416921,1.6394656,1.8737345,1.8219436,2.005874,2.2483714,2.0683131,1.1530187,0.94682336,0.46715286,0.36066702,0.21400692,0.039757293,0.031528838,0.049437825,0.032496892,-0.09528616,-1.212904,-1.2429136,-1.1398159,-0.8508519,-1.03333,-1.1296513,-1.2763114,-1.3155175,-1.7303284,-1.6102898,-1.7104833,-1.9723417,-2.0439777,-1.9442682,-2.12239,-1.1543367,-1.161113,-1.250658,-1.0434945,-0.4854117,-0.9215198,-1.0449466,-1.032846,-1.1548207,-1.0614036,-0.7521104,-0.54736716,-0.2971253,-0.34310782,-0.654337,-0.4040952,-0.4568541,-0.7467861,-1.196931,-1.2646947,-0.75840276,-0.6567572,-0.96072596,-0.7012876,-1.0643077,-0.5541435,-0.14756104,-0.08996187,-0.6562731,-0.59334964,-0.7951888,-0.97476274,-0.69547933,-0.33875158,-1.2729232,-1.6170663,-2.2734063,-2.8237448,-3.0391364,-2.827133,-2.5478494,-2.501383,-2.013484,-2.62723,-2.8750515,-2.5478494,-2.7003179,-2.9273264,-2.9858937,-3.299059,-3.192573,-3.6533663,-4.008158,-4.2109656,-4.4234533,-4.304867,-4.1746635,2018-04-17
DTE_D,-1.0713712,-1.0663536,-0.9969413,-1.0496277,-0.9765916,-0.90076786,-0.8793031,-0.9671137,-0.9782642,-1.1761863,-0.9381222,-1.0683049,-1.1904032,-1.3041388,-1.3523649,-1.2706872,-1.2798864,-1.1193185,-1.1845492,-1.1739562,-1.0738801,-1.0493488,-1.0473975,-0.9194451,-0.90299803,-0.7948377,-0.5369813,-0.30700126,-0.32233328,-0.31118274,-0.2760585,-0.18685414,-0.27048326,-0.2208633,-0.39536935,-0.44749817,-0.5425566,-0.69308895,-0.4302148,-0.5723843,-0.47593206,-0.6083448,-0.35160348,-0.24260686,-0.31480664,-0.14197318,-0.10852154,-0.26797438,-0.19884098,-0.41655537,-0.5712692,-0.4533522,-0.46310893,-0.56457895,-0.6356636,-0.6900225,-0.77058524,-0.74410266,-0.6150351,-0.540884,-0.43551132,-0.41125888,-0.33961663,-0.31843057,-0.73490345,-0.8174175,-0.9375647,-1.0323443,-1.0627296,-0.69448274,-1.0448886,-0.98969346,-1.1550003,-1.2692933,-1.3066477,-1.7038859,-1.8599936,-1.9461316,-2.2056606,-2.2491477,-2.1231465,-1.9723352,-2.051783,-1.5422031,-1.1602968,-1.3445596,-1.3813564,-1.3389843,-0.948994,-0.5063173,-0.6473717,-0.5776808,-0.47760466,-0.8539356,-0.8037581,-0.48262236,-0.52332187,-0.6749693,-0.5500832,-0.61921656,-0.674133,-0.54896814,-0.64514154,-0.68165964,-0.54060525,-0.54060525,-0.71065104,-0.5461805,-0.58715874,-0.63677865,-0.31843057,-0.16511057,-0.46756914,-0.3212182,-0.39090914,-0.58241975,-0.75664705,-1.0727651,-1.0769465,-1.0800129,-1.0956237,-1.216607,-1.2553551,-1.3543162,-1.4599677,-1.4861715,-1.1951423,-1.0644022,-0.86731625,-0.7669613,-0.69448274,-0.8377673,-0.44248042,-0.37613466,-0.2690894,-0.078415066,0.22766742,0.26223412,0.40245226,0.34223932,0.32579225,0.112259276,-0.041060735,0.07183854,0.060130477,0.11755578,0.12842757,0.29094678,0.27282715,0.31965944,0.31046024,0.3690006,0.3890716,0.5449005,0.872169,0.7015656,1.0187987,1.0048605,0.8133499,0.98144436,1.0051392,0.81390744,0.6232331,0.36342534,0.33499146,0.40189472,0.50057703,0.3352702,0.11922837,0.22376473,0.33666402,0.15992786,0.16327304,0.3391729,0.21428677,0.12424611,-0.12385355,-0.3044924,-0.7928864,-0.6019332,-0.2991959,-0.22783239,-0.2944569,-0.112703,-0.21891196,-0.11465435,-0.1985622,-0.32958114,-0.35188222,-0.24372193,-0.17988504,-0.45613983,-0.63761497,0.2586102,0.550197,0.7012869,0.39854956,0.103060074,0.717734,0.44315174,0.29903093,0.42698345,0.473537,0.5376526,0.21707441,0.40328854,0.44147915,0.034762982,0.044798475,-0.037158042,-0.11827827,0.12814881,0.13790554,0.06598451,0.3160355,-0.21389422,-0.31424913,-0.32010317,-0.32177576,-0.35578492,-0.12580489,-0.3429618,-0.4332812,-0.64514154,-0.67636317,-0.9612596,-0.6024908,-0.6780357,-0.49488798,-0.52917594,-0.48039228,-0.4003871,-0.7259831,-0.79706776,-0.96767116,-1.0058618,-0.7268194,-0.4017809,-0.28860286,-0.42213067,-0.40456855,-0.41516155,-0.46366644,-0.36860806,-0.4034535,-0.38784274,-0.28971794,-0.20692511,0.048701163,0.32857987,0.2301763,0.26836693,0.35338986,0.26446423,0.25972524,0.290668,0.2073177,0.19393702,0.12731251,0.44287297,0.54183406,0.5111701,0.48385122,0.47548833,0.36314657,0.35478365,0.30376992,0.44454557,0.79550904,0.4389703,0.40412486,0.5794672,0.59368414,0.42029312,0.35338986,0.43200117,0.24829593,0.27812368,0.35896513,0.055670258,0.0974848,0.23045507,0.17247224,-0.03687928,0.10278131,0.07239607,0.17386605,-0.020989751,0.01803716,0.00716538,-0.18741167,-0.15981406,0.025006255,0.01859469,0.21707441,0.06570575,-0.5163528,-0.444153,-0.6995005,-0.63649994,-0.7315583,-0.95930827,-0.68611985,-0.8048732,-0.8221565,-0.7594347,-0.82717425,-0.7549745,-0.81100595,-0.87400657,-0.8653649,-0.7388062,-0.70674837,-0.892405,-1.0499065,-0.74410266,-0.46227264,-0.67106664,-1.0496277,-0.73211586,-0.6512744,-0.67357546,-0.48290116,-0.38840026,-0.22365093,-0.07367609,-0.14253071,-0.24873967,-0.3889578,-0.29334188,-0.36721423,-0.9397948,-0.71399623,-0.65015936,-0.7694702,-0.67775697,-0.7407575,-0.7446602,-0.6061147,-0.83024067,-0.71204484,-0.5960792,-0.6866774,-0.7914925,-0.9292018,-0.80515194,-0.867595,-0.250691,-0.61169,-0.6189378,-0.5453442,-0.68138087,-0.70368195,-0.9013254,-0.8826482,-0.98439693,-1.0473975,-0.9027192,-0.7664038,-0.71622634,-0.77950567,-0.6688365,-0.34101045,-0.07562743,0.08995818,0.3288586,0.39074415,0.4880327,0.28592905,0.3681643,0.19059187,-0.10880031,-0.024056152,0.029745236,-0.11353929,-0.060016666,0.05288262,0.09386088,0.053161383,0.09330335,-0.107127726,0.07797135,0.047028583,-0.2835851,-0.29947466,-0.35996637,-0.45140085,-0.24985473,-0.2177969,-0.38561264,-0.14057937,0.5471306,0.6424678,1.0583831,0.91119593,0.71327376,0.6683928,0.5251082,0.25582257,0.15435259,0.06626328,-0.13082264,-0.31201902,-0.71734136,-0.32567844,0.0099530155,-0.13500409,-0.016250767,0.34112424,0.32969493,0.19031312,-0.010117968,-0.22588105,-0.3418467,0.06236059,-0.015135714,-0.2844214,-0.54339284,-0.47648957,-0.44359547,-0.55259204,-0.5592824,-0.5411627,-0.53726006,-0.6259069,-0.5364238,-0.44359547,-0.3635903,-0.3819887,-0.6019332,-0.28079748,-0.24037676,-0.13444656,0.008559198,0.024448726,-0.22699611,-0.27745232,-0.18741167,-0.20469502,-0.18824795,-0.158699,-0.3075588,-0.19772592,-0.34770077,-0.22588105,-0.3736258,1.4135282,1.6928493,1.693128,1.2931021,1.292266,0.9240191,1.1417336,0.6427465,0.6254632,0.918165,1.1868932,0.93990856,0.6148702,0.35255355,0.15992786,-0.035206698,-0.20469502,-0.24288563,-0.4218519,-0.23814665,-0.5422778,-0.33153248,-0.0851054,-0.053326335,0.09469717,0.11950713,-0.11521187,-0.22922622,-0.35411233,-0.6172652,-0.45641857,-0.45753366,-0.4670116,-0.82689553,-0.93784344,-0.8207627,-0.7092572,-0.6189378,-0.7148325,-0.52499443,-0.5146802,-0.41767046,-0.5826985,-0.41432527,-0.38728523,-0.52583075,-0.25570875,-0.35160348,-0.17653988,-0.2063676,-0.12273849,-0.114375584,-0.14141567,0.030581526,-0.061131716,-0.038830623,-0.17375225,-0.044963427,0.080201454,0.11922837,0.1351179,0.22292845,0.16299425,0.36565545,0.116440736,-0.22448723,-0.36526287,-0.009281676,0.01106807,0.09302458,0.08633426,0.16773325,0.27422097,0.23045507,-0.10350379,-0.08566293,-0.37139568,-0.30978888,-0.45530355,-0.5459017,-0.59245527,-0.53419363,-0.6833322,-0.79121375,-0.59078264,-0.50603855,-0.3496521,-0.32512093,-0.30281982,-0.12970759,-0.21361543,-0.08120271,-0.14225194,-0.050259937,-0.1573052,-0.061689246,0.036435563,0.31715056,0.31129652,0.40970013,0.39938584,0.38042992,0.47158566,0.4021735,0.57166183,0.7536945,0.86938137,0.84596527,0.8384386,0.8526556,0.61347634,0.551312,0.617379,0.5231569,0.63549864,0.4604351,0.44538188,0.6207242,0.58755136,0.62379056,0.6045559,0.7001719,0.66755646,0.59619296,0.58197606,0.51395774,0.3882353,0.39854956,0.5585599,0.6288084,0.70741975,0.5803035,0.6971054,0.6463705,0.758991,0.68149465,0.67787075,0.7319509,0.6282508,0.6544546,0.6519457,0.64414036,0.5108913,0.18250771,0.2892742,0.23491529,0.504201,0.60093194,0.7536945,0.94966537,0.81864643,0.7414289,0.4933292,0.3191019,0.65947235,0.49360797,0.4674042,0.46378025,0.70100814,0.72860575,0.78268594,0.9510591,0.93879354,0.77711064,0.64887935,0.8264518,0.79662406,0.77850443,0.8677088,1.0628433,0.8445714,0.91342604,0.89948785,1.0252103,0.8122348,0.77711064,0.6909727,0.5376526,0.3009823,0.4420367,0.5552147,0.40300977,0.40105844,0.3952044,0.3391729,0.2432782,-0.2147305,-0.11855704,-0.6512744,-0.47481698,-0.21919072,-0.2699257,-0.17486729,0.01329818,-0.10880031,0.20174241,0.04507724,0.08354662,-0.021547278,-0.19131435,-0.14448206,-0.12301726,-0.05416263,-0.117720746,-0.13138016,-0.48819765,-0.5043659,-0.64123887,-0.93672836,-0.91916627,-1.1182035,-0.93672836,-0.86731625,-0.91247594,-0.9651623,-1.016176,-1.0214726,-1.0373621,-1.1226636,-1.4641491,-1.6302923,-1.7649351,-1.2188373,-1.0214726,-0.83720976,-0.8642498,-0.67218167,-0.7435452,-0.76919144,-0.774488,-0.7998554,-0.65768594,0.6642113,0.45820498,0.4359039,0.06263935,0.16243674,0.39631945,0.25136235,0.37290332,0.7230305,0.6090161,0.7564821,0.6438616,0.73418105,0.63159597,0.6519457,0.453466,0.8989303,0.85432816,0.72080034,0.50001955,0.4503996,0.36091647,0.54183406,0.26307043,0.40300977,0.44677567,0.48998404,0.13456038,0.41611168,0.54517925,0.44928455,0.92569166,0.9775417,1.2585355,1.2284291,0.9413024,0.5354225,0.95384675,0.7810133,1.1779728,1.1244502,0.94381124,1.0162898,0.764845,0.89224,0.8983728,0.9332183,0.9198376,0.8576733,1.8896564,2.4770114,3.1304333,3.4409761,3.8917372,3.7894309,3.7420409,3.5973625,3.4381886,4.1309166,4.3767858,4.3801312,4.4280787,4.4924726,4.467384,4.860998,4.8492904,5.0873547,5.320958,5.434694,5.5665493,5.449747,5.196072,2018-04-17
IDA_D,-1.6872331,-1.5858818,-1.570667,-1.6474779,-1.6570486,-1.4678434,-1.4403584,-1.4214623,-1.5257584,-1.8430636,-1.5893176,-1.6575394,-1.6781532,-1.7581543,-1.9490772,-1.8433089,-1.8533704,-1.6904233,-1.7856394,-1.8104249,-1.7782773,-1.5944711,-1.6305451,-1.5419549,-1.5615871,-1.4015847,-1.0955682,-0.9927446,-0.8958107,-0.81090146,-0.93654746,-0.8113923,-0.85826415,-0.87053424,-0.9745848,-0.9829285,-1.1542193,-1.2285762,-1.0435429,-1.1456302,-1.0165486,-1.0823164,-0.9134796,-0.89016646,-0.97605723,-0.8749515,-0.8567917,-1.0074687,-0.889921,-1.1549555,-1.2501715,-1.2418278,-1.2526256,-1.2862457,-1.3544675,-1.4290699,-1.5139791,-1.4160635,-1.3613389,-1.2192509,-1.0499233,-0.96894056,-1.114464,-1.0945865,-1.354713,-1.3841612,-1.3601117,-1.4354503,-1.4231801,-1.1137279,-1.3718911,-1.4275974,-1.6190113,-1.6212199,-1.6320176,-2.172884,-2.2811065,-2.372151,-2.5422146,-2.5920312,-2.596694,-2.4931343,-2.4874897,-1.9009784,-1.4698066,-1.6585209,-1.739013,-1.734841,-1.4221987,-1.0636659,-1.1333601,-1.0793716,-0.8506567,-1.1598635,-1.0256284,-0.78660667,-0.823417,-0.8879578,-0.9299216,-0.924032,-1.0334814,-0.7387532,-0.8428038,-0.7924963,-0.7500417,-0.5036578,-0.66488713,-0.43224576,-0.3618153,-0.56255436,-0.30120093,-0.19715035,-0.4477061,-0.36672333,-0.34218314,-0.45555896,-0.51052904,-0.6209601,-0.53065205,-0.5762969,-0.5139647,-0.85335606,-0.83765036,-0.9120073,-0.98930895,-1.0013336,-0.69899803,-0.4155584,-0.27322507,-0.28475899,-0.39077276,-0.5107745,-0.21481933,-0.16107623,-0.068559565,0.0992956,0.5611427,0.71255594,0.80139154,0.81366163,0.70372146,0.43034327,0.2808933,0.35966742,0.40457606,0.58052945,0.6060513,0.75672835,0.80777204,0.914522,0.9741548,1.109126,1.1314577,1.5275369,1.7238587,1.4610329,1.7042266,1.7692581,1.503242,1.5744088,1.653919,1.5999306,1.4686404,1.2303548,1.2472875,1.3741604,1.2990674,1.1888818,1.0045846,1.1184514,1.2391893,0.97317314,0.92163867,1.0001675,0.9206571,0.7272801,0.58936393,0.5748852,0.14788525,0.32653812,0.3903427,0.23377606,0.1734071,0.22346917,0.0664117,0.28138408,0.20923582,0.09512376,-0.102179684,-0.0030371523,-0.010644623,-0.13948083,-0.371386,0.3893611,0.5179519,0.6359904,0.35377777,0.10174962,0.761391,0.57463986,0.57881165,0.9930507,0.9501053,0.9191847,0.6401622,1.0055662,1.2077777,0.8141525,0.7559922,0.80924445,0.6674019,0.8990617,0.86912256,0.75869155,1.0777146,0.67157376,0.5815111,0.4521841,0.44727603,0.37316456,0.5152525,0.36138526,0.19770192,-0.01996991,-0.19641416,-0.4906515,-0.2533475,-0.13948083,0.09021571,-0.118130825,-0.06929577,0.010214572,-0.3846377,-0.46022162,-0.6131072,-0.67298543,-0.4293009,-0.23813255,-0.18316244,-0.16745669,-0.13506359,-0.089418754,-0.12205727,0.03794503,0.03990825,0.048988134,0.13389732,0.13610594,0.5496088,0.79452026,0.5739036,0.6629846,0.77439725,0.65095997,0.5640875,0.38469845,0.28481972,0.32064846,0.21438928,0.42396283,0.61439496,0.7331697,0.7285071,0.5724312,0.42788926,0.50052834,0.45954618,0.39009732,0.6551318,0.36433008,0.29635364,0.5397927,0.545437,0.39426914,0.36310306,0.47108006,0.29046398,0.30567893,0.4543927,-0.036166463,-0.010153819,0.09389675,0.020030664,-0.17457336,0.059049625,-0.043773934,-0.037638877,-0.22144519,-0.20819347,-0.31494346,-0.4045153,-0.3483182,-0.30439118,-0.19076991,-0.20672105,-0.19297853,-0.5461124,-0.33285782,-0.44058943,-0.39175436,-0.5311429,-0.71028656,-0.435436,-0.54709405,-0.5326153,-0.3399745,-0.372613,-0.2997285,-0.46709287,-0.62513196,-0.60304576,-0.50513023,-0.5107745,-0.6143343,-0.70194286,-0.38856414,-0.21457393,-0.24672163,-0.5799779,-0.25580153,-0.3623061,-0.27469748,-0.102179684,0.07181054,0.20972663,0.3235933,0.22445077,0.044816293,-0.17800899,-0.030767612,-0.18954289,-0.80280316,-0.634948,-0.48304403,-0.48819748,-0.3848831,-0.52819806,-0.51052904,-0.34856355,-0.5598549,-0.35739806,-0.27199808,-0.287213,-0.2641452,-0.48598886,-0.30242795,-0.41482222,0.24702777,-0.12279347,-0.15494117,-0.24205898,-0.2656176,-0.30169174,-0.45457736,-0.33801126,-0.40107965,-0.27936015,-0.2744521,-0.2128561,-0.077148646,-0.11862163,0.045061696,0.15303871,0.25119963,0.1741433,0.16776285,0.22199674,0.18567722,0.14984848,0.13733296,0.08089043,-0.18807048,0.0055519277,0.05978583,-0.025859565,0.07892721,0.1201548,0.067147896,0.017085835,-0.04770037,-0.16328485,0.008251354,0.11230192,-0.18316244,-0.2803417,-0.26242736,-0.33727506,-0.16353025,-0.102179684,-0.29212105,0.2065364,0.85366225,1.2492508,1.2502322,0.8394289,0.808999,0.8482634,0.8683864,0.5844559,0.5059272,0.46985304,0.33807203,0.017822042,-0.27911472,-0.064387724,0.07033813,-0.1478245,-0.033957843,0.3032249,0.24089272,0.47647893,0.25365365,-0.026104966,-0.038375083,0.17561571,0.1950025,-0.19346933,-0.25874636,-0.22684404,-0.27739692,-0.35396242,-0.3728584,-0.3169067,-0.45359576,-0.5213268,-0.415313,-0.38537392,-0.2653722,-0.39985263,-0.6911452,-0.6236595,-0.4361722,-0.3492998,-0.21359232,-0.21383771,-0.53040665,-0.49359632,-0.43273658,-0.439117,-0.34463716,-0.23960496,-0.434209,-0.38831875,-0.28353196,-0.21850036,-0.40721473,0.9957502,1.3015214,1.3631173,1.107899,1.0448306,0.78494954,1.1984524,0.8514536,0.67402774,0.84752715,1.0058117,0.83869267,0.6865433,0.48801282,0.24064732,0.23009503,0.021012273,0.11107491,-0.1915061,0.09708698,-0.2879492,-0.05825267,-0.10168888,-0.08524692,-0.07813025,0.004079514,-0.2886854,-0.41654003,-0.5821865,-0.82464397,-0.5453762,-0.4162946,-0.53065205,-0.9282038,-0.9750756,-0.7586308,-0.7095503,-0.52721643,-0.5313883,-0.43052793,-0.3949446,-0.45555896,-0.60672677,-0.42341128,-0.49997678,-0.6165429,-0.497032,-0.5618182,-0.20819347,-0.19346933,-0.068068765,-0.08794635,-0.10733313,0.016840434,-0.03690267,0.04260767,-0.109296344,0.031073766,0.15033928,0.09733239,-0.068559565,-0.03174922,-0.13089174,0.064448476,0.026411124,-0.26807162,-0.497032,-0.26954406,-0.3490544,-0.28844,-0.3529808,-0.308563,-0.14070784,-0.18856129,-0.5571555,-0.59494746,-0.88378596,-0.6872187,-0.82906127,-0.9578975,-0.95028996,-0.90611756,-0.96256006,-1.0082048,-0.6805929,-0.6096716,-0.4815716,-0.43887162,-0.15346876,0.08236284,-0.08598313,0.019049054,-0.23518772,-0.15322335,-0.4572768,-0.46144864,-0.45261413,-0.09481761,-0.10586071,0.045797903,-0.014080255,0.050705947,0.3775818,0.1419956,0.26469675,0.37733638,0.35132375,0.34347087,0.44433123,0.4212634,0.2273956,0.17610651,0.17610651,0.016595032,0.016840434,-0.08254749,0.018803652,0.31819445,0.42936167,0.51598865,0.48163238,0.36531168,0.4121835,0.2592979,0.26273352,0.3567226,0.06518468,-0.1576406,0.06886572,0.3231025,0.4092387,0.2909548,0.33978984,0.38666168,0.4543927,0.3231025,0.24629156,0.10837548,-0.045737155,-0.050399795,0.08089043,0.0035887095,0.017085835,-0.08500151,-0.12156646,-0.30512738,-0.10733313,0.022239283,0.270341,0.4389324,0.49193928,0.6305915,0.35868582,0.1854318,0.4536565,0.41610995,0.06862032,-0.0400929,0.15132087,0.22371456,0.3991772,0.5078904,0.44752145,0.25389904,0.11990939,0.6840893,0.63157314,0.5304674,0.7918209,1.0281433,0.8195513,0.74323124,0.6892427,0.74470365,0.49292088,0.44776687,0.4413864,0.37488237,0.17586112,0.2934088,0.44997546,0.06788411,0.11475594,-0.05751646,-0.09923486,0.16457261,-0.059725083,0.23034042,-0.46635666,-0.26929864,-0.16230324,-0.025614163,0.19451168,0.38273522,0.32089385,0.63476336,0.5312036,0.6811444,0.42396283,0.4514479,0.49709272,0.70936567,0.92188406,1.0705979,0.99084216,0.39623237,0.41856396,0.12555365,-0.0506452,0.0011346866,-0.17089231,-0.070768185,-0.1468429,-0.3186245,-0.34586415,-0.33261243,-0.42979175,-0.62709516,-0.72427446,-0.9463635,-1.2074716,-1.2072262,-0.5414498,-0.38930035,-0.42046645,-0.59691066,-0.45555896,-0.58635837,-0.53531474,-0.5085659,-0.5554377,-0.5718796,0.48899445,0.48948523,0.35205993,-0.03665727,-0.29383886,-0.19371472,-0.35568023,-0.23935956,0.017331239,0.16089158,0.27279502,0.26126114,0.32187548,0.26494217,0.26175192,0.1844502,0.54126513,0.44825765,0.4519387,0.205064,0.12874387,0.009723767,0.16629042,0.2833473,0.53439385,0.6693651,0.57439446,0.16678123,0.27623066,0.4219996,0.40580305,0.37586397,0.4514479,0.7049484,0.7493662,0.42347202,-0.0010739339,0.3751278,0.14592203,0.60237026,0.5736582,0.33733582,0.4534111,0.3574588,0.40114042,0.49243006,0.75550133,0.6671565,0.5915726,1.6195627,2.3304932,2.960441,3.1628978,3.4725955,3.407564,3.3013048,3.271366,3.103265,3.821803,4.111869,3.8009439,3.8635216,4.0186157,4.015671,4.387455,4.290276,4.4694195,4.726356,4.7685647,4.988691,5.095932,4.954089,2018-04-17
LNT_D,-1.2299124,-1.1925426,-1.1341192,-1.1867529,-1.0804329,-0.91042626,-0.8841094,-0.8935834,-0.9541122,-1.2720194,-1.0251676,-1.096223,-1.1235925,-1.1999112,-1.2583346,-1.2351757,-1.2004375,-1.06359,-1.1225398,-1.1293821,-1.0814856,-0.94095373,-0.95148045,-0.82515967,-0.7941058,-0.65199494,-0.4230385,-0.342509,-0.23145197,-0.21197753,-0.22566228,-0.18355535,-0.1740813,-0.14776446,-0.31145516,-0.32303455,-0.48567253,-0.6193621,-0.38356325,-0.48198822,-0.42198583,-0.5556753,-0.39777434,-0.37935257,-0.45198703,-0.26145318,-0.24408405,-0.35777277,-0.31724483,-0.4977783,-0.6151514,-0.50567335,-0.51041037,-0.52146345,-0.555149,-0.6493633,-0.68936485,-0.6814698,-0.5993613,-0.53830624,-0.42935455,-0.44093394,-0.55988604,-0.5462013,-0.8441078,-0.936743,-0.9646389,-1.0846436,-1.0730642,-0.7083129,-0.98200804,-1.1393826,-1.4941335,-1.5146606,-1.6299282,-2.151528,-2.2631114,-2.3789053,-2.4289072,-2.512595,-2.4946992,-2.48312,-2.6099672,-2.087841,-1.7251953,-1.9888899,-1.9736261,-1.895202,-1.6662455,-1.2862304,-1.3925505,-1.3346535,-1.200964,-1.5178187,-1.413604,-1.152541,-1.2457026,-1.3341272,-1.2820199,-1.4009719,-1.4709747,-1.3709707,-1.4025508,-1.4157094,-1.4478158,-1.3936032,-1.4925544,-1.250966,-1.2609663,-1.5020286,-1.2499132,-1.1483302,-1.3778131,-1.2862304,-1.3388641,-1.5225556,-1.690457,-1.9094131,-1.8599373,-1.906255,-1.9494146,-2.0378392,-2.056261,-2.1346853,-2.299955,-2.3541677,-2.0925782,-1.9536252,-1.8225676,-1.6257176,-1.5267663,-1.6551925,-1.2846515,-1.2330705,-1.0956967,-0.991482,-0.7846318,-0.7735787,-0.50725234,-0.54778033,-0.48304087,-0.5783078,-0.6409419,-0.5061997,-0.505147,-0.3772472,-0.30250743,-0.19829278,-0.19671378,-0.18460803,-0.20566149,-0.13723773,0.11698285,0.41962638,0.5117353,0.18856463,0.356466,0.51699865,0.32646483,0.37120342,0.43857452,0.29383197,0.1306676,-0.08302506,0.5791064,0.54594713,0.55015785,0.412784,0.19330166,0.26646245,0.3538343,0.09698206,0.09803473,0.26172543,0.29225293,0.13908899,-0.004074573,-0.1656599,-0.54093796,-0.4604084,-0.3782999,-0.41619614,-0.45146066,-0.20513514,-0.43777594,-0.29461238,-0.2504001,-0.3798789,-0.47093514,-0.41251177,-0.41303813,-0.56988645,-0.6530477,0.22961888,0.44594324,0.73174393,0.4701547,0.30277967,0.9264885,0.66489923,0.70753247,0.86385447,0.9175408,0.83595866,0.48383948,0.7096379,0.7522711,0.42857412,0.5912121,0.55594754,0.519104,0.7664822,0.76806116,0.7533238,1.0628098,0.6375297,0.5543685,0.37594044,0.37751946,0.32278046,0.4943662,0.2848842,0.22067116,0.12224621,0.04803275,-0.1956611,0.17066918,0.0032941396,0.24804066,0.18856463,0.3117274,0.37067708,0.107508786,0.011189188,-0.044076156,0.02329493,0.30014798,0.5670006,0.6670045,0.5748957,0.6296347,0.55015785,0.5359467,0.5264727,0.49699786,0.5196303,0.6133182,0.584896,0.7233226,0.8470117,0.70805883,0.6238449,0.7554291,0.6275293,0.5743693,0.63174003,0.5596319,0.6327927,0.49962956,0.87648654,1.1301808,1.1691297,1.2128156,1.1828145,1.1291281,1.1222857,1.1217594,1.102285,1.3659797,1.0691258,1.103864,1.3533477,1.3970336,1.3554529,1.2512383,1.2896608,1.1386023,1.2012364,1.3154514,1.1633401,1.2296585,1.4359823,1.430719,1.369664,1.3243991,1.2359746,1.2565017,1.0622834,1.0438616,0.9938596,0.89701366,0.9701745,0.9980703,1.0138603,1.142813,1.102285,0.5185777,0.53384143,-0.09618347,0.24330364,0.2327769,0.012768198,0.14014167,0.18645929,0.16435315,-0.0619716,-0.028286058,0.043822058,-0.07407734,-0.1109209,-0.09986783,0.07592859,0.039611366,-0.028286058,-0.045655165,0.2311979,0.4585753,0.5264727,0.24909332,0.4280478,0.57331663,0.6722679,0.8027994,0.86490715,0.9664901,1.0417562,0.9464893,0.86069643,0.71226954,0.8038521,0.59279114,0.16856383,0.354887,0.45383826,0.3812038,0.3233068,0.3233068,0.3012007,0.44225886,0.22909255,0.32857016,0.409626,0.32172778,0.3043587,0.2843579,0.40646797,0.30067432,0.68121564,0.3475183,0.39173058,0.37541413,0.3043587,0.2843579,0.11435116,0.25751472,0.20856541,0.22435552,0.29172662,0.519104,0.57331663,0.41752103,0.5938438,0.5296307,0.6780576,0.7212172,0.7585871,0.70226914,0.79279906,0.67121524,0.6412141,0.7112168,0.41015232,0.49647155,0.58805406,0.45489097,0.48068142,0.5296307,0.5201567,0.5248937,0.4454169,0.32435948,0.44699588,0.47489175,0.19435433,0.18909097,0.12856226,0.084876314,0.17540622,0.31962243,0.2843579,0.38594085,0.5896331,0.67121524,1.0375456,0.788062,0.7501657,0.7754299,0.64805645,0.3090957,0.08540265,0.036453344,-0.103552185,-0.23250465,-0.5251478,-0.3077708,-0.2851383,-0.46356642,-0.31145516,-0.0077589294,-0.13671139,-0.1525015,-0.37303653,-0.55988604,-0.6109407,-0.30882347,-0.30303374,-0.5346219,-0.71147096,-0.6956809,-0.6419946,-0.7388405,-0.7656837,-0.6688377,-0.7441039,-0.7046286,-0.6872595,-0.53672725,-0.40777472,-0.4672508,-0.8498975,-0.62936246,-0.5298849,-0.37514186,-0.28777,-0.33777198,-0.5967296,-0.61304605,-0.59093994,-0.61673045,-0.68778586,-0.6862068,-0.8420025,-0.767789,-0.58409756,-0.49883097,-0.5304112,0.88174987,1.1912359,1.3238728,1.0528094,1.0633361,0.841222,1.0717574,0.69490045,0.6185816,0.70700616,0.9328045,0.7654295,0.6417404,0.41910005,0.29383197,0.19172265,0.05382245,-0.11407892,-0.21250387,-0.15144882,-0.45251337,-0.2188199,-0.09934149,-0.0035482363,-0.02933873,0.02013691,-0.14092208,-0.24145237,-0.27513793,-0.5451486,-0.34198266,-0.26724288,-0.3667205,-0.6319941,-0.7683154,-0.5883082,-0.4672508,-0.35303575,-0.37935257,-0.28882268,-0.3772472,-0.42409116,-0.49672562,-0.32198188,-0.40409037,-0.55304366,-0.3914583,-0.51146305,-0.3482987,-0.4319862,-0.40409037,-0.44198662,-0.33514032,-0.23776801,-0.28934902,-0.25145277,-0.40566942,-0.29250702,-0.31092882,-0.2719799,-0.36040446,-0.26829553,-0.23145197,-0.03407576,-0.049865857,-0.3309296,-0.5677811,-0.26408485,-0.38145792,-0.39093196,-0.41619614,-0.35619375,-0.24250504,-0.23776801,-0.47514582,-0.61251974,-0.7509463,-0.5135684,-0.6398892,-0.70410234,-0.822528,-0.76515734,-0.96253353,-1.1435933,-0.9677969,-0.8498975,-0.7851581,-0.7788421,-0.63462585,-0.47567216,-0.58988726,-0.5146211,-0.61251974,-0.6419946,-0.6119934,-0.62462544,-0.5677811,-0.17460762,-0.18355535,-0.035128433,-0.025654374,0.0048731486,0.22593452,0.02645295,0.06803354,0.14856304,0.2054074,0.19224899,0.18909097,0.18751195,0.035400674,-0.04460249,0.06487552,0.0075048325,0.056980476,0.029084632,0.08119196,0.32751748,0.26067275,0.32067513,0.18435393,0.22593452,0.28067353,0.20751274,0.16698483,0.2559357,0.092771366,-0.060918923,0.06908622,0.22119749,0.34330758,0.3606767,0.4227844,0.4701547,0.5017349,0.52068305,0.4696284,0.37067708,0.36541373,0.42015272,0.48120776,0.51699865,0.35172898,0.10698245,0.18751195,0.13382563,0.26172543,0.27541018,0.36962444,0.584896,0.514367,0.577001,0.29804263,0.21330245,0.51594603,0.41752103,0.19593334,0.05540146,0.24593532,0.34857094,0.45331195,0.5359467,0.48962918,0.34172857,0.26488346,0.52699906,0.4785761,0.45910162,0.55173683,0.7591135,0.66226757,0.65963584,0.67016256,0.76911384,0.4943662,0.5412101,0.4543646,0.47489175,0.34804463,0.5243674,0.52699906,0.31962243,0.3106747,0.10961414,-0.013022295,0.1464577,-0.0793407,0.0459274,-0.45461872,-0.28303295,-0.11249991,-0.2577688,0.17277454,0.10066641,0.04224305,0.20172304,0.07329691,0.04645374,-0.077235356,-0.061445262,-0.03723378,0.031716313,0.18172225,0.18066958,0.041190375,-0.2504001,-0.25355813,-0.37777355,-0.68357515,-0.6546266,-0.9156896,-0.82094896,-0.87937236,-0.8746353,-0.9435854,-0.95358586,-0.8935834,-0.9309534,-1.152541,-1.2899148,-1.5641361,-1.5493988,-1.0730642,-0.89463615,-0.71252364,-0.8262124,-0.655153,-0.7593676,-0.7835791,-0.8367391,-0.85305554,-0.77726305,0.2901476,0.20330206,0.12435156,-0.13618506,-0.104078524,-0.04670784,-0.20987217,-0.24671575,0.03855869,0.1838276,0.250146,0.080665626,0.18698561,0.14487869,0.060138494,-0.14460644,0.29435828,0.13172027,0.034874335,-0.18566069,-0.28461197,-0.27250624,-0.20934585,-0.31040245,-0.17618664,-0.16197555,0.010136515,-0.3093498,-0.1640809,-0.11776328,-0.10828922,0.07434958,0.20330206,0.44646955,0.42225808,0.032242652,-0.10249951,0.24277729,0.24593532,0.5327887,0.34383392,0.19014363,0.14961572,0.11119314,0.25646204,0.42646876,0.62489766,0.65279347,0.55173683,1.5380917,2.0191634,2.4733918,2.6839263,3.0049918,2.9934123,3.0397298,2.9018297,2.7765617,3.400797,3.6555438,3.7634428,3.6829133,3.8839738,3.920291,4.229777,4.182933,4.397152,4.773483,4.8687496,5.2003417,5.1045485,4.8408537,2018-04-17
MGEE_D,-1.059623,-0.95601296,-0.990943,-1.1297191,-1.1471843,-1.158513,-1.1224028,-1.0390898,-1.1450601,-1.5696493,-1.3062577,-1.4082158,-1.4367734,-1.5328312,-1.6619308,-1.6395096,-1.5934868,-1.4726475,-1.597735,-1.666651,-1.6314851,-1.5342473,-1.5526563,-1.4842123,-1.5045094,-1.3355235,-1.0733119,-0.9680496,-0.7551649,-0.688609,-0.67208797,-0.58405477,-0.604352,-0.5130146,-0.6699639,-0.5396842,-0.6763363,-0.6758642,-0.4705321,-0.59632754,-0.44504258,-0.49672964,-0.33293593,-0.35889745,-0.40232405,-0.36550584,-0.39524361,-0.5448765,-0.48162472,-0.7664936,-0.86939573,-0.7081982,-0.6914411,-0.70347786,-0.8016597,-0.89346915,-0.98315454,-0.89842546,-0.95742905,-0.8271492,-0.80779606,-0.77310205,-0.9210828,-0.9531808,-1.2314413,-1.4143522,-1.5271667,-1.6465899,-1.649894,-1.3548765,-1.5193783,-1.5337752,-1.8578224,-1.9538801,-1.983618,-2.4374728,-2.6482334,-2.6765552,-2.8939238,-2.962132,-3.03034,-3.031284,-2.8710306,-2.1939063,-1.7504361,-1.9024292,-1.9347628,-1.8070794,-1.4393696,-0.9269832,-0.94704443,-0.906922,-0.73817194,-0.9916511,-0.9807944,-0.60624015,-0.63408977,-0.6371579,-0.69285727,-0.8526387,-0.96380144,-0.88426465,-0.93359154,-0.9720619,-0.9220268,-0.7747541,-0.95294476,-0.68436074,-0.7532768,-1.0652874,-0.89488524,-0.93854785,-1.0664675,-1.0667036,-1.0313014,-1.125707,-1.2342734,-1.410812,-1.395235,-1.4886966,-1.547228,-1.6683031,-1.7863102,-1.8207682,-2.020672,-2.0355408,-1.6930846,-1.5899465,-1.5236266,-1.243242,-1.2017035,-1.3706895,-1.1127263,-1.1091859,-0.99660736,-0.891345,-0.24230655,-0.15946564,0.05483509,-0.12099535,-0.16631004,-0.25245515,-0.35346913,-0.23971039,-0.17339046,-0.20006004,-0.16678205,0.051058862,0.07371621,0.05979139,0.03524593,0.20753615,0.29698545,0.51364636,0.6665834,0.38997498,0.51364636,0.6410939,0.48320055,0.7135502,0.8379296,0.8044156,0.73620754,0.5318194,0.5681656,0.7364436,0.7206306,0.66233516,0.44166204,0.5641533,0.7319593,0.56132114,0.5044418,0.7390397,0.5735939,0.47494003,0.39186308,0.28518474,0.014004667,0.23491377,0.32507113,0.2752722,0.2441183,0.36448544,0.2778683,0.45535085,0.5089261,0.3505606,0.27550817,0.22806937,0.21084034,-0.018093236,-0.2415985,0.4931131,0.68074423,0.7182705,0.44803444,0.1966795,1.1218544,0.91534215,0.87238765,1.148996,1.2452897,1.1060414,0.93658346,1.1357793,1.1062775,0.72676694,0.9136901,0.9531044,0.8065397,0.6547827,0.5405519,0.5709978,0.8254208,0.44142604,0.28211656,0.09283335,0.08457286,-0.0006282009,0.15089278,0.0055081635,-0.12901983,-0.44126633,-0.47360024,-0.6411702,-0.384859,-0.43867022,-0.32467544,-0.47171217,-0.34190443,-0.22436948,-0.32467544,-0.40893242,-0.5349639,-0.75634503,-0.56422967,-0.36220166,-0.28620514,-0.38061076,-0.40539223,-0.3695181,-0.40043592,-0.24561073,-0.317359,-0.35040095,-0.18070689,-0.1976999,0.028637536,0.39139107,0.25379488,0.24246621,0.43174946,0.25827917,0.20045573,0.10841028,0.115018666,0.18369873,0.08575293,0.24081413,0.49216905,0.52922326,0.5714697,0.4999575,0.38903093,0.41876867,0.39257112,0.32601517,0.68475646,0.33380362,0.36991376,0.54574424,0.53111136,0.36542952,0.29580536,0.491461,0.10439803,0.22240503,0.24246621,-0.023049532,0.10038579,0.27692428,0.3746341,0.2436463,0.49830544,0.4343456,0.44024596,0.2828246,0.27102393,0.13956411,0.08433685,0.052946974,0.12611131,0.18181063,0.08575293,0.03618998,-0.5000338,-0.48728904,-0.68695694,-0.70536596,-0.7551649,-0.8804884,-0.63408977,-0.6871929,-0.71527857,-0.6517908,-0.62512124,-0.51372266,-0.6055321,-0.7074901,-0.7091422,-0.5495968,-0.66972786,-0.83422965,-0.8996056,-0.5984517,-0.37565446,-0.49814567,-0.7929272,-0.5460565,-0.49814567,-0.4282856,-0.3898153,0.071592085,0.10675818,0.23680188,0.15750118,0.14617251,0.03524593,0.14027216,0.078200474,-0.41742894,-0.22932579,-0.0039323973,-0.11509499,0.025805367,-0.09975408,-0.08394114,0.05082285,-0.1941597,-0.041694637,0.01943299,-0.021633446,-0.025645686,-0.26236773,-0.051607225,-0.12241144,0.32648718,0.19715154,0.18700293,0.18558684,0.03784208,0.0033840372,-0.14577681,-0.012428901,-0.1219394,-0.037446387,-0.069544286,0.077256426,0.102273904,0.06545572,0.24577042,0.32082286,0.44520223,0.5429121,0.5157705,0.5013736,0.6743719,0.62905717,0.7579208,0.760753,0.47470406,0.6203247,0.6205607,0.4593631,0.53063935,0.508454,0.5363037,0.5705257,0.6337775,0.5181306,0.76028097,0.8369855,0.43835786,0.30052567,0.3415921,0.31539455,0.5348876,0.4827285,0.27810434,1.0954208,1.7885939,2.2264,2.7213213,2.36376,2.563192,2.6894593,2.734066,2.4225276,1.9271343,1.3472477,1.2679471,1.0340571,0.7888386,1.0569506,1.2181481,0.92124254,1.2113037,1.5268544,1.4841359,1.908961,1.7638124,1.688524,1.5528159,1.8209279,1.9453073,1.5108055,1.3057092,1.3269506,1.217912,1.1261026,1.1615047,1.2745554,1.2441096,1.2148439,1.2986288,1.1329471,1.4763474,1.2389174,1.0493981,1.1933666,1.3772215,1.2703072,1.114066,1.1766096,0.7926149,0.83368134,0.6023876,0.59271103,0.6281131,1.6302285,1.31633,1.2714872,1.3333229,1.1605607,1.0453858,2.224748,2.280919,2.3248177,2.1291623,2.094468,1.7300625,2.1492233,1.9578159,1.8199837,1.9627724,2.1364787,1.9648964,1.8157355,1.6370729,1.0897565,1.097309,1.0928247,1.14876,0.7364436,1.114066,0.84099776,0.895517,0.9457879,0.92218655,0.85468656,0.8013474,0.6328334,0.61631244,0.26842776,0.137676,0.39658335,0.36731765,0.3630694,-0.07568065,-0.18991144,0.038078096,0.05931936,0.25521097,0.9896865,0.8471341,0.8773439,0.73762363,0.5516446,0.7546166,0.54527223,0.474232,0.6658754,0.56132114,0.79898727,0.7956831,0.64369005,0.60757995,0.62457293,0.7291271,0.6998614,0.7458841,0.659975,0.45747498,0.7524925,0.64321804,0.6309453,0.74942434,0.64510614,0.8487862,0.7413998,0.49924946,0.36967778,0.55117255,0.5131743,0.5650974,0.491225,0.5837425,0.6703597,0.5181306,0.12634733,0.059083343,-0.26047963,-0.15592542,-0.3121667,-0.3862751,-0.48209676,-0.3695181,-0.46840796,-0.48563695,-0.15120514,-0.14742891,-0.098338,-0.030129954,0.26441553,0.63141733,0.50514984,0.51600647,0.41003618,0.46361133,0.18204664,0.18605886,0.17874244,0.40980014,0.47682813,0.5783142,0.5363037,0.4560589,0.7496604,0.54975647,0.7369156,0.7470642,0.75107646,0.67602396,0.79757124,0.6738998,0.5636813,0.57855016,0.5471603,0.43552566,0.43646973,0.4220729,0.4456743,0.70387363,0.53559566,0.6014435,1.4565222,1.301933,1.1093457,1.0836201,1.0350013,1.0043194,0.81904846,0.6498264,0.50821805,0.65737885,0.79875124,0.56344527,0.6139523,0.5046778,0.4876848,0.20588405,0.17284209,-0.008180649,-0.09408975,-0.059867714,0.13909207,-0.044526804,-0.25080305,-0.4931894,-0.4974377,-0.49130133,-0.30768242,-0.30886248,-0.10966667,-0.073084496,-0.029893938,-0.02706177,-0.28148487,-0.3574814,0.07253614,0.13224767,-0.02068939,0.012116556,0.3418281,0.21839279,0.49830544,0.6361376,0.5287512,0.19101517,0.23514979,0.8886726,0.78293836,0.5200187,0.7709016,0.91203797,0.7052897,0.8011114,0.71378624,0.7911988,0.5903509,0.6222128,0.5308754,0.47116378,0.3555169,0.36802566,0.52426696,0.1914872,0.14216027,-0.040750585,-0.41105658,-0.22271739,-0.25646737,-0.06387995,-0.6265373,-0.5680058,-0.48068067,-0.48870513,-0.519623,-0.48351285,-0.9475164,-0.7839587,-0.9165985,-0.8802524,-1.20902,-1.2864325,-1.3338714,-1.091957,-0.7912751,-0.38556704,-0.6987576,-1.1563889,-1.1181545,-1.4259168,-1.4473941,-1.3470881,-1.7645968,-1.6628749,-1.6919047,-1.8207682,-1.8797718,-2.0058033,-2.2276564,-2.4530497,-2.409151,-2.337167,-2.6279361,-2.4650865,-1.8823678,-1.681284,-1.4514064,-1.5375514,-1.3095618,-1.3841423,-1.1025776,-1.194623,-1.3652612,-1.2571669,-0.40539223,-0.28455305,-0.30815443,-0.7277873,-0.772866,-0.5923153,-0.48374885,-0.5446404,-0.30744642,-0.24230655,-0.16678205,-0.10636247,-0.11249884,-0.35724536,-0.3378922,-0.50074184,-0.21870515,-0.20218417,-0.24561073,-0.53661597,-0.5420443,-0.59774363,-0.68554085,-0.62040097,-0.5510129,-0.57272613,-0.60199183,-0.98315454,-0.96356535,-0.9706458,-1.2165723,-1.2633032,-1.0785041,-0.71291846,-0.6841247,-1.1377437,-1.3725777,-0.9890549,-1.2739238,-0.9177786,-1.008644,-1.0013276,-0.85617894,-0.7778223,-0.790803,-0.7856108,-0.65037477,-0.6199289,-0.7851387,0.25591904,0.41475645,0.8476062,1.0850362,1.3958666,1.3814698,1.2087076,1.1610327,0.9344593,1.4543982,1.4973526,1.4156919,1.5216621,1.7284104,1.6828597,1.956636,1.9915661,2.3224576,2.5200014,2.6205432,2.6885154,2.7043283,2.5223615,2018-04-17
NEE_D,-0.7828078,-0.8065835,-0.8092679,-0.7931618,-0.72720337,-0.66738063,-0.64859015,-0.6267318,-0.6367023,-0.80351573,-0.70227724,-0.733339,-0.6643128,-0.7621,-0.825374,-0.8303593,-0.7985305,-0.7191503,-0.7828078,-0.7621,-0.74637735,-0.69038934,-0.6113927,-0.49634895,-0.39357653,-0.27086315,-0.14354809,0.0060087848,0.06621501,0.06506458,0.09190811,0.16515264,0.10226205,0.18279268,0.10302901,0.0646811,0.0033244304,-0.08334185,0.009076618,-0.05879919,-0.00051036105,-0.08104098,0.024032304,0.02556622,-0.02313563,0.07043328,0.052026287,-0.008946903,0.023265347,-0.15543593,-0.25475702,-0.11938889,-0.15965421,-0.16924119,-0.19186646,-0.20912303,-0.24210222,-0.16885771,-0.1228402,-0.071837485,-0.0085634235,0.05854543,-0.017766923,-0.05994963,-0.25590748,-0.34525812,-0.42425483,-0.5580891,-0.36519903,-0.089861,-0.3621312,-0.42387137,-0.5730447,-0.6144605,-0.68885547,-0.9994736,-1.0658154,-1.1693548,-1.3411535,-1.3081743,-1.3557258,-1.3162273,-1.34077,-0.89785165,-0.56652564,-0.6754337,-0.7732209,-0.76516783,-0.71646595,-0.47717497,-0.5722778,-0.56077343,-0.3901252,-0.5646082,-0.5496525,-0.34257376,-0.42502183,-0.48714542,-0.47295672,-0.5400655,-0.6213631,-0.6213631,-0.63900316,-0.660478,-0.7003598,-0.70726246,-0.77974004,-0.706879,-0.73218864,-0.94617,-0.7183834,-0.6064074,-0.67274934,-0.6113927,-0.6037231,-0.7636339,-0.82307315,-1.0385884,-1.0274675,-1.1033964,-1.0999451,-1.1467296,-1.195048,-1.2652247,-1.3012717,-1.3196787,-1.0612137,-1.055845,-0.9154917,-0.79431224,-0.7295042,-0.7981471,-0.65894413,-0.64475536,-0.53584725,-0.54198295,-0.20643866,-0.16962467,-0.181896,-0.2482379,-0.066085294,-0.16502292,-0.2961728,-0.16463943,-0.29463887,-0.27661535,-0.31841457,-0.16387247,-0.16463943,-0.14124721,-0.14239764,-0.10021494,-0.052280046,0.06161326,0.18087529,-0.044993944,0.10763076,0.2284267,0.10954817,0.2667746,0.3335,0.24836761,0.119518615,0.15748306,0.14482823,0.20158316,0.3058895,0.2042675,0.053176723,0.12795515,0.1087812,-0.03425653,-0.020834757,0.15709957,0.17627354,0.11299946,-0.021985194,0.0025574723,-0.2148752,-0.1542855,-0.0384748,-0.13242719,-0.21219084,-0.04652786,-0.098681025,-0.003578194,0.036303636,-0.15850377,-0.1213063,-0.15236811,-0.13357762,-0.31879804,-0.35752943,0.25450328,0.4032932,0.46234894,0.23494583,0.081937656,0.5240891,0.3845027,0.28633204,0.41211322,0.4619655,0.4634994,0.22957712,0.47385332,0.58046055,0.33234954,0.3308156,0.30703992,0.13754213,0.32429647,0.3776001,0.34845567,0.4539124,0.07771938,0.13562474,-0.0031947151,-0.050746128,-0.08372533,0.0014070348,-0.14776635,-0.18074556,-0.36366513,-0.3847565,-0.5408325,-0.24747093,-0.36980078,-0.23826744,-0.32570067,-0.23750049,-0.24133527,-0.5101542,-0.5784135,-0.6854041,-0.7233686,-0.5166733,-0.31879804,-0.21257433,-0.310745,-0.27699882,-0.28045014,-0.30384237,-0.24517006,-0.24555354,-0.23059785,-0.15390202,-0.11402018,0.11721774,0.3097243,0.29515207,0.25910503,0.4228506,0.31739387,0.21078666,0.19122922,0.065831535,0.13907605,0.0071592215,0.16055089,0.3135591,0.29553556,0.34308696,0.2982199,0.27291027,0.29131728,0.3162434,0.4700185,0.70163995,0.4075114,0.45774722,0.563204,0.55630136,0.4485437,0.41824883,0.41211322,0.26792505,0.23916411,0.2575711,0.038604513,0.087306365,0.10264554,0.13715866,0.019047076,0.10916468,0.080020264,0.12296993,0.023648826,0.05240976,0.012527931,-0.11862193,-0.1155541,-0.021218235,-0.048828732,-0.10788452,0.029401012,-0.30767715,-0.36251467,-0.53738123,-0.57151085,-0.62979966,-0.75097907,-0.5880004,-0.6413041,-0.650891,-0.6562597,-0.678885,-0.59145176,-0.6623954,-0.68425375,-0.6992094,-0.63440144,-0.62864923,-0.73448944,-0.7874096,-0.5933692,-0.4346088,-0.52702725,-0.7329556,-0.6029561,-0.61944574,-0.42042005,-0.3885913,-0.23941788,-0.13741241,-0.064167894,-0.109801926,-0.15773682,-0.32109892,-0.19455083,-0.22369523,-0.58569956,-0.54236645,-0.42348787,-0.5488856,-0.49903327,-0.5822483,-0.5849326,-0.36289814,-0.55118644,-0.44994795,-0.44994795,-0.42003658,-0.42387137,-0.44036096,-0.43000704,-0.43614268,-0.02466955,-0.22484568,-0.23289873,-0.25897533,-0.37593645,-0.48676196,-0.59145176,-0.48867935,-0.5534873,-0.61369354,-0.7145486,-0.64859015,-0.38590693,-0.42924005,-0.37401906,-0.36443207,-0.20490474,-0.09407927,-0.052280046,-0.104433216,0.31049123,0.21193708,0.2115536,0.24031454,0.080020264,0.16783698,0.15863349,0.101878576,0.10226205,0.08999072,0.12450384,0.10993164,0.12642124,0.07235068,0.12220297,0.122586444,-0.13549502,-0.11823846,-0.20720562,-0.2574414,-0.16694032,-0.2869693,-0.44803056,-0.49174717,-0.14699939,-0.17844468,0.10149509,-0.17652729,-0.18879862,-0.14393157,-0.23404917,-0.49980024,-0.714932,-0.6643128,-0.8353445,-1.0263171,-1.1915966,-0.88788116,-0.854135,-1.0002406,-0.87177503,-0.68770504,-0.6520415,-0.7210677,-1.0240163,-1.1892958,-1.1869949,-0.954223,-0.9879692,-1.1789417,-1.3192952,-1.3116256,-1.3001213,-1.3787345,-1.3810353,-1.3580265,-1.3192952,-1.3664631,-1.3192952,-1.2924516,-1.2452837,-1.2755785,-1.4700025,-1.185461,-1.0876738,-1.0669659,-0.9676448,-0.9895031,-1.1528653,-1.1616852,-1.0784703,-1.1252548,-1.1076148,-1.0815381,-1.1509478,-1.1409774,-0.87982804,-0.7187668,-0.880595,0.19813184,0.3131756,0.3718479,0.20656838,0.20886926,0.11146556,0.28824943,0.035920158,-0.013165173,0.14751258,0.2798129,0.12028558,0.042822782,-0.09753059,-0.23941788,-0.39127564,-0.3805382,-0.43652618,-0.5439003,-0.5109211,-0.63938665,-0.47410712,-0.40393043,-0.3713347,-0.20873955,-0.2075891,-0.30307543,-0.38015473,-0.4346088,-0.72643644,-0.6129266,-0.6712154,-0.6267318,-0.825374,-0.89708465,-0.81923836,-0.7578817,-0.8150201,-0.83572793,-0.7920114,-0.9266125,-0.95000476,-0.9653439,-0.8633385,-0.8633385,-1.0017744,-0.9105064,-0.9534561,-0.8464654,-0.86487246,-0.73679036,-0.83342713,-0.7586487,-0.622897,-0.68348676,-0.55233693,-0.71646595,-0.6025726,-0.55463773,-0.5492691,-0.4767915,-0.38782433,-0.3824556,-0.2624266,-0.37171817,-0.62481445,-0.6497406,-0.47065583,-0.5017176,-0.430774,-0.43921053,-0.40239653,-0.21832652,-0.24440311,-0.42540526,-0.47065583,-0.67351633,-0.6271153,-0.67773455,-0.73103815,-0.7475278,-0.75174606,-0.817321,-0.9526891,-0.82460713,-0.75979906,-0.6505075,-0.63938665,-0.52204204,-0.5205081,-0.63900316,-0.56652564,-0.63401794,-0.62519795,-0.68195283,-0.62864923,-0.6209796,-0.41505134,-0.31036153,-0.031955652,-0.008946903,0.022498388,0.14866303,0.053176723,0.18662746,0.28556508,0.2986034,0.3795175,0.44355845,0.5386613,0.4009923,0.25335285,0.3626444,0.33656782,0.2629398,0.2395476,0.23341194,0.38181835,0.29476857,0.40406013,0.3971575,0.5283074,0.4389567,0.5137352,0.5451805,0.55476743,0.41901582,0.33656782,0.35996005,0.42975324,0.44279152,0.46464983,0.5095169,0.5781597,0.57969356,0.6015519,0.58966404,0.5041482,0.46464983,0.49417773,0.4658003,0.3814349,0.28863293,0.18701094,0.23916411,0.19813184,0.37069747,0.3756827,0.4631159,0.5102838,0.39370617,0.4286028,0.056244556,0.13754213,0.4174819,0.3664792,0.18355964,0.14099345,0.2468337,0.27137637,0.36532876,0.45429587,0.48804206,0.26447374,0.2851816,0.5524666,0.5451805,0.5367439,0.60461974,0.82933855,0.72579914,0.6732625,0.6464189,0.73040086,0.5279239,0.5286908,0.42706886,0.41901582,0.39178878,0.507216,0.5156526,0.34193653,0.35574177,0.26600766,0.26447374,0.4140306,0.17512308,0.35650873,0.052026287,0.12066905,0.15211435,-0.24210222,0.041672345,0.002173993,0.08653941,0.18125875,0.10993164,0.22037363,0.073117636,-0.05803223,0.021347951,0.085772455,0.15594913,0.19046226,0.15441522,-0.062633984,-0.002811236,-0.12514108,-0.3218659,-0.3421903,-0.5611569,-0.45685056,-0.58378214,-0.4928976,-0.42003658,-0.42502183,-0.40776524,-0.46106884,-0.45531666,-0.69269025,-0.6378527,-0.743693,-0.32953548,-0.13817938,0.029784491,0.08653941,0.14942998,0.13294038,0.15211435,0.1325569,0.12066905,0.23801367,0.800194,0.8335568,0.8910786,0.673646,0.800961,0.9658571,0.9581875,1.0180103,1.2208707,1.2737908,1.3451179,1.2619029,1.2799265,1.2875961,1.169101,1.0494555,1.7761486,1.7151754,1.5989811,1.5782734,1.5456777,1.5736716,1.7006031,1.454793,1.4233477,1.3063866,1.2526995,1.1783046,1.3228762,1.4383034,1.5119314,1.5521966,1.6457655,1.7999241,1.8367382,1.646916,1.4728166,1.6883317,1.7830513,2.1208963,2.0507197,1.9042306,1.9671212,1.9579176,2.0856164,2.1147606,2.0499527,2.0672092,2.2102468,2.8548756,3.2816875,3.5926895,3.8281455,4.02372,4.1153717,4.065902,4.0148997,3.8028357,4.172893,4.3634825,4.3742194,4.2779665,4.4094996,4.447081,4.6514754,4.5548387,4.7669024,4.8723593,4.9260464,5.0617976,5.0069604,4.837079,2018-04-17
ORA_D,-0.6879726,-0.59680814,-0.57044727,-0.604936,-0.5869228,-0.5880212,-0.43315136,-0.32133755,-0.45511875,-0.62888044,-0.29980955,-0.27410775,-0.1899728,-0.2945374,-0.4889484,-0.46785977,-0.559244,-0.3657116,-0.4221677,-0.49136484,-0.49619764,-0.3101342,-0.45226297,-0.32946548,-0.24664858,0.079786226,0.4582836,0.4844248,0.7216721,0.7790069,0.79460377,0.87829936,0.6671931,0.7897709,0.8638009,0.86050576,0.5813008,0.43829334,0.7010228,0.8831321,1.007028,0.9343161,1.0428348,0.9681458,0.6502783,0.93827015,0.8895027,0.5834975,0.641711,0.30736795,0.11405529,0.33724353,0.46685088,0.5441759,0.48486412,0.34625015,0.1819344,0.35547644,0.449277,0.69992447,0.8200858,0.94156533,0.782302,0.6265535,0.36316502,0.22213462,0.14239317,0.050130308,-0.08101477,0.03387447,-0.2771832,-0.43183333,-0.80439955,-0.7382778,-0.93796104,-1.4612232,-1.5600762,-1.5906109,-2.00843,-2.1209028,-2.2362313,-2.174503,-2.1171682,-1.3992753,-0.6980776,-0.9667383,-1.0579028,-1.0064992,-0.67281514,-0.26663888,-0.26070768,-0.29585543,-0.080795094,-0.48521397,-0.2765242,0.09362565,-0.010499575,-0.11989697,-0.017309453,-0.15482505,-0.377574,-0.18711706,-0.42678085,-0.4777451,-0.49444026,-0.55199474,-0.8243899,-0.81318647,-0.8116488,-1.1187524,-0.6451363,-0.5027879,-0.6499691,-0.50718135,-0.3534099,-0.60449666,-0.7540943,-1.0108926,-1.1688379,-1.0748177,-1.0864604,-1.1760871,-1.3891703,-1.4658364,-1.6257588,-1.7439431,-1.2698877,-1.0196795,-1.1198508,-0.6341526,-0.4362268,-0.67764795,-0.40195772,-0.41777423,-0.2978325,-0.5460635,0.30561054,0.05694018,0.060674634,-0.07398521,-0.007424147,-0.1884351,-0.34879676,-0.30046856,-0.24181576,-0.33144253,-0.3408885,0.04068435,0.21422641,0.25508565,0.20104599,0.21422641,0.30297446,0.5465924,0.78142333,0.41347024,0.37964052,0.39501768,0.24454132,0.44400486,0.46794927,0.24366264,0.08132394,-0.117700234,-0.061244152,0.38227662,0.5336316,0.30385315,0.029041653,0.1347046,0.11032085,-0.20974343,-0.24203542,0.068363205,-0.15065125,-0.31870148,-0.37142313,-0.44083995,-0.7582681,-0.6176771,-0.5954901,-0.8388883,-0.95948905,-0.9208265,-1.2028872,-0.8735967,-0.849872,-1.0080369,-1.2079397,-1.0726209,-1.217825,-1.3834589,-1.6037914,-1.1093063,-1.0734996,-0.9825548,-1.1128211,-1.3522652,-0.80945206,-1.0095745,-0.9860695,-0.7187269,-0.51772565,-0.65590024,-0.6585364,-0.6282214,-0.51772565,-0.8340555,-0.90786576,-0.753655,-0.745527,-0.21194015,-0.304203,-0.20886472,0.057818875,-0.28553078,-0.3360557,-0.6772086,-0.83383584,-0.8344948,-0.5838474,-0.63217556,-0.97003335,-1.1411589,-1.2916354,-1.4223411,-0.9994696,-1.120949,-0.91753143,-1.1609296,-1.118972,-1.073939,-1.2799927,-1.4667151,-1.5005448,-1.4950529,-1.3538029,-0.86305237,-0.8340555,-0.97882026,-0.979699,-0.9832137,-0.9254396,-0.7406942,-0.61548036,-0.7026907,-0.4559974,-0.39998066,0.07539276,0.60502553,0.54834974,0.45894262,0.6944326,0.448618,0.31395814,0.13624232,0.0024611603,-0.073545866,-0.28640947,0.05276639,0.11910778,0.042002387,0.13294722,-0.1286839,-0.29475707,-0.22841568,-0.24115674,-0.008083167,0.4005095,0.099776514,0.12833406,0.4905756,0.44466388,0.3185713,0.09450435,0.10175357,-0.060145784,-0.11242806,-0.063880235,-0.5113551,-0.30464238,-0.19173019,-0.37779364,-0.6971989,-0.74706477,-0.8145045,-0.88106567,-0.85228837,-1.0278075,-1.0998604,-1.0376928,-1.0554863,-0.9355446,-0.89490503,-1.3162388,-1.6426736,-1.8966162,-1.776235,-2.1088207,-2.0842173,-2.3306909,-2.551463,-2.0657647,-2.15627,-2.1393552,-1.8539995,-1.8904651,-1.6556343,-1.7439431,-1.7795302,-1.8627864,-1.7114314,-1.7929302,-2.01524,-2.0086496,-1.6187291,-1.3590751,-1.4179475,-1.7402086,-1.5627124,-1.5055974,-0.745527,-0.81604224,-0.41645616,-0.23588456,-0.13593312,-0.2969538,-0.43578744,-0.63700837,-0.2620257,-0.30156693,-0.8353735,-0.76529765,-0.486532,-0.5952704,-0.3806494,-0.486532,-0.47532868,-0.080575414,-0.31320962,-0.096172236,-0.111110024,-0.051798187,-0.16888416,-0.42304638,-0.32441297,-0.034004636,0.545494,0.07539276,0.013444833,-0.1453791,-0.25873062,-0.32704908,-0.5287093,-0.43139398,-0.7345434,-0.71521217,-0.67852664,-0.7532156,-0.38416418,-0.37625593,-0.47642705,-0.1460381,0.1621638,0.3249418,0.39589635,0.35481742,0.38117823,0.33285007,0.33702385,0.27243987,-0.0392768,0.037389245,0.09318631,0.067484505,0.070559934,0.07934687,0.071658306,0.029041653,-0.098588645,-0.3641739,-0.15790048,-0.1759137,-0.48872876,-0.3068391,-0.42875788,-0.36637065,-0.18711706,-0.28157666,-0.7503599,-0.08299182,0.38205692,0.64215034,0.91784054,0.5074905,0.4396114,0.5006806,0.58459586,0.23465602,0.14283253,0.28518093,-0.019066842,-0.34879676,-0.6471133,-0.15482505,-0.20139582,-0.42106932,-0.17701207,0.07209765,0.045297492,0.17490485,-0.07090978,-0.2703733,-0.25345844,0.1487637,0.07495341,-0.32748842,-0.23917969,-0.23698293,-0.18118587,-0.2804783,-0.26905528,-0.0906804,-0.005666759,-0.1385692,-0.026316067,-0.05597199,0.04156304,-0.14735615,-0.34703937,-0.15724145,0.13514395,0.137121,0.18676722,0.29308918,0.17819995,0.17754093,0.121743865,0.096701086,0.1604064,0.31637454,0.27749237,0.3781028,0.41412926,0.3864504,0.094284676,1.5188671,1.6161826,1.7440325,1.5177687,1.4681226,1.0962155,1.6043202,1.3341218,1.3637778,1.5307295,1.8246527,1.6836224,1.5296313,1.350817,1.1331205,0.8429319,0.6788358,0.55054647,-0.052237537,1.0237231,0.4451032,0.6502783,0.7445182,0.76802325,1.0696349,0.9613359,0.82645637,0.64676344,0.53978246,0.43895236,0.58064175,0.5107856,0.5617499,-0.17042185,-0.36087877,-0.270593,-0.15636277,0.034094144,0.052546714,0.13404559,0.22718711,0.16479987,0.23004287,0.27573496,0.16897365,0.244761,0.23355766,0.1239406,0.43983105,0.266948,0.21224934,0.23004287,0.13009146,0.30912533,0.32054836,0.31593522,0.34932557,0.5479104,0.69487196,0.5694384,0.6320453,0.77944624,0.8976306,0.93827015,0.44883764,0.16172443,-0.0757426,0.32120737,0.17270811,0.2689251,0.036290877,-0.0065454524,0.21861987,0.051009,-0.17701207,-0.1908515,-0.42150867,-0.35758367,-0.5054239,-0.72312033,-0.4691778,-0.46280727,-0.6275624,-0.8156029,-0.68204147,-0.7855076,-0.6247066,-0.47401065,-0.069591746,0.121743865,0.042222064,0.21356738,-0.08013607,-0.15065125,-0.34791803,-0.29827183,-0.28662914,-0.07420489,0.021792427,0.24937415,0.1935771,0.31549588,0.67246526,0.5167168,0.5971173,0.7812036,0.6843276,0.53560865,0.6269929,0.38579136,0.19072135,0.25772175,0.40358496,0.4286277,0.46070004,0.38688973,0.42049977,0.44180813,0.3036335,0.49277234,0.5940418,0.5560383,0.39479798,0.5481301,0.54329723,0.6821309,0.5780057,-0.22709763,-0.045427658,0.019156344,-0.109572314,-0.030709533,-0.23764196,-0.18777606,-0.08496889,-0.2951964,-0.38460353,-0.5473816,-0.71521217,-0.6414018,-0.6607331,-0.8329571,-0.9575119,-1.2204611,-1.0985423,-1.0983226,-0.78792405,-0.6266837,-0.4935616,-0.32748842,-0.33188188,-0.50190914,-0.7743043,-0.97882026,-0.50806004,-0.3632952,-0.70993996,-0.8322981,-0.41403976,-0.24313378,-0.019506188,-0.054873616,0.013884182,-0.34462294,-0.3292458,0.40556198,1.2394426,0.7693413,0.8374401,1.050743,0.69992447,0.68103254,0.7117868,0.95628345,0.6882818,0.5646056,0.39853245,0.53209394,0.5149594,0.59250414,0.91147006,0.46048033,0.54944813,0.40424395,0.45410985,0.44378516,0.27090213,0.492992,-0.08101477,0.1553539,0.23092158,0.23004287,0.2812268,0.3798602,0.18083604,-0.09002138,-0.13681182,-0.0915591,-0.65699863,-0.7690321,-0.582749,-0.3821871,-0.31079325,-0.2508224,-0.36021978,-0.5008108,-0.368128,-0.5291487,-0.7710092,-0.745527,-0.9825548,-1.01265,-1.2435268,-1.182897,-1.3320553,-1.313383,-1.4735249,-1.5862174,-1.3999344,-1.538768,-1.9434065,-2.0260038,-1.0352764,-0.5924147,-0.24445184,-0.13988724,-0.07881803,0.008831691,-0.0034700236,-0.20974343,-0.260488,0.16809496,1.1074188,1.3694893,1.4288011,1.062166,1.4173781,1.7159142,1.7884066,1.9557978,2.0790346,2.2795966,2.331879,2.3892136,2.3648298,2.0977068,2.2811341,2.3261673,2.8485508,3.0504308,2.9456465,2.6370053,2.6732514,2.459509,2.2178683,2.5034437,2.6319528,2.6040542,2.2921178,1.8503544,1.8681481,2.1328547,1.845302,1.7701737,2.0566278,2.369882,2.080792,1.4872342,1.381132,1.8413479,1.8545282,1.1118122,0.8602861,0.29660395,0.4130309,0.25179055,0.2944072,0.34603047,0.37217164,0.35108295,0.17182942,0.84710574,1.0351461,1.7752261,2.1855762,2.6350281,2.4755454,2.4781811,2.403712,2.1502087,2.6517231,2.6084478,2.6622677,2.78177,2.8852363,2.9247775,2.906105,2.6897268,3.0499914,3.218481,3.5339322,3.5660045,3.715822,3.6870446,2018-04-17
PAM_D,-0.54020184,-0.62358,-0.5624494,-0.4557214,-0.39328802,-0.34979513,-0.14585952,-0.15728392,-0.2561952,-0.47726744,-0.29567954,-0.2959802,-0.26741916,-0.43026707,-0.58128965,-0.5953196,-0.6303945,-0.56926394,-0.65234137,-0.6537444,-0.56916374,-0.573974,-0.6264862,-0.5368948,-0.5270738,-0.20117767,0.0559716,0.26491794,0.43177432,0.49320552,0.52797985,0.5036278,0.38978466,0.49170232,0.36483136,0.26131022,0.030918082,-0.22322476,-0.0057602623,0.041039705,0.22573423,0.1948683,0.3282532,0.25249138,0.22864045,0.37154567,0.33055815,0.15337966,0.19997922,-0.17832889,-0.24356823,-0.017485308,-0.08903815,-0.06398463,-0.04103561,-0.049553804,-0.1749216,0.0036598598,0.009271847,0.10828333,0.086436674,0.20659335,0.041240133,-0.063483566,-0.3346628,-0.4371818,-0.54861987,-0.73231226,-0.74113107,-0.3652281,-0.58990806,-0.5789847,-0.8258119,-0.74704367,-0.90027094,-1.3244771,-1.387612,-1.4962441,-1.6888553,-1.722928,-1.7666215,-1.6748253,-1.6483688,-0.9709219,-0.41653773,-0.6375097,-0.7154763,-0.6571517,-0.32654545,0.17121777,0.100466646,0.17262077,0.4000065,0.02640845,0.2390627,0.433979,0.28566223,0.13714498,0.16590643,-0.050956804,-0.1464608,-0.052460015,-0.13112804,-0.15107065,-0.16439912,-0.17632459,-0.37905765,-0.2939759,-0.28666025,-0.5602447,-0.2756367,-0.28355363,-0.50222075,-0.38476983,-0.38476983,-0.6252836,-0.6537444,-0.80867535,-0.8124835,-0.8414453,-1.0165193,-1.0568054,-1.086569,-1.1816721,-1.2588369,-1.3690724,-0.8654967,-0.5326858,-0.3246414,-0.021393655,0.2204229,0.06459001,0.266822,0.17542677,0.18474667,0.30790976,0.901177,0.9041834,0.96290886,0.8944626,1.072042,1.0102099,0.7062606,0.95599407,0.95539284,0.7878349,0.89756924,0.644629,0.75907344,0.7278066,0.683011,0.76117796,0.7339197,0.96040344,1.1573241,0.7637835,0.87522155,0.99317354,1.065027,1.3586541,1.2341883,1.0531014,0.9579984,0.58690566,0.6438273,0.76177925,0.7850289,0.71117115,0.43287668,0.5385023,0.5448158,0.33065835,0.31342155,0.516355,0.46183854,0.2816537,0.18244174,0.14526233,-0.08092081,-0.014679314,0.09736001,0.10537714,-0.054664727,0.0816264,-0.24918021,0.013280409,0.101569004,-0.03432127,0.06318701,0.046050407,0.07340884,-0.19857211,-0.49300104,0.0051630707,0.07892062,0.099865355,-0.012775247,-0.16940983,0.19336507,-0.07991867,0.047653835,0.21711583,0.28355774,0.2076957,0.0745112,0.045248695,0.105978414,-0.10046255,-0.21300294,-0.21520765,-0.28886497,0.1571878,0.08413175,0.039937347,0.067897074,-0.2676196,-0.48638692,-0.6762926,-0.8008587,-0.86279094,-0.78893316,-0.90949064,-0.9655103,-1.1526101,-1.2054228,-1.5228007,-1.265451,-1.3090441,-1.106712,-1.2378922,-1.1730536,-1.1416867,-1.5195938,-1.539737,-1.5642893,-1.6296288,-1.456459,-1.0513937,-1.0452808,-1.1762606,-1.1351727,-1.1130254,-1.1627316,-0.8925545,-0.79013574,-0.92913264,-0.93364227,-0.8658976,-0.38527092,0.009973345,-0.21240164,-0.3120144,-0.21871512,-0.47325888,-0.5451124,-0.6898214,-0.86579734,-0.87471634,-1.0009861,-0.69894093,-0.42224988,-0.52677315,-0.4969094,-0.53929996,-0.684009,-0.6218763,-0.67198336,-0.39128375,-0.027306287,-0.42405376,-0.44930768,-0.25890097,-0.4099236,-0.43607944,-0.48748925,-0.4235527,-0.5990275,-0.6460279,-0.5980254,-0.93384266,-0.82731515,-0.6426206,-0.70355076,-0.9158041,-0.8564774,-0.82761586,-0.92442256,-0.89776564,-0.94656986,-0.97974074,-1.0303489,-0.9968773,-0.87331337,-0.889047,-1.0244362,-1.2709628,-1.5740101,-1.5352273,-1.9252603,-1.8567139,-1.9334778,-2.0752807,-1.7075953,-1.8269503,-1.8718462,-1.7537941,-1.8449888,-1.6388485,-1.7142094,-1.8215388,-1.9081239,-1.8243448,-1.8579164,-2.0786881,-2.1550512,-1.8976011,-1.6014687,-1.6940664,-1.9571283,-1.809012,-1.7405658,-1.5909463,-1.4875255,-1.2222588,-1.1218443,-1.0147154,-1.0545005,-1.1729535,-1.4187785,-1.1583221,-1.233583,-1.6699148,-1.8415815,-1.5724066,-1.682141,-1.499952,-1.5551698,-1.5887415,-1.226568,-1.5206962,-1.3200676,-1.3272831,-1.2159454,-1.3939255,-1.4206825,-1.3940257,-1.4020427,-0.6579534,-1.0531976,-0.8892475,-0.9340431,-0.96460843,-1.0581081,-1.2178494,-1.1500045,-1.4370174,-1.3830022,-1.4012411,-1.3741833,-1.2378922,-1.2288729,-0.7605726,-0.6223774,-0.36472702,-0.11970365,-0.021894725,-0.05215937,0.10417456,-0.07560946,0.076214835,-0.06398463,-0.36853516,-0.2206192,-0.19015414,-0.32634503,-0.1478638,-0.12271007,-0.0041568372,-0.070899405,-0.17722653,-0.3710405,-0.21220122,-0.23114167,-0.7066574,-0.51805454,-0.49360234,-0.53148323,-0.3788572,-0.5382978,-0.7111671,-0.06608912,0.31452388,0.30690762,0.45261887,0.2547963,0.35190374,0.40982744,0.32274145,0.20178306,0.10006579,0.18043746,-0.1470621,-0.44529912,-0.8567781,-0.28716132,-0.19907318,-0.41483405,-0.33015317,-0.08021931,-0.26782,-0.28385428,-0.5761787,-0.8793263,-0.9829475,-0.5511252,-0.6345033,-1.0196259,-1.2271693,-1.346424,-1.1907915,-1.3342981,-1.383403,-1.4337105,-1.3088437,-1.3708762,-1.2039195,-0.9893613,-0.950378,-0.9655103,-1.0694323,-0.71627796,-0.3980983,-0.3733454,-0.33325982,-0.20909458,-0.35650945,-0.24547227,-0.18594515,-0.08793579,0.055069674,0.10337284,0.0024572911,0.07461142,0.15187646,0.23936334,0.04665169,1.3710808,1.5720099,1.4740006,1.2974234,1.198913,0.78553,1.1200445,0.8518717,0.77330387,0.9860583,1.1796719,0.8626948,0.7947497,0.6533476,0.39188915,0.057575025,-0.20678966,-0.18434171,-0.39118356,-0.11158632,-0.44940794,-0.18053359,-0.079116955,-0.050054878,0.21501131,0.25459588,-0.0067624026,-0.080319524,-0.11589552,-0.44740367,-0.035724267,-0.16119227,0.06829793,-0.4028084,-0.48809054,-0.33616602,-0.1136908,-0.04795038,0.005864569,0.23595607,0.38747972,0.26511836,0.14035185,0.30861124,0.22142503,0.32073715,0.43868905,0.66697675,0.7409347,0.5703704,0.6812071,0.6371129,0.539304,0.58630437,0.67469317,0.62869495,0.5907138,0.580492,0.4879944,0.3083106,0.3346669,0.4856895,0.6469339,0.9274331,0.7167831,0.46334174,0.38567588,0.61366284,0.6748936,0.7479497,0.72870857,0.6168697,0.8888506,0.7960524,0.34328532,0.5179584,0.19887686,0.17041606,0.13684435,0.15488288,0.18695138,0.16530514,0.0017557924,0.011977627,0.058176305,0.15989357,0.16209829,0.104876064,0.38707885,0.5640569,0.32865408,0.38687846,0.26351494,0.107882485,0.041841418,0.35751572,0.28987122,0.04484784,0.2618113,0.29718685,0.2568006,0.40120906,0.7023523,0.6458316,0.79034024,0.9175119,0.9865594,1.0459863,1.0330586,0.9006759,0.7505552,0.56245345,0.5272783,0.40291265,0.20749529,0.10738142,0.09545594,0.26561943,0.229843,0.3978018,0.3302575,0.2113034,0.171318,0.25740188,0.18635009,0.2505873,0.15117495,0.015184476,0.1642028,0.14826876,-0.025302004,-0.14906637,-0.08913836,0.19126059,0.72530127,0.7469475,0.6911283,0.50833786,0.32083738,0.13343707,0.12632187,0.13002978,0.39820263,0.14616425,0.18765289,0.080924906,0.21881947,0.20078093,0.4174437,0.53339136,0.51865995,0.49330574,0.15728801,-0.031515278,0.4065204,0.36192513,0.085133895,-0.034722123,0.2539946,0.27313548,0.45873192,0.65936047,0.8224087,0.45772976,0.37625575,0.8150931,0.78973895,1.1275605,1.2531288,1.4982524,1.2237661,1.3710808,1.3811021,1.4347167,1.1062149,1.0614192,0.93063986,0.91600865,0.7081647,0.4600347,0.435382,0.20519036,0.41403642,0.6349082,0.7673912,0.75205845,0.48478752,0.3530061,-0.01928916,0.21420962,0.44099402,0.40852466,0.26672179,0.34438768,-0.0345217,0.08563496,0.08683753,-0.092445426,-0.528577,-1.0479865,-0.62498295,-0.32864997,-0.1364394,-0.212101,-0.17011133,-0.11449251,-0.13613877,-0.53879887,-0.8744158,-0.9816448,-1.2587367,-1.0938846,-1.2478133,-1.1363753,-1.1177355,-1.1365757,-1.0681295,-1.1078143,-0.9863549,-1.2308772,-1.3532386,-1.501856,-0.8706077,-0.3290508,-0.0015512714,0.09475444,0.16390215,0.1835441,0.092349306,-0.057370506,-0.027907569,0.3815671,1.3330996,1.3340015,1.3740871,1.0924857,1.339814,1.6099911,1.6260253,1.7493889,1.9818856,1.991506,2.1177757,1.962945,2.005536,1.6546866,1.770033,1.4810156,1.8712492,1.8905904,1.7438772,1.607586,1.661401,1.2590414,1.2782824,1.76863,1.697879,1.5605855,1.0400736,0.9911692,0.95539284,1.2590414,1.0728437,1.1327716,1.472798,1.8937974,1.8592235,1.2110388,1.1845824,1.4418318,1.5623894,1.6600982,1.5070711,1.2363931,1.4978515,1.4910369,1.5381376,1.6858531,1.6556886,1.8048073,1.6581942,2.2434442,2.366507,2.596799,2.77047,3.0160947,2.903053,3.0372398,2.8584578,2.4381602,2.7845,2.8584578,2.8840125,2.829997,2.9398317,2.9288082,3.208806,3.1315413,3.380172,3.457838,3.7646935,3.7870412,3.4128418,3.3077173,2018-04-17
PNW_D,-1.551945,-1.5208061,-1.4778342,-1.4541687,-1.6400682,-1.519872,-1.4731635,-1.4744091,-1.4877987,-1.8328185,-1.5877548,-1.6095521,-1.7537255,-1.8617777,-1.9797943,-1.8624004,-1.780505,-1.6051925,-1.6313493,-1.6332177,-1.5379325,-1.3806808,-1.4373536,-1.3047017,-1.2962942,-1.2056798,-0.9344594,-0.7463801,-0.6249382,-0.64206463,-0.6707125,-0.629609,-0.6355254,-0.63427985,-0.8475817,-0.8902421,-1.0845492,-1.2704488,-0.9020749,-1.0123068,-0.9020749,-1.1197362,-0.9055002,-0.86283976,-0.9490947,-0.6909527,-0.6087459,-0.78966326,-0.7261398,-0.922938,-0.9842818,-0.7865494,-0.76848876,-0.86003727,-0.921381,-1.0375293,-1.096382,-1.0418888,-0.7933999,-0.76942295,-0.65887964,-0.5997156,-0.68877304,-0.69001853,-1.0920225,-1.2100391,-1.3037674,-1.4756545,-1.4373536,-1.0689796,-1.4523004,-1.3651112,-1.5357528,-1.6319721,-1.5696942,-2.1930962,-2.3606238,-2.4309978,-2.679798,-2.7377167,-2.707823,-2.5863812,-2.7103143,-1.7745886,-1.3501645,-1.6316607,-1.7808163,-1.7777026,-1.4435815,-0.9624844,-1.0885972,-1.0263194,-0.8095922,-0.9528314,-0.7840582,-0.46893197,-0.5094126,-0.6367709,-0.550516,-0.6246268,-0.7691116,-0.56857663,-0.5785411,-0.49695703,-0.55082744,-0.54024017,-0.60345227,-0.41225904,-0.33659142,-0.59411055,-0.22635949,-0.19397497,-0.57791835,-0.6261837,-0.6324115,-0.75634456,-0.91266215,-1.1873077,-1.1194248,-1.1402879,-1.2564362,-1.3900224,-1.5653348,-1.6587517,-1.7963859,-1.7876668,-1.3956274,-1.2735628,-1.1297007,-1.009193,-0.8961585,-1.0530988,-0.58726,-0.6255609,-0.26030093,-0.23538978,0.029602744,0.19931006,0.4730215,0.27124107,0.14076883,-0.11021117,-0.24722259,-0.09059363,-0.09619864,-0.0647483,-0.029872665,0.19931006,0.29179278,0.31296727,0.30954197,0.41230056,0.43254086,0.6393035,0.83579034,0.51381356,0.9039847,1.1073221,0.8809418,0.84046125,1.0649731,0.81679565,0.63338715,0.38863492,0.39392856,0.49699852,0.67417914,0.54993474,0.361544,0.46492538,0.55865365,0.30175725,0.2970864,0.5689295,0.54962337,0.3693288,0.20491508,0.18156086,-0.37800622,-0.14197291,-0.18027383,-0.19740026,-0.25064787,-0.099935316,-0.33503446,-0.127649,-0.11145673,-0.4651953,-0.46052447,-0.47266865,-0.46083584,-0.6881503,-0.8276528,0.30113447,0.6794728,1.0204444,0.57546866,0.2167479,0.9102125,0.4882796,0.6199974,0.80901086,0.8392157,0.74797857,0.36683768,0.54028165,0.86256987,0.61844045,0.63961494,0.55585116,0.5539828,0.68756896,0.8049628,0.56052196,0.92173386,0.3680832,0.21768205,-0.008386786,0.004691576,-0.011812072,0.37337685,0.04548361,0.06914922,-0.13667929,-0.22355698,-0.44993722,-0.13107428,-0.17093214,0.07724535,-0.0043387217,0.085652865,0.19027977,-0.17871688,-0.21203557,-0.28178683,-0.29642212,0.033650808,0.45122427,0.5521145,0.44188255,0.47551262,0.4848543,0.46367982,0.547755,0.47520122,0.46367982,0.64366305,0.6944195,0.98899406,1.2337463,1.086459,1.060925,1.1057651,0.9513159,0.8373473,0.9102125,0.8009147,0.7822314,0.5935293,0.82146645,1.0802312,1.1381496,1.1175979,1.0727578,0.9977129,1.0244924,1.0574998,1.141575,1.262394,0.86256987,0.85416234,1.1113701,1.073692,0.9740473,0.92048836,0.9840118,0.7943756,0.9239136,0.9911738,0.70002455,0.66421473,0.8560307,0.77071,0.7050068,0.77071,0.73801404,0.798735,0.6215543,0.7233787,0.68538916,0.50166935,0.51381356,0.6601667,0.64739966,0.70625234,0.65518445,-0.043573808,-0.007141228,-0.21265835,-0.1721777,-0.06817359,-0.28334376,-0.031118225,-0.29953605,-0.30420688,-0.38547957,-0.4029174,-0.28116405,-0.41537294,-0.47578254,-0.5125265,-0.4054085,-0.41568434,-0.59504473,-0.6688441,-0.42782855,-0.17435743,-0.25438455,-0.6451785,-0.282721,-0.37458095,-0.25531873,-0.106163114,0.120839894,0.32978228,0.48174042,0.3929944,0.243216,0.046729166,0.10900709,0.022129392,-0.6143509,-0.41661853,-0.205185,-0.30202717,-0.16657269,-0.34842423,-0.3814315,-0.18712442,-0.47422558,-0.33192056,-0.18587884,-0.1992686,-0.19397497,-0.27960712,-0.2621693,-0.34468752,0.2942839,-0.084365845,-0.055406615,-0.13792485,-0.24317452,-0.28116405,-0.5162632,-0.4022946,-0.5417971,-0.474537,-0.38516816,-0.1989572,-0.041394085,-0.23538978,-0.016482916,0.005314355,0.19993284,0.21176565,0.29148138,0.31452423,0.4322295,0.38240713,0.39922217,0.36185542,0.017458549,0.09312622,0.21986179,0.19744173,0.22826931,0.22110735,0.17035083,0.21550234,0.19868729,-0.0055842805,0.16381165,0.17408751,-0.21359251,-0.22075447,-0.12609205,-0.3154169,-0.09121641,-0.27275655,-0.45087138,0.141703,0.80060333,1.125694,1.3878841,1.0665301,1.0746262,1.0861477,0.9011822,0.6143924,0.43004975,0.29584083,0.15758388,-0.07440138,-0.4922862,-0.21514946,-0.17404605,-0.5414858,-0.33223194,0.21643649,-0.010566513,-0.0043387217,-0.20954445,-0.3966896,-0.35589755,-0.076269716,-0.31385994,-0.7043425,-0.88806236,-0.8787207,-0.77689624,-0.8176883,-0.8594145,-0.76942295,-0.8513184,-0.81582,-0.68846166,-0.71150446,-0.5707564,-0.45460805,-0.71337277,-0.4922862,-0.38267708,-0.3219561,-0.2173292,-0.25095928,-0.51408345,-0.5308985,-0.49322033,-0.57698417,-0.4328108,-0.32475862,-0.5573666,-0.5405516,-0.5190657,-0.31448272,-0.47640532,1.3284087,1.6921116,1.7428682,1.4610605,1.4165319,1.1260055,1.5613279,1.1393952,0.9855687,1.1045196,1.4212028,1.1484255,0.95941204,0.7834769,0.49544156,0.32511145,0.1778242,0.17253056,0.078490905,0.42693585,0.21052009,0.44561923,0.57609147,0.5244008,0.56924087,0.6595439,0.4910821,0.31483558,0.2556716,-0.010566513,0.21207704,0.24041349,0.18841143,-0.15193738,-0.36773035,-0.19957998,-0.062568575,0.09530595,0.04766334,0.057005025,0.11523488,0.06541254,0.019326886,0.1357866,0.047040556,0.053579737,0.28120553,0.26906133,0.4699076,0.41603723,0.56207895,0.5038491,0.5960204,0.75358355,0.6673286,0.71216875,0.55585116,0.77475804,0.84419787,0.88312155,0.74206215,0.7006473,0.73676854,0.95038176,0.63681245,0.30985337,0.18156086,0.4699076,0.36777183,0.45309258,0.4253789,0.34005818,0.5306286,0.46056592,0.20117842,0.06572393,-0.2979791,-0.14166152,-0.23694673,-0.29361963,-0.33783695,-0.24784538,-0.31821942,-0.4446436,-0.29143992,-0.27493626,-0.20300528,-0.24940233,0.06728088,0.28836748,0.059184752,0.120528504,-0.025824603,0.03209386,-0.13979319,-0.038591575,0.069772,0.5044719,0.501358,0.6667058,0.63961494,0.75576323,0.9519387,0.6006912,0.79780084,0.9572323,1.053763,1.0135938,1.0659072,1.0304089,0.8700433,0.8049628,0.9264048,0.8258259,0.90927833,0.84762317,0.8557193,1.0101686,0.89775693,1.0746262,0.96906507,1.0484694,1.038505,1.0522062,1.1219574,1.1705341,0.9345009,1.0655959,1.0494037,1.2608371,1.2810774,1.2268957,1.4062561,1.491888,1.4408202,1.4345924,1.3825904,1.2412196,1.083345,1.0325886,1.0011382,0.9989585,0.88374436,0.6165721,0.7056295,0.64490855,0.85135984,0.8737799,1.0522062,1.0743148,0.9855687,1.0083002,0.6592325,0.5284488,0.8747141,0.7205762,0.41416886,0.34005818,0.54713225,0.6349441,0.7149712,0.81741834,0.6881917,0.40731832,0.2189276,0.44997868,0.36714903,0.32262033,0.6075418,0.90242773,0.67199945,0.6414833,0.58231926,0.67199945,0.26532465,0.2945953,0.23605403,0.26065382,0.037698872,0.19962147,0.12519935,-0.055718005,-0.025824603,-0.20020278,-0.2824096,-0.01368041,-0.38890487,-0.23819229,-0.8777865,-0.6672871,-0.42284632,-0.4679978,-0.070041925,-0.07440138,-0.25531873,0.009985199,-0.2680857,-0.34157363,-0.45460805,-0.4175527,-0.37084427,-0.24473149,-0.1335654,-0.24037203,-0.3341003,-0.73517,-0.6925097,-0.92324936,-1.1854393,-1.1518093,-1.370405,-1.3124865,-1.518315,-1.542292,-1.5880662,-1.5914916,-1.5301478,-1.5317048,-1.7506115,-2.025257,-2.2444754,-2.34412,-1.6603085,-1.419293,-1.2667121,-1.4510548,-1.3663568,-1.539178,-1.6123546,-1.655015,-1.6553264,-1.6220077,-0.34749004,-0.33752555,-0.36243674,-0.7619496,-0.6461126,-0.5530071,-0.7242714,-0.779076,-0.55425274,-0.485747,-0.27742738,-0.3633709,-0.3428192,-0.49259758,-0.330675,-0.6548315,-0.112079516,-0.32507,-0.4527397,-0.64019626,-0.780633,-0.8647081,-0.86439675,-0.80118465,-0.63490266,-0.63490266,-0.631166,-0.9316569,-0.8148858,-0.6610593,-0.6570113,-0.66666436,-0.5660855,-0.2736907,-0.12546927,-0.1422843,-0.33192056,-0.13169706,-0.3014044,0.27809164,0.047351945,-0.23570117,-0.3241358,-0.5405516,-0.36523926,-0.2792957,-0.34095085,-0.33316612,-0.4888609,0.6897487,1.2396626,1.8889098,2.2955847,2.6823304,2.5767694,2.7897599,2.5144916,2.293405,3.0124035,3.2717912,3.2107587,3.3515067,3.5785098,3.4514627,3.8500414,3.7631638,3.8637426,4.1682816,4.2402124,4.5273137,4.4513345,4.21717,2018-04-17
POR_D,-1.211119,-1.4311594,-1.6616069,-1.726281,-1.7084401,-1.4802225,-1.4415667,-1.4319028,-1.6459961,-1.9069223,-1.6155176,-1.8675232,-1.961189,-1.9723397,-2.1633883,-2.1195288,-2.0370138,-1.8154866,-1.7872382,-1.8221769,-1.8913112,-1.7463523,-1.7983888,-1.6140307,-1.6095704,-1.5404361,-1.0356815,-0.721232,-0.72494894,-0.6654785,-0.8899791,-0.770295,-0.8082074,-0.81118083,-1.0193272,-1.0944085,-1.3040415,-1.3196524,-0.8974129,-0.9643171,-0.87436813,-1.0587263,-0.87585485,-0.8974129,-0.99851257,-0.8119243,-0.7539407,-0.9137672,-0.7256923,-0.995539,-1.2148359,-1.0512925,-1.0631865,-1.0795408,-1.1724633,-1.2438277,-1.211119,-1.2966076,-1.2743063,-1.1947647,-1.0654167,-1.0802842,-1.2126058,-1.2594388,-1.3649986,-1.1709766,-1.2549784,-1.3516177,-1.2966076,-0.89964306,-1.273563,-1.2557218,-1.5448965,-1.5062407,-1.3456707,-1.8489387,-2.1158118,-2.0994575,-2.398296,-2.5387948,-2.6146195,-2.5990086,-2.639151,-2.225832,-1.7649368,-1.9232765,-1.9507817,-1.9686228,-1.6207212,-1.2140926,-1.3479009,-1.1025857,-0.9323517,-1.007433,-0.9999993,-0.7204886,-0.71305484,-0.7814457,-0.7175151,-0.921201,-0.95911336,-0.7019041,-0.64689404,-0.67885935,-0.5153159,-0.39117151,-0.42090666,-0.19640605,-0.2781778,-0.29750568,-0.05367719,0.17454031,-0.014278079,-0.062597744,-0.1443695,-0.23357503,-0.33467463,-0.5814767,-0.57775974,-0.6164155,-0.6305397,-0.7071078,-0.77995896,-0.82010144,-1.0557528,-1.0639299,-0.75096714,-0.46327934,-0.46922633,-0.5651223,-0.53538716,-0.71602833,-0.5651223,-0.4640227,-0.18897226,-0.1265284,-0.019481737,0.12324712,0.23549744,0.14703527,-0.11091742,-0.42982724,-0.40009204,-0.33021435,-0.020968497,0.24516138,0.37599614,0.48675966,0.63989586,0.6718612,0.6510466,0.7774211,1.0717994,1.1372168,1.302247,1.1268095,1.2635913,1.3074507,1.0532149,1.1580313,1.4583567,1.2227055,1.161005,0.9023089,0.75065947,0.54102635,0.20055862,0.47783914,0.36930576,0.47783914,0.67334795,0.49493688,0.528389,0.50162727,0.244418,0.08979505,-0.08787265,-0.18005171,-0.63128304,-0.35994953,-0.1837686,-0.036579464,0.16561976,0.1418316,0.23475407,0.27415317,0.22732025,0.28679064,-0.010561183,0.15595582,0.265976,0.002076269,-0.11983797,1.1550579,1.6085194,1.783957,1.3163713,1.2122982,1.7891606,1.3238051,1.1751292,1.3654343,1.0093555,0.67557806,0.22137323,0.4860163,0.5521771,0.30091482,0.29348105,0.35889843,0.32693312,0.33585367,0.44438705,0.21765634,0.33659706,0.15595582,-0.356976,-0.59039724,-0.31386,-0.42908388,-0.11983797,-0.26851386,-0.5814767,-0.8334823,-0.9055901,-1.0520358,-0.6639918,-0.8082074,-0.59039724,-0.53910404,-0.60823834,-0.6520977,-1.0349381,-1.217066,-1.3114753,-1.3122187,-0.74427676,-0.50639534,-0.33021435,-0.42536697,-0.43354413,-0.45881903,-0.5190328,-0.47294322,-0.3502856,-0.28338146,-0.16146722,-0.12950191,0.06377677,0.39383724,0.26671937,0.18494762,0.3990409,0.35518152,0.24367462,0.5655579,0.73058814,1.0249665,0.96623945,1.3795584,1.5408719,1.6375113,1.7155662,1.537155,1.3215749,1.2792022,1.225679,1.2754854,1.5349249,1.2160151,1.2345995,1.2635913,1.2725118,0.9186632,0.99300116,1.1305264,1.0740296,1.1171455,1.3200881,0.9959747,0.69193244,0.8487855,0.9342742,0.8562193,1.1119419,0.9892843,1.033887,0.64881647,0.7982358,0.60049677,0.46966198,0.5432565,0.66145384,0.648073,0.6800384,0.7186941,0.025121033,0.08161788,-0.00015386971,0.20724903,0.30909202,-0.15403344,0.09202519,0.019917378,-0.1480864,-0.122811496,0.04147538,0.08533478,-0.0068442845,0.017687239,0.004306407,0.24367462,0.31429568,0.18197411,-0.038066223,0.29050753,0.44215694,0.20576227,-0.3175769,0.28158697,0.051139317,0.11804346,0.49196336,0.6532767,0.75957996,0.87406045,0.7922887,0.60421365,0.35220802,0.41167837,0.27340978,-0.47963366,-0.06408451,0.07567084,0.11878684,0.12993753,0.0057931663,-0.08638589,0.07269732,-0.08564251,0.005049787,0.24813488,0.244418,0.28976414,0.34254408,0.5826556,0.48452955,1.012329,0.57076156,0.39383724,0.29050753,0.31652582,0.37599614,0.32618976,0.34105733,0.14406176,0.22732025,0.17305355,0.2615157,0.52095515,0.29719794,0.4904766,0.67706484,0.73950875,0.55738074,0.74322563,0.7618101,0.7841115,0.6532767,0.5291323,0.64063925,0.5863725,0.7298448,0.7350485,0.60793054,0.7833682,0.8249974,0.58785933,0.6778082,0.57522184,0.30909202,0.69044566,1.268795,0.87406045,0.5633278,0.6280018,0.58860266,0.77370423,0.76329684,0.8034394,1.3126544,1.8954638,1.9519607,1.9199954,1.61744,1.515597,1.6166966,1.6598126,1.4382855,0.9833372,0.9030523,0.79005855,0.70828676,0.12622064,0.21245268,0.13960147,-0.1874855,-0.19045903,0.11878684,0.19907185,0.44438705,0.28233033,0.14703527,-0.038066223,0.3492345,0.46520168,0.035528347,-0.08043886,0.008766685,0.06229001,-0.052190434,-0.20904349,-0.21870744,-0.24100882,-0.227628,-0.14511287,-0.09381969,0.054856215,0.10317588,-0.103483625,0.07121056,0.35815504,0.5291323,0.62428486,0.63989586,0.43546653,0.38789022,0.48452955,0.46520168,0.60495704,0.70605665,0.23698421,0.24590476,0.22062984,0.19907185,0.18494762,1.9051278,2.340005,2.3868377,2.1459827,2.1088138,1.7571954,2.221064,1.8196391,1.5319514,1.5542527,1.7259734,1.415984,1.0167893,0.9982049,0.72166765,0.5952931,0.5692748,0.6428694,0.5863725,0.9186632,0.67706484,0.66963106,0.6346922,0.68747216,0.6822685,0.7164639,0.3707925,0.29125088,0.086821534,-0.0789521,0.20501888,0.26300249,0.01620048,-0.46327934,-0.5695826,-0.25661978,-0.15254667,-0.10051011,-0.09307631,-0.0023840081,-0.0016406287,-0.11760784,-0.21722068,0.04370552,0.08236126,-0.024685394,0.1901513,0.016943859,0.40052766,0.41242173,0.52467203,0.540283,0.57522184,0.78559834,0.7365352,0.8904148,0.74099547,1.0048952,1.0561885,1.0405774,0.52169853,0.57076156,0.14926541,0.44810393,0.3135523,0.06749366,-0.09307631,0.16264623,0.19758509,0.30314496,0.25631207,0.18792115,0.27415317,0.20724903,-0.08638589,-0.12355486,-0.2677705,-0.15477681,-0.24695584,-0.18525536,-0.2603367,-0.20978689,-0.25067276,-0.4603058,-0.038809605,-0.13396218,0.054112833,0.09425533,0.37004912,0.55663735,0.2949678,0.33585367,0.16784988,0.2042755,0.047422424,0.15818596,0.27266642,0.6993662,0.6956493,0.7915454,0.7313316,0.8636531,1.0502414,0.7320749,0.9877975,1.0777465,0.9171764,0.7677572,0.89338833,0.70233977,0.48229942,0.41762537,0.5291323,0.33288017,0.30983537,0.29273766,0.4101916,0.7647837,0.9365043,0.68449867,0.53730947,0.5075743,0.5737351,0.017687239,0.08310464,0.29719794,-0.15329005,-0.22539786,0.11655671,0.35964182,0.7350485,0.64138263,0.8762906,0.73950875,0.8599362,0.84135175,0.7291014,0.4941935,0.4079615,0.54102635,0.7670138,0.66145384,0.5462301,0.17082341,0.2957112,0.15892935,0.46297157,0.6941626,0.79377544,0.9112294,0.86737007,1.0071254,0.6807817,0.53507936,0.8205371,0.6450995,0.22062984,-0.025428776,0.074927464,0.31801257,0.4904766,0.6629406,0.55886745,0.30463174,0.27489656,0.89264494,0.8993354,0.6503032,1.037604,1.4464626,1.2160151,1.1349866,0.9863108,1.0561885,0.83837825,0.77890784,0.39681074,0.18717778,-0.9553965,-0.45807564,-0.62236255,-1.0527792,-1.0624431,-1.1375245,-0.9107937,-0.71082467,-0.9487061,0.13365445,-0.5004483,-0.1369357,-0.13619232,0.051882695,0.11432657,0.07269732,0.14406176,0.36781898,0.3202427,0.3745094,0.18866454,0.26374584,0.17900059,0.5432565,0.7826248,0.65253335,0.5729917,-0.18599874,-0.20309646,-0.3547459,-0.7197452,-0.66101825,-0.82604843,-0.6379735,-0.8319955,-1.0892048,-1.2289602,-1.2349072,-1.3085017,-1.3449273,-1.6489695,-2.025863,-2.396066,-2.3953226,-1.5701714,-1.4490005,-1.3270862,-1.60288,-1.285457,-1.5798353,-1.5493568,-1.5991632,-1.6229514,-1.6742445,-0.31683353,-0.48409396,-0.5732995,-1.1226568,-1.0735939,-0.9494494,-0.9791847,-0.9137672,-0.7450201,-0.57775974,-0.45435876,-0.57552963,-0.5732995,-0.8580138,-1.0691335,-1.3107319,-0.9122805,-1.0252742,-1.081771,-1.3397237,-1.4831959,-1.5530736,-1.5612507,-1.5984198,-1.414805,-1.4073713,-1.4928598,-1.9284804,-1.8608327,-1.8102828,-1.7084401,-1.7404053,-1.8444784,-1.3887868,-1.3241128,-1.6824217,-2.2094777,-1.6326153,-1.8102828,-1.2289602,-1.420752,-1.683165,-1.8548856,-1.933684,-1.9106392,-1.9715962,-1.8719833,-1.941861,-2.0897937,-0.95613986,-0.25513303,0.6830119,0.9595491,1.333469,1.1230927,1.0576751,1.1193757,0.6986228,1.5594563,1.8902602,1.6650163,1.795851,1.9014109,1.8865434,2.3221638,2.2284977,2.5882936,2.7548106,2.8767247,3.5004203,3.4060109,3.0558794,2018-04-17
SJW_D,-0.95898175,-0.92759025,-0.8931996,-0.83061653,-0.72044647,-0.6480661,-0.5558911,-0.4629163,-0.5310978,-0.79962504,-0.57628554,-0.5137025,-0.50730425,-0.6532647,-0.86220795,-0.82961684,-0.8002248,-0.73684204,-0.7716326,-0.73604226,-0.70804983,-0.62027365,-0.6610626,-0.50090605,-0.43332434,-0.19718833,0.14291945,0.23809364,0.4834271,0.5895983,0.62478876,0.62298924,0.5126192,0.6885715,0.5332136,0.49162492,0.31907168,0.2264968,0.3134732,0.24929062,0.60119516,0.6199901,0.7447562,0.68057364,0.55080885,0.67717457,0.6449833,0.3920519,0.39165202,-0.0254349,-0.07842053,0.118726015,0.095332354,0.13652119,0.06534049,-0.049828283,-0.20198703,-0.032632947,0.006156536,0.07973658,0.06733995,0.10692922,0.03015003,-0.10901224,-0.41233003,-0.58588296,-0.6584633,-0.89279974,-1.0145667,-0.6012788,-0.8394142,-0.8860016,-1.1211377,-1.1571281,-1.1863202,-1.7203753,-1.8687351,-1.9367167,-2.1134686,-2.0546846,-2.0842767,-2.0378892,-1.9865032,-1.2708972,-0.7274446,-0.950384,-1.1493301,-1.0327617,-0.6660612,-0.2009873,-0.25057387,-0.2965614,-0.092016846,-0.4791119,-0.30475917,-0.039830994,-0.14740182,-0.2223815,-0.19079007,-0.29276243,-0.3927353,-0.22857982,-0.31395668,-0.20398648,-0.14080362,-0.25897157,-0.5035053,-0.27496725,-0.24417558,-0.508504,-0.05342731,-0.15360016,-0.3371504,-0.27376756,-0.25977138,-0.31175727,-0.48111135,-0.63646924,-0.6534646,-0.8136211,-0.87540436,-1.0103679,-1.0185655,-1.0677524,-1.22351,-1.2926913,-0.81702024,-0.8090224,-0.7092495,-0.3367505,-0.44232187,-0.64946574,-0.65946305,-0.67365915,-0.65686375,-0.5219003,-0.008639453,0.00015816228,-0.0010415125,-0.12660748,-0.082219504,-0.21958227,-0.53629637,-0.16479711,-0.13920406,-0.14620216,-0.14260313,0.05254396,0.035548568,0.061341576,0.11272764,0.166713,0.12492433,0.4436379,0.7091659,0.31587258,0.38565364,0.45383513,0.34426486,0.51541847,0.44063872,0.36126027,0.23189533,0.014354313,0.022152198,0.16051468,0.2674857,0.19250602,-0.11501061,0.01215491,0.040947102,-0.1721951,-0.19778818,-0.03903121,-0.028434087,-0.18339208,-0.3415492,-0.31335685,-0.62827146,-0.55729073,-0.38793662,-0.46071687,-0.59308106,-0.46591547,-0.68085724,-0.2673693,-0.16939586,-0.46431592,-0.5760856,-0.55649096,-0.51670176,-0.7118488,-0.8890008,-0.34474832,-0.21518345,-0.24477543,-0.36434302,-0.6106762,0.12512428,-0.22837986,-0.2175828,0.11272764,0.12232504,0.22629684,-0.028234141,0.04154694,0.3828544,0.25208986,0.24549165,0.13032287,0.025751222,0.36985794,0.47083053,0.4612331,0.8047401,0.34786388,0.20730199,-0.013238206,-0.13880417,-0.18939045,-0.03803148,-0.39433488,-0.54909295,-0.6874554,-0.90619606,-1.1493301,-0.93518823,-1.0315621,-0.81762016,-0.97477746,-0.89359945,-0.821819,-1.1825211,-1.0917457,-1.3082871,-1.3438774,-1.0711514,-0.6688605,-0.5734863,-0.6054777,-0.66306204,-0.66846055,-0.777431,-0.6650615,-0.55189216,-0.53289735,-0.42252725,-0.3489472,-0.04442975,0.35946074,0.21450004,0.10772899,0.4030489,0.06454071,-0.47871202,-0.53889567,-0.65126526,-0.6546643,-0.86920613,-0.7602357,-0.4507196,-0.5209006,-0.4545186,-0.65266484,-0.8236185,-0.7732322,-0.77623135,-0.67625844,-0.24937418,-0.5920813,-0.6472663,-0.31475645,-0.24317585,-0.4375232,-0.512103,-0.5476933,-0.729844,-0.68265676,-0.6824568,-1.065153,-0.99897087,-0.8894006,-0.94338596,-1.0461581,-0.7198466,-0.7054506,-0.75303763,-0.8428133,-0.75683665,-1.0147666,-1.0765499,-1.0987438,-0.9757772,-0.9843748,-1.1103407,-1.1913188,-1.6160036,-1.5822128,-1.8225476,-1.9731069,-2.0376892,-2.2376351,-1.9045253,-2.0680811,-2.028492,-1.8011535,-1.9139228,-1.6895837,-1.7061791,-1.8575381,-1.8633366,-1.6162037,-1.681386,-1.7313725,-1.7083786,-1.382267,-1.109341,-0.98557454,-1.3238828,-1.3198838,-1.3536748,-1.2990896,-1.2501028,-0.90959513,-0.8572094,-0.7134484,-0.79282683,-0.9193925,-1.0083684,-0.8210192,-0.8578092,-1.3840665,-1.1143396,-0.7118488,-0.6876553,-0.5296982,-0.5470935,-0.43212467,0.19050655,-0.26097104,-0.21958227,-0.2543728,-0.30136007,-0.38713682,-0.52829856,-0.21938232,-0.23817721,0.19450547,-0.2633704,-0.33615065,-0.35974425,-0.46571556,-0.57628554,-0.62867135,-0.5390957,-0.6588632,-0.44432133,-0.70245135,-0.64426714,-0.46571556,-0.5031054,-0.25717208,-0.11341104,0.14951767,0.277283,0.38885278,0.47902828,0.49542385,0.41784486,0.4850267,0.45943365,0.07373821,0.22089832,0.23749381,0.14631854,0.22889614,0.3278693,0.42744228,0.46403238,0.38665336,0.19450547,1.5013511,1.4231724,0.8507276,0.74595594,0.83473194,0.81693673,0.97789305,0.78834444,0.59339726,1.1526457,1.6597081,1.9342338,2.2831392,2.0006156,2.176768,2.4624906,2.579659,2.309732,2.4181025,2.081194,1.9850202,1.8642528,1.4247719,1.793272,2.0683975,1.7916726,1.9870194,2.2599456,2.0751956,2.2151577,1.944631,1.5731317,1.343594,1.6689057,1.5911269,1.2690142,1.1988331,1.3048044,1.2264256,1.0640697,1.1450478,1.266215,1.2432212,1.1152558,1.17364,1.1324512,1.1798383,0.8869177,0.30667508,0.6337864,0.6631784,0.6769746,0.71376467,0.7311599,0.35226268,0.23609419,0.25109014,0.1785098,0.34046587,0.65358096,0.6705764,0.64558315,0.4900253,0.37765583,0.22109824,1.4603623,1.5827291,1.7928721,1.4115756,1.3227996,0.93790394,1.2990061,1.0502734,0.95949805,1.0938617,1.3291978,1.0314785,0.78594506,0.49302453,0.3264697,-0.11401088,-0.2861642,-0.33755028,-0.4445213,-0.15220052,-0.24337581,-0.3713411,-0.23037933,-0.37354052,-0.24057655,-0.24877433,-0.26756927,-0.46571556,-0.5734863,-0.7854289,-0.6052777,-0.46031702,-0.5548914,-1.0099679,-1.267898,-1.0855474,-1.0575551,-0.8886008,-0.9493844,-0.8710056,-0.755437,-0.71804714,-0.84841174,-0.8136211,-0.9343884,-0.9539831,-0.74983853,-0.8708057,-0.41093042,-0.5406952,-0.6184741,-0.64866596,-0.6582633,-0.47231376,-0.39813387,-0.1843918,-0.35354593,-0.12700735,-0.018836686,-0.5129028,-0.5632891,-0.3899361,-0.571287,-0.37933895,-0.59648013,-0.91379404,-1.1471307,-1.0987438,-0.94258624,-0.8376147,-0.7686334,-0.70225143,-0.3993335,-0.6488659,-1.0509568,-1.1805216,-1.382267,-1.4000621,-1.6327991,-1.8223478,-1.835744,-1.8779327,-1.96131,-1.8913289,-1.5634178,-1.2563012,-1.2537018,-1.2603,-0.91379404,-0.6534646,-0.88760114,-0.718647,-0.9847748,-1.0049692,-1.049957,-0.9711784,-1.1767228,-0.95838195,-0.8866014,-0.7536375,-0.75523704,-0.82821727,-0.42412683,-0.50410515,-0.43612358,-0.13700464,-0.15000112,-0.27856627,-0.10201413,-0.13780443,-0.31575617,-0.52649903,-0.25097376,-0.5286985,-0.52829856,-0.5278987,-0.43092498,-0.24917425,-0.31335685,-0.31875536,-0.20478629,-0.26816908,-0.7034511,0.281082,0.05474336,0.43584004,0.081136204,0.13432178,0.31107387,0.10972846,0.2600877,0.48702615,0.26068753,0.32886904,0.465432,0.27948242,0.10273035,-0.09421625,-0.21698298,-0.16859609,-0.30036035,-0.3319518,-0.30995774,-0.48391062,-0.46951452,-0.52649903,-0.2567722,-0.1773937,-0.11341104,0.047145423,0.14331935,0.14371924,-0.1110117,-0.30855814,0.022951983,0.08593491,-0.14960124,-0.26237068,0.080536366,0.20450276,0.42564276,0.40084952,0.59619653,0.3194716,0.2652863,0.6557804,0.7301602,0.61119246,0.87532085,1.1058584,1.0304788,1.191835,1.0738671,1.2542181,1.0726674,1.0690684,0.9131106,0.8429297,1.0528728,1.1300519,1.3473929,1.2274255,0.91391045,0.7615517,0.51721793,0.65698004,0.44983622,0.6707763,-0.097815275,-0.25497267,0.08073632,0.20010395,0.36645883,0.43124127,0.30327597,0.5362128,0.44963628,0.6135918,0.2854808,0.17491078,0.3010766,0.6463829,0.9263071,1.0026864,1.1266528,0.716164,0.69077086,0.6097928,0.34506464,0.48162758,0.20210342,0.18290862,0.16071464,0.06674011,-0.17339478,-0.16599679,-0.37214088,-0.5314977,-0.43812302,-0.55989003,-0.81122184,-0.8122215,-0.08081988,0.17771003,0.3526626,0.2892798,0.3710576,0.5680042,0.539212,0.5210169,0.41904455,0.605594,1.5001514,1.4247719,1.2428213,0.9780931,0.8423298,0.996888,1.0348777,1.0902627,1.2340237,1.3581901,1.5063498,1.7372873,1.7502836,1.5621347,1.6365147,1.3553907,1.4921536,1.4921536,1.4303703,1.1930348,1.2860096,1.2738128,1.070668,1.2210271,0.98769045,0.9175095,0.6637782,0.49202478,0.5602063,0.65738,0.59759617,0.6911708,0.6611789,1.0276796,1.6339152,0.9764934,0.79094374,0.9445021,0.75875247,1.118255,0.8335323,0.5812006,0.7557533,0.96129763,0.9546994,1.0632699,1.148047,1.0624702,0.92950624,1.273413,1.8072681,2.5210748,2.5544655,2.7286184,2.5728607,2.5294724,2.4790862,2.0340068,2.508078,2.6246467,2.549467,2.6056516,2.891974,2.8097966,3.1009173,2.9283643,3.3258564,3.6799605,3.7281473,3.9286928,3.8263204,3.7355454,2018-04-17
UGI_D,-1.3875008,-1.2984604,-1.1255167,-1.2385293,-1.1443522,-1.0544556,-1.1062531,-0.9559975,-1.0210655,-1.1747457,-0.79461193,-0.73510903,-0.81558776,-0.6173874,-0.5643056,-0.5257786,-0.35026634,-0.30189344,-0.5848535,-0.5801446,-0.5613091,-0.44144708,-0.4033481,-0.14478861,-0.2685033,-0.119103886,0.1595753,0.26445454,0.47763774,0.5341441,0.4617988,0.50032586,0.47292885,0.44895646,0.21222895,0.12104821,-0.022786193,-0.04333397,0.14416447,0.14330831,0.25760528,0.0773842,0.17841075,0.17755459,0.035860576,0.08038075,-0.053179774,-0.15506248,-0.19316149,-0.413622,-0.40976927,-0.36781758,-0.23211664,-0.27578065,-0.10925808,-0.1747541,-0.1987265,-0.22227083,-0.17775065,0.04699062,0.04699062,-0.010799991,-0.16662061,-0.2672191,-0.5069431,-0.5048027,-0.5236382,-0.7573691,-0.7274036,-0.7856223,-1.0934107,-1.2098482,-1.4752569,-1.4067643,-1.4936643,-1.8224286,-2.102392,-1.9885231,-2.1422036,-2.291175,-2.4414303,-2.602388,-2.6995618,-1.9504242,-1.4577056,-1.6589026,-1.5758554,-1.5065067,-1.214129,-0.75223213,-0.8862207,-0.8476937,-0.5869938,-0.92303544,-0.82200897,-0.62594897,-0.71798587,-0.8091666,-0.7192701,-0.7903311,-0.9003473,-0.8857926,-0.8785153,-0.86909753,-1.0065109,-1.0801404,-1.1426398,-1.0844212,-1.1096778,-1.0715787,-0.7154174,-0.604545,-0.5617372,-0.55103517,-0.5381928,-0.773208,-1.0698664,-1.3010288,-1.4547092,-1.5540234,-1.5270543,-1.6225159,-1.606249,-1.7107002,-1.9127532,-1.970972,-1.5797081,-1.3472614,-1.3793672,-1.0120759,-0.7355371,-0.7505199,-0.46927217,-0.34084862,-0.2291201,-0.33442745,-0.2047196,-0.19530188,-0.3926461,-0.45043674,-0.5257786,-0.6083977,-0.8399883,-0.6302298,-0.46413526,-0.49538496,-0.5561722,-0.32586583,-0.2911915,-0.25608903,-0.30360577,-0.33785206,-0.34641364,-0.20001075,-0.10583344,-0.5013781,-0.43545395,-0.4512929,-0.5210697,-0.41405004,-0.39564267,-0.68031496,-0.6837396,-0.92517585,-0.9893877,-0.8922139,-0.7539445,-0.7265475,-0.7475233,-0.58785,-0.6310859,-0.7629341,-0.8357075,-0.67303765,-0.5780042,-0.68331146,-0.8519745,-1.1477767,-1.4217471,-1.3228608,-1.2732037,-1.4538529,-1.2509437,-1.2646422,-1.6589026,-1.6751697,-1.5797081,-1.628081,-1.8498257,-1.7393814,-1.7907509,-2.0142078,-2.1049604,-1.39435,-1.2475191,-0.86267644,-1.0702945,-1.0343359,-0.5309155,-0.77920115,-0.78262573,-0.5814288,-0.46456334,-0.29846883,-0.47654954,-0.3181604,-0.38536876,-0.76336217,-0.90077543,-0.8382759,-0.90077543,-0.3451294,-0.26764718,-0.122100435,0.24818756,-0.044190124,-0.13237432,-0.37038603,-0.5651618,-0.5326278,-0.43631017,-0.55017906,-0.4949569,-0.63065785,-0.67603415,-0.9029158,-0.5728672,-0.7616499,-0.5022342,-0.6841677,-0.59812385,-0.46884412,-0.70214695,-0.7881907,-0.9654153,-0.7993208,-0.8258617,-0.5326278,-0.3686737,-0.35668752,-0.21114078,-0.16362406,-0.122100435,0.08080883,0.03414826,0.0067512323,0.07609997,0.2092324,0.45623377,0.60862976,0.593647,0.5799485,0.8937302,0.54784256,0.44381946,0.2537526,-0.018933484,-0.043762047,-0.06045711,0.2554649,0.5623973,0.6300337,0.7498957,0.71051246,0.5538357,0.73020405,0.97378093,1.1625636,1.6099056,1.3179561,1.475489,1.5735191,1.6180391,1.5144442,1.3748904,1.3787432,0.9695001,0.93867844,1.1364508,0.8303745,0.8569155,0.8881652,0.87318236,0.5957874,0.55469185,0.61462283,0.65614647,0.6304618,0.6852558,0.67541003,0.28500232,0.49048007,0.71993023,0.7361972,0.56839037,0.31668016,-0.118247725,-0.049327068,-0.26593485,-0.25266442,-0.5848535,-0.49281654,-0.27663684,-0.54076135,-0.41233775,-0.16961716,-0.12381275,-0.08699798,-0.2128531,-0.30403385,-0.33828014,-0.15591864,-0.26422253,-0.4054885,-0.56002486,-0.22569546,-0.01122807,0.07224726,-0.29632843,-0.22569546,0.23320483,0.46693572,0.6056332,0.8838844,1.0397049,1.1565704,1.061109,0.84107643,0.62874943,0.86847353,0.51873326,-0.13194624,0.21822207,0.5482707,0.39202198,0.5097436,0.38431656,0.47378498,0.724211,0.6300337,0.7233549,0.86932963,0.90828484,0.9352538,0.8076863,1.0050306,1.0474104,1.4159861,1.1394472,0.94039077,0.81924444,0.8509223,0.6595711,0.60905784,0.7259233,0.8106829,0.9164184,0.6766943,0.7426184,0.88345623,0.8573435,0.8753228,0.8303745,1.0829409,1.0662458,1.1188996,1.2301999,1.2105083,1.1176153,0.87575084,0.91213757,0.84706956,1.0979236,1.1873921,0.94552773,1.0662458,1.1094818,1.1317419,1.0148765,1.1248926,1.1146188,1.0397049,1.0521193,0.8988671,0.6925332,0.40272394,0.6073455,0.6522938,0.71265286,0.58508545,1.2070837,0.74133414,0.95708585,1.5512589,1.4215511,1.5037422,1.4994614,1.5418411,1.6865318,1.2203542,1.1146188,1.1056291,0.7276356,0.59921205,0.7717277,0.81667596,0.52130175,0.5397091,0.8042617,0.75332034,0.8560592,0.27815306,0.0041827606,0.109062016,0.31411168,0.4361141,0.09664774,-0.14607283,-0.13751127,-0.012084227,-0.030919686,0.023874378,0.08851425,0.23577328,0.19424966,0.18311962,0.22335902,0.40315202,0.44125104,0.37875155,0.24690334,0.30383778,0.4742131,0.67712235,0.79313165,0.544418,0.5576884,0.5298633,0.53799677,0.5131682,0.65914303,0.53756875,0.6283214,0.4960451,0.4502407,0.39844316,1.715641,2.182675,2.358187,1.910845,1.944235,1.6916686,2.2023666,1.9742006,1.8355032,1.8551948,2.106905,1.8718898,1.6856756,1.3984349,1.2717235,1.208368,0.81924444,0.789707,0.6236125,0.9476681,0.59236276,0.7708716,0.8706139,0.8753228,0.892874,1.0307153,0.8988671,0.7558888,0.6176194,0.6236125,0.7867105,0.97378093,0.9879075,0.70323515,0.6201879,0.8830282,0.8787474,0.9870513,0.8239533,0.9968971,1.023866,0.9074286,1.0050306,1.0054587,0.9699282,0.8787474,1.0358523,0.95708585,1.1433,0.9699282,0.94595575,0.92712027,0.8457853,1.0024621,0.98105824,0.86034006,0.7982686,0.9583701,1.1261768,1.138163,1.2417581,1.3342232,0.7807174,0.9630789,0.6903928,0.7160775,0.6762662,0.89073366,0.78242964,0.7961282,0.6788346,0.6060613,0.63517064,0.3256698,-0.0078034406,0.055124115,-0.103693046,0.17841075,0.21436936,0.28842697,0.06967879,0.32695404,0.17883883,0.0773842,0.2156536,0.08937041,0.13817137,-0.016365012,0.0855177,0.16856495,0.10777778,0.36505303,0.48662734,0.3397964,0.44895646,0.43354562,0.14716102,0.30597818,0.19596198,0.3740427,0.46693572,0.63731104,0.7867105,0.56839037,0.7070878,0.93225724,0.8564873,0.90400404,0.9506646,0.9729247,0.8085425,0.9172744,1.0135922,0.9343977,1.0367084,0.9587981,1.0354241,1.2451826,1.2336246,1.3787432,1.5071667,1.4331093,1.3599077,1.3260896,1.2867063,1.4189826,1.1552862,-0.015936935,0.22121862,0.09793198,0.08466154,0.12361669,0.19253734,0.23705754,0.29570428,0.18782848,0.3616284,0.23363289,0.14972948,0.15829106,0.2254994,0.14330831,0.099216215,-0.15591864,-0.16490829,-0.13537088,-0.07244331,0.056408353,0.13517481,0.12318861,-9.802569e-05,0.0028985247,-0.37809145,-0.34726977,0.07609997,-0.07329947,-0.33956435,-0.5420456,-0.33656782,-0.3228693,-0.13109009,-0.10840192,-0.115679264,-0.23554127,-0.29204765,0.005466996,-0.08143296,-0.15377825,0.1296098,0.16770878,-0.05489209,-0.13579895,-0.17004524,-0.05403593,-0.4012077,-0.47098452,-0.55103517,-0.55531603,-0.73254055,-0.5737234,-0.441019,-0.6768903,-0.78861886,-1.0386168,-0.98253846,-0.83399516,-0.8802276,-0.82928634,-1.317724,-1.290327,-1.056168,-1.2933234,-1.2239747,-1.1636156,-1.3172958,-1.1306536,-1.2779126,-1.143068,-1.3750864,-1.5762835,-1.6678922,-1.5039382,-1.312587,-1.3545387,-1.4838185,-1.7017105,-1.8258532,-1.9320167,-2.2663462,-2.2667742,-2.2064152,-2.1481965,-2.0112114,-1.9191743,-1.8913494,-1.801881,-1.8930616,-2.0608685,-2.216261,-2.5403166,-2.8455365,-2.8010166,-2.2898905,-1.9452872,-1.6293652,-1.6982858,-1.5257701,-1.6922928,-1.77534,-1.7513677,-1.781333,-1.2941797,-0.21799004,-0.0022384187,-0.019361565,-0.30317768,-0.06388174,0.12875363,0.22293094,0.22421516,0.3175363,0.27772498,0.21650974,-0.049327068,0.1694211,0.0028985247,0.09365119,0.032435946,0.20067084,0.14288022,-0.15805903,-0.5570283,-0.250524,-0.3053181,-0.29632843,-0.30232152,-0.48040223,-0.6537741,-0.479118,-1.0694383,-0.95728177,-0.7526602,-0.94615173,-1.110534,-0.91318965,-0.6507775,-0.5095116,-0.83956015,-1.1370747,-0.66661644,-0.7171297,-0.31516388,-0.4911042,-0.61653125,-0.43759435,-0.3729545,-0.34726977,-0.26165408,-0.17646642,-0.21114078,-0.40591657,0.23406097,0.7503238,1.2066556,1.2871344,1.6163269,1.4951806,1.463931,1.3188123,1.0482665,1.790983,2.0152962,1.9613582,2.041409,2.1848154,2.1227438,2.3979986,2.3457727,2.7909746,2.9904592,3.375302,3.4831777,3.556379,3.2691383,2018-04-17
POR_DTE,-0.26016334,-0.49366596,-0.8278027,-0.85532,-0.9174301,-0.75861675,-0.76962364,-0.6642723,-0.8726164,-0.9017059,-0.88283706,-1.0015539,-0.9693195,-0.83330613,-0.9646023,-1.0078435,-0.91192657,-0.86632675,-0.759403,-0.80972004,-1.0070573,-0.88283706,-0.9355128,-0.89698875,-0.91114044,-0.9850436,-0.77434087,-0.7138031,-0.7224514,-0.67842394,-0.95831263,-0.9300093,-0.8647544,-0.93708515,-0.95359546,-0.9669609,-1.0636641,-0.8867681,-0.7570444,-0.66348606,-0.69729286,-0.7413203,-0.85217506,-0.98976076,-1.0157056,-1.0235677,-0.99447805,-0.96067125,-0.84038204,-0.8388096,-0.8954164,-0.87733364,-0.86947155,-0.76962364,-0.78534776,-0.7908512,-0.6469758,-0.7829891,-0.91349894,-0.9284369,-0.90956795,-0.9669609,-1.1768774,-1.2334841,-0.8513888,-0.5384796,-0.48108667,-0.45907298,-0.36630088,-0.40089387,-0.37809396,-0.4158317,-0.50703144,-0.33878374,-0.117860354,-0.15245335,-0.24837027,-0.12100517,-0.123363785,-0.22714275,-0.44649372,-0.6108104,-0.5738588,-0.7947822,-0.7963546,-0.7271686,-0.69807905,-0.76883745,-0.874975,-0.99683666,-0.9716781,-0.79006493,-0.7476099,-0.36315608,-0.4299834,-0.5164659,-0.4488523,-0.34192857,-0.41425934,-0.53297615,-0.49052116,-0.37180433,-0.19726698,-0.19726698,-0.17761187,-0.039239936,0.13765602,0.1730352,0.12743537,0.19504893,0.060608007,0.13765602,0.3043313,0.07318728,0.06453903,0.2115592,0.30904853,0.4293378,0.43484122,0.40260687,0.42697918,0.49144793,0.46393076,0.5409788,0.4167585,0.45371014,0.41911712,0.57006836,0.32948983,0.09126997,0.022870202,0.00793232,-0.2939701,-0.26252192,-0.09506043,-0.2515151,-0.55027264,-0.4425627,-0.47794187,-0.4889487,-0.755472,-0.84588546,-0.6115966,-0.69178945,-0.3466458,-0.119432755,0.011863342,-0.07461912,0.10384924,0.0779045,0.07082866,0.13922843,0.4285516,0.2854624,0.06611143,0.11406989,-0.10921211,-0.05417781,-0.10056386,-0.20748764,0.07397348,0.054318372,0.22413847,0.2831038,0.1533801,-0.1618878,-0.6422585,-0.14694992,0.007146116,-0.0038607428,0.07947691,0.111711286,0.14473186,-0.11157072,-0.24915648,-0.29475632,-0.19333597,-0.08798459,0.010290934,0.081049316,-0.086412184,-0.006219356,0.30118647,0.04960115,0.29725546,0.1871869,0.22413847,0.4710066,0.17618003,0.23593155,0.28074518,0.34678635,0.45764115,0.7461781,0.8916258,0.9089224,0.7681918,1.0064117,0.8837638,0.7257368,0.72495055,0.7508953,0.31455195,-0.10292247,-0.20748764,-0.13672926,-0.117074154,0.10935266,0.094414786,0.26502112,0.3397105,0.02051159,0.120359525,-0.03688132,-0.20512904,0.2320005,-0.17918429,-0.40168005,-0.091915615,-0.16424641,-0.10921211,-0.004646947,-0.23185997,-0.24208063,-0.26645294,-0.073046714,-0.09584664,-0.15874298,-0.15402575,-0.044743363,-0.17525327,-0.31834245,-0.31519762,-0.4252662,-0.32305968,-0.27352878,-0.008577968,-0.16660501,-0.11471553,-0.060467444,-0.086412184,-0.10606729,-0.105281085,-0.17525327,-0.009364173,0.053532172,0.068470046,0.00793232,-0.1257224,-0.13672926,-0.1445913,-0.26881158,-0.14694992,-0.06832948,-0.17210844,0.14630426,0.43326882,0.7548263,0.79256415,0.85388803,0.89241207,1.034715,1.1495008,0.9757498,0.8908397,0.8483846,0.85388803,0.7139437,0.5519857,0.6518336,0.71315753,0.52210987,0.5354754,0.35936558,0.5315443,0.59050965,0.75561255,0.77212286,0.89005345,0.9317222,0.5574891,0.56692356,0.73517126,0.911281,1.0127013,0.91835684,0.86175007,0.6722749,0.7933503,0.60230273,0.6895714,0.73517126,0.6368957,0.6345371,0.45449635,0.68721277,0.6486888,0.62746125,0.872757,1.0197772,1.2509211,1.030784,0.94115674,1.018991,0.8601777,0.7941365,1.0543702,1.0001221,0.9781083,1.0826734,1.0590874,1.1550043,1.2029628,1.2980934,1.2446315,1.2179006,1.0315703,1.0284253,0.93014985,1.195887,0.85624665,0.9332947,1.1054734,1.138494,1.0551564,1.0009083,1.0001221,0.9309361,0.838164,0.765047,0.69193,0.5944407,0.78863317,0.83266056,1.0252806,0.9222878,0.8696121,0.7799849,0.74775046,0.85939157,0.8004262,0.92621887,1.0205634,1.2061076,1.4380378,1.5512513,1.5205892,1.2973073,1.2807969,1.0858184,0.9026327,1.1023285,1.2092524,1.4026587,1.3892931,1.3295416,1.4970032,1.276866,1.2053213,1.3979414,1.234411,1.2815832,1.0976114,0.838164,0.42540678,0.34678635,0.29882786,0.20055234,0.30983472,0.07082866,0.40103444,0.71315753,0.7540401,0.70136446,0.7438195,0.8648949,0.77919865,0.47415143,0.6235302,0.4788687,0.43484122,0.614882,1.2666452,1.2713625,0.93722576,1.0622321,1.1298457,1.0834597,1.065377,1.3193209,1.5142996,1.2980934,1.2407005,0.71787477,0.6015165,0.7084403,0.8648949,1.0748115,1.1746594,0.83580536,0.8389502,0.97260493,1.1267009,0.9930462,0.580289,0.111711286,-0.040026136,-0.18547392,-0.28060463,-0.15874298,0.25637284,0.3412829,0.46786183,0.4167585,0.31769678,0.5409788,0.4277654,0.6140958,0.6337509,0.64475775,0.65812325,0.503241,0.47022042,0.43248263,0.5653511,0.54019254,0.47965488,0.5464822,0.62117165,0.6667715,0.4568549,0.7060817,0.7744815,0.7052955,0.70215064,0.7964952,0.80199856,0.7862745,0.79020554,0.91363955,0.98439795,0.6651991,0.5472684,0.6832818,0.51660645,0.69821966,0.38531035,0.52761334,0.5779304,0.7847021,0.7508953,0.82086754,1.030784,1.2013904,0.92779124,0.60544753,0.4655032,0.44034466,0.3963172,0.7005782,0.64161295,0.75010914,0.9380119,1.0551564,1.2186868,1.3452657,1.4600515,1.195887,0.87354314,0.8908397,0.6887852,0.6895714,0.610951,0.6667715,0.5967993,0.76426077,0.8515294,0.9238602,0.66441286,0.603089,0.62746125,0.815364,0.80121243,0.7453919,0.86410874,0.73595744,0.7170885,0.49144793,0.5747856,0.6596956,0.68092316,0.730454,0.63610953,0.57085454,0.7674056,0.82715714,0.8405226,0.8601777,0.9293637,0.9387981,0.98990136,1.1337768,1.1432112,1.2666452,1.1746594,1.1211975,0.545696,0.48437208,0.11406989,0.18404207,0.34206912,0.4922341,0.4890893,0.32870364,0.35071737,0.36722764,0.33577946,0.1730352,0.12193193,0.10856646,0.19740751,0.14709048,0.34757254,0.39867586,0.48122728,0.6699163,0.64397156,0.6321785,0.7713366,0.6903576,0.9057775,0.6942886,0.7068679,0.7273092,0.9686739,0.96081185,0.7831297,0.67541975,0.58500624,0.52761334,0.4977376,0.49695137,0.5040272,0.60859233,0.60387516,0.5787166,0.5346892,0.6714887,0.7406747,0.48201346,0.5488408,0.4246206,0.1156423,-0.018012417,0.12507674,-0.09899145,-0.051032994,-0.0329503,-0.003074539,-0.091915615,-0.23972203,-0.054964017,0.09048377,0.2681659,0.507172,0.17460762,0.0409529,-0.08877079,0.019725384,-0.49287975,-0.4024663,-0.09584664,-0.41347316,-0.4842315,-0.3112666,-0.13830166,0.1730352,0.2115592,0.32870364,0.2272833,0.23750393,0.31219336,0.20841438,-0.104494885,-0.062039856,0.05195976,0.3004003,0.20526958,0.23986256,0.2296419,0.24379358,0.16360076,0.16281456,0.29804167,0.21863504,0.11957332,0.2131316,0.45528254,0.41833094,0.48122728,0.34678635,0.3428553,-0.041598547,-0.2868943,-0.47558329,-0.25623232,-0.15795678,-0.17289464,-0.27824602,-0.33485273,-0.2177083,0.19190411,0.24064876,-0.0054331515,0.29804167,0.4875169,0.51660645,0.35228977,0.210773,0.13844222,0.18168347,0.16674557,-0.12179138,-0.17210844,-1.1037605,-0.73817545,-1.0400778,-1.290877,-1.2971667,-1.3584906,-1.0573744,-0.7601892,-0.47715566,0.56456494,0.5189651,0.69507486,0.39002755,0.6565508,0.6117372,0.35386217,0.59286827,0.4662894,0.6015165,0.603089,0.5567029,0.8570329,0.69586104,1.0480804,1.2045351,1.1322044,1.0700942,0.6911438,0.6927162,0.7092265,0.68485415,0.7288816,0.8051435,0.7839159,0.50009614,0.26502112,0.1895455,0.24457978,0.17932485,0.16674557,-0.08248116,-0.07776394,-0.2751012,-0.1068535,0.08576654,-0.051032994,-0.15245335,-0.4119007,-0.2971149,-0.53297615,-0.4606454,-0.49523836,-0.49209353,-0.7303134,-0.86947155,-0.82858896,-0.8977749,-1.0235677,-1.1100501,-1.2712219,-1.1414982,-1.2169738,-1.4504765,-1.1391397,-1.1926014,-1.1918154,-1.2932357,-1.4536213,-1.7044204,-1.7020618,-1.8168478,-1.899399,-1.802696,-1.7924753,-1.906475,-1.8883922,-2.1305432,-1.8773854,-1.8506545,-1.906475,-2.010254,-2.045633,-2.2948596,-2.4088593,-2.1588466,-2.7123344,-2.9136026,-2.7854512,-2.6816723,-2.6777413,-2.7665825,-2.6793137,-2.6808863,-2.537797,-2.676169,-2.7131205,-3.0008712,-2.80432,-2.9238234,-2.9945817,-2.9246094,-2.9827886,-3.0527606,-3.0794916,-3.015023,-2.799603,-2.8766508,-3.0110917,-3.111726,-3.1463192,-2.8939474,-3.1243052,-3.0338917,-2.9702094,-3.2233672,-3.130595,-3.103078,-3.0779192,-3.0936432,-3.1746225,-3.0881398,-3.1927052,-3.2178638,-2.7091897,-2.652583,-2.708403,2018-04-17
FE_DUK,1.2673492,1.3007433,1.3166815,1.1246654,1.2946717,1.5193229,1.0571183,0.7747865,0.7057214,0.8855941,0.83398503,0.80438566,0.68522954,0.85068214,0.97818685,1.0389034,1.1277012,1.2969486,1.3644958,1.4244533,1.2977076,1.3311015,1.4684727,1.253688,1.1922126,0.9136755,0.66018397,0.6981318,0.69509596,0.66549665,0.46437314,0.82563657,0.7626431,0.29588476,0.084894836,0.11904789,0.12663744,0.3899954,0.33307365,0.2791877,0.11297623,0.011276038,-0.057789013,-0.13672051,-0.20426765,-0.22855426,-0.10408536,0.03783952,0.07275153,0.36267292,0.23137346,0.09172544,0.18811293,0.18887189,0.1987383,0.32244825,0.74594605,0.6525944,0.4271843,0.08261796,0.108422495,-0.41298074,-0.43650836,-0.25511774,-0.23234905,-0.337844,-0.16024816,0.3634319,0.58580625,0.23668616,0.35508338,0.59870845,0.6882654,0.6321026,0.642728,0.8203238,0.72697216,0.8780045,0.9144345,0.8021089,0.8734508,0.6108518,0.3937902,-0.07220919,-0.53061897,-0.3795866,-0.2141341,-0.21337512,-0.42891878,-0.8873286,-0.96170634,-0.7416089,-1.0596118,-0.79170007,-0.951081,-1.0436736,-1.0641655,-0.8956771,-0.7378141,-0.5450392,-0.513163,-0.8197815,-0.73401934,-0.93817866,-1.178009,-1.107426,-0.9480451,-1.0080026,-1.0702372,-0.8691136,-1.2038134,-1.0763088,-0.7712083,-1.0292535,-1.072514,-0.9100973,-0.74464476,-0.2923066,-0.31279844,-0.20274973,-0.13444364,-0.2771275,-0.44333896,-0.20806243,-0.4448569,-0.36516646,-0.7643776,-0.8956771,-0.96550107,-1.1119798,-1.1279178,-0.9025077,-0.9670191,-1.0246998,-0.8379964,-1.1590351,-1.5840508,-1.6956174,-1.4967707,-1.1742142,-1.1476507,-0.86455995,-1.0148333,-1.1188103,-0.99737734,-0.6057557,-0.4835637,-0.6065147,-0.6118273,-0.7256708,-0.5845049,-0.4623129,0.034803692,-0.01376953,0.018106649,0.41579992,0.12967327,-0.20047288,-0.12761302,-0.34391567,-0.42208818,-0.740091,-0.68013346,-0.44941062,-0.54655707,-0.7947359,-0.7696904,-0.460036,-0.091942064,-0.01832327,0.0120349955,-0.038056143,-0.20199078,-0.4797689,-0.60347885,-0.61258626,-0.44030312,-0.9002309,-0.54200333,-0.30900368,-0.2141341,-0.635355,-0.060824838,-0.46838453,-0.1473459,-0.8379964,-0.7195992,-0.2088214,-0.4585181,-0.33329028,-0.4357494,-0.3719971,0.05605448,-0.056271102,-0.08587041,0.3353505,0.17445172,0.41200513,0.1152531,0.19797936,0.37937,-0.025153881,0.055295523,0.3937902,-0.26346627,0.67156833,0.21315849,0.40821037,0.23516823,0.028732039,0.6730862,0.15395989,0.5258487,0.5675913,0.7019266,0.8180469,1.1079684,1.3675315,1.5701729,1.6999545,1.814557,1.6240588,1.5580295,1.5375378,1.6642835,1.7591531,1.5367788,1.5982542,1.584593,1.656694,1.7659836,1.5398146,1.830495,1.517046,1.602808,1.6050849,1.4024436,1.1201117,0.8726918,0.97515094,1.1580596,1.3151636,1.5018668,1.4783392,1.3447628,1.4624012,1.5443684,1.376639,1.042698,0.6563892,0.94099796,0.9493465,0.9000143,1.810762,-0.3173522,-0.27560958,-0.0130105745,0.29740268,0.49017772,0.39682603,0.19570248,0.4264253,0.6313436,0.6351384,0.6138876,0.34445798,0.24731155,0.11904789,-0.24221548,-0.14506903,-0.1860527,-0.26877898,-0.3067268,-0.28851184,-0.20730348,-0.13292572,0.04922387,0.15168302,0.3004385,0.5334382,0.5258487,0.6905423,0.6958549,0.7171057,0.3922723,0.34673485,0.3497707,0.34369904,0.48714188,0.63286155,0.36798567,0.24655257,-0.039574057,0.015070821,-0.1754273,-0.13596155,0.23896302,0.5000441,0.82943135,0.96832037,0.9174703,1.16489,1.1110042,1.4768213,1.5299482,1.672632,1.7864755,1.4555705,1.6430327,1.6824985,1.6141925,1.5215998,1.4760624,1.7341076,1.7750912,1.4161048,1.0639489,1.1398445,0.84992313,0.48182917,-0.112433895,-0.01832327,-0.10029058,-0.34087986,-0.1071212,-0.12913094,-0.19895495,-0.10104954,0.07047466,0.040875345,-0.16404295,0.008999169,0.1152531,-0.07220919,-0.12533616,0.077305265,0.1152531,0.06667987,-0.19136539,-0.05703006,-0.23386696,0.07578736,-0.07752188,0.0924844,0.18583606,0.2556601,0.55013525,0.13043223,0.4264253,0.108422495,0.0697157,0.17445172,0.23137346,0.63286155,0.6510765,1.042698,1.1641312,0.95010537,1.0351086,0.52660763,0.47120377,0.3004385,0.25717798,-0.14582798,-0.4532054,-0.5738795,-0.52075255,-0.5791922,-0.36744332,-0.5981661,-0.5617362,-0.5215115,-0.5055734,-0.09421893,0.4446403,0.42263052,0.22226599,0.4529888,0.519777,0.6746041,0.86813813,0.85978955,0.8711739,0.9941248,0.5850473,0.5600017,0.73607963,0.9470696,1.3462808,1.3667727,0.8977374,0.032526825,-0.10863911,0.07882318,0.13650389,0.07047466,0.12967327,-0.19440123,0.063644044,0.090966485,-0.13064885,0.21315849,0.37633416,0.3353505,-0.26574314,-0.390212,-0.68392825,-0.7416089,-0.8334427,-1.0747908,-0.7901822,-0.7378141,-0.582987,-0.30217305,-0.37806872,-0.39476573,-0.14962277,-0.26726106,-0.49418908,-0.39628366,-0.56628996,-0.52606523,-0.5101271,-0.7545112,-0.6437035,-0.7082149,-0.73098356,-0.7104917,-0.79321796,-0.6019609,-0.6232117,-1.0019311,-0.8197815,-0.8782211,-0.9032667,-0.5928534,-0.83040684,-1.0785856,-1.2592174,-1.4982886,-1.5309238,-1.387481,-1.3745787,-1.2652891,-1.3745787,-1.1620709,-1.3829273,-1.3419436,-1.1506866,-1.1453738,-1.0968007,-1.1150156,-1.1575172,-0.83040684,-0.82205826,-0.87973905,-0.83040684,-0.83116585,-0.5602183,-0.4099449,-0.7947359,-0.48963532,0.019624561,-0.29306558,0.04922387,-0.44941062,-0.43119568,-0.33404922,-0.59740716,-0.6687491,-0.6262475,-0.60879153,-0.54807496,-0.66191846,-0.72263503,-0.43878523,-0.6945536,-0.56477207,-0.7727262,-0.61865795,-0.5943713,-0.7173223,-0.65356994,-0.61106837,-0.4835637,-0.4729383,-0.5700847,-0.29534245,-0.53061897,-0.3712381,-0.37351498,-0.37047917,-0.62245274,-0.4570002,-0.54200333,-0.47369725,-0.6740618,-0.59740716,-0.5624952,-0.9169279,-1.0102795,-1.0512632,-1.0148333,-1.0823804,-1.1301947,-1.1491687,-1.4884223,-1.756334,-2.034871,-1.8375424,-1.9263403,-1.9741546,-1.8261579,-1.9635291,-1.9339299,-1.9900926,-2.074337,-1.9521449,-2.074337,-2.1684475,-2.4651995,-2.4264927,-2.3452842,-2.320998,-2.2390306,-2.1547863,-2.1130435,-1.967324,-1.9544218,-1.9028126,-1.8580341,-2.0409427,-2.0697832,-2.0424607,-2.1631348,-2.0341122,-1.7768259,-1.8891515,-1.7768259,-1.688028,-1.617445,-1.6394547,-1.6402137,-1.8914284,-2.0325942,-2.1775548,-1.4899402,-1.652357,-1.9923695,-2.105454,-1.8641059,-1.9066075,-1.8147737,-1.7487444,-1.7995946,-1.7479855,-1.7624058,-1.5332007,-1.5385134,-1.2356898,-1.2174747,-1.0998365,-0.8744263,-0.6611595,-0.35985377,-0.6216938,-0.8159867,-0.7142865,-0.6543289,-0.08283458,-0.2490461,-0.23690279,-0.09953163,-0.02060014,-0.01149266,-0.1716325,-0.094977885,-0.28092226,-0.028189708,0.100832924,0.27008024,0.3566013,0.32927886,0.33459157,0.41504097,0.4636142,0.449953,0.44312236,0.29133102,0.26856232,0.33155572,0.23516823,0.21239954,0.19570248,0.110699356,0.1501651,0.041634303,-0.094977885,-0.06386066,0.08944857,-0.3188701,-0.460036,-0.4099449,-0.41146278,-0.5571825,-0.4767331,-0.5389675,-0.5670489,-0.66647226,-0.5882997,-0.7416089,-1.1696604,-1.1833217,-0.68316925,-0.70442003,-0.5571825,-0.3924889,-0.3955247,-0.3811045,-0.37730977,-0.32721862,-0.215652,0.14105763,0.17596963,-0.12002346,-0.076003976,-0.1594892,-0.0160464,-0.12685406,-0.10104954,-0.20654453,-0.28927082,-0.30976263,-0.022118052,0.2025331,0.36419085,0.15092406,0.12815537,0.22150701,0.50687474,0.6525944,1.0320728,0.922024,1.1527469,1.2931538,1.7530814,1.6119156,1.5603064,1.6050849,1.5360198,1.3204763,1.3402091,1.1406035,1.1337729,0.869656,0.9508644,1.2430626,1.0305549,0.27842876,0.1782465,0.16989799,0.41731787,0.47575748,0.659425,0.43097907,0.15168302,0.06060822,-0.14810485,-0.2665021,-0.4835637,-0.7142865,-0.7021432,-0.7613418,-0.83040684,-0.8546935,-0.7719672,-0.66647226,-0.48659948,-0.74995744,-0.7454037,-0.84862185,-0.6915178,-0.83268374,-0.9169279,-0.58905864,-0.6770976,-0.73629624,-0.73553723,-0.8926413,-0.9639832,0.97818685,0.6389332,0.094002314,0.61312866,0.6176824,0.7725096,0.84688735,1.1557827,1.0912713,0.7854118,0.50687474,0.3672267,0.32017136,0.21847118,0.5182591,0.60705703,0.97666883,0.9850174,1.4221764,1.5405736,1.4646779,1.4586064,1.55044,2.006573,1.8760324,1.482893,1.184623,1.1550237,1.1459162,1.2294015,0.83853877,0.712552,0.79907304,1.3356553,1.3386912,1.5337429,1.7712965,1.9633124,2.0354133,2.0111268,2.021752,2.2433674,2.4930642,2.1067553,2.215286,2.4847155,2.37239,2.1264882,2.0521104,2.1484978,2.216804,2.27069,2.2016249,2.1431851,2.3663185,2.4642239,2.2615824,2.4384193,2.4809208,2.7328944,2018-04-17
HEI-A_AAON,-0.24508472,-0.31190822,-0.26711035,-0.232392,-0.24191155,-0.24489808,-0.1551157,-0.22959214,0.16948214,0.1612692,0.17620182,0.2902497,0.13999021,0.1082584,0.19206774,0.09705893,0.2855833,0.16406907,0.2713973,0.21950643,0.16892216,0.08044639,0.16350909,0.2452652,0.19897407,0.13700369,0.111991554,0.17862837,0.10060542,0.047407974,0.054874282,-0.03789462,-0.054133847,-0.026135186,0.121324435,0.17993498,0.22025305,0.19038782,0.23406573,0.3455004,0.45357525,0.45226866,0.66169864,0.60644794,0.5997283,0.62324715,0.49407998,0.37237912,0.3557666,0.3733124,0.521332,0.47690746,0.46552134,0.30574232,0.38600513,0.53925115,0.5155456,0.43266958,0.30910215,0.28259677,0.14036353,0.19468094,0.2824101,0.24937166,0.07783318,0.13551043,0.13495046,0.21782652,0.21577328,0.22305293,0.17377527,-0.032481547,-0.015309035,0.04871458,-0.018295558,-0.040881146,-0.052827243,-0.08474572,0.03340864,-0.003176281,0.028182222,0.02594233,0.31787506,0.6088745,0.70817643,0.7206825,0.46906784,0.58423567,0.5032262,0.7031367,0.7505477,0.76996017,0.8614224,1.0322143,0.87523514,0.81886446,0.81475794,0.8352903,0.8332372,0.82203764,0.8143847,0.63127345,0.8580626,0.7888125,0.81083816,0.83977014,0.7833995,0.79067916,1.0559199,1.0527467,0.9553113,0.8168112,0.68820405,0.6999635,0.57639605,0.34064734,0.4683212,0.41904354,0.5441042,0.63911307,0.45824167,0.43173626,0.49463996,0.4558151,0.5418644,0.51106584,0.34848693,0.39683127,0.45749503,0.34363383,0.4675746,0.56482327,0.31918168,-0.00093638763,-0.48717985,-0.41326338,-0.31788126,-0.4427553,-0.44126207,-0.48046017,-0.37145203,-0.28577614,-0.29193583,-0.3374803,-0.46515426,-0.44443524,-0.4582479,-0.54635036,-0.6648781,-0.7341281,-0.8319367,-0.74383426,-0.595628,-0.54504377,-0.470754,-0.5782689,-0.45246154,-0.6066408,-0.35409287,-0.25161776,-0.18983403,-0.38993117,-0.3193745,-0.23836504,-0.1926339,-0.14746274,-0.0033629383,0.20625374,0.15380289,0.014929522,0.064393826,0.14279008,0.15622944,0.25459808,0.41773695,0.5302916,0.6392997,0.7692135,0.94280523,0.90155387,1.044907,1.0079488,0.96128434,0.90360713,0.98853636,0.89464754,0.869822,0.73318857,0.7830262,0.7274022,0.75278765,0.7415882,0.49072012,0.49725315,0.45226866,0.28651655,0.24283865,0.43808264,0.4748542,0.5528771,0.4085907,0.2855833,0.19654752,0.1047119,0.13215059,0.18534805,0.14391004,-0.027255131,0.06906027,-0.246578,-0.73394144,-0.74570084,-0.73300815,-0.8324967,-0.6913835,-0.76007354,-0.74103445,-0.93123865,-0.8526557,-0.8403363,-0.9099597,-0.86236197,-1.0915776,-0.88121444,-0.96913016,-1.090831,-1.2013324,-1.1561612,-1.2649827,-1.1223762,-1.189573,-1.1384288,-1.3844436,-1.3036209,-1.3148204,-1.4238285,-1.2069322,-1.0818715,-1.0490197,-0.9086531,-0.987236,-0.87393475,-0.8687083,-0.9799563,-0.995449,-0.92918545,-0.9099597,-0.7591402,-0.88158774,-0.86758834,-0.9969422,-0.75316715,-0.81103104,-0.77817935,-0.56296295,-0.5360842,-0.560163,-0.4474218,-0.3604392,-1.0230743,-0.9881693,-0.9159328,-0.93702507,-0.75279385,-0.7460742,-0.8690817,-0.9431848,-0.63053304,-0.64229244,-0.53739077,-0.5015525,-0.47934026,-0.6064542,-0.7107959,-0.55512327,-0.54597706,-0.43342245,-0.6353861,-0.59712124,-0.57602894,-0.44574183,-0.46067446,-0.5680027,-0.55512327,-0.4694474,-0.4291293,-0.3535329,-0.2585241,-0.2779365,-0.33598706,-0.364919,-0.36790553,-0.4379022,-0.5616563,-0.52768457,-0.51611185,-0.38489142,-0.51013875,-0.62213343,-0.596188,-0.6172803,-0.6575984,-0.5816287,-0.70762265,-0.84705603,-0.945798,-1.0874712,-0.95065105,-1.0044085,-0.8681483,-0.76138014,-0.60178775,-0.3964642,-0.37275863,-0.39441094,-0.26001737,-0.07709275,-0.09893171,0.063833855,0.08193966,0.02351578,0.10433859,0.27905026,0.043114845,-0.16799508,-0.1189041,-0.1502626,-0.1758347,-0.03546807,-0.01978882,0.050394498,0.013622918,-0.025388556,-0.015122377,-0.048534114,-0.11405099,-0.0901588,-0.22287245,-0.27886978,-0.36323908,-0.4759804,-0.5502702,-0.55437666,-0.6262399,-0.7442076,-0.609254,-0.37499857,-0.12674372,-0.26039067,-0.1706083,-0.12749036,-0.13178347,-0.36641228,-0.38470477,-0.42744938,-0.4481684,-0.4220363,-0.27439,-0.18274105,-0.2708435,-0.28129634,-0.2581508,-0.36603895,-0.46776748,-0.71452904,-0.8647885,-0.97062343,-0.68746364,-0.7412211,-0.6223201,-0.6624515,-0.56370956,-0.57546896,-0.57304245,-0.51237863,-0.45992783,-0.5573632,-0.7180755,-0.78079253,-0.680744,-0.51760507,-0.6185869,-0.59394807,-0.7486874,-0.49539283,-0.39403766,-0.10434479,-0.057680342,-0.2708435,-0.2708435,-0.5138719,-0.6827972,-1.120883,-1.3586849,-1.0404334,-1.1122967,-1.2317576,-1.2069322,-1.2229848,-1.1141633,-1.1206963,-1.2351176,-1.0656322,-1.015608,-0.98480946,-0.9362784,-0.868335,-1.003102,-0.895587,-0.7533538,-0.8459361,-0.861802,-0.96633035,-0.9698768,-1.2470636,-1.2502367,-1.2293311,-1.0747784,-1.1860266,-1.0863513,-0.93907833,-1.0193411,-1.1419753,-1.0040352,-1.0191544,-0.9532643,-1.0426733,-1.2715157,-0.9724901,-0.78695226,-0.88308096,-1.0152347,-1.138802,-0.8606821,-0.9661437,-0.93833166,-0.89838696,-0.876548,-1.0800048,-1.138802,-1.4376411,-1.6870159,-1.7641056,-1.7581323,-1.4283082,-1.3726842,-1.4283082,-1.3446856,-1.3415124,-1.141042,-1.2313844,-1.2644228,-1.3138871,-1.2840219,-1.45948,-1.329753,-1.3579383,-1.3599916,-1.1048304,-1.1233095,-1.1108035,-0.48475328,-1.2898082,-0.9323586,-0.8427629,-1.0673121,-1.2028257,-1.1139766,-0.9816362,-1.0087016,-1.0492064,-1.0184078,-1.0589125,-1.0772051,-1.0958707,-1.3262064,-1.4217753,-1.46284,-1.3790306,-1.3543918,-1.2220515,-1.4434276,-1.412629,-1.0680588,-0.9629705,-0.91947925,-0.9808897,-0.96894354,-0.8267103,-0.95625085,-0.8737481,-0.9036133,-0.805618,-0.8550823,-1.1451485,-0.96241057,-0.9004401,-1.0617125,-1.0182211,-0.95643747,-1.2287712,-1.2739422,-1.3962032,-1.524437,-1.5604619,-1.5160373,-1.204319,-1.3818305,-1.3973231,-1.4031096,-1.3887368,-0.96465045,-1.147575,-1.1921862,-1.0596592,-1.1124834,-0.9799563,-1.058166,-1.0624591,-0.85470897,-0.91126627,-1.1091235,-1.176507,-1.1856532,-1.412629,-1.2059989,-1.0316606,-0.91126627,-0.89876026,-1.1610143,-1.262183,-1.1233095,-1.0540595,-1.0891511,-1.3187402,-1.4695597,-1.4111358,-1.5190238,-1.5696082,-1.4152422,-1.2935413,-1.2868217,-1.379404,-1.175387,-1.1134167,-1.0844847,-1.013928,-0.81719077,-1.0299807,-1.2550899,-1.2039456,-1.0398735,-0.82951015,-0.8487359,-0.8235372,-0.84444284,-0.6794374,-0.8442561,-0.9151861,-0.9073465,-0.9560642,-0.89577365,-1.0103816,-0.9353452,-0.8156975,0.044608105,0.30480903,0.5246919,0.68876404,0.73636174,0.7774264,0.8505963,0.95344466,1.0964246,0.7016434,0.8166246,0.8395835,1.257137,1.317614,1.4070231,1.2793492,1.499232,1.5457098,1.5057652,1.5878946,1.4661936,1.2810291,1.2836423,1.4893391,1.530404,1.4454745,1.4178493,1.3084679,1.3254536,1.4185958,1.4380083,1.311081,1.4852326,1.5206978,1.5108049,1.4357684,1.1835938,1.1737009,1.1199434,1.3207872,1.4602206,1.5038986,1.5259242,1.6254128,1.4184092,1.2905487,1.0368807,0.96128434,1.1843404,1.0630128,0.6786845,0.89240766,0.9566179,0.83174384,0.91816646,1.0671192,1.0691725,1.0292277,1.0477068,1.1117305,1.1905,1.0915715,1.1611948,1.2836423,1.2438842,1.0971712,1.3062279,1.3082811,1.1753808,1.2013263,1.015975,1.0995977,1.267963,1.2646033,1.2640432,1.3191073,1.3310534,1.5856546,1.3877974,1.3280668,1.135996,1.1666079,1.1270365,1.0574131,1.0723457,0.8817681,0.92395276,0.86646223,1.0072021,0.8812082,0.34531376,0.5168522,0.3703259,0.046101365,-0.044427644,0.3018225,0.3957113,0.59450185,0.8328638,0.88587457,0.8132647,1.1201301,1.3782778,1.1121038,1.4546208,1.3080944,0.8860613,0.71676266,0.7929191,0.8337971,0.7499878,0.8162513,0.6637519,0.4421891,0.61354095,0.5623967,0.8972608,0.9554979,1.0641328,1.0363208,0.92040634,1.0682392,0.98872304,0.961471,0.83025056,1.0068289,1.05144,1.1559683,1.480753,1.718555,2.0295267,1.6231729,1.3032414,1.7051157,1.661251,1.5078183,1.7306877,1.6201863,1.6730105,1.5744553,1.7206082,1.7960179,1.7181816,1.9485173,2.0200071,2.274422,2.258556,2.0860841,2.0793645,2.1071763,1.2422043,2.1838927,2.463506,2.6057394,2.5385425,2.2675154,2.3264992,2.2891676,1.8092706,1.4225156,1.3765979,1.485046,1.3303066,1.151302,1.2638565,1.3793977,1.5307773,1.3327333,1.7962046,2.0453928,1.7107153,1.3695048,1.2791625,1.6194396,1.9998481,2.3059669,2.7014947,2.764025,2.7528257,2.6824558,2.7326667,2.946763,2.977188,2.8108761,2.8924456,2018-04-17
KAMN_AAON,-0.052064717,-0.06932098,-0.07392265,0.108418524,0.009482618,0.09691436,0.1460947,0.12481197,0.4811538,0.58785504,0.62236756,0.60712457,0.52573246,0.5757757,0.5936071,0.5009985,0.46447274,0.27091497,0.3710013,0.30772838,0.2516455,0.31405565,0.30485228,0.36582443,0.37358975,0.37157655,0.38998318,0.39717332,0.39055842,0.32843587,0.38509393,0.3830807,0.4820166,0.38135508,0.41184115,0.5268829,0.5519045,0.60252285,0.59475756,0.5944699,0.6494024,0.619204,0.69369346,0.78889054,0.6200667,0.611151,0.61517745,0.57405,0.584979,0.60309803,0.62035435,0.5657095,0.5337854,0.38883278,0.48057857,0.5248697,0.56484663,0.37790382,0.32325897,0.31520605,0.21425693,0.22691151,0.28615803,0.24934466,0.11129457,0.18118243,0.166227,0.07822007,0.1196351,0.109568946,0.09202508,-0.08024995,-0.04890107,0.035367012,-0.104983926,-0.088302866,-0.11332444,-0.15301386,-0.0442994,-0.15445188,-0.0972186,0.009770223,0.12164833,0.26314968,0.29622418,0.37301457,0.3157813,0.3842311,0.3629484,0.38595673,0.30111346,0.27896792,0.27954313,0.3045647,0.1659394,0.25509676,0.23467684,0.23381403,0.21627015,0.13804178,0.13085167,0.092312686,0.14954594,0.056649733,0.050897647,0.041119102,0.02472565,-0.038259707,0.10554249,0.030765342,0.05521171,0.00027927794,0.12740041,0.19383703,0.1199227,0.014084288,0.21425693,0.11762187,0.09346309,0.10410446,-0.016976984,-0.16681886,-0.17027013,-0.08140036,0.008619805,0.10870613,0.016385123,-0.051489513,-0.122527786,0.053198483,0.11388301,0.48863152,0.337064,0.028464505,-0.4722547,-0.3784957,-0.38309735,-0.50964326,-0.5289128,-0.597075,-0.56831455,-0.44378188,-0.3520361,-0.44148102,-0.47254232,-0.39143786,-0.34657162,-0.5266119,-0.5568104,-0.6307247,-0.6172073,-0.48605976,-0.3068822,-0.35663775,-0.28502426,-0.48749778,-0.37878332,-0.60397744,-0.42163634,0.04658358,0.2700522,-0.044011794,0.11704666,0.20620401,0.2191462,0.16047491,0.18405846,0.30485228,0.3367764,0.21368171,0.19469982,0.31836972,0.18233284,0.18147002,0.39861134,0.47770253,0.36611205,0.3057151,0.36467403,0.28644562,0.32987386,0.36582443,0.6217923,0.5504665,0.5611078,0.5194052,0.41529238,0.49093235,0.36064753,0.31520605,0.35518306,0.36668724,0.4362875,0.49898526,0.5288961,0.77249706,0.9534002,1.1714042,1.0992156,1.1624885,1.0405444,1.1800325,1.2303631,1.2438805,1.2749418,1.4009125,1.3321751,1.2591236,1.2858709,1.0856982,0.57635087,0.42018166,0.51854235,-0.5821195,-0.47282994,-0.41818509,-0.23785716,-0.34542117,-0.36957994,-0.42882648,-0.49727628,-0.48145807,-0.7857435,-0.56112444,-0.67501575,-0.608004,-0.68652,-0.6278487,-0.6540206,-0.5289128,-0.46276376,-0.54214257,-0.7037762,-0.6206585,-0.7147051,-0.8055882,-0.59822536,-0.6264106,-0.66926366,-0.5700402,-0.63705194,-0.56601375,-0.6396404,-0.653733,-0.70233816,-0.63446355,-0.59966344,-0.46736544,-0.6574719,-0.63129985,-0.64913136,-0.48577213,-0.5343773,-0.47484317,-0.4038049,-0.4242248,-0.48030764,-0.38252217,-0.28646228,-1.0592552,-0.9793012,-0.94565153,-0.9965574,-0.86914873,-0.7538194,-0.978726,-1.0402733,-0.79207075,-0.9025108,-0.8829537,-0.8898563,-0.92206794,-0.9105637,-0.810765,-0.7414524,-0.765036,-0.54070455,-0.6868076,-0.62324697,-0.55163354,-0.38999984,-0.38338494,-0.4121454,-0.4653522,-0.3839602,-0.34369558,-0.17113294,-0.20507026,-0.1495626,-0.15243864,-0.1495626,-0.17084533,-0.27179447,-0.35721296,-0.46132573,-0.6264106,-0.6376272,-0.6433793,-0.59649974,-0.55566,-0.5441558,-0.5573856,-0.49468786,-0.45356044,-0.44119346,-0.5087805,-0.55163354,-0.44378188,-0.4840465,-0.5409922,-0.53696567,-0.42278677,-0.32902774,-0.3267269,-0.40179163,-0.3621022,-0.33276656,-0.39402634,-0.121089764,-0.13230634,-0.18349993,-0.09376735,0.103241645,-0.0094992705,-0.16480564,-0.14985022,-0.1760222,-0.23268028,-0.16710646,-0.0975062,-0.044874612,-0.0837012,-0.056953993,-0.07392265,-0.08600203,-0.098656625,-0.12166498,-0.09146651,-0.079962336,-0.09261693,-0.11159883,-0.21513641,-0.2657548,-0.23987038,-0.36181465,-0.33075336,-0.07938713,0.025300859,-0.13546997,-0.14438573,-0.21197276,-0.22376454,-0.54271775,-0.42911404,-0.5772303,-0.56054926,-0.5257491,-0.43055207,-0.40150404,-0.4716795,-0.40926936,-0.48088285,-0.5812567,-0.6753034,-0.9744119,-1.1259794,-1.1719961,-1.0276188,-1.0963562,-1.1259794,-1.1544523,-1.1328819,-1.1602044,-1.1846508,-1.1277051,-1.0359592,-1.0977942,-1.3169488,-1.3805094,-1.3140727,-1.2013319,-1.3503109,-1.1133249,-0.9870665,-0.87116194,-0.77912855,-0.44780836,-0.43630415,-0.44637033,-0.34283274,-0.3508857,-0.24360923,-0.5706154,-0.8032873,-0.4837589,-0.45442325,-0.5424302,-0.51827145,-0.5007276,-0.48979858,-0.6359016,-0.6847943,-0.5519211,-0.57953113,-0.5870088,-0.34944767,-0.31896156,-0.36440307,-0.3333418,-0.23440589,-0.18838918,-0.107284755,-0.21369837,-0.12799227,-0.1886768,-0.23268028,-0.1366204,-0.054365553,-0.28473666,-0.20046858,-0.18206191,-0.2988293,-0.49641347,-0.49526307,-0.56457573,-0.5271871,-0.52287304,-0.66696286,-0.06817056,-0.0071984357,-0.21369837,-0.3773453,-0.40840653,-0.14553614,-0.14122207,-0.06903338,-0.06730775,-0.03710929,-0.17976107,-0.25108695,-0.423362,-0.50705487,-0.5116565,-0.54990786,-0.35146087,-0.3784957,-0.34283274,-0.26172832,-0.30774504,-0.189252,-0.28473666,-0.36123943,-0.46851584,-0.29020113,-0.42911404,-0.2867499,-0.23843236,-0.3014177,-0.13201873,-0.14179727,-0.06702015,0.5596698,-0.1297179,-0.044011794,0.039681077,-0.36123943,-0.74662924,-0.86167103,-0.7319614,-0.81191546,-0.9229308,-1.1498506,-1.298542,-1.3201125,-1.3747573,-1.5499083,-1.6531583,-1.7152809,-1.6476939,-1.5746423,-1.5156834,-1.8067391,-1.8242829,-1.4541361,-1.3129224,-1.365554,-1.3724564,-1.3805094,-1.1558903,-1.3321918,-1.2298046,-1.3554877,-1.3359307,-1.364116,-1.542143,-1.419336,-1.4771445,-1.6229599,-1.6246855,-1.6919849,-1.8841046,-1.923794,-1.9194798,-1.9683727,-1.9629081,-2.0215795,-1.8050134,-2.0825517,-2.07795,-2.0796757,-2.2505126,-1.9479527,-0.76963764,-1.3816597,-1.3252892,-1.5657265,-1.564001,-1.6025399,-1.6382029,-1.497852,-1.5277628,-1.8625343,-1.7883323,-1.8337739,-1.9143032,-1.6908345,-1.7451917,-1.6810559,-1.5809697,-1.5455943,-1.5096438,-1.4742683,-1.4201988,-1.2516627,-1.1432357,-1.0181278,-1.2507998,-1.3871243,-1.4765692,-1.3626778,-1.2651801,-1.2039202,-1.2231897,-1.1751598,-1.1049843,-1.1791862,-1.2358444,-1.2611536,-1.3109092,-1.4570122,-1.3612398,-1.3675672,-1.2536759,-1.1423728,-1.2600031,-1.2930776,-1.3140727,-1.3344927,-1.3948896,-1.3477224,-1.3885623,-1.281861,-1.3287406,-1.2930776,-1.2421716,-0.6839315,-0.39460152,-0.31435993,-0.078236714,-0.0903161,-0.10469631,-0.09376735,-0.18091148,-0.17142054,-0.57176584,-0.5257491,-0.47541836,-0.2542506,-0.30515656,-0.3126343,-0.3871238,-0.17372137,-0.10066985,-0.13460717,-0.0770863,-0.23929517,-0.3071698,-0.3408195,-0.3482972,-0.267768,-0.25856465,-0.24360923,-0.2479233,-0.29509044,-0.24677289,-0.25741425,-0.31119627,-0.15962876,-0.030206785,0.057800155,0.22633632,0.0011420911,-0.011800106,-0.113612056,0.12625,0.18837252,0.24014132,0.3571963,0.48518026,0.63818586,0.7460375,0.3629484,0.5869922,0.9867623,0.91342324,0.7739351,0.5723244,0.6919678,0.59849644,0.65716773,0.8351948,0.9660548,1.0549245,1.1509843,0.9821606,1.0759196,1.0120715,0.9444845,0.9695061,0.80729717,0.74201095,0.7238919,0.8996182,1.0710304,1.0080451,0.8708578,1.0258765,1.2427301,1.1656522,1.0848354,1.0097706,1.2128193,1.3983241,1.3994746,1.3131932,1.2553847,1.0491725,1.1242372,1.289322,1.2113812,1.1052552,1.1305645,1.1440818,1.3914216,1.4659111,1.3675505,1.3830811,1.189811,0.99424005,0.8452609,1.1219363,1.163639,1.2050539,1.3356264,1.3833686,1.3215337,1.3244098,1.4728136,1.5127907,1.4408896,1.2625748,1.0540618,0.93039185,1.0287526,1.0799462,1.1245248,1.1414934,1.0206996,0.7952178,0.82742953,0.6494024,0.9424712,1.0457212,1.1725547,1.5415511,1.6108637,1.7894661,1.6770127,1.8915657,1.7282063,2.0123596,2.04831,2.0741944,2.3474185,2.2263372,2.238129,2.219147,2.2643008,2.419895,2.1107202,2.0626903,2.1728427,2.3899841,2.3635247,2.6128776,2.5648477,2.6309965,2.7584052,2.7986698,2.6125898,2.7181408,2.6985838,2.7408614,2.6617703,2.6077008,1.5297593,1.7644446,2.1745682,2.2073553,2.0060322,2.2921984,2.0209875,2.0439959,1.9370072,1.7906164,1.6016604,1.5619711,1.2847204,1.3666875,1.454407,1.3546083,1.520556,1.3942976,1.4633226,1.695707,1.4788533,1.4302483,1.3750281,1.5219939,1.9462105,2.1909618,2.853027,2.6962829,2.701172,2.702035,2.7474766,2.7920551,2.7330961,2.6842034,2.6813273,2018-04-17
CAE_ABB,-0.6481127,-0.60889614,-0.88232243,-0.749422,-1.0751369,-0.9618448,-0.98907846,-1.1524806,-1.0751369,-1.1982332,-1.2363604,-1.0566181,-1.2548792,-1.2516114,-1.2396284,-1.3420272,-1.0762262,-1.0653328,-1.1731783,-1.1481233,-1.2646835,-1.6437764,-1.7254776,-1.6590273,-1.6492232,-1.7646941,-2.1013026,-2.805021,-2.2527218,-2.228756,-2.0925877,-2.1862714,-2.096945,-2.1677527,-1.9803848,-2.0501032,-1.7570686,-1.5174122,-1.6023812,-1.6372404,-1.4847317,-1.0794944,-0.9095561,-1.2439858,-1.3191508,-0.9357005,-0.8605355,-0.8333018,-0.8648929,-0.7385285,-0.8605355,-1.0108654,-1.175357,-1.2930065,-1.4585873,-1.2897384,-1.4455152,-1.3126148,-1.3627248,-1.3670821,-1.2766663,-1.5958452,-1.2930065,-0.97927433,-0.95421934,-0.8398379,-0.90846676,-1.1524806,-0.9694702,-0.9520407,-1.1132641,-1.1764463,-1.3213296,-1.1121749,-0.85291004,-1.1709996,-1.0174016,-1.0195802,-1.1143535,-0.7472433,-0.9346111,-0.8343911,-0.85726744,-1.0424565,-0.98363173,-0.8845011,-1.0065081,-0.8648929,-0.7570474,-0.6350405,-0.7407072,-0.8028,-0.57948375,-1.028295,-0.44113657,-0.39102656,-0.6110748,-0.6644529,-0.6895079,-0.6197896,-0.44549397,-0.37468636,-0.12631509,0.1678088,0.23970574,0.17434488,0.41835877,0.25604597,0.022925548,0.2200975,0.38349962,0.18088096,0.107894674,0.11334141,0.08175033,0.057784673,-0.042435315,0.12641358,0.18414901,0.17652358,0.19613184,0.18741706,0.92163736,0.5817609,0.48698768,0.5610633,0.3987505,0.21465074,0.3573553,0.073035546,-0.017380316,-0.027184445,-0.03263118,0.26911813,-0.05006075,-0.06531162,-0.23524986,-0.002129449,0.118788145,-0.2385179,-0.41499224,-0.18078247,0.12968163,0.1634514,0.028372288,0.002227942,-0.022827053,0.3235855,0.123145536,0.051248584,0.056695327,0.088286415,0.38785705,0.45757526,0.24624182,0.16889815,0.20593596,0.2614927,0.16454074,0.41073334,0.5991905,0.34428313,0.5534379,0.3486405,0.48371965,0.6852489,0.8747954,0.74734175,0.5654207,0.48371965,0.3323003,0.41509074,0.4466818,0.70376784,0.7103039,0.91510123,1.2636925,1.3268747,1.4902769,1.424916,1.625356,1.3911462,1.0959331,1.3955036,1.1700087,1.1787235,1.2985517,1.1144519,1.1525791,1.1144519,0.3464618,0.588297,0.38785705,0.088286415,0.39112508,0.2952625,-0.055507485,-0.07947313,0.13730706,0.48371965,0.020746853,0.03599772,0.029461635,0.097001195,0.005495985,0.028372288,0.15800466,0.3116027,0.359534,0.52620417,0.5784929,0.5991905,0.56651,0.4445031,0.38132092,0.23970574,0.3508192,0.38785705,0.43578833,0.59810114,0.4804516,0.26258203,0.3802316,0.7495205,0.19286379,-0.041345965,-0.10343878,0.087197065,0.054516632,0.043623153,0.042533807,0.13294967,0.038176414,-0.21346289,-0.08491987,-0.06313292,-0.3692396,-0.30496812,-0.28535983,-0.22653508,-0.33873788,-0.29298526,-0.48797855,-0.61325353,-0.66118485,-0.41608158,-0.6078068,-0.70693743,-1.0860304,-0.92589635,-1.0174016,-0.9117348,-1.0936558,-1.125247,-0.9073774,-1.1764463,-1.3649035,-1.4335324,-1.1110854,-0.98036367,-0.7036694,-0.6851505,-0.56641155,-0.5762157,-0.47708502,-0.09036661,-0.08056248,-0.20148008,-0.31804028,0.1176988,-0.17860378,-0.2428753,-0.38122243,-0.3594355,-0.5478927,-0.29298526,-0.23307116,-0.018469665,-0.16226356,-0.17642508,-0.31912965,-0.26684093,-0.10343878,0.11007337,0.23970574,0.5567059,0.48480898,0.39766118,0.34319377,0.044712503,-0.24178594,-0.43351114,-0.348542,-0.6481127,0.18959574,0.538187,0.3551766,0.42925224,0.17543423,0.28981575,0.6046372,0.4652007,0.8268641,0.513132,0.28654772,0.5065959,0.4717368,0.30070922,0.118788145,0.25604597,0.106805325,0.104626626,-0.28318113,-0.46401286,-0.58819854,-0.5566074,-0.40627745,-0.48253176,-0.3823118,-0.23198181,-0.2973427,-0.35834613,-0.53590983,-0.5522501,-0.5010507,-0.5533394,-0.5522501,-0.60453874,-0.7646729,-0.47708502,-0.30823615,-0.1884079,-0.37032896,-0.13394052,-0.12086835,-0.29625335,-0.21455224,-0.10997487,-0.18296117,-0.10126009,-0.11324292,0.18523836,-0.10017074,-0.04570336,-0.18187182,-0.373597,-0.3594355,-0.61434287,-0.6197896,-0.58819854,-0.6012707,-0.5980027,-0.41499224,-0.4444046,-0.42261767,-0.45747676,-0.55442876,-0.37032896,-0.40409875,-0.32893375,-0.32239768,-0.3594355,-0.43568984,-0.43460047,-0.5293737,-0.5903772,-0.7439753,-0.7570474,-0.70802677,-0.5010507,-0.5217483,-0.26030484,-0.23089246,-0.22108832,-0.058775533,-0.20039073,-0.2613942,-0.2842705,-0.30061072,-0.423707,-0.40409875,0.96739,0.9412457,0.89985037,0.85736585,0.84102565,1.1329708,1.446703,0.8540978,1.1591152,0.8715274,0.9336202,0.4673794,0.591565,0.66128325,0.9837302,0.9194586,1.3279641,1.5556377,1.4848301,1.6144625,1.3726273,1.8824421,1.8704592,1.8301533,1.6798234,1.6482323,1.1732767,1.4423456,1.2833008,1.3018198,1.1874382,0.8497404,0.80725586,0.8148813,0.7288229,0.77239674,0.53600836,0.4946131,0.53927636,0.39766118,0.538187,0.49788114,0.538187,0.4760942,0.5414551,0.4259842,0.5425444,0.2636714,0.1678088,0.1176988,-0.194944,-0.31150422,-0.18296117,-0.33982724,-0.34091657,-0.5522501,-0.7265457,-0.92589635,-0.90410936,-0.8256764,-1.0010613,-1.2494326,-1.410656,-1.489089,-1.4988933,-1.3834224,-1.4335324,-1.382333,-1.1633741,-1.2984533,-0.55878615,-0.6437553,-0.5805731,-0.5653222,-0.31368288,0.588297,0.638407,0.76477134,0.7222867,0.81923866,0.63187087,0.613352,0.61988807,0.50441724,0.42925224,0.45975396,0.38132092,0.4510392,0.334479,0.15582597,0.28327963,0.22772293,0.35844463,0.22227618,-0.048971403,-0.28862786,-0.473817,-0.5282844,-0.35834613,-0.35181007,-0.38340113,-0.2777344,-0.31368288,-0.1884079,0.012032071,0.07521424,0.047980543,0.034908373,-0.13285117,0.25059924,-0.013022926,-0.026095098,0.2952625,0.359534,0.56433135,0.5327403,0.538187,0.31813878,0.2048466,-0.2428753,-0.6372192,-0.9901678,-1.2483432,-1.2821131,-1.7036906,-1.6764569,-1.6034706,-1.3311337,-1.3812437,-1.4760169,-1.2701302,-1.0969238,-0.94986194,-1.1808037,-1.2897384,-1.4683915,-1.2483432,-1.5969344,-1.5598967,-1.4967145,-1.6056492,-1.4553193,-1.3736182,-1.2864704,-1.213484,-0.98036367,-0.7200096,-1.2407179,-1.3093468,-1.6557592,-1.078405,-1.1644635,-1.1078173,-1.0936558,-1.0707796,-0.8289444,-0.8539994,-0.77992374,-0.61652154,-0.8638035,-0.87360764,-0.5936453,-0.60453874,-0.68188244,-0.76249415,-0.65682745,-0.5075868,-0.028273793,0.11007337,0.17761293,0.13294967,0.4553966,0.30179858,0.5991905,0.72119737,0.55561656,0.41400138,0.57631415,0.42707354,0.37696353,0.32903224,0.38894638,0.8889569,1.3203386,1.5066171,1.4129332,1.3519298,0.93470955,0.99026626,1.099201,0.99135566,1.1950636,1.2277441,1.2321016,1.3279641,1.4325415,1.4935449,1.2506204,1.2408164,0.96739,1.0686994,0.7822009,1.127524,1.1013798,1.0283935,0.66673,0.5033279,0.48916638,0.4303416,0.4325203,0.5403657,1.045823,0.9096545,0.8508298,0.63622826,0.5774035,0.31704944,0.1405751,0.025104245,0.1634514,0.094822496,-0.33982724,-0.16553159,-0.2385179,-0.25159007,-0.15137008,-0.04025662,-0.194944,0.08066098,0.24842052,0.5338296,0.5741355,0.688517,0.53165096,0.44341376,0.28327963,0.093733154,0.082839675,0.27020746,0.21356139,0.046891198,0.124234885,0.6329602,0.5327403,0.3736955,0.5065959,0.052337937,-0.016290968,-0.03045249,0.16236205,0.090465106,-0.13829792,0.25822467,0.16236205,-0.2995214,-0.0075761876,0.14384314,0.0218362,0.0065853326,-0.14810205,0.002227942,0.3758742,0.083929025,0.10571598,0.13512836,0.16018336,0.4924344,0.509864,0.44559246,0.28545833,0.43578833,0.3573553,0.31378138,0.002227942,0.052337937,0.016389461,0.27129683,0.16889815,-0.03045249,-0.21890964,-0.30387878,-0.62087893,-0.48471045,-0.5043187,-0.38993725,-0.46619156,-0.36488223,-0.65682745,-0.6873292,-0.22108832,-0.14156595,0.15255792,0.058874022,-0.021737706,0.071946196,0.071946196,0.09917989,-0.20039073,-0.22544573,-0.2428753,-0.24614333,-0.20039073,-0.38122243,-0.6393979,-0.80606806,-0.8605355,-0.7657622,-0.8681609,-0.9106455,-0.9945252,-1.2461646,-1.4237282,-1.20368,-1.3747076,-1.0794944,-1.0446352,-0.9433259,-1.0794944,-1.0664221,-0.5827518,-0.64920205,-0.2112842,0.93470955,1.0447336,1.8094558,2.1384387,1.6678406,1.3573765,1.4946343,1.2843902,1.4652219,1.5469229,1.6286241,1.6689298,1.825796,2.1003115,2.0022705,1.9902875,1.7647924,1.6885381,1.9064077,1.9205692,1.9739473,2.0708992,2.1384387,2.1602256,2.0654526,1.8900675,2.161315,2.2441056,2.3377893,2.4227586,2.5316932,2.3279855,2.6471643,2.5632844,2.8181918,2.9903088,3.8508935,4.0164742,3.5720205,3.530625,3.2735393,3.2365012,3.708189,3.8563402,3.6624362,3.686402,3.7103674,2018-04-17
WIRE_ABB,1.4975612,1.6939281,1.5633441,1.1892651,1.2265749,1.2432661,1.1193094,0.949452,1.2658483,1.0240715,0.9523975,0.9442973,0.9440519,0.95043385,0.8122406,0.91827875,0.994371,1.1612829,1.0930454,1.082736,0.8652597,0.9791525,0.842432,0.7030115,0.78818566,0.79530394,0.89790565,0.548618,0.7813128,0.7319757,0.69638413,0.8389956,0.8728689,0.66742,0.5817549,0.5618728,0.78352195,0.89692384,0.76486707,0.8313864,0.85961413,0.85666865,0.9268698,0.9764524,0.955343,1.0908362,1.1676648,1.0174441,1.148519,1.1789559,1.0257896,1.2506298,0.952643,0.8797418,0.87237793,0.72387546,0.7832765,0.78303105,0.6443469,0.6774838,0.90526944,0.49093524,-0.727276,-0.8018954,-1.124428,-1.162965,-1.1541286,-1.214266,-1.2680213,-1.4069508,-1.4597245,-1.5765628,-1.5853994,-1.4560426,-1.4786248,-1.5721446,-1.3558955,-1.3244768,-1.2707214,-1.2012566,-1.3016491,-1.3762685,-1.2856944,-1.4631609,-1.7353746,-1.7660569,-1.7312018,-1.6190273,-1.418733,-1.5971813,-1.5007161,-1.3826505,-1.2478937,-1.1452919,-1.0645361,-1.0878547,-1.2348844,-1.3043492,-1.1781836,-0.9442614,-0.9356704,-1.174747,-1.2093567,-1.1646832,-1.2854489,-1.1553557,-1.0522633,-1.0836818,-0.9891803,-0.9523616,-0.91014266,-0.6617386,-0.22703126,-0.34902424,-0.122711346,0.14459312,0.0076271943,-0.12737505,-0.2505953,-0.21426742,0.11562899,0.07218281,0.3053685,0.22412172,0.08003749,0.22019438,1.3537225,1.2258384,0.9661432,1.3250037,1.2336931,1.1951561,1.26143,1.1907378,1.2808212,1.3915231,1.5459166,1.4825882,1.5903445,1.5667806,1.4111598,1.560644,1.6394362,1.4293237,1.4951066,1.4212235,1.4045324,1.4418421,1.4462603,1.5287344,1.5132705,1.4293237,1.4813609,1.4521513,1.2162656,1.237866,0.9889708,0.84267753,0.65048337,0.6396832,0.5140084,0.3078231,0.48970795,0.676011,0.47178948,0.46000746,0.49068978,0.50468093,0.46319842,0.6585835,0.36992413,0.38047886,0.28573182,0.10703794,-0.028209768,0.06825548,0.2147943,-0.08098338,-0.089083515,-0.037537195,-0.19733077,-0.17671224,-0.19610348,-0.023300596,-0.09841094,-0.032137103,-0.09104718,0.0012452692,-0.13081147,0.09402863,0.022109253,-0.06748316,0.25210398,0.13379295,-0.011764038,-0.13621157,-0.14259349,-0.38093385,-0.27195022,-0.14406624,-0.40302512,-0.4238891,-0.29183236,-0.4138253,-0.47936276,-0.81883204,-0.36399722,-0.6256561,-0.47715363,-0.32226923,-0.25084075,-0.27955943,-0.13473882,0.031436685,0.19712126,0.2911319,0.13796574,0.25210398,0.07193736,0.15342963,-0.076074205,0.15662059,-0.02231876,-0.25943184,-0.41161618,-0.23218589,-0.038028114,0.3397327,0.3250052,0.06359176,0.1269201,0.033154894,0.29751384,0.1536751,0.13109289,0.20104861,-0.21868566,-0.07386508,0.020391041,-0.047846455,-0.011027663,-0.24568614,-0.081719756,0.32868707,0.39324272,0.31837782,0.2675679,0.35495114,-0.07754696,0.08519212,0.33065075,-0.019373259,0.19270302,-0.14799358,-0.11240209,-0.45923516,-0.25967726,-0.3757792,-0.5112724,-0.40940705,-0.2655683,-0.5954647,-0.40327057,-0.5611005,-0.5198634,-0.49310845,-0.50341773,-0.74249446,-0.7208941,-0.8480416,-0.5156907,-0.5716552,-0.30140525,-0.23881328,-0.44868043,-0.34166044,-0.19463071,-0.09963823,-0.09006535,-0.20469452,-0.14676629,-0.24200425,-0.06281944,-0.18333963,-0.29944158,-0.2464225,-0.32742387,-0.4388621,-0.34239683,-0.30459622,-0.34951514,-0.44966227,-0.48009914,-0.32644203,-0.48942655,-0.48770836,-0.55128217,-0.44966227,-0.36375174,-0.23562232,-0.31907827,-0.31146908,-0.27121383,0.12102909,0.09378318,0.19687581,0.29088643,0.2822954,0.32844165,0.5800367,0.5569636,0.5326632,0.44110715,0.36280584,0.36624226,0.4278524,0.6428741,-0.5922738,-0.88535136,-0.97028005,-1.1133823,-0.97101647,-0.9771529,-0.9395977,-0.9970349,-1.0363084,-1.1033186,-0.9629163,-1.039254,-0.8784785,-0.99433494,-1.0900638,-1.0056261,-0.9182428,-0.63203806,-0.54588205,-0.6791661,-0.6018466,-0.54956394,-0.6543747,-0.6624749,-0.7088666,-0.79624987,-0.7827496,-0.87626934,-0.8922242,-0.97126186,-1.3303678,-1.539744,-1.7390565,-1.9278141,-1.5188801,-1.6040542,-1.6381729,-1.7572204,-1.7186834,-1.5939904,-1.6757282,-1.7915845,-1.668119,-1.6514277,-1.5439168,-1.4044963,-1.3217769,-1.3465681,-1.3139222,-1.2596757,-1.5645354,-1.6219727,-1.7567295,-1.7262926,-1.857613,-1.8215306,-1.6367003,-1.7051831,-1.6315455,-1.8033667,-1.7879027,-1.6025814,-1.7859391,-1.813185,-1.5272257,-1.5741082,-1.5466169,-1.5363076,-1.5174073,-1.4251149,-1.418733,-1.2567302,-1.0878547,-0.6357199,-0.06453765,0.17208448,0.24474025,0.05696438,0.12348368,0.08052841,0.14974776,0.19957586,0.41361576,0.43030697,0.7184754,0.6013917,0.59525514,0.545918,0.47939867,0.36575136,0.50983554,0.53168136,0.75873065,1.0493537,1.0579448,1.1782196,0.907724,0.71086615,0.9040422,1.0243169,0.9423337,0.8593687,0.95558846,0.7579943,0.81150424,0.9091968,0.73786664,0.77419454,0.5834732,0.8831782,1.056472,0.7015388,0.5201448,0.22878543,0.26683152,0.2930956,0.17650273,0.2022759,-0.08540163,-0.11976585,-0.31736004,-0.2547681,-0.26704106,-0.12982963,-0.030173438,-0.121484056,-0.07877425,-0.41357982,-0.40449786,-0.3765156,-0.45236233,-0.17548494,-0.27514118,-0.33405122,-0.389034,-0.19045793,-0.2066582,-0.06527402,0.16275705,0.15882972,0.17085719,1.2206838,1.5360981,1.635509,1.1468008,1.305858,1.4779245,1.2101291,1.4469967,1.234184,1.2548026,1.1914743,1.0100803,0.90330577,0.8549504,0.8556868,0.818868,0.7521032,0.8686961,0.8583868,1.1001636,0.9185242,0.4685985,0.42196137,0.4698258,0.32205972,0.4047793,0.47178948,0.44478902,0.51253563,0.61931014,0.34390554,0.15195689,0.18460287,0.17036629,0.33629632,0.49805355,0.55352724,0.1453295,0.009590863,-0.108720206,-0.1371934,-0.21819475,-0.26630467,-0.41996175,-0.038028114,0.009099946,0.19638489,0.02800026,-0.35663342,-0.3104872,-0.2962506,-0.29845974,-0.4565351,-0.5159361,-0.53238183,-0.68530256,-0.61878324,-0.65560204,-0.9452433,-0.91480637,-1.0380266,-1.101355,-1.3134311,-1.2793124,-1.1472557,-1.056436,-1.2753851,-1.2886399,-1.2081294,-1.2540302,-1.1970837,-0.88117856,-0.87700576,-1.0250173,-1.1116642,-0.9985077,-1.0355719,-0.68530256,-0.73905796,-0.8146593,-0.8441143,-0.68530256,-0.80557734,-0.84681433,-0.9565344,-1.1391555,-1.1097004,-0.9042517,-0.8301231,-0.8450962,-0.67229325,-0.8217776,-0.8048409,-0.65118384,-0.7194213,-0.71328485,-0.67548424,-0.86915106,-0.9565344,-0.9962986,-0.94475234,-0.9187337,-0.83503234,-0.6965937,-0.715494,-0.56232774,-0.36399722,-0.29428694,-0.13964799,-0.10503832,0.0024725625,0.07193736,0.047391497,-0.027473394,-0.6514293,-0.9945804,-0.848778,-0.9629163,-0.9715073,-0.83846873,-1.0348356,-1.1337554,-1.2267843,-1.2260479,-1.2751397,-1.3153949,-1.2984582,-1.4337059,-1.2191751,-1.2773488,-1.0127443,-0.8733239,-0.8713602,-0.68530256,-0.52820903,-0.27882305,-0.27636847,-0.6295835,-0.7969862,-0.92413384,-0.8912424,-0.75108546,-0.7275214,-0.6779388,-0.60871947,-0.26753196,-0.08417434,-0.041219074,-0.5456366,-0.5888373,-0.6541293,-0.46267158,-0.59448284,-0.29944158,-0.2636046,-0.2505953,-0.022809679,-0.11902947,-0.14087528,-0.07116503,-0.058892097,-0.054719303,-0.04956467,-0.16100289,-0.11387483,-0.07779241,0.12618372,-0.012500415,-0.009800369,-0.055210214,-0.14185712,-0.2785776,-0.095956355,-0.4150526,-0.41529807,-0.43002558,-0.5836827,-0.5343455,-0.51372695,-0.19340342,-0.45506236,-0.5142179,-0.77538586,-0.74126714,-0.35295156,-0.38093385,-0.3200601,-0.3095054,-0.4798537,-0.6197651,-0.4933539,-0.47322628,-0.40057054,-0.29796883,-0.4103889,-0.32447836,-0.18186687,0.0024725625,-0.0731287,-0.060855765,0.02824572,0.012290909,0.4128794,0.31052315,-0.01569138,0.08715579,-0.01740959,0.12323821,-0.0731287,0.20988512,0.20080316,-0.074356,-0.01569138,0.0206365,0.2022759,0.19883949,0.21332155,0.2680588,0.1298656,0.2602041,0.034382187,-0.0731287,-0.14823903,-0.016182294,0.040027738,0.01204545,0.36697865,0.35151476,0.37925157,0.525054,0.49044433,0.6782202,0.7545578,0.4651621,0.28155902,0.15048413,0.18779384,0.22289443,0.28818643,0.32598704,0.45608014,0.27444074,-0.06551948,0.1102289,0.15220234,0.20743054,0.38587895,0.43865255,0.44380718,0.45166188,0.20104861,0.43202516,0.33482355,1.6310906,1.5630987,1.8024209,1.8488126,1.6904917,1.7440016,1.6205361,1.8323668,1.8829312,2.0878892,2.1259353,2.1890182,2.570952,2.7815554,2.783519,2.6664352,2.7039905,3.0716875,3.0770876,3.1143973,3.2285354,3.0036955,2.6760082,2.798492,2.4808686,2.7363908,2.9411035,2.7680552,2.9656494,2.930794,2.9168031,2.6897538,2.6011434,2.62888,2.774928,2.7160177,2.8323653,2.9327579,2.7825372,2018-04-17
WIRE_ACM,1.1412098,1.4817879,1.4427389,1.3012229,1.2765603,1.3012229,1.3708065,1.2489618,1.4277651,1.2979932,1.1391547,1.3834313,0.6793742,0.49587315,0.43509758,0.4101414,0.53110534,0.6479589,0.78830045,0.8223583,0.7510131,0.92834854,0.7225337,0.3884149,0.26157895,0.35465068,0.46416414,0.41072863,0.32088652,0.5258205,0.403095,0.5613463,0.6230027,0.39281893,0.41542625,0.32147372,0.43069357,0.31971207,0.07455463,-0.034371622,-0.12157135,-0.044060484,0.08365628,0.29563674,0.54519826,0.54666626,0.6274068,0.5542999,0.7821349,0.7137256,0.90955806,1.2272352,1.0343387,0.6620518,0.5584103,0.47913784,0.6403252,0.7818413,0.6315172,0.56575036,0.72282726,0.48266107,-0.80536985,-0.76690805,-1.3041991,-1.5182348,-1.5164732,-1.5346767,-1.5693215,-1.7865869,-1.6938087,-1.7936333,-1.7055528,-1.7830637,-1.7384362,-1.4627441,-1.1074861,-1.0919251,-0.8831743,-1.0546378,-1.1952729,-1.039664,-0.730795,-0.5164657,-0.8940376,-0.8911016,-1.0288007,-0.9844669,-0.8852296,-0.8714302,-0.8150587,-0.7090685,-0.50912565,-0.48358232,-0.49561998,-0.5425963,-0.7451815,-0.8329684,-0.805957,-0.5446515,-0.5149977,-0.8447125,-0.9874029,-0.7290334,-0.7240422,-0.69409484,-0.6800019,-0.687342,-0.70730686,-0.82739,-0.7466495,-0.5628548,-0.33590066,-0.5919214,-0.37260088,-0.1133505,-0.0649062,-0.24429688,-0.38111532,-0.28657553,0.012604659,0.27420384,0.26334056,0.12358612,0.021412712,0.07983946,1.4712183,1.4888344,1.3232429,1.4462621,1.4841367,1.4080939,1.3038652,1.2184272,1.3132606,1.2727435,1.4973488,1.4615295,1.3511353,1.1438522,1.3619984,1.4908895,1.4985232,1.2621738,1.1394482,1.0381556,1.0857191,1.0463763,1.0804342,1.1511923,0.9304037,0.82852393,0.72928655,0.6781998,0.5918809,0.5190677,0.45095208,0.45506248,0.34760424,0.22370434,0.27802065,0.24102682,0.110667646,0.38313004,0.2692126,0.19052732,0.23574199,0.18318729,-0.123332955,0.20462023,-0.17970449,-0.27013382,-0.25251773,-0.43954206,-0.6083631,-0.5123553,-0.25897697,-0.39843783,-0.31564215,-0.07430147,-0.28510752,-0.15122512,0.02288072,0.2874159,0.40192056,0.6438485,0.67408943,0.51466364,0.54725343,0.56310797,0.62799394,0.4204175,0.5249397,0.540207,0.6250579,0.612433,0.51437,0.43333596,0.95213026,1.2604122,0.81648624,1.0575333,0.85113126,0.60802907,0.3091424,-0.10747846,0.45065847,-0.10630406,0.17907687,0.23192519,0.11448446,-0.1283242,0.20667543,0.091877125,0.20021617,0.27420384,0.039028816,0.086592294,0.28418627,0.1517719,-0.21963434,-0.22902958,-0.3957954,-0.6453569,-0.90519446,-0.85146534,-0.62216234,-0.051400524,-0.18381491,-0.26895943,-0.25339854,-0.3323774,-0.21082628,-0.16091397,-0.17265804,-0.14153627,-0.48328874,-0.12803058,-0.024389163,0.030807966,0.081013866,-0.26749143,-0.15298674,0.2530645,0.4245279,0.31237206,0.2548261,0.43216157,0.103914805,0.22752114,0.3678628,-0.21552391,-0.11129529,-0.792745,-0.53349465,-0.97066766,-0.81270987,-0.85058457,-1.0070742,-0.926921,-0.77571607,-0.9398394,-0.83825326,-1.2102467,-1.1788312,-1.0936867,-1.31242,-1.5197029,-1.259278,-1.3417803,-0.9603916,-0.9098921,-0.81593955,-0.7924513,-0.84236366,-0.7422455,-0.61981356,-0.46860862,-0.45422217,-0.5355498,-0.587811,-0.69409484,-0.60924387,-0.89168876,-1.0017895,-0.78305614,-0.7448879,-0.9084241,-0.82181156,-0.8447125,-1.0141207,-1.0282136,-0.95716196,-1.17384,-0.8033147,-0.47271907,-0.7959746,-0.8309132,-0.98799014,-0.75428313,-0.83120686,-0.9545195,-1.0138271,-0.8417765,-0.77689046,-0.9562811,-0.80948025,-0.8294452,-0.783937,-0.5848749,-0.4477629,-0.62920874,-0.7131789,-0.6024911,-0.69996685,-0.8972672,-0.75927436,-2.1121912,-2.2440186,-2.3488343,-2.3147764,-2.2895267,-2.1424322,-2.4054992,-2.310666,-2.049654,-2.0493605,-1.9577568,-1.832976,-1.8156534,-1.3875821,-0.97771406,-0.97184205,-0.9624468,-0.55727637,-0.5816453,-0.5804709,-0.5070705,-0.37054563,-0.5666716,-0.51382333,-0.23695682,-0.076063074,-0.09338558,-0.013232296,-0.0023690313,0.008200632,-0.11687372,-0.37436247,-0.4139987,-0.5886918,-0.11804813,-0.17823648,-0.30830207,-0.19321017,-0.2304976,-0.19526538,-0.2630874,-0.6054271,-0.4436525,-0.55698276,-0.5088321,-0.4119435,-0.30184284,-0.11158889,-0.16267559,0.033450384,-0.17941089,-0.26866582,-0.19585258,-0.17353886,-0.35792077,-0.20554145,-0.07107184,-0.15093152,-0.03407802,-0.05404294,0.061342552,0.18113206,-0.029967595,-0.23930565,-0.33942387,-0.55228513,-0.4973816,-0.37230727,-0.26073858,-0.20466064,-0.089862354,0.0692698,0.123879716,-0.47565508,-0.05668536,0.23016356,-1.4439536,-1.908138,-1.8843563,-1.8133047,-1.615417,-1.6747246,-1.4351456,-1.6333268,-1.2798303,-1.2630949,-1.0120655,-1.0992652,-1.2404876,-1.4697906,-1.2862895,-1.6127746,-1.5810657,-1.6926342,-1.6597508,-1.2272755,-1.3244578,-1.3638003,-1.1471223,-0.9204617,-0.9724293,-1.0387833,-0.9187001,-1.0916315,-1.0481784,-0.9521707,-0.8775959,-0.6248048,-0.8532269,-0.6603306,-0.91136014,-0.9915134,-0.9668508,-1.0258647,-1.1899881,-1.0334984,-0.6664962,-0.72169334,-0.87818307,-1.0364344,-1.1051372,-0.9906326,-0.95510674,-1.4923979,-1.8097814,-1.6303908,-1.3165305,-1.4119511,-1.3720211,-1.4545233,-1.338257,-1.2589846,-1.4366136,-1.8256359,-1.7722003,-1.8588128,-1.9554079,-1.5951586,-1.5111884,-1.6650357,-1.4621569,-0.037307642,0.1517719,0.37608364,0.36580756,0.6852463,0.38371727,0.36580756,0.2504221,0.21724509,0.22194271,0.29387516,0.1385598,0.18935291,0.32646492,0.069563404,-0.03906925,0.048424076,0.10156598,0.22458513,0.7137256,0.68319106,0.45799848,0.29211354,0.36610115,0.3364474,0.55165744,0.41748148,0.17555363,0.040496826,0.19786738,0.078077845,-0.0798799,-0.21611111,-0.2939156,0.74132425,0.60098255,0.64179325,0.4063246,0.28976473,-0.053162135,-0.18968695,-0.1485827,0.0026221985,-0.038188443,0.3106104,0.32529053,0.53110534,0.38166204,0.1705624,0.29358155,0.28066307,0.44889688,0.31325287,0.22634675,0.33086893,-0.23402081,0.20696902,0.19522497,0.270387,0.23544839,0.20990504,-0.0032498366,-0.3150549,-0.22080873,-0.0055986503,0.00614542,-0.21053268,-0.12392016,0.0067326236,-0.13801305,0.09070272,0.23662281,0.3878277,0.31031683,0.25012848,0.30591282,0.21548349,0.1855361,0.17467284,0.09510675,0.1042084,0.4691554,0.45124567,0.39751655,0.2513029,0.24337564,0.16968161,0.4706234,0.41836226,0.5076172,0.54314303,0.43950158,0.4051502,0.39428696,0.39458054,0.53110534,0.38401085,0.21049225,0.25864294,0.17848966,0.12769654,0.19052732,0.24954128,0.51495725,0.4503649,0.5498959,0.6837783,0.9894177,0.8567097,0.96857196,1.0428532,1.2648163,1.1203641,1.0763237,0.43392318,-0.0111770835,0.27655265,0.06780179,-0.8596862,-0.41752195,-0.41898996,-0.64154005,-0.7795329,-0.5860494,-0.41957715,-0.4154667,-0.27629948,-0.38346413,-0.28217152,-0.25838977,0.014659871,0.06633378,-0.07547587,-0.07488867,-0.04259247,0.052828103,0.08218827,0.013779066,-0.27277625,-0.3755369,-0.24488407,-0.12421377,-0.3135869,-0.20818385,-0.058153365,0.31765687,0.49293712,0.2565877,-0.33590066,-0.35821438,-0.61775833,-0.74576867,-0.94806033,-0.7745417,-0.690278,-0.5804709,-0.329735,-0.30243003,-0.21992794,-0.17706206,-0.090449564,-0.051694125,-0.036133233,-0.038482048,-0.012938694,0.1503039,0.3053256,0.2013906,0.31325287,0.41102222,0.31266567,0.15001027,0.3687436,0.05781933,0.031688772,-0.03378442,-0.18851255,0.15646952,0.15764393,0.41630706,0.04020322,-0.15093152,-0.46038777,-0.326799,0.039616022,-0.10454245,-0.0044242432,0.45829213,0.24337564,-0.028205985,0.028459154,-0.35439757,-0.44071648,-0.25574735,-0.2319656,-0.17588766,-0.17089644,-0.15709716,-0.2939156,-0.3740689,-0.34911272,-0.29039237,0.124466926,-0.020865943,-0.45451576,-0.37436247,-0.6030782,-0.2181663,-0.17295164,0.33674097,0.23574199,0.09275794,0.19816098,0.24631166,0.39869097,0.34877864,0.42159188,0.5096724,0.43069357,0.44625443,-0.07547587,-0.2504625,-0.03906925,0.103914805,0.20168419,0.21577708,0.36668834,0.42276633,0.52758217,0.70961523,0.65529895,0.73633295,0.8534801,0.5058556,0.36903718,0.17819606,0.267451,0.067214586,0.31237206,0.3056192,0.5868897,0.5023324,0.44772243,0.6406188,0.51084685,0.63885725,0.8311664,0.86316895,0.804155,0.85083765,0.7410306,0.9735632,0.8828403,2.38843,2.0422735,2.1321158,2.0396314,2.0117393,2.1174357,2.0695786,2.0710466,2.016143,2.2275364,2.2134435,2.38843,2.7671764,3.1062865,3.025546,2.8960676,2.8998845,3.2845027,3.3006506,3.279805,3.1526754,3.0481534,3.1820357,3.1098096,2.9345293,3.3426359,3.3279557,3.3138628,3.2316544,2.9882586,3.0792751,3.0601912,3.0314178,2.8763962,2.9756336,2.867001,3.035235,3.093368,2.911335,2018-04-17
ROLL_AGCO,1.1453859,0.80337054,0.24555491,-0.05173642,-0.18000934,-0.150925,-0.11594147,-0.036371104,0.036614116,-0.016890086,-0.08658274,0.025227327,-0.13309026,-0.15284565,-0.012911568,0.19369698,0.0537629,0.040592637,-0.2566987,-0.280021,-0.319669,-0.45562458,-0.36933187,-0.27521935,-0.059693452,-0.15366879,-0.16313492,-0.29168218,-0.15339442,-0.11498114,-0.18906389,-0.15174812,-0.11566708,-0.05914469,-0.14187044,-0.12856297,-0.10235963,-0.046934757,-0.4001997,-1.0559692,-1.1024768,-1.0880718,-1.0810751,-1.5704327,-1.5119897,-1.8015984,-1.2075645,-1.2547579,-1.0525395,-0.99876094,-0.9099988,-0.85429955,-0.8814632,-0.97982866,-1.1101594,-1.1709347,-1.2535232,-1.0751759,-1.1507677,-1.2288289,-1.4413366,-1.3396788,-1.2706721,-1.1013792,-1.3453035,-1.9404349,-1.9413953,-1.8342496,-1.7663405,-1.9791225,-2.4077048,-2.0401723,-2.1838105,-2.337738,-2.4535267,-1.9549772,-1.7303966,-1.8024215,-1.5701584,-1.5055418,-1.2451546,-1.3159448,-0.54754204,-0.19770686,-0.3141814,-0.38867572,-0.827959,-0.85306484,-0.92056245,-0.64371246,-0.83125156,-1.14089,-0.9558203,-1.0613197,-0.96309143,-0.9831212,-0.63726455,-0.9079409,-1.0094618,-0.7070944,-0.5173602,-0.48004445,-0.31953183,-0.37577984,-0.21581598,-0.19702092,-0.455213,-0.31322107,-0.50803125,-0.50377834,0.18409367,0.22579952,-0.054205842,-0.14955309,0.025638899,0.021934759,0.1583019,0.32155836,0.34488067,0.2089251,0.64697367,0.67866457,0.7589209,0.61981,0.4828941,0.42527416,0.5565653,0.93246657,0.9518105,0.10301421,0.14650352,0.16694488,-0.1380291,-0.012637188,0.3898791,0.34542942,0.6320199,0.61884964,0.4362494,0.64148605,1.0412585,0.6676894,0.49537843,0.5042958,0.24089044,0.14444567,0.11412663,0.25556982,0.06597284,-0.08781746,-0.15257126,-0.11484394,-0.31212357,-0.5185949,-0.16862252,-0.48635522,-0.22349863,-0.34573516,-0.5648281,-0.68912244,-0.45082292,-0.49047092,0.3841171,0.66864973,0.8057028,0.8254582,0.7442416,0.55080324,0.48646104,0.55779994,0.6177521,0.6014264,0.44640148,0.49208584,0.2695632,0.11083406,0.15446058,-0.008795861,-0.091247216,-0.0066008167,0.08504229,-0.04323062,-0.13322744,-0.20072506,-0.34395167,-0.26534167,-0.30348054,-0.70160675,-0.44986257,-0.89916074,-1.1111197,-1.194257,-1.2262224,-1.3805614,-0.33338803,-0.12856297,-0.6688183,-0.83468133,-0.5848578,-0.5421916,-0.19825564,-0.3184343,-0.25450364,-0.5795074,-1.0364882,-0.6286215,-0.20141101,-0.4317535,-0.33846408,-0.34312853,-0.47579154,-0.31980622,-0.8789938,-0.98600215,-1.0425246,-1.0695511,-1.2650472,-1.4239135,-0.9563691,-1.1919248,-0.957741,-0.9171327,-0.69172907,-0.5255916,-0.7273985,-0.6479654,-0.5128329,-0.36837155,-0.25011355,-0.20484076,-0.16464402,-0.042270288,0.04086702,-0.07890009,0.3686146,0.3518774,0.35969722,0.5280297,0.42253038,0.47836682,0.5558793,0.6395654,0.47603458,0.25899956,0.38178486,0.3827452,0.35818815,-0.2155416,-0.31761116,-0.24736975,-0.22733997,-0.42215014,-0.41062617,-0.6297191,-0.61901826,-0.74056876,-0.6319141,-0.5907571,-0.36274678,-0.20360605,-0.2184226,-0.2395499,-0.40253192,-0.4903337,-0.5623586,-0.37276164,-0.27563095,-0.32899794,-0.2667136,-0.26794827,0.16433826,0.09231337,0.003414074,-0.099753015,0.032909982,0.078868724,-0.10263401,0.028519893,-0.14804399,-0.39786747,-0.94127816,-0.91562355,-0.84798884,-0.79338706,-0.77143663,-0.6408315,-0.5147536,-0.49156842,-0.3240591,-0.4803188,-0.4439634,-0.33613184,-0.49101967,-0.32748887,0.5004544,1.0282254,0.8630483,0.92725337,0.9895377,1.0146435,1.1287858,0.9622369,0.94069797,0.8806087,1.0873544,0.98459893,1.0247957,0.8480946,0.95839554,0.7073374,0.9476947,1.0500386,0.72695553,0.91353434,1.2145298,1.2500621,1.2373034,1.3430771,1.1703546,1.0868057,1.1441512,0.8840384,1.8623422,1.3648903,1.0991528,1.1527941,1.407968,1.3879383,1.5635419,1.5122327,1.4938492,1.6639651,1.7776959,0.8002152,0.9087327,1.130981,1.2080818,1.4171598,1.5310278,1.3673598,1.3957582,1.436778,1.748886,1.8084265,1.534732,1.6130676,1.5033153,1.4746425,1.3935632,1.376963,1.3371779,1.2497877,1.3204406,1.2831249,1.2652901,1.1833876,1.1824273,1.2488273,1.2604885,1.5015318,1.3489763,1.2086307,0.8487805,0.7864961,0.999827,0.9516732,0.81763834,0.5565653,-0.05365708,-0.18961264,-0.22006889,-0.16930848,-0.38716662,-0.5877388,-0.70874065,-0.4764775,-0.32748887,-0.4834742,-0.57278514,-0.6633307,-0.43765265,-0.32790044,-0.3222756,-0.37893522,-0.28811523,-0.21787384,-0.013323139,-0.066690154,-0.311026,-0.36110047,-0.06929677,0.31181782,0.7542564,0.47068417,0.28369382,0.26558468,0.13717459,0.30043104,0.40497002,0.2886327,0.055271998,-0.081232324,-0.26849705,-0.19413991,0.01699591,-0.3495765,-0.48306262,-0.5118726,-0.89531946,-1.1030256,-0.76046145,-0.52655196,-0.3930658,-0.07903728,0.17874324,0.54915696,0.39083943,0.32773188,0.42980143,0.77414906,0.6350381,0.5973108,0.46080646,0.38658655,0.46711722,0.5081371,0.47274202,-0.20758457,-0.26314664,-0.43449727,-0.670053,-0.4003369,-0.437927,-0.6763637,-0.58197683,-0.74770266,-0.75250435,-0.5672975,-1.0919131,-1.3292522,-1.3215697,-1.0820354,-1.117156,-1.0207113,-1.0510304,-0.98915756,-0.79091763,-0.9710485,-0.91287977,-0.9912154,-1.4245995,-1.4134872,-1.0942453,-1.0486982,-0.9263244,-1.1023395,-1.175462,-1.0894437,-1.1972753,-0.9758501,-0.9326352,-0.49787918,-0.47524276,-0.42064103,-0.37646577,-0.5675719,-0.4450609,-0.5782727,-0.53546935,-0.4604262,-0.41240963,-0.3790724,-0.2690458,-0.21897136,-0.4228361,-0.58746445,-0.6025554,-0.4889618,-0.42009228,-0.3000508,-0.3634327,-0.13075802,-0.020045463,0.1893069,0.13635145,0.09793817,0.16132008,0.36381292,0.16145727,0.09560594,-0.30361775,-0.37948397,-0.22555651,-0.1830275,0.04772653,0.25186566,0.26366404,0.105072066,0.08312162,0.07392987,0.018093433,0.28479135,-0.020868605,-0.16532998,-0.18083246,-0.21073994,-0.33297646,-0.5961074,-0.3424426,-0.38236496,-0.20264572,-0.075470336,0.019328145,0.015898388,-0.28290203,-0.3862063,-0.46797168,-0.3971815,-0.44464934,-0.3070475,0.06857945,-0.5361553,-0.3589054,-0.28838962,-0.3350343,-0.38428563,-0.46083778,-0.36974344,-0.24723257,-0.07217777,0.07132325,-0.09028688,0.034967836,0.014252106,-0.13020925,-0.46481633,-0.4805932,-0.7109357,-1.1168817,-0.941141,-0.7541507,-0.81094736,-0.67211086,-1.2695744,-1.1592735,-1.050756,-1.0890322,-1.2060554,-1.150219,-1.2027628,-1.189867,-1.196452,-1.5314708,-1.3510655,-1.4156822,-1.7822546,-1.9977806,-1.5505402,-1.6077485,-1.6933553,-1.6580974,-1.7132479,-1.836582,-1.9212283,-2.227437,-2.2654388,-2.0641806,-2.442414,-2.564102,-2.4299297,-2.3945348,-2.254326,-2.4517431,-2.4878242,-2.2754536,-2.1879263,-2.175442,-1.9128597,-1.4964873,-1.2863117,-1.231024,-1.4288524,-1.225948,-0.85663176,-0.41652533,-0.48073038,-0.48745272,-0.34573516,-0.22459616,-0.2723384,-0.1887895,-0.043916572,-0.3462839,-0.3801699,-0.24709536,-0.22473335,0.03167527,-0.17411014,-0.32803762,-0.5225734,-0.27028054,-0.06682735,-0.086719945,-0.07533315,-0.3959468,-0.44355184,-0.61709756,-0.4936263,-0.26589042,-0.38510877,-0.18522255,0.23787224,0.06295465,0.06734474,-0.05818436,-0.31349546,-0.2802954,-0.32501942,-0.38798976,-0.18892668,0.028519893,-0.10085054,-0.1182737,0.93603355,1.042356,0.83739376,0.88637066,0.87855077,1.1656901,0.9931047,0.96031624,1.3537779,1.3598143,0.70912087,0.46917507,1.4404821,1.2027315,1.7905917,1.2453976,0.8151689,0.8548169,1.13249,1.5511948,1.4647648,1.6145767,1.7294049,1.8200877,1.7837322,2.1316469,1.7841438,2.2885923,1.2980787,1.3074076,1.0077841,0.95674926,1.9958285,2.0556433,1.3345712,1.304801,1.0294602,1.2754422,0.748906,0.23252183,-0.18398784,-0.07245215,0.030989317,-0.40102285,-0.6748547,-0.7018812,-0.14159603,0.2654475,0.4572395,0.422256,0.37643445,0.4916743,0.8155805,0.89364177,0.84795743,0.4586114,0.68456376,0.45435852,0.21784247,-0.26095158,0.6110298,0.8439789,0.6785274,0.8380797,0.6756464,0.2273086,0.63531244,0.6956762,0.48083627,0.47205606,1.2176852,0.6081488,0.46972385,0.6653571,0.48097345,0.34693855,-0.13281587,-0.47016674,1.3294952,0.6973225,0.62227935,0.82957387,0.9615509,0.75796056,0.65547943,1.0448254,1.7232313,1.7451818,1.7191156,1.7317371,1.4651765,1.8211851,1.3477416,1.4928888,1.3598143,1.9217458,1.779205,1.6339204,2.3091712,2.2099824,2.0777311,2.1589477,2.0372598,2.089941,1.8885456,1.854248,2.4969845,2.5107036,2.6443267,3.108853,2.523462,2.5798476,2.363087,2.389839,2.5242853,1.8445075,1.9954169,2.0435705,2.0180533,2.1044831,2.2150586,2.0623658,2.5415711,2.3313959,2.249356,2.5717533,2.5150936,2018-04-17
WIRE_AGCO,2.0315044,2.1070507,1.862211,1.3832529,1.439601,1.4887185,1.3914807,1.2391416,1.5597768,1.4465821,1.3236636,1.3226663,1.3391219,1.3463525,1.2832725,1.3922287,1.3545803,1.5251203,1.4246414,1.355827,1.1466411,1.3114467,1.2162035,1.1124833,1.1980026,1.2718035,1.4288799,1.2777874,1.4081856,1.3318914,1.2643237,1.4625391,1.445834,1.2817765,1.1261964,1.1094913,1.2448761,1.3012241,1.1174698,1.0035272,0.98457825,0.869389,0.92399174,0.87886345,0.77663916,0.7025889,0.9197531,0.7497118,0.87836474,0.9187558,0.74023736,0.9541603,0.75070906,0.6542194,0.68513596,0.44278967,0.53304625,0.5687,0.4622372,0.5295556,0.672171,0.36549813,-0.9063213,-1.0150281,-1.3401511,-1.6071808,-1.5712777,-1.5834947,-1.64458,-1.7894392,-1.8784491,-2.0375202,-2.081651,-1.9572366,-2.026051,-1.9405317,-1.730598,-1.740571,-1.5857387,-1.516675,-1.5528275,-1.6991827,-1.4209332,-1.4860077,-1.7353352,-1.7258607,-1.772485,-1.6777406,-1.4939862,-1.6114193,-1.6001997,-1.5313853,-1.4338982,-1.2331897,-1.2262086,-1.2680955,-1.2855484,-1.4251719,-1.3421457,-0.98984605,-0.9477097,-1.2224685,-1.2795645,-1.334666,-1.4678068,-1.3458856,-1.3511215,-1.3920113,-1.3059932,-1.2157367,-0.9469617,-0.62507993,-0.2613111,-0.41090763,-0.14312989,0.07602896,0.055085454,-0.07182223,-0.19623664,-0.13116218,0.30216897,0.19869807,0.371482,0.3086515,0.090988606,0.13511957,1.3922287,1.3695399,1.1109873,1.1920187,1.0858052,1.1127325,1.0760815,1.0454141,1.3029695,1.3426126,1.5365894,1.4622897,1.4834825,1.548557,1.4969463,1.524871,1.5739884,1.3997085,1.3942233,1.3346341,1.2640744,1.2685622,1.237147,1.2747954,1.2176994,1.1473892,1.0935345,1.0087631,0.897563,0.81952345,0.58789825,0.371482,0.20493127,0.1253958,0.065557204,-0.15808953,0.35377976,0.63901037,0.42134753,0.40838248,0.42433944,0.41536364,0.3677421,0.58216375,0.2914479,0.31513402,0.17451331,-0.01896481,-0.17429583,-0.21792814,-0.10348682,-0.49044308,-0.55452025,-0.5153758,-0.5979032,-0.63754624,-0.56200004,-0.5203624,-0.5340754,-0.49842155,-0.53607005,-0.4881991,-0.5206117,-0.41763943,-0.46825293,-0.57022786,-0.30145285,-0.39943856,-0.26230845,-0.31865644,-0.46600896,-0.73004675,-0.694393,-0.562748,-0.71583515,-0.87141544,-0.65101,-0.8075876,-0.9576828,-1.15889,-0.57197315,-0.9118065,-0.7691912,-0.64078754,-0.61236423,-0.6425328,-0.64602345,-0.44855607,-0.2964663,-0.17878371,-0.4699982,-0.43958026,-0.5171211,-0.5076467,-0.6582405,-0.36303672,-0.523853,-0.74400914,-0.8689222,-0.6198441,-0.38048968,-0.034921765,-0.015474224,-0.25133803,-0.23089316,-0.27876407,-0.028189925,-0.07207157,0.021675568,0.03164867,-0.30419546,-0.17329851,-0.07306888,-0.13315678,-0.03467244,-0.25133803,-0.048136123,0.22637343,0.3560237,0.25654206,0.24133308,0.2268721,-0.11171464,0.036884546,0.26102996,-0.14288056,0.13885948,-0.23538105,-0.18003036,-0.49542964,-0.24111558,-0.34857574,-0.47947267,-0.34333986,-0.2331371,-0.5901741,-0.44082692,-0.58568615,-0.5734691,-0.5876808,-0.58817947,-0.7906334,-0.76694727,-0.9000881,-0.41863677,-0.45678386,-0.2775174,-0.21593352,-0.35979548,-0.21792814,-0.18003036,-0.049881417,-0.11994244,-0.25707257,-0.30444476,-0.3316215,-0.14562316,-0.32164836,-0.4872018,-0.45204663,-0.5323301,-0.5797023,-0.4443175,-0.36602867,-0.35032102,-0.2737775,-0.33860266,-0.12592629,-0.37151387,-0.25557658,-0.36727533,-0.26679635,-0.14387788,0.00073206116,-0.14811644,-0.17853439,-0.1269236,0.25604337,0.33757347,0.39466944,0.5263144,0.55548567,0.60709643,0.7906015,0.90304816,0.9214985,0.9122733,0.9586482,1.068103,1.0541407,1.2618304,0.08949264,-0.17803574,-0.33411476,-0.44581345,-0.39071208,-0.15584558,-0.24585281,-0.34558383,-0.30294883,-0.20994966,-0.048884105,-0.033425804,0.0800182,-0.03367513,-0.07207157,0.12813841,-0.16905993,0.12739041,0.24407567,0.12389983,0.24033576,0.33283627,0.1824918,0.10719489,0.06480922,0.18598238,0.22412948,0.18648104,0.17426398,0.10395363,-0.27477482,-0.4852072,-0.64003956,-0.87091684,-0.46825293,-0.59964854,-0.65599656,-0.73229074,-0.6664683,-0.5206117,-0.5851875,-0.7150871,-0.52584755,-0.5385633,-0.52634627,-0.4896951,-0.40043584,-0.3742565,-0.34234256,-0.3129219,-0.677688,-0.89310694,-1.1120164,-1.1030406,-1.206761,-1.1252308,-0.96915185,-1.0848397,-0.95319486,-1.0708774,-1.1102712,-0.9881007,-1.2102516,-1.1621312,-1.2124954,-1.2648542,-1.29976,-1.2189779,-1.1374478,-1.0686334,-1.0930675,-0.9050747,-0.75099033,-0.21742947,0.3041636,0.5215772,0.46074125,0.216899,0.23410259,0.1824918,0.2662658,0.26476985,0.3969134,0.19795011,0.48716995,0.3079035,0.3360775,0.30491158,0.18573305,0.072538376,0.28222278,0.18199314,0.32186586,0.4874193,0.5417727,0.7484652,0.57518256,0.44004706,0.64574224,0.7048328,0.67915213,0.58390903,0.7205405,0.5604722,0.55249375,0.6138283,0.44528294,0.500135,0.3216165,0.6377638,0.62305343,0.33732414,0.14459401,-0.17304918,0.04062446,0.06755182,-0.03766437,0.027160773,-0.2844986,-0.39769328,-0.5567642,-0.4889471,-0.49842155,-0.4298565,-0.2313918,-0.19598731,-0.14213258,-0.45503858,-0.41414887,-0.36303672,-0.46376505,-0.26530036,-0.43110314,-0.552027,-0.8454854,-0.6208413,-0.6482673,-0.4478081,-0.25557658,-0.25308332,-0.15410028,0.8434589,1.2593372,1.3573228,1.0179882,1.0705963,1.2164528,1.0506501,1.266817,1.1042554,1.1104887,1.0197334,0.89731365,0.8437083,0.80655843,0.8506894,0.8367271,0.7444759,0.8486948,0.87362754,1.1324295,0.9611415,0.5684507,0.51509464,0.6195628,0.5088614,0.69485974,0.7088221,0.5938821,0.6073458,0.74921316,0.39816004,0.25180483,0.18822633,0.15656175,0.3595143,0.45700133,0.5352902,0.26102996,0.12838773,-0.019214137,-0.016222207,-0.07207157,-0.054369308,-0.04713881,0.32012057,0.32036987,0.42608473,0.30516088,-0.05411998,-0.109221354,0.017935656,0.017437002,-0.091768436,-0.12991554,-0.17728776,-0.38447893,-0.33660802,-0.38098833,-0.5989005,-0.6001472,-0.63006645,-0.692149,-0.80609167,-0.890863,-0.7529849,-0.71458846,-0.9015841,-0.86069435,-0.8198047,-0.8340163,-0.7769203,-0.55551755,-0.38223496,-0.5811983,-0.65275526,-0.5841902,-0.6874118,-0.49817222,-0.5757131,-0.60638034,-0.70561266,-0.6427822,-0.6325597,-0.6774387,-0.8297778,-1.0003178,-0.89310694,-0.6709562,-0.6392915,-0.6001472,-0.5380646,-0.7514889,-0.76221,-0.66447365,-0.84049886,-0.7367786,-0.7771697,-1.0516793,-1.2172327,-1.0117868,-1.1007967,-1.0828451,-1.0367196,-0.9222782,-1.0117868,-1.0511806,-1.0422047,-1.0352236,-0.9108092,-0.89410424,-0.8372576,-0.694393,-0.7387733,-0.7537329,-1.4214319,-1.8093854,-1.656797,-1.7241154,-1.9006393,-1.7365818,-1.827337,-1.8218518,-2.0043595,-1.9926412,-1.9243253,-1.8904169,-1.8108814,-1.9811721,-1.7375791,-1.730598,-1.3960005,-1.2424147,-1.2773206,-1.1249815,-1.1160057,-0.8213006,-0.79337597,-0.99283797,-1.018768,-1.1027913,-1.1431824,-1.0571644,-1.0389634,-1.0095428,-0.9270155,-0.64751935,-0.5423032,-0.6218386,-1.1606354,-1.2040184,-1.170359,-1.0815985,-1.1833241,-0.88512844,-0.86767554,-0.862689,-0.61211485,-0.7863948,-0.7826549,-0.73902255,-0.7447571,-0.7290495,-0.64377946,-0.7472504,-0.7278028,-0.36328608,-0.22166805,-0.33511207,-0.33885196,-0.30045554,-0.27527347,-0.5049041,-0.38921613,-0.6340557,-0.5921687,-0.78514814,-0.80135447,-0.27253088,-0.30419546,0.02441817,-0.21344024,-0.3181578,-0.50340813,-0.5019121,-0.08079803,-0.27452546,-0.14886442,-0.1251783,-0.25358197,-0.5006655,-0.31217393,-0.47049686,-0.34333986,-0.42337397,-0.4335964,-0.39420268,-0.28524658,-0.13714603,-0.13839267,-0.3019515,-0.17604111,-0.20645908,0.34006673,0.17600928,-0.112213284,-0.06434241,-0.08877651,0.046857644,-0.17080525,-0.12168773,-0.06683569,-0.055117294,-0.0032571787,0.015193055,0.17625861,0.19695279,0.23435192,0.36200756,0.30815282,0.47595024,0.26476985,0.21590167,0.14509268,0.21889362,0.17251869,0.31064612,0.6352705,0.62779063,0.79309475,0.85717195,0.7898535,0.9696186,1.1309334,0.85492796,0.75021046,0.6145763,0.6110857,0.54875386,0.6502301,0.682892,0.80281854,0.46074125,-0.0059997807,0.5617189,0.35477707,0.039377823,0.19645414,0.31214207,0.24582097,0.34654927,0.22487748,0.62779063,0.5457619,1.6889285,1.6116369,1.7866647,1.8686935,1.6712261,1.691671,1.5483077,1.9138218,1.9332694,2.0843618,2.1778595,2.2180014,2.4802938,2.752061,2.6318848,2.566561,2.5393846,2.9482815,3.0422778,2.9991443,3.149738,3.0151014,2.7066832,2.7929504,2.41497,2.7351065,2.9230995,2.6964607,2.7904572,2.6662922,2.6977072,2.5034814,2.5767837,2.5640678,2.788712,2.657815,2.7336104,2.8777218,2.73012,2018-04-17
WIRE_AIMC,2.1267545,2.32027,2.2575896,1.8689165,1.8174584,1.8642634,1.691824,1.5174685,1.8388081,1.7287753,1.5960242,1.5609889,1.6184688,1.5987613,1.4506824,1.5382706,1.4961188,1.6786857,1.629691,1.567558,1.416742,1.650767,1.5306067,1.3828014,1.4468503,1.5262274,1.6748537,1.5404603,1.6647263,1.6056043,1.5232165,1.721385,1.6896342,1.4892759,1.3721266,1.3724003,1.508436,1.5273222,1.491192,1.614363,1.6108048,1.4460292,1.4703898,1.602046,1.5223953,1.5670105,1.6652738,1.4890022,1.5486718,1.5850756,1.3773272,1.5826123,1.4142784,1.3584409,1.3797905,1.1690311,1.2481344,1.2703052,1.155893,1.1676626,1.366105,1.0195837,-0.41166395,-0.6070953,-0.903527,-0.94923717,-0.90215844,-0.9235081,-0.98646224,-1.1364572,-1.1148338,-1.2568911,-1.239921,-1.0685762,-1.2084439,-1.3209401,-1.1953057,-1.2407421,-1.1829885,-1.1131916,-1.2571648,-1.3932005,-1.3529645,-1.5508593,-1.8204671,-1.7599764,-1.6879898,-1.5908215,-1.3819782,-1.5563337,-1.4493117,-1.3146447,-1.3004116,-1.0132861,-0.98919934,-1.0655653,-1.230341,-1.3617234,-1.254154,-0.981809,-1.000969,-1.3587127,-1.4202981,-1.4692928,-1.642827,-1.4441111,-1.3187504,-1.4150976,-1.2563437,-1.127972,-1.0710397,-0.79896843,-0.32243338,-0.40728456,-0.17024867,0.09169509,0.020803308,-0.16970125,-0.30655798,-0.2154114,0.12645671,0.0013696535,0.18941079,0.16067089,-0.015874295,0.10948647,1.3483136,1.2317116,0.8906647,1.2993189,1.2172048,1.2297956,1.3401021,1.1884649,1.2656521,1.3713056,1.5451136,1.4846228,1.5221215,1.5267748,1.3275113,1.4629995,1.5670105,1.3734952,1.457799,1.4030563,1.3387336,1.284812,1.3080776,1.4014139,1.3743163,1.297129,1.2527876,1.2391019,1.0458603,1.0726842,0.81676203,0.6221518,0.43246835,0.38429478,0.19214794,-0.010673739,0.2318364,0.47160938,0.23019412,0.16231318,0.23676324,0.28521052,0.2832945,0.5148561,0.20638104,0.21048674,0.0714403,-0.16805898,-0.34022477,-0.29725173,-0.21623254,-0.5466047,-0.5342876,-0.44916272,-0.5096534,-0.5466047,-0.48939857,-0.4100217,-0.36102697,-0.39770457,-0.4308239,-0.26741695,-0.40920055,-0.12618081,-0.14150877,-0.23457134,0.169156,0.07992541,-0.2093897,-0.23867704,-0.14670932,-0.36431152,-0.41111654,-0.2843872,-0.57206,-0.6788083,-0.4535421,-0.46531183,-0.60654795,-0.95525885,-0.48912486,-0.8164861,-0.6689546,-0.51950705,-0.39332518,-0.47762892,-0.33228704,-0.086492375,0.09114767,0.2622186,0.054743778,0.13986866,-0.07225927,-0.015874295,-0.23621361,0.0695243,-0.17079611,-0.4798186,-0.53729844,-0.28000778,-0.09661976,0.24333236,0.20829703,-0.042971928,-0.07609125,-0.1524573,0.10373849,0.084852256,0.008759917,0.0054753553,-0.33803505,-0.2739861,-0.1809235,-0.29533574,-0.20993714,-0.40947428,-0.14972016,0.24908035,0.35719714,0.2545546,0.23101525,0.38484222,0.067882024,0.23293124,0.5112978,0.056659773,0.4075604,0.031204421,0.079651706,-0.27562836,-0.08731351,-0.1932406,-0.4083794,-0.30710542,-0.16942754,-0.5411304,-0.29287234,-0.42151764,-0.32982364,-0.39086172,-0.36239555,-0.59477824,-0.52881336,-0.65198433,-0.2920512,-0.29971516,-0.061584443,0.021898163,-0.113863714,-0.012042306,0.11578188,0.20610733,0.19351651,0.105380766,0.17244057,0.11194989,0.26906142,0.051732928,-0.15081502,-0.16696411,-0.28821918,-0.36403784,-0.2863032,-0.19050346,-0.17627037,-0.16778524,-0.17763893,0.052280355,-0.5222442,-0.5715126,-0.59039885,-0.46777523,-0.35144702,-0.22581251,-0.43356103,-0.44587812,-0.39113545,0.017792461,0.056933485,0.19844335,0.3629451,0.453818,0.48940074,0.77351534,0.8159409,0.8189518,0.91721493,0.8485128,0.8337323,0.8988761,1.1115514,-0.1932406,-0.446973,-0.59477824,-0.6944099,-0.55782694,-0.5099271,-0.482282,-0.529087,-0.51485395,-0.53374016,-0.3248968,-0.41111654,-0.24387759,-0.37060693,-0.45737413,-0.28137636,-0.30464202,-0.0010937677,0.09278994,-0.055562746,0.026551293,0.08539969,-0.02518055,-0.07390155,-0.10401003,-0.08758722,-0.08758722,-0.04926734,-0.080470674,-0.15327844,-0.55618465,-0.7672177,-0.93910974,-1.1791565,-0.70125276,-0.8621963,-0.9333618,-1.0261507,-0.8950419,-0.7480578,-0.86602825,-1.0513324,-0.9596383,-0.94403654,-0.8693129,-0.74012005,-0.6705969,-0.6979682,-0.639941,-0.57288116,-0.91009617,-0.950332,-1.1903788,-1.1816199,-1.314371,-1.2421106,-1.0433946,-1.0967687,-1.0373728,-1.1370046,-1.2224033,-1.1036116,-1.297127,-1.3494062,-1.486263,-1.531152,-1.5076127,-1.4999487,-1.4999487,-1.404149,-1.4279621,-1.1422051,-1.0469528,-0.6894831,-0.07554383,0.043795235,0.028740998,-0.20418914,-0.25126785,-0.2586581,-0.23238163,-0.1929669,0.020803308,-0.011494879,0.34159547,0.1688823,0.23046783,0.11906644,0.050638076,-0.07992324,0.10839161,0.010675911,0.101275064,0.31477153,0.29561162,0.6185935,0.7294475,0.43602663,0.5498915,0.55509204,0.40673926,0.43465805,0.43931118,0.29643273,0.29260075,0.41577184,0.2917796,0.2827471,0.11277103,0.42042494,0.63611114,0.3604817,0.22143528,-0.044066783,0.058575764,0.08184141,-0.024906836,0.018066175,-0.25592098,-0.30956885,-0.50007343,-0.40947428,-0.41713825,-0.26714325,-0.010947452,0.015602753,0.017792461,-0.25756326,-0.22635995,-0.23539248,-0.33338192,-0.105104886,-0.2827449,-0.35254186,-0.6883883,-0.4874826,-0.59532565,-0.40399998,-0.23128678,-0.16258469,-0.13056023,1.0072666,1.3888232,1.463547,1.01931,1.0787058,1.0524293,1.01931,1.2355436,0.88108474,0.9470497,0.83044773,0.6851059,0.6708728,0.6344689,0.68127394,0.65171283,0.5331949,0.7141195,0.8003393,1.0825378,0.9560822,0.4680511,0.5107504,0.54250115,0.39633816,0.52908915,0.6774419,0.5288155,0.46832478,0.5816422,0.32845724,0.17791483,0.18284167,0.20254906,0.3629451,0.5069184,0.45655513,0.060765475,-0.06651129,-0.19378804,-0.2113057,-0.24716216,-0.22307537,-0.23046564,0.24771176,0.38402104,0.5069184,0.38210508,-0.5112957,-0.4064634,-0.32790762,-0.3377613,-0.38456634,-0.49459916,-0.53127676,-0.71658075,-0.6070953,-0.60189474,-0.8350987,-0.8465946,-0.87779796,-1.0154759,-1.2177501,-1.1964004,-1.0483214,-1.0360043,-1.1474057,-1.198864,-1.0715871,-1.1151075,-1.1745033,-0.85289,-0.6749763,-0.79239935,-0.86301744,-0.77597654,-0.93089837,-0.6194124,-0.7122013,-0.7672177,-0.7340984,-0.68455625,-0.61448556,-0.620781,-0.7455943,-0.72424465,-0.64979464,-0.43985644,-0.33009735,-0.3112111,-0.20692627,-0.4494364,-0.4283605,-0.27535468,-0.34816244,-0.23676105,-0.30573684,-0.53976184,-0.5879354,-0.61503303,-0.6010737,-0.5241602,-0.40290514,-0.24250902,-0.3188751,-0.34241447,-0.24853073,-0.24853073,-0.45874268,-0.42261252,-0.40701082,-0.37142807,-0.46394324,-0.53374016,-1.1873679,-1.5626291,-1.4572494,-1.5500383,-1.6425534,-1.5021384,-1.8201935,-1.9269416,-2.095549,-2.0577767,-2.0030339,-2.0810425,-2.075842,-2.3416176,-2.0334163,-2.047923,-1.7758518,-1.7334263,-1.8544077,-1.5815153,-1.4309729,-1.1030643,-1.0231397,-1.267566,-1.4033278,-1.5341629,-1.5308783,-1.3195716,-1.2886419,-1.3001379,-1.2007799,-0.91173846,-0.75435317,-0.6894831,-1.1627338,-1.2213084,-1.25607,-1.0384678,-1.207349,-0.9629228,-0.9470475,-0.8526163,-0.66539633,-0.6799031,-0.3695121,-0.25537357,-0.29560947,-0.41193768,-0.405916,-0.45408955,-0.5882091,-0.53729844,-0.4655855,-0.6199599,-0.70152646,-0.58903027,-0.5449624,-0.7450469,-0.6183176,-0.9276138,-0.84549975,-0.90434813,-0.9796193,-0.7250658,-0.62899244,-0.38538748,-0.59806275,-0.5326453,-0.73081386,-0.70344245,-0.43629816,-0.6191388,-0.5249813,-0.5709652,-0.76940745,-1.0480477,-0.8898413,-0.8515215,-0.7349195,-0.618865,-0.6736077,-0.5539949,-0.4590164,-0.39359885,-0.41330624,-0.3654064,-0.2739861,-0.28958777,0.19269536,0.09443223,-0.095524915,0.018066175,-0.067606136,0.00903363,-0.067332424,0.15245949,0.21267645,-0.06213187,-0.13110766,-0.15409958,0.03722612,0.0032856476,-0.020801134,0.048995797,-0.0892295,0.19242166,0.0897791,-0.012042306,-0.028191399,0.05611234,0.088410534,-0.019158855,0.35227028,0.40673926,0.45792368,0.55618685,0.5186881,0.5334686,0.63419515,0.39442217,0.28411564,0.041058104,0.1666926,0.07226144,0.15574405,0.21076044,0.48611617,0.32079327,-0.12207512,0.05036436,0.059123192,-0.27918664,-0.052825615,0.06268147,0.0531015,0.18858966,0.24661693,0.28876877,0.16860858,1.7580626,1.666916,1.8990251,1.8626211,1.74903,1.7660003,1.5533249,1.7446506,1.8478405,2.018638,1.9822339,1.927765,2.3312187,2.5551162,2.4516525,2.2225542,2.3550317,2.8014581,2.7669704,2.7354934,2.791057,2.4111428,2.1045837,2.2329555,1.971559,2.3646116,2.6131434,2.4886038,2.6076694,2.4029315,2.4642434,2.2737389,2.3024786,2.3629694,2.4762866,2.428934,2.5833087,2.6796558,2.5890565,2018-04-17
VICR_AIR,1.0771906,1.2688984,1.2519519,0.7996911,0.8759505,0.5846818,0.32148084,0.35113728,0.34001613,0.21238749,0.11017866,0.08634759,0.050336182,-0.0635234,-0.1742055,0.047158707,0.22244948,0.054043237,0.10488286,-0.14878568,0.118651934,0.20973958,0.21768329,0.18484937,0.15837038,0.030741742,0.029682584,0.3246583,0.32201043,0.45069823,0.3585514,0.58097476,0.40674314,0.24681014,0.22139034,0.16949154,0.113356136,0.0911138,-0.557621,-0.717554,-0.6455312,-0.83565015,-1.114209,-1.8159016,-1.630549,-1.3869424,-1.5495234,-1.532047,-1.6204869,-1.714752,-1.7110449,-1.5378726,-1.568588,-1.7385831,-2.0171418,-1.5468754,-1.2995617,-1.1947051,-1.0919666,-1.0416566,-0.96645635,-1.0067043,-0.86742496,-0.6211705,-0.5380266,-0.737678,-0.8287657,-0.64606076,-0.65665233,-0.6518861,-0.48083198,-0.32036942,-0.35002586,-0.40722045,-0.42575574,-0.2149831,-0.026452836,-0.005799238,-0.15196316,-0.22716343,-0.17738298,-0.31401446,-0.16520265,-0.079410784,-0.032807786,-0.094768584,-0.12548418,-0.24093251,-0.0762333,0.17478736,0.14195342,0.0344488,0.03603754,0.08634759,-0.18903372,0.112826556,0.08264053,0.40515438,0.45811233,0.70966256,0.4538757,0.34425274,0.50418574,0.8828351,0.7938657,0.9643903,1.7825904,1.8535541,1.915515,2.0256674,1.4606061,1.1746333,1.2021714,0.9850439,1.0380018,0.94108874,0.8637702,1.1153203,0.88707167,0.9273197,0.93155634,0.84205747,0.70224845,0.59474385,0.6519384,0.4385179,0.6646483,0.57409024,0.6921865,0.605865,0.47082224,0.4152164,0.33101326,0.26852292,0.3045343,0.22033118,0.16101828,0.11600403,0.17796482,0.25104678,0.37496838,0.23568897,-0.07040793,0.016972678,0.1091195,-0.023804938,-0.0915911,-0.060875498,-0.18320833,-0.16255476,-0.20386194,-0.44958678,-0.44005436,-0.53431946,-0.3982176,-0.23087049,0.03286006,-0.035455685,-0.03174863,0.31247798,0.6551159,0.74514437,0.41945302,0.2478693,0.18802683,-0.50466305,-1.0331833,-1.0496002,-1.0421863,-1.0670764,-0.9934649,-1.1454542,-1.1242709,-1.1295667,-0.9309745,-0.96116054,-0.64129454,-0.6714806,-0.7080216,-0.58992535,-0.8801348,-0.79275423,-0.9230308,-1.0220622,-0.47182912,-0.44482055,-0.4035134,-0.24252124,-0.09529816,0.10806034,0.09482086,0.23462981,0.3103597,0.19014515,0.5253689,0.33207244,0.31936252,0.39032617,0.44222495,0.39032617,0.34160486,0.5131886,0.5576733,0.39403322,0.2780553,0.19014515,0.17743525,-0.1895633,-0.16414349,-0.102182694,-0.0052696583,-0.04975433,0.15942954,0.23357067,0.37232047,0.3739092,0.5158365,0.66147083,0.8907788,0.89607453,1.1343852,1.1910503,1.202701,1.1984644,1.2477152,1.0046383,0.9003112,1.0544188,1.0851344,0.25422424,0.40303606,0.41150936,0.40621355,0.3357795,0.61751574,0.38661912,0.14777881,0.17425777,0.029682584,-0.16838011,-0.15567021,-0.14401947,-0.25205368,-0.19962531,-0.48083198,0.046099544,0.036567114,-0.093179844,-0.06987835,0.17955355,0.2732891,0.40038818,0.17902398,0.19755925,-0.02274578,-0.14772654,-0.059816338,-0.1175405,-0.14296031,-0.16996886,-0.28912422,-0.21127605,-0.31348488,-0.014802088,-0.053461388,-0.1715576,-0.41198665,-0.24199165,-0.14348988,-0.108008064,0.061986927,0.11017866,0.09535044,0.044510808,-0.05134307,0.011676883,0.02332763,0.06251651,0.028623426,0.15678164,0.17319861,0.2584609,0.39932904,0.45016867,0.35908097,0.66888493,0.7202542,0.6418764,1.0634216,0.6863611,0.58150434,0.6143383,0.8653589,0.8192855,0.5762086,0.5677353,0.739319,0.692716,0.3532556,0.36596552,0.49041668,0.3998586,0.5073632,0.58785933,0.4173347,0.17266904,1.102081,1.0115228,0.9283789,0.519014,0.47347015,0.5338422,0.4072727,0.5852114,0.5010083,0.56138027,0.3378978,0.5698536,0.31830338,0.28758776,0.28070322,0.14301258,0.07310809,-0.074114986,-0.07093751,-0.06564171,0.036567114,0.075756,0.075756,-0.0036809202,0.23568897,0.1657845,0.08528842,0.25740173,0.41203892,0.09640959,0.12924352,0.16207744,0.2732891,0.23092276,0.21821286,0.32254001,-0.015861247,-0.7556837,-0.8006979,-0.721261,-0.7408555,-0.6428833,-0.5189617,-0.38603726,-0.45382342,-0.42522612,-0.24146208,-0.46812207,-0.47341788,-0.5359082,-0.56821257,-0.9452731,-0.851008,-1.1401584,-1.140688,-1.3138604,-1.6813885,-1.5717655,-1.6882731,-1.6533208,-1.7740649,-1.7052196,-1.6273714,-1.5823572,-1.6369039,-1.5542895,-1.4674385,-1.8757442,-1.761355,-1.6940984,-1.7025716,-1.7301098,-1.7777721,-1.5500529,-1.1904683,-1.0951442,-1.1465133,-1.3991227,-1.4165988,-1.3249817,-1.3927678,-1.4335454,-1.4234834,-1.4367229,-1.4489032,-1.4134213,-1.4759117,-2.150596,-1.9726572,-2.1034632,-2.1214693,-2.6325135,-2.581144,-2.5075326,-2.389966,-2.257571,-2.0065503,-2.2543936,-2.0881057,-2.1474185,-2.240095,-2.1521847,-1.8529723,-1.8360257,-1.8974569,-2.1426523,-2.074866,-1.5913601,-1.3985932,-1.4939175,-1.5262218,-1.6400813,-1.5934784,-1.718459,-0.577745,-0.48771653,-0.32990187,-0.3436709,-0.47447705,-0.46653333,-0.37650484,-0.25999737,0.021209313,0.03338964,0.12659562,-0.05081349,0.1657845,0.03497838,-0.008976715,0.05880945,-0.097416475,-0.43369943,-0.42363742,-0.33678636,-0.14296031,-0.108537644,-0.24199165,-0.095827736,0.051924918,-0.012154191,-0.1662618,-0.37703443,-0.5761563,-0.73397094,-0.80599374,-0.73238224,-0.9082026,-1.2090037,-1.1502204,-1.061251,-0.990817,-0.8907265,-0.8218812,-0.7424442,-0.82558817,-0.49354187,-0.5581506,-0.39186263,-0.36909074,-0.557621,-0.36750197,-0.52108,-0.55338436,-0.42469656,-0.33837512,-0.23722546,-0.18373792,-0.42310783,-0.34049344,-0.33943427,-0.24146208,-0.22080848,-0.074644566,0.120240666,-0.66989183,-0.40722045,-0.49248272,-0.20598026,-0.19909573,-0.3235469,-0.24993536,-0.1689097,-0.5841,-0.5348491,-0.36008787,-0.11436302,-0.1355462,-0.36803156,-0.38656685,-0.23722546,-0.21604227,-0.0582276,-0.085765734,-0.12972082,0.002674033,-0.11171512,-0.20968732,0.059339035,0.29764977,0.06410525,-0.026452836,-0.009506293,-0.060345918,0.019090995,0.07151936,0.010617725,-0.017449984,0.0344488,0.009558565,0.13189141,0.0498066,-0.03863316,-0.16943927,0.10276455,0.41362768,0.21344665,0.15837038,0.37073174,0.4671152,0.3638472,0.19861843,-0.026452836,-0.20862815,0.26428628,0.74355567,0.8266996,1.2270616,1.3684595,1.3652819,1.3478059,1.3181493,1.2222955,1.0697765,1.2710168,0.97498184,0.95909446,0.80233896,0.83993906,0.735612,1.1741037,0.93685216,0.90242946,0.83146584,0.7070147,0.3559035,0.41680515,0.56085074,0.52272105,0.38979658,0.39032617,0.2145058,0.14354216,-0.21710142,-0.15302232,0.12712519,0.54602253,0.5762086,0.55820286,0.6937752,0.7890995,0.6392285,0.48882794,0.5359605,0.14883795,-0.6884271,-0.5284941,-0.43952477,-0.5999874,-0.0915911,-0.114892595,-0.11383344,0.0042627715,-0.122836284,-0.17844214,-0.26900023,-0.24305081,-0.31772155,-0.26847064,-0.15408148,-0.30607077,-0.086295314,0.33260202,0.34637108,0.34637108,0.40780228,0.47876593,0.42951503,0.6905977,0.46287856,0.17690566,0.5926255,0.37285006,0.569324,0.49730122,0.3633176,0.57991564,0.43798834,0.5237802,0.592096,0.12924352,-0.2615861,0.23304108,0.6132791,0.822463,1.12856,1.905453,2.24862,2.2750993,2.2909868,2.5075846,2.4631,2.0299041,1.9737687,1.9171036,2.1040452,2.0696225,2.0378478,2.1660058,2.3751898,2.1914256,2.2952232,1.866264,1.792123,1.6464885,1.538984,1.0194665,0.84470534,1.2641323,0.6270482,0.76526845,-0.43158108,-0.20809858,-0.22186764,-0.14613779,-0.34049344,-0.27535516,0.027034687,0.14407174,-0.083117835,0.15678164,0.14566047,0.592096,0.4591715,0.61169034,0.8860125,0.8473532,0.9665086,0.72554994,0.539138,0.67418075,0.33683863,0.40621355,0.15307459,-0.1456082,0.017502258,0.09270253,0.15942954,0.010088145,-0.5502069,-0.089472786,-0.07676288,0.21344665,0.07416726,-0.30342287,-0.5528548,-0.66724396,0.425808,0.36808383,0.44381368,0.30294558,0.27911448,0.3537852,0.121829405,-0.08417699,-0.086824894,-0.23669587,-0.39504012,-0.47765452,-0.60316485,-1.4917991,-1.3964748,-1.3641704,-1.4880921,-1.5993037,-1.4557878,-1.0829638,-1.5262218,-1.4430778,-1.4377819,-1.4923288,-1.0448341,-1.5436978,-1.2852632,-1.2301868,-1.0797863,-1.1221527,-1.0093522,-1.5426388,-1.5426388,-1.8423808,-1.8868654,-2.3703713,-2.314236,-2.299408,-2.4863496,-2.5393074,-2.2586303,1.2996141,1.8652049,1.8387258,1.6470181,1.6406633,2.0463212,1.9562925,2.0177238,1.3795805,1.1582164,1.0279398,1.326093,1.0237031,0.83623207,0.70489633,1.0078158,1.3742847,1.0888414,0.7038372,0.60374665,1.0883119,1.0056975,0.38661912,1.4415413,2.5817256,3.1923308,2.8348649,3.0668204,2.4371507,2.5001705,2.401139,2.6198554,3.723499,3.5381463,3.7796345,3.9400969,3.5026643,2018-04-17
MTZ_AIT,-0.38966495,-0.35438862,-0.18388613,-0.42592126,-0.4164489,-0.49582073,-0.4419263,-0.46609715,-0.5281574,-0.43180066,-0.56996644,-1.2215996,-1.0641624,-1.188283,-1.1500669,-1.0818006,-1.1918759,-0.86295635,-0.9080317,-0.977278,-0.9753182,-1.0517503,-0.98217744,-0.78848404,-0.6901674,-0.6434589,-0.441273,-0.5278308,-0.4618509,-0.45205188,-0.6261474,-0.70029306,-0.5967504,-0.49451423,-0.44649914,-0.39750418,-0.42069513,-0.31355944,0.3201088,0.5853349,0.49910372,0.43671682,0.57226956,0.584355,0.68855095,0.7858876,0.7519178,0.6542545,0.7411389,0.8012394,0.6927972,0.7287268,0.7662896,0.49910372,0.6503349,0.33578718,0.2884254,0.29234496,0.13654098,0.43704346,0.4229982,0.4324706,0.54287255,0.3093299,0.48767158,0.59709364,0.5229479,0.63726956,0.66503334,0.6424957,0.47591278,0.13686761,0.24498317,0.39882734,0.4948575,0.22146557,-0.13652432,-0.4582579,-0.4324539,-0.7826046,-0.70388603,-0.9054187,-0.89104676,-0.96388596,-1.0210468,-1.4198657,-1.2774538,-1.2934588,-1.2343383,-0.9586598,-0.7231574,-0.60132325,-0.5588609,-0.32139868,-0.34818256,-0.19499163,-0.18878561,-0.00358463,-0.15252933,-0.31257957,-0.08850924,-0.08752935,0.016666623,0.051942997,0.03201838,0.2956113,-0.006524328,-0.22112228,-0.40893632,-0.14697656,0.015033457,-0.1424037,-0.2815494,-0.1878057,-0.3230318,-0.56212723,-0.2841625,-0.29592127,-0.2933082,-0.34948912,-0.3220519,-0.6643634,-0.8041624,-0.6761222,-0.597077,-0.8743885,-0.8868005,-0.56506693,-0.25705191,-0.28481573,-0.4915745,-0.8407453,-1.0782076,-1.2539362,-0.9913232,-0.67579556,-0.9916498,-0.821474,-0.8247403,-0.9034589,-0.56931317,-0.50986594,-0.23288108,-0.35308206,-0.2531323,-0.08132331,-0.23680069,-0.30278057,-0.4383333,-0.35504186,-0.33805692,-0.15448913,-0.09242883,0.09309877,0.0450837,-0.11659969,-0.16657455,0.121189214,0.052922897,-0.17212732,-0.27109715,-0.46577048,-0.10974039,0.107470624,0.047370132,-0.014363524,-0.27795646,-0.39848408,-0.4905946,-0.39717752,-0.3968509,-0.47458956,-0.44943884,-0.46446398,-0.17114742,-0.27795646,-0.4504187,-0.47785592,-0.3396901,-0.5239112,-0.58466494,-0.39129812,-0.52848405,-0.5611474,-0.43963984,-0.5366499,-0.51476544,-0.7907704,-0.5268509,-0.67285585,-0.42396143,-0.5415494,-0.4442127,-0.457278,-0.3661474,-0.67089605,-0.8443383,-0.7973031,-1.2144135,-1.3133833,-1.4985843,-1.673333,-1.4851923,-1.3427804,-1.0344387,-1.2176799,-1.11969,-0.898886,-1.0102679,-0.7705192,-0.69768,-0.34164992,-0.0496399,0.023852551,0.03724451,-0.02350925,0.042144,-0.11300672,-0.2361474,-0.021876084,0.044103805,0.23420428,0.16561133,0.07611385,-0.15154943,-0.17865998,-0.084589645,-0.16167507,0.08689274,0.018626422,-0.25411224,-0.5141122,-0.6764489,-0.7414488,-0.55624783,-0.78064483,-0.8583835,-0.7623534,-0.63692623,-0.5911976,-0.48732826,-0.5921775,-0.27403685,-0.52750415,-0.6689363,-0.75843376,-0.6898408,-0.5163986,-0.50039357,-0.5346901,-0.5611474,-0.5359966,-0.5493886,-0.28840873,-0.40436348,-0.5425293,-0.6869011,-0.41416246,-0.41710213,-0.34850922,-0.38639864,-0.2537856,-0.3021273,-0.24888611,-0.25999162,-0.2743635,-0.06923789,-0.16167507,-0.24398659,-0.07707708,0.08819928,0.07252088,-0.18845898,-0.08883588,-0.12084592,-0.3710469,-0.3230318,-0.40991622,-0.33740368,-0.46348408,-0.4037102,-0.35079563,-0.56180066,-0.8005694,-0.8665494,-0.67187595,-0.6960468,-0.38149914,-0.54318255,-0.33152428,-0.25999162,-0.1404439,-0.29886097,-0.441273,-0.37365997,-0.42820767,-0.23418762,-0.30376047,-0.5232579,-0.29592127,-0.22504188,-0.20936349,0.12282238,-0.08654944,-0.2005444,-0.12247909,-0.20413737,-0.17702681,-0.19531827,-0.096348435,-0.031021811,-0.12901175,-0.28383586,-0.40501672,-0.4174288,-0.43963984,-0.41089612,-0.4794891,-0.41285595,-0.4794891,-0.37170017,-0.24039364,-0.3919514,0.53927964,0.8361891,0.9544303,0.92829967,0.8926967,1.6041036,1.8676965,1.8242544,1.7899579,1.8216413,1.5796062,1.5551087,1.6266413,1.6027972,1.3297318,1.2033247,1.2176965,1.092596,0.94920415,0.8632996,0.7195811,0.8241037,0.58860123,0.6578474,0.6960635,0.42691782,0.55855095,0.61767155,0.5814153,0.8724454,1.0968423,0.9616162,1.0396816,0.9616162,1.1540031,1.1791538,1.4015911,1.4456866,1.5240785,1.2970685,1.1464906,1.2121438,1.1850333,1.2856363,1.2928222,1.2549328,1.3663148,1.4388274,1.5234252,1.5123198,1.532571,1.7605609,1.5871187,1.6841288,1.7256112,1.9268172,1.9091789,0.48179218,-0.49092126,-0.34393632,-0.4102429,-0.29559463,-0.21687604,0.14013393,0.38772187,-0.0989615,-0.27762982,-0.17572027,0.0450837,0.19174197,0.45631477,0.71468157,-0.11790622,-0.14991626,-0.36190116,-0.60524285,-0.9651925,-0.6862479,-0.798283,-0.7669262,-0.6039363,-0.37431324,-0.58564484,-0.65162474,-0.3259715,-0.52260464,-0.14730321,-0.2430067,-0.5212981,-0.7969765,-0.7832579,-0.81461465,-0.68298155,-0.4242881,-0.6862479,-0.6503182,-0.71760464,-0.14664994,-0.47197655,-0.22928812,-0.22700168,-0.27795646,-0.13195145,-1.0759212,-0.89921266,-1.0275794,-0.99491614,-1.403534,-1.3564988,-1.4861723,-1.5178556,-1.4195392,-1.4381572,-1.940519,-1.5018507,-1.3852427,-1.6318506,-0.73197645,-0.86132324,-0.69768,-0.9762981,-0.7656197,-0.7979564,-1.1765242,-1.4528557,-0.45760468,-0.78293127,-0.7499413,-0.78195137,-0.7025795,-0.7342629,-1.0563232,-0.99099654,-0.86197644,-0.8943131,-1.4348909,-1.530921,-1.7602174,-1.6942375,-0.78097147,-0.8959463,-1.091273,-1.2065744,-0.9586598,-0.63202673,-0.6669765,-0.50039357,-0.5327303,-0.1580821,-0.044413775,-0.3703936,-0.042127337,-0.27207705,-0.41775542,-0.7623534,-0.9906699,-1.0720016,-0.9916498,-0.86132324,-0.8943131,-0.51672524,-0.53338355,-0.43572024,-0.56735337,-0.4360469,-0.5990368,-0.7470016,-0.5513483,-0.12574542,0.022872653,0.1505862,-0.011750458,0.119556054,0.98578703,0.88845044,1.344757,1.2804102,0.85546046,0.6745057,0.4602344,0.6075459,0.44390273,-0.47230315,0.19860126,0.4778726,0.23191784,0.24726962,0.05324953,1.1785007,1.0498072,1.2288021,0.7868675,0.8897569,0.75943035,0.58043534,0.4984505,0.668953,0.55169165,0.57030976,0.22211885,0.63237005,-0.23778057,-0.2025042,-0.056825828,0.10812389,0.2701339,0.13621435,0.08460631,-0.009137394,0.50041026,1.0739781,1.4499328,1.1360383,1.3000082,1.3333247,1.4803097,1.3107871,1.5142796,1.7595811,1.7958373,1.8954604,1.8471187,2.0574703,2.1381488,2.28742,2.0911136,2.0770686,2.056817,1.9888775,1.9758121,2.1564403,2.1538272,2.0378723,1.9402092,2.187797,2.5330482,2.5653849,2.3331487,2.5337014,2.9436262,2.6970181,2.8283248,3.2875705,2.9076965,3.1729224,3.2709124,3.2395558,3.2379224,3.3048823,3.2911637,3.5857866,2.3099577,2.8799326,2.4079478,2.5542793,2.099606,1.5436765,1.045561,1.1154604,0.77216905,1.31634,1.694581,1.6632242,1.5315912,1.5956112,1.6413399,1.1834,1.2647318,1.4104102,1.0485007,1.2105107,1.3369178,1.0818173,0.37073693,0.5725962,0.6189781,0.6470685,1.2663649,1.1037016,1.4643046,1.1337519,1.2271689,1.653752,1.324179,1.3225458,1.2722443,0.97598803,1.038375,0.674179,0.5582243,0.12804851,-0.1028811,-0.11953939,-0.00064493215,0.13262138,0.2482495,0.2652344,0.18651584,0.1535259,-0.07511728,-0.4834087,-0.092755474,-0.28677556,-0.63333327,-1.0435845,-0.9645393,-0.9962227,-1.3071773,-0.6989866,-0.44094637,-0.12574542,0.12249575,-0.091122314,-0.35079563,-0.5800921,-0.052579597,0.78131473,0.5373198,0.4719932,0.62159115,0.3756364,0.39490777,0.056842495,-0.09242883,-0.55494136,-0.5239112,-0.081649944,-0.051599704,0.033324912,-0.015670056,-0.07969015,-0.087202705,0.07252088,0.13458118,0.1852093,0.17932992,0.15123947,0.7891539,0.65850073,1.0994554,1.051767,1.1360383,1.2536262,1.1794806,0.8394554,1.0030986,1.1184001,1.591365,1.9947568,1.7648071,1.435561,1.0687519,0.32272184,0.09407867,0.5036766,-0.045720305,-0.17735344,-0.42690116,-0.04833337,-0.4102429,-0.011097193,-0.0048911623,0.5562645,0.097345,0.42528465,0.40927964,0.499757,0.83096296,0.6349831,0.30377713,-0.4095896,-0.694087,-0.51443887,-0.5131323,-0.33087102,-0.33805692,-0.4954941,0.066314854,0.7888273,0.4582746,0.15777212,-0.47132325,-0.19237857,-0.6179815,-0.54220265,-0.7326298,-0.6849413,-0.73132324,-0.849891,-0.496474,-0.6970267,-0.496474,-0.48732826,-0.11627306,-0.091122314,-0.7907704,-0.5931574,-1.060896,-0.90149903,-0.8707955,-1.323509,-1.2075543,-0.9762981,-1.2000418,-1.5743632,-1.5789361,-1.7108958,-2.0185843,-1.8088858,-1.8742124,-1.8967501,-2.104162,-2.2514737,-2.2648656,-2.224363,-1.2238859,-1.2317251,-1.7272276,-2.1623027,-1.7700164,-1.9176545,-2.2674787,-2.034916,-2.2335088,-2.2978556,-2.637554,-2.5069008,2018-04-17
WIRE_AL,0.79633373,1.0491784,0.9262383,0.34303012,0.15952848,0.25763828,0.20373844,0.058693424,0.43599218,0.27489832,0.053545687,0.03234913,0.111684814,0.02144804,-0.111787476,0.1789082,0.26096916,0.5810372,0.5286514,0.43054163,0.27096182,0.40177488,0.30851004,0.16255656,0.12894487,0.21615358,0.38088113,0.46718138,0.7415254,0.7936084,0.7466732,1.0067853,1.0249537,0.83055097,0.5692277,0.679147,0.8453886,0.8659795,0.7802848,0.87052166,0.7442507,0.6873228,0.7521237,1.032524,1.011933,1.1375983,1.2284408,1.0195032,1.1403235,1.1227607,1.0270734,1.25963,0.88657045,0.76423603,0.784827,0.50018746,0.60405064,0.5171447,0.39178222,0.4344781,0.5613547,0.23038554,-1.3051537,-1.3351316,-1.7645135,-1.8602008,-1.727268,-2.1502907,-2.154833,-2.4170647,-2.38315,-2.4930694,-2.75409,-2.6653674,-2.7380412,-2.713211,-2.40253,-2.356503,-2.367404,-2.140601,-2.224176,-2.1148624,-1.9113753,-1.7617881,-2.189353,-2.3074481,-2.4001074,-2.2150917,-2.0231116,-2.1072922,-2.1048696,-1.9474095,-1.8559614,-1.6697345,-1.6067505,-1.7003181,-1.8686794,-1.9873801,-1.8916929,-1.6424817,-1.7787454,-2.1085033,-2.4364443,-2.3780024,-2.6060169,-2.4909499,-2.3813334,-1.9928306,-1.6760935,-1.6985013,-1.6418762,-1.4105309,-1.0084019,-1.1165044,-1.0002261,-0.7382972,-0.8812226,-1.1858474,-1.3327092,-0.9205876,-0.5829567,-0.6071814,-0.5332962,-0.60627294,-0.7034743,-0.70529115,0.6685487,0.53803843,0.3839092,0.8378184,0.7660529,0.726385,0.7939112,0.8360015,1.0113274,1.0564457,0.9774128,1.1545556,1.3577398,1.3223113,1.2850659,1.1775689,1.3695492,1.0609878,1.0509952,1.0110246,0.90837264,0.9186681,1.0134469,1.1675763,1.0873321,1.014961,0.92805517,0.8571981,0.67702734,0.6658234,0.29851735,0.32667848,0.1528667,0.08685456,-0.039416365,-0.040930405,0.035982825,0.18768963,-0.06999997,-0.060007308,-0.20656638,-0.27833188,-0.44941837,-0.1959681,-0.4681925,-0.50574064,-0.60021675,-0.9375449,-1.0280844,-1.0117328,-0.73314947,-0.752832,-0.54873943,-0.4115674,-0.42095444,-0.24986792,-0.25017074,-0.016100151,0.20071036,0.35393122,0.23371644,0.2742927,0.23371644,0.3224392,0.6037478,0.5649884,0.7724119,0.5365244,0.5522705,0.5501508,0.5098773,0.31789705,0.59466356,0.72850466,0.31789705,0.3987468,0.33152342,0.111684814,-0.21322815,-0.8179357,-0.027909664,-0.7016574,-0.61868805,-0.40641966,-0.5072547,-0.47061494,-0.47485426,-0.21383376,-0.11572398,-0.0406276,-0.25501567,-0.05667642,-0.14903286,-0.23503034,-0.4130814,-0.13419527,-0.43336958,-0.6205049,-0.8179357,-0.60263926,-0.43700325,-0.037296712,0.07050294,-0.10663974,-0.079387024,-0.08180949,0.20767495,0.00025147983,-0.0975555,-0.03457144,-0.42731342,-0.17870803,-0.07726736,-0.06999997,0.015694687,-0.35615352,-0.032754593,0.28337693,0.43387252,0.29094717,0.2742927,0.38966253,0.052334454,0.2779264,0.59829724,0.2861022,0.5613547,0.101692155,0.25794107,0.06202431,0.21766761,0.18980928,-0.058796078,0.022356464,-0.19203159,-0.44275662,-0.18688385,-0.30407053,0.03779967,0.06262993,0.05748219,-0.2904442,-0.2910498,-0.3555479,-0.026698431,-0.023367543,0.17436606,0.224935,0.07110855,0.2818629,0.3757334,0.60707873,0.6497746,0.7506097,0.63251454,0.6098039,0.7902775,0.68792844,0.63069767,0.6455353,0.6016281,0.48474425,0.6733936,0.84448016,0.7166952,0.6939846,0.67460483,0.8823312,0.5383413,0.6464437,0.49201167,0.43387252,0.56831926,0.65249985,0.6824779,0.7275963,0.71154743,1.029193,1.0158695,1.0195032,1.1542528,1.1666678,1.220265,1.4470681,1.5058129,1.4958203,1.4876444,1.5167139,1.5681913,1.704455,1.9524547,0.48837796,0.2022244,0.088671416,0.13924035,0.19495702,0.3115381,0.23856136,0.21585077,0.31941107,0.3345515,0.6061703,0.57013613,0.7166952,0.6261556,0.39420468,0.5810372,0.5204756,0.8408464,0.86749357,0.73910296,0.84326893,0.90292215,0.74213105,0.5913327,0.4329641,0.4708151,0.53440475,0.57588947,0.43811184,0.2970033,-0.043655675,-0.33132327,-0.5045294,-0.7946195,-0.30013406,-0.33192888,-0.3052818,-0.26046622,-0.11875206,0.023567695,-0.11360433,-0.20535514,-0.0972527,-0.14206828,-0.07908422,0.0123638,0.13257857,0.18405592,0.21100585,0.23129398,-0.314366,-0.47031212,-0.6877282,-0.6208077,-0.577809,-0.48091045,-0.29468352,-0.5063463,-0.54873943,-0.7640359,-0.7395084,-0.55419,-0.86032885,-1.0077963,-1.1592003,-1.208558,-1.1322504,-1.1885726,-1.214917,-1.0613934,-1.4174955,-1.0144581,-0.85487825,-0.26743078,0.2924612,0.50927174,0.26551127,-0.043958485,0.023870504,-0.04759218,-0.016100151,-0.024881585,0.10593146,0.03053228,0.34757224,0.18829523,0.26127195,0.15862006,0.12924768,0.0807984,0.3015454,0.24552594,0.49292007,0.6715768,0.8063264,1.1863503,0.8493251,0.6673375,0.9238159,1.0746143,0.9964897,0.88899297,0.8671908,0.8011786,0.8423605,0.9786241,0.8917182,0.9404703,0.7321384,0.98770833,1.0664384,0.6697599,0.56226313,0.3496919,0.3805783,0.41691527,0.4102535,0.49958184,0.25067368,0.11198763,-0.032451782,0.0689889,0.03477159,0.09987531,0.2815601,0.22099851,0.34575537,-0.0751477,-0.03608548,-0.07333086,-0.1659901,0.052637264,-0.16356765,-0.23987526,-0.539958,-0.4348836,-0.52421194,-0.442151,-0.3328373,-0.31466883,-0.15327217,1.0836985,1.265686,1.3722745,0.9120064,1.281735,1.3029315,0.9855887,1.2593272,0.97983533,0.99527854,0.91109794,0.7369833,0.5571154,0.5743754,0.60586745,0.55590415,0.44023147,0.6606757,0.6388735,1.0361576,0.8738525,0.47959653,0.48958918,0.51260257,0.368466,0.5256233,0.47717404,0.39753556,0.38542324,0.5583266,0.27671516,0.12682521,0.06353835,0.31396055,0.6249443,0.67733014,0.7569686,0.4593084,0.25430736,-0.04486691,-0.13025877,-0.21716467,-0.14630759,-0.066669084,0.38360637,0.56831926,0.64341563,0.6658234,0.15528917,0.23401925,0.16134533,0.19041489,0.04234179,0.39692995,0.399958,0.32092512,0.5586294,0.2897359,0.031137895,-0.17991927,-0.3328373,-0.31618288,-0.6165684,-0.647152,-0.6501801,-0.7068052,-0.81036556,-0.6977209,-0.62444144,-0.48303008,-0.43579203,-0.32587272,-0.060310118,-0.26137462,-0.42156005,-0.39491296,-0.42034882,-0.05788765,-0.13025877,-0.19778495,-0.39794102,-0.22776294,-0.13268124,-0.07575333,-0.27076167,-0.2189815,-0.16235642,0.0771647,0.091093875,0.03234913,0.039919328,-0.2789375,-0.14146267,-0.08574599,-0.1808277,-0.1880951,-0.20141865,-0.5590349,-0.61051226,-0.48938906,-0.58144265,-0.42640498,-0.5217895,-0.33465415,-0.43700325,-0.6677429,-0.5463169,-0.54389447,-0.3470693,-0.37220234,-0.14903286,-0.015191728,-0.047894992,-0.10997063,-0.81733006,-1.4193122,-1.8432435,-2.0318928,-2.0076683,-1.5813146,-1.7296904,-1.8262863,-1.9876829,-1.9156147,-1.8789748,-1.8853338,-1.9189454,-2.0276537,-1.7433169,-1.8190188,-1.4683672,-1.2118888,-1.2948582,-1.1162016,-1.1086314,-0.792197,-0.7289102,-0.84973055,-0.9647976,-0.9638892,-1.0162749,-0.83882946,-0.8615401,-0.7734229,-0.5823511,-0.22564329,0.07322821,-0.052437108,-0.77402854,-0.7788735,-0.84821653,-0.6011252,-0.8212666,-0.44093975,-0.41035616,-0.6750104,-0.47091773,-0.6892423,-0.59991395,-0.5260288,-0.47303742,-0.47939637,-0.4460875,-0.68984795,-0.75525445,-0.73920566,-0.56115454,-0.55358434,-0.4503268,-0.32678115,-0.6350396,-0.7625218,-0.67440474,-0.87668043,-0.80461216,-0.842766,-0.9841773,-0.74283934,-0.75828254,-0.55025345,-0.7404168,-0.7407197,-0.9260382,-0.7958307,-0.41701794,-0.76554996,-0.35524508,-0.27015606,-0.5169446,-0.7343607,-0.59355503,-0.48696658,-0.36463216,-0.29589474,-0.38734275,-0.35040015,-0.22927698,-0.108759396,-0.27348694,-0.3712939,-0.3782585,-0.45426333,0.24401191,0.10199497,-0.17234908,-0.08332353,-0.3588788,-0.3210278,-0.48726937,-0.4021803,-0.52542317,-0.7722117,-0.7425365,-0.7958307,-0.65260255,-0.7016574,-0.6753132,-0.60808975,-0.72709334,-0.48575532,-0.73345226,-0.73799443,-0.8751665,-0.89969385,-0.6934816,-0.7040799,-0.5090716,-0.47424865,-0.23503034,-0.12329418,0.044461448,0.21221706,0.1901121,-0.120871715,-0.314366,-0.61081505,-0.54964787,-0.6289835,-0.30800703,-0.25017074,-0.08483757,-0.12480822,-0.4376089,-0.39612418,-0.33374575,-0.5466197,-0.31527445,-0.3246615,-0.4073281,-0.5154305,-0.6096038,-0.38068098,-0.4996845,1.0494812,0.9462236,1.1587948,1.3586482,1.3886262,1.3774222,1.1494077,1.5185307,1.6302669,1.8752385,2.0369382,2.0805423,2.4617777,2.6873696,2.585626,2.3754773,2.4666224,2.8896453,2.8439212,2.9120529,2.9692836,2.7185585,2.524156,2.598041,2.3076484,2.6976652,2.8796527,2.7736697,2.6688983,2.4336164,2.4778264,2.6010692,2.608034,2.5577676,2.7682192,2.5919852,2.7909298,2.9102361,2.8272667,2018-04-17
LHX_ALG,-1.7884278,-1.8768858,-2.0008326,-1.5292339,-1.3754479,-1.2479696,-1.189351,-1.1333805,-0.56520206,-0.36215508,-0.42465824,-0.16952524,-0.23891434,-0.19583304,-0.23714872,-0.11938145,0.0019170694,0.066362426,-0.050345466,0.030343652,-0.16511117,0.016042078,-0.13068146,0.034228027,0.002093632,-0.2985925,-0.3681582,-0.34555817,-0.3713363,-0.34838316,-0.3543863,-0.29823938,-0.45485044,-0.54383796,-0.29258937,-0.26063153,-0.24897839,-0.32313472,-0.9140898,-0.8129194,-0.8418757,-0.54118955,-0.5752661,-0.6255865,-0.5773849,-0.63423806,-0.54825205,-0.47639108,-0.6481865,-0.49651924,-0.31165814,0.035463966,0.10202807,0.105912454,0.10785464,0.4134845,0.5109471,0.56162053,0.55720645,0.5321346,0.5370784,0.78550196,0.50494397,0.34745014,0.36192822,0.5113002,0.57256746,0.67214876,0.77685046,0.73818326,0.70145816,1.0130912,0.7332395,0.9322256,0.860188,1.0835397,1.0106193,0.8707818,1.0254506,0.97901464,1.0060287,0.782677,0.53054553,-0.40505975,-0.2249659,-0.0023204335,0.21767661,0.24345474,-0.075064234,-0.11991114,-0.31059876,-0.099783,-0.12344239,0.50935805,0.51589084,0.19172189,0.22968286,0.5268377,0.35804388,0.26940945,0.4632752,0.6327753,0.43802673,0.3380923,0.29112667,0.18660158,0.32361415,-0.04045796,0.10273433,0.3211423,0.4864049,0.27417663,0.006860823,0.08684369,-0.0028501214,-0.008500125,0.629244,1.1891242,1.1391569,0.9848412,0.99808335,1.0812443,0.8483583,0.8995614,0.6152956,0.6928066,0.48410958,0.40995327,0.5815721,0.8503005,1.1070225,1.2016602,0.99737716,0.9179239,0.705166,-0.32807848,-0.30424252,-0.080007985,-0.21684402,-0.14357053,0.2337438,-0.05740797,0.25934538,0.60134715,0.3476267,0.609469,0.34674388,0.3804673,0.35380635,0.25952193,0.101851515,-0.022448573,0.25104696,0.24522038,0.34656733,0.44632518,0.6001112,0.75813484,0.72388166,0.7106395,0.860188,0.72988474,1.0868944,1.0189178,0.920749,0.8245224,0.9622412,1.0030272,1.1285632,1.4696822,1.2849976,1.4486712,1.3321398,1.5164711,1.8498216,1.7101604,1.7746058,1.7897902,1.782198,1.8761294,2.1619842,1.6610761,1.4869853,1.4326041,1.5281243,1.2819961,1.1998944,1.357918,1.5892152,1.2975336,1.2530398,1.1841804,1.3370836,1.3854618,0.32449698,0.4187814,0.47616425,0.020456145,-0.5205317,-0.7407053,-0.80832875,-0.4696817,-0.49440047,-0.50958484,-0.50428796,-0.557963,-0.4446098,-0.08601111,-0.30477217,-0.29788625,-0.12979865,-0.14162834,0.15552655,0.35151106,0.46610022,0.25387192,-0.5969834,-0.90843976,-0.92927414,-0.5932755,-0.45396763,-0.50252235,-0.4589114,-0.6058115,-0.63194275,-0.73311305,-0.63635683,-0.6776725,-0.46138325,-0.2588659,-0.4564395,-0.6202896,-0.7211068,-0.5810927,-0.51011455,-0.71439743,-0.5046411,-0.9885992,-0.5996318,-0.49263483,-0.509938,-0.49245828,-0.5178833,-0.5484286,-0.7548303,-0.8323413,-0.80003035,-0.6520709,-0.48168793,-0.60033804,-0.45290825,-0.5938052,-0.51911926,-0.38758007,-0.34979564,-0.3259597,-0.24774246,-0.5911568,-0.83905065,-0.9202694,-1.037507,-0.7131615,-0.83958036,-0.74794436,-0.65772086,-0.45343795,-0.54260206,-0.12485489,-0.219669,-0.8535288,-0.7172224,-0.8270444,-1.2398478,-1.2553853,-1.1106039,-1.2002977,-1.4206479,-1.2698635,-1.2596228,-1.2862837,-1.1379712,-1.1520962,-1.107779,-1.2606822,-1.2357869,-1.1563337,-1.2356104,-1.1674571,-1.2492056,-1.4610807,-1.3369572,-1.1076024,-1.014907,-1.0322102,-0.8346366,-0.99213046,-0.8010897,-1.2778088,-1.4999245,-1.2970542,-1.3118854,-1.095243,-1.3562026,-1.2209556,-1.1621602,-1.1919993,-1.1123697,-1.1061898,-1.2373759,-1.2959948,-1.3719167,-1.2665087,-1.2688041,-1.1621602,-1.2875197,-1.3367807,-1.4118198,-1.2101853,-1.2310197,-1.295465,-0.8081522,-0.6935631,-0.66531307,-0.16899554,-0.2036018,-0.24897839,-0.27510968,-0.29876906,-0.27493313,-0.12820959,-0.2698128,-0.2839378,-0.17482212,-0.28605655,-0.23255809,-0.41812542,-0.4228926,-0.18665181,-0.2438581,0.15870467,0.15729217,0.20743597,0.26181728,0.25475475,0.26852664,0.16152968,0.16152968,0.2729407,0.3183173,0.2943048,0.15358436,0.04658741,-0.16881898,-0.20430805,-0.17782366,-0.12697364,-0.07117986,-0.004439185,0.03987803,0.18430626,0.033345215,-0.03710327,-0.12820959,-0.16899554,-0.0955455,-0.14056897,-0.15010335,-0.0023204335,-0.01891732,-0.049639214,-0.10984707,-0.2295565,-0.29770967,-0.32913783,-0.24880184,-0.019976694,-0.07877205,-0.15999086,-0.10755176,-0.019270444,0.04976554,-0.22690807,-0.16157992,-0.34290972,0.52489555,0.59375495,0.5819253,0.74171454,0.8582458,0.765727,0.5978159,0.598169,0.4027142,0.56320965,0.56038463,0.48817053,0.29783604,0.38258606,0.5286033,0.4526814,0.23003598,0.375347,0.38735327,0.47386894,0.48146114,0.5526159,0.8529489,0.86883956,0.8741365,0.60629094,0.32326105,0.25775632,0.28653604,0.43096423,0.4819908,0.38187984,0.8485349,0.6281847,0.5024721,0.4546236,0.18289377,0.16347186,-0.14975022,-0.40788478,-0.37345508,-0.26469246,-0.4933411,-0.76348186,-0.40505975,-0.17694084,-0.3817535,-0.73717403,-0.79455686,-0.61057866,-0.6042224,-0.723049,-0.673435,-0.76083344,-0.7232256,-0.6054583,-0.576149,-0.8519397,-0.6870303,-0.44390354,-0.18771116,-0.15610647,-0.39623165,0.13222028,-0.1730565,-0.18965337,-0.15804866,-0.012031378,-0.15275179,0.070070244,0.244161,0.48922986,0.3380923,0.54608303,0.63048,0.9161584,0.7643145,0.87431306,1.0542303,1.024921,1.0826569,0.83635205,0.9892553,0.98678344,0.91986614,0.9670084,1.3828133,1.4705651,1.6499527,1.6125214,1.5560212,1.2781117,1.2214352,1.0485803,1.2422695,1.3628618,1.4622664,1.3838727,1.4811587,1.6300011,1.6624886,1.1229132,1.0740054,1.1924789,1.370807,1.3443227,1.4246588,1.2510977,1.3994102,1.4243057,1.2364429,1.6300011,1.7214605,1.590451,1.3411446,1.2774055,0.9011505,1.0220959,1.0270396,0.63948464,0.41401422,0.8008629,0.72953165,0.30825323,0.26835006,0.22844693,-0.29470813,-0.6642537,-1.0016648,-0.7477678,-0.5807396,-0.5537255,-0.5348333,-0.7827272,-0.60669434,-0.8860163,-0.77213347,-0.7680725,-0.79332095,-0.77213347,-0.5041114,-0.37310192,-0.42730668,-0.49863794,-0.28835186,-0.31677845,-0.43242696,-0.555138,-0.9038491,-0.9472835,-1.1605712,-1.7739497,-2.048328,-2.0626297,-2.0382638,-2.0965295,-1.849342,-1.6131011,-1.4439542,-1.1665742,-1.3470213,-1.3976947,-1.698381,-1.8286842,-1.89207,-1.8115577,-1.8576404,-2.0100138,-1.9003685,-1.8472232,-1.729809,-1.3053526,-1.2850478,-1.2020634,-1.2258993,-1.2497354,-1.467437,-1.2319025,-1.2497354,-1.2912276,-1.3311307,-1.3659135,-1.8120872,-1.5101652,-1.6148667,-1.4642589,-1.424709,-1.2583869,-1.1773447,-0.68791306,-0.98083043,-0.8464663,-1.2573274,-0.597513,-0.5362458,-0.449377,-0.43172073,-0.19848149,-0.11655645,0.13380934,0.02557646,-0.11143613,-0.025450137,-0.057584535,0.07589681,0.10767808,0.420547,0.41772202,0.44155797,0.16929843,0.16152968,0.20055003,0.28635946,0.39406267,0.39123765,0.4703377,0.5143018,0.15623279,0.0036826956,-0.07824236,-0.3109519,-0.1474549,-0.18735805,-0.18859398,-0.15381116,-0.41618323,-0.56396616,-0.90808666,-1.3238916,-1.2695104,-1.3763307,-1.4985121,-1.1976494,-0.87877727,-0.8381679,-0.87453973,-0.7883772,-0.8687132,-0.6247037,-0.67590684,-1.0182618,-0.62205523,-0.926096,-0.84699595,-0.5567271,-0.35473946,-0.44408014,-0.5577864,-0.7657772,-0.6446553,-0.29153,0.30154383,-0.85564756,-0.9557586,-0.6589568,-1.279751,-1.227665,-1.0060788,-1.164279,-1.035918,-0.81062406,-0.9481663,-0.7294053,-0.7098068,-0.99619144,-0.9825961,-1.0966555,-1.1411493,-0.78784746,-1.0558696,-1.4250621,-1.4930387,-1.121904,-0.95469916,-0.98842263,-0.43119103,-0.6704334,-0.61711144,-0.49793172,-0.43790042,-0.3217222,-0.33196282,-0.12785645,-0.057937663,-0.9575241,-0.5955708,-0.9425163,-0.75412405,-0.9089694,-0.8881351,-0.49545985,-0.51488173,-0.6218787,-0.44831762,-0.16758305,-0.23114558,-0.08724705,0.037406154,0.25881568,0.14034216,-0.17005493,-0.13827366,-0.27034247,-0.11938145,-0.35897693,-1.0083742,-1.28134,-1.0465118,-0.84028655,-1.1330274,-1.2894619,-0.79067254,0.8435911,1.8296933,1.4514961,1.9211527,0.8515364,0.8716645,1.3716899,1.2827023,1.5154119,1.6564854,1.7767245,1.7500635,1.7882012,1.8046213,1.8611215,2.0908294,2.109192,1.5985729,1.8929027,2.2227216,2.0412154,2.0154371,2.5073407,2.2260764,1.6462449,2.022853,1.6358277,1.4417853,1.3478539,1.6314135,1.6686683,1.8198059,1.1471022,1.777784,2.0440402,2.1254358,1.7724869,2.596858,2.7248657,2.9496298,2.8617017,3.2081175,2.953161,2.7605314,2.924558,2.5709033,2.3189483,3.0922925,2.568608,2.7532923,2.7739503,2.3802156,2.7451706,2.6842563,2018-04-17
MMM_ALG,-2.1883605,-2.294399,-2.3099449,-2.046321,-1.7452236,-1.4354534,-1.3263055,-1.1777204,-0.39814016,-0.02635035,-0.086897105,0.28472906,0.44231427,0.50711566,0.4959881,0.4756968,0.60857236,0.5720807,0.48469695,0.27131057,0.070033535,0.27376518,0.25036466,0.18998156,0.06610618,-0.095079094,0.018159695,-0.078387834,-0.3881581,-0.34904817,-0.30486542,-0.11651592,-0.12780708,-0.4023948,-0.3901218,-0.36819404,-0.2953743,-0.084769785,-0.8229492,-0.7822029,-0.7054558,-0.5843623,-0.7445657,-0.62036306,-0.80085784,-0.78171194,-0.5856714,-0.6053082,-0.6524365,-0.5660347,-0.64163625,-0.4040312,-0.31190193,-0.25250065,-0.29406518,-0.29013783,-0.06693304,-0.05286001,0.10096147,-0.064314805,-0.15889865,-0.7663298,-0.9127875,-0.97987986,-0.7390019,-0.7445657,-0.754875,-0.7777846,-0.72394705,-0.72525626,-0.80969435,-0.69481915,-0.8178764,-0.7846575,-0.95958847,-0.7967668,-0.889878,-0.96531594,-0.698092,-0.80822164,-0.8663138,-1.1517017,-1.2971776,-2.2333612,-1.936846,-1.3557607,-1.1621747,-1.1724839,-1.6702765,-1.8533896,-1.799552,-1.5765109,-1.5666926,-0.903951,-1.0887003,-1.3652519,-1.1003188,-0.81623995,-0.6224904,-0.7355655,-0.71740144,-0.744893,-0.9460064,-1.1269921,-1.252013,-1.2248487,-0.9232605,-1.1497381,-0.70005566,-0.7813847,-0.7522568,-0.77091175,-0.7606024,-0.6976011,-0.6056355,-0.4750509,0.22025493,0.62509996,0.6784466,0.33202097,0.3964951,0.39665872,0.260674,0.3050204,0.31745702,1.0659459,0.7349024,0.92047,1.2256583,1.074946,1.1670753,1.2524953,1.3073146,0.85305035,0.84519565,-0.18491739,-0.13877094,-0.12698887,-0.18442646,0.02421437,0.17378122,-0.1426983,0.14727156,0.17312665,-0.056787368,0.16936293,0.039105598,0.043196596,-0.061042003,-0.25577345,-0.4037039,-0.7304927,-0.5387068,-0.6674913,-0.6036718,-0.20029953,-0.030277709,-0.06316932,-0.047623534,0.16232643,0.08868848,0.40876806,-0.6652004,-0.59876263,-0.78040284,-1.0751183,-1.1248648,-1.258395,-1.0237354,-0.93062425,-0.7283654,-0.5275793,-0.6396726,-0.5300339,-0.8211492,-0.9682614,-1.169702,-1.4444535,-1.452472,-1.5393646,-1.5063094,-1.7484965,-1.4495263,-1.8046249,-1.7576603,-2.0878854,-1.9469916,-1.740969,-1.7705878,-1.3457787,-1.1610292,-0.9841345,-0.6840189,-0.899369,-0.7403111,0.04941491,0.07887009,0.123216495,0.046796676,-0.023241194,-0.2551189,0.026341688,0.39224046,0.36033064,0.38209477,0.33316645,0.2709833,0.6129906,0.3441303,0.4860061,0.7939764,0.61609983,0.4943517,0.8469957,0.820486,0.53657085,-0.38193983,-0.34201166,-0.30453813,-0.22893652,-0.088533506,0.0026139074,0.17738129,0.423332,0.34674856,0.32956636,0.5863173,0.53149796,0.5930266,0.81606776,0.78072155,0.90836066,0.4364232,0.869578,1.0687277,0.9862532,1.1893303,0.916379,1.2264766,1.4151533,1.2614955,1.3181149,1.4426447,1.2179673,1.054491,1.1006374,1.189003,1.179021,1.1752573,1.0698732,1.0801824,1.0692186,0.73113865,0.8733417,0.9265247,1.0096537,1.083128,1.4036984,1.3699886,1.3037146,1.3636067,1.4770092,1.4266081,1.5481925,1.6851591,1.6846682,1.5663564,1.7003775,1.618394,0.70577455,0.63311833,0.73653877,0.53771627,0.64588225,0.58320814,0.45687822,0.25511023,0.33463922,0.2217277,0.20176364,0.43576866,0.46620566,0.49566084,0.2655832,0.11143442,0.0649607,-0.015386478,0.043687515,0.12076189,-0.22795467,0.009977702,0.21616393,0.31352967,0.56586236,0.618718,0.6002267,0.8303044,0.29127464,0.3276027,0.7434117,0.91490626,0.9289793,0.6398276,0.7723759,0.9217791,0.9558162,0.9864168,1.1860576,1.1644571,1.0990012,0.98985326,1.0098174,0.8638506,0.8965786,0.8283407,0.36802176,0.4223502,0.5107157,0.52609783,0.6106997,0.74766624,0.855505,0.77695787,1.3269514,1.252659,1.0417272,1.0412362,1.3325151,1.2654228,1.3068237,1.1021103,1.3390607,1.2400587,1.1307472,1.063164,0.94648874,0.94665235,1.17673,1.1660935,1.4437902,1.376207,1.2605137,1.4436265,1.4104078,1.3572247,1.1400747,1.2732776,1.0998193,1.3105874,1.3532975,1.1926031,1.0806735,0.8042857,0.96939826,1.1541477,1.3855344,1.3271149,1.0446726,1.0189812,0.9761076,0.9329067,0.77499413,0.62984556,0.44002327,0.094252236,0.054978665,-0.14040734,-0.086078905,-0.0999883,-0.11864324,-0.15889865,-0.029786788,-0.038950622,-0.075442314,-0.16266237,-0.13484359,-0.10440657,-0.15513493,0.020614294,-0.48945117,-0.48912394,-0.48143283,-0.47979644,-0.70741946,-0.5247974,-0.32024756,-0.1209342,-0.24219134,-0.12698887,-0.12698887,-1.021608,-0.7540568,-0.952552,-1.3623062,-1.1466289,-1.3222145,-1.3819431,-1.2286124,-1.3297421,-1.3804703,-1.5894386,-1.3683611,-1.3621427,-1.3451241,-1.2921047,-1.225176,-1.0396085,-1.3002868,-1.361979,-1.1618474,-1.2786863,-0.91573304,-0.6426181,-0.6771461,-0.8833323,-1.0435357,-0.18131731,-0.3744124,-0.41646782,-0.42710438,-0.5918898,-0.67665523,-0.93684256,-1.311578,-1.1898298,-0.94486094,-1.3020867,-1.6460578,-1.3721248,-1.2528312,-1.194739,-1.5948386,-1.4869999,-1.354288,-1.3485606,-1.2250124,-1.114719,-1.0351902,-1.0553178,-1.0166988,-1.5691471,-1.5940204,-1.4267805,-1.2981595,-1.2870319,-1.3930706,-1.4506718,-1.5609651,-1.6491671,-1.7988975,-1.7093865,-1.2999594,-1.2225578,-1.0833002,-0.83260393,-0.6483455,-0.52528834,-0.2888287,-0.40141296,-0.3035563,0.0075231036,0.38700396,0.39551327,0.2492192,0.48044235,0.5401709,0.81017673,0.6992288,0.66486454,0.7705759,1.2192764,1.373916,1.5504835,1.5254464,1.3379152,0.9643255,0.7951219,0.78775805,1.0435271,1.3274424,1.430699,1.2634592,1.3678614,1.3917527,1.3513337,0.83112264,0.7520846,0.9720166,1.2459496,1.1706753,1.4418266,1.1341838,1.1899848,1.1958759,1.0680732,1.3727705,1.3690069,1.4372447,1.2657502,1.1651115,0.8633597,0.9846169,1.1333655,0.9311066,0.68744683,0.885942,1.0088356,0.78890353,1.0166903,1.1786938,0.7627211,0.23154609,0.23138246,0.3194207,0.23138246,0.27441975,0.47389674,0.21256387,0.4364232,0.12256194,0.25396475,0.2767107,0.5041701,0.3514941,0.44018695,0.6704283,0.8574686,1.0359998,1.17673,0.92488825,1.0559639,1.0422181,0.87432355,0.8458502,0.6234636,0.4794605,0.34593037,0.4383869,0.58239,0.678283,1.0373089,1.008181,1.2583864,1.5081006,1.3487154,1.3241695,1.0453272,0.7753214,0.6429367,0.58206266,0.56553507,0.5357526,0.44378698,0.3480577,0.26132855,0.65160966,0.41842282,0.58762646,0.60939056,0.6751738,0.7195202,0.8661416,0.8483048,0.88708746,0.7136292,0.5130067,-1.6341121,-1.4099256,-1.1469561,-1.1230648,-0.8877506,-0.66405493,-0.32990232,0.38733128,0.11928913,0.11454358,-0.3807943,0.042214755,0.12681657,0.1585627,0.123216495,0.3534578,0.4647329,0.5625895,0.25838304,0.28341994,0.25723755,0.15119892,0.25314656,0.15021707,0.24283724,0.27540156,0.26656502,-0.02700491,-0.18639016,-0.46670526,-0.19555399,0.20994562,0.37080362,0.875469,0.86434156,0.529207,0.47798774,0.21370934,-0.3361206,-0.5220155,-1.115701,-1.0351902,-1.0797002,-1.1809933,-1.4275986,-1.9833196,-2.3448002,-2.363455,-2.261671,-2.2201066,-1.7445691,-1.5627652,-1.6481851,-1.7012045,-1.6318212,-1.7399873,-1.4344715,-1.4595083,-1.567347,-1.3171417,-1.3523242,-1.261995,-0.85256803,-0.620854,1.1207652,1.4999188,0.7267204,0.99443525,0.9929624,0.87317806,0.018159695,0.21092747,0.12730749,-0.72738355,-0.77533,-0.90067816,-0.63345426,-0.83734953,-0.52463377,-0.57519853,-0.5547435,-0.58419865,-0.8078943,-0.8497861,-0.95795214,-0.94207907,-0.840786,-0.6748551,-0.95320654,-0.5164518,0.38733128,0.563735,0.4598237,0.7545392,0.5692988,0.7421025,0.5481892,0.8849601,0.82981354,1.0909827,1.2739321,0.8522322,0.20290911,0.6002267,0.0625061,-0.1225706,-0.29111966,-0.06496936,0.28145626,0.19227251,0.29896572,0.4495144,0.61609983,1.0562911,1.2474225,0.81001306,1.3920801,1.3272786,1.1392565,1.1515296,1.2994599,1.6226487,1.3781706,0.98838055,1.0387816,1.2796595,1.5765021,1.6984138,2.1364777,2.1120954,1.6339397,2.0019658,1.5283921,1.9365098,0.17050843,0.42971396,0.18098137,-0.87580496,-0.84520423,-0.08869714,0.30894774,0.0374692,0.46816936,0.6692828,0.43855053,0.067578934,0.6669919,0.13319853,1.3390607,1.2952054,0.8407774,0.7792488,0.9909988,0.97398025,0.41154996,0.7977401,0.50269735,0.67337376,0.29912934,0.26721957,-0.07478775,0.20798196,-0.021441154,-0.15202577,-0.1557895,0.002286628,-1.0422267,-1.7426054,-1.7499692,-1.8412802,-1.7406417,-1.2048846,-2.1805058,-1.8640262,-1.9622102,-2.528077,-3.1494174,-2.558841,-2.4395475,-2.532004,-2.3659096,-2.7268991,-2.630188,-2.6594796,2018-04-17
TDG_AOS,0.34842375,0.38070184,0.15063068,0.13242942,0.3766671,0.4150422,0.09360603,0.4042828,0.40266892,0.25203776,0.28870925,0.35407242,0.32932588,0.58100545,0.43548498,0.36967352,0.475205,0.45072743,0.53249866,0.34008524,0.32394618,0.32932588,0.19743395,0.13027754,0.22352542,0.18039829,0.099523686,0.06177623,0.12453922,0.1696389,0.23276053,0.20335159,0.05478264,-0.12552644,-0.1058906,-0.1077735,-0.023222785,0.026628956,0.18452272,0.14838915,0.06043131,0.022863178,0.062583186,0.08598481,0.061327923,-0.037120305,-0.023312446,0.0725356,0.07540476,0.36770093,0.7060831,0.7253603,0.59212345,0.5621766,0.94054765,0.73073995,0.8817297,1.049307,0.9392924,0.7228498,0.5133111,-0.009145943,-0.08248898,-0.3059252,-0.36088765,-0.17717142,-0.35407335,0.06760422,0.29704776,0.21958031,0.86343884,0.9655632,0.7533347,0.7439202,1.0605146,0.979909,1.2083663,1.3937861,1.3815922,1.2549902,1.3328162,1.0224085,0.98295754,1.1213948,1.1393269,1.2292573,1.6998901,1.6950485,1.2257606,0.9448514,1.2725638,1.0382786,0.9248569,1.0336162,0.74015445,0.553569,0.6096074,0.6019862,0.53967154,0.5454099,0.70697975,0.75145173,0.71944267,0.7128974,0.5292708,0.5300778,0.39845482,0.22926374,0.119249195,-0.03227859,0.15412748,0.24414755,0.038374603,-0.23078893,-0.19851083,-0.3519215,-0.20057304,-0.066529244,-0.007890684,-0.48417208,-0.38966897,-0.35721153,-0.4620257,-0.5073944,-0.20631137,-0.54325897,-0.77099895,-0.79413164,-0.8121535,-1.1240855,-0.7715369,-1.0208852,-0.6178572,-0.6738956,-0.49358654,-0.6200091,-0.76409507,-0.8638882,-0.8091051,-1.2226235,-0.31516033,-0.20263526,-0.28951716,-0.27391607,-0.4785234,-0.18891707,-0.087779,-0.14686587,-0.33901024,-0.32062966,-0.36250156,-0.39737985,-0.28046137,-0.24477611,-0.10481467,-0.06670857,-0.13341665,-0.37899926,-0.38177875,-0.44965243,-0.7396174,-1.2207406,-1.2865521,-1.0901039,-0.9935386,-0.94216263,-0.49824893,-0.53653437,-0.5396725,-0.6140018,-0.85052866,-0.63803107,-0.63229275,-0.41576043,-0.13987227,-0.2403827,0.11539374,0.37863967,0.30197915,0.9978413,0.9321195,0.7776329,1.0302091,0.5513275,0.8467618,0.6972066,0.3468995,0.5956203,0.5971445,0.41423523,0.43162957,0.073432215,0.18703322,0.47090122,0.12220802,0.31220058,0.6001033,0.48183995,0.3483341,-1.5915802,-1.2966838,-1.4990495,-1.3294998,-0.79646283,-0.901546,-0.80372536,-0.88388264,-0.8705231,-0.61427075,-0.5658536,-0.655246,-0.6264647,-0.66259825,-0.80883604,-0.6576669,-0.58835864,-0.52676123,-0.40598732,-0.7178297,-0.5158225,-0.72455436,-0.5121464,-0.7033942,-0.64923877,-0.616064,-0.37209532,-0.54424524,-0.6508526,-0.6418865,-0.6794546,-0.8183402,-0.8803859,-0.80300814,-0.91642976,-0.95713603,-1.0708266,-1.0538807,-1.1104571,-0.97327507,-0.7573704,-0.80166316,-0.6931728,-0.71594685,-0.97569597,-0.88648283,-0.92180943,-1.0597087,-0.7999596,-0.7045598,-0.87464756,-1.0423144,-1.0711854,-0.7180091,-0.5198573,-0.47377133,-0.59696615,-0.92351305,-0.68187547,-0.61068434,-0.49215192,-0.9433282,-0.8070429,0.6606248,0.5585901,0.51985633,0.6880612,0.63632655,0.62027717,0.38401935,0.44131297,0.47063226,0.38150883,0.47179785,0.50380695,0.4882059,0.52155995,1.1624596,1.309594,1.2675428,1.2551695,1.2113252,1.178509,0.8949997,0.97372234,0.82318085,0.73665756,0.78364015,0.73100895,0.69164765,0.61471814,0.63605756,0.7916201,0.7213255,0.7282294,0.5789432,0.43369174,0.5550933,0.5641491,0.43261582,0.48390213,0.37469456,0.45422423,0.43073294,0.70321393,0.46928737,0.46372834,0.6344437,0.7205186,0.594634,0.5777776,0.85626596,0.8195048,0.72473264,0.95552105,1.0378302,0.6387474,0.6683357,0.74149936,0.8635285,0.84057516,0.7587143,0.7104765,0.6821435,0.75073445,0.7163942,1.183799,1.2214569,1.0508312,0.9489758,1.0127251,1.05908,1.0713637,1.1158357,1.0901926,1.065984,0.9814333,0.88137114,0.8597627,0.9026209,1.03523,0.87930894,0.786599,0.95301056,0.93606454,1.2055868,1.2999105,0.96448725,1.356218,1.3139874,1.1764468,1.1365474,1.1362785,1.1230983,1.0282365,0.82605004,0.8266777,0.8458652,0.9365129,1.1590525,0.8874681,0.86989444,0.7340575,0.7562935,0.70088273,0.15816225,0.025015052,0.00071681157,0.057651807,0.18658493,-0.11638099,-0.14856943,0.080336146,0.09405434,0.15511376,0.3321054,0.4062554,0.6790054,0.9708532,1.1969793,1.7030282,2.26664,2.253639,2.378358,2.3929727,2.337562,2.1982284,2.2995455,2.1014836,2.14219,2.2031596,1.741493,1.3650944,1.6406239,0.34295443,0.79153043,0.70850396,0.8928478,0.25293437,0.20783468,0.1373608,0.53267795,0.44489944,0.4561071,0.41674572,-0.04160337,-0.60862213,-0.6482524,-0.6638535,-0.46005315,-0.24056204,-0.70025605,-0.75979125,-0.82497513,-0.46937796,-0.3024284,0.15224458,-0.0065457625,-0.07235724,-0.17932329,-0.218057,-0.034520123,0.060879618,0.019904353,0.08087411,0.08750905,0.101765215,0.18210185,0.18488136,0.21715945,0.5343815,0.56047297,0.31713194,0.108938135,0.32278058,0.060162324,0.025732344,0.10526201,0.2837779,-1.6600814,-1.9109541,-2.0628405,-2.4350252,-2.4120717,-2.456185,-2.5993743,-2.689753,-2.3725312,-1.8938287,-2.1999328,-1.8296312,-0.672999,-0.55823237,-0.3869791,-0.26190144,-0.35882542,-0.4353066,-0.29184836,-0.2722125,-0.44992143,-0.26934335,-0.2557148,-0.3259197,-0.6051253,-0.5830686,-0.31838813,-0.5404794,-0.60476667,-0.6655571,-0.64287275,-0.9900418,-1.0851725,-1.0137124,-1.930859,-1.7854282,-2.0170236,-2.3443773,-1.9499568,-1.8255965,-1.972372,-2.6384668,-3.3821185,-3.6963818,-3.7955472,-3.5054924,-3.2636757,-3.0288522,-3.037191,-3.0301075,-2.9552402,-2.525583,-2.3334386,-2.2402804,-2.0716274,-1.8719515,-1.7350384,-1.5549984,-1.6188372,-1.435121,-1.6033258,-1.558495,-1.5351831,-1.6080778,-1.1704406,-1.3777378,-1.2774962,-1.6385627,-1.8061398,-1.5210167,-1.333445,-1.7768205,-1.8013878,-1.573648,-1.4421146,-2.3710067,-2.06033,-2.1308937,-1.9727309,-1.7130715,-1.8033605,-1.9808003,-1.5074778,-1.1385211,-1.0170299,-0.6534528,-0.53276855,-0.47099182,-0.5533907,-0.48793784,-0.48838615,-0.50497353,-0.5799304,-0.6374931,-0.43709984,-0.5888069,-0.49394515,-0.65246654,-1.2020013,-0.9058497,-0.81547105,-0.74499714,-0.8091051,-0.9456594,-1.1368175,-0.9043255,-0.8902486,-0.8695368,-0.9598259,-1.049039,-0.95229435,-0.99246264,-0.8056082,-1.1400453,-1.0693024,-1.2577708,-1.2051395,-0.89984244,-0.88415164,-0.6753302,-0.6270027,-0.113870464,-0.15107995,-0.19797285,0.16650075,0.21285571,0.59373736,0.7991516,0.91355956,1.0111113,0.7845368,0.69971716,0.8512449,0.872943,0.6483412,0.5187804,0.38132948,0.7584453,0.8932961,0.40248957,0.20846231,0.24396822,0.44911352,0.41055912,0.39119226,0.18201219,0.08768837,0.011207196,0.12749805,-0.07970947,0.08634345,-0.085089155,-0.122298636,0.10579997,0.04393361,0.37765336,0.048685662,-0.10884943,-0.39926273,-0.22558858,-0.3681502,-0.55070084,-0.7811307,-0.86810225,-0.72607857,-0.6372241,0.028511846,0.020442322,-0.6058426,-0.18748248,-0.6386587,-0.66887456,-0.82470614,-0.9720198,-1.020437,-0.9881589,-0.93014795,-0.70133203,-0.7770063,-0.33273396,-0.64547294,-0.46955726,-0.451356,-0.5896139,-0.66726065,-0.64592123,-0.8095534,-0.4906277,-0.49537975,-0.6330997,-0.50793236,-0.5784062,-0.65972906,0.4535966,0.33945763,0.71657354,0.76472163,0.7861507,0.87599146,0.96242505,1.0988001,1.1040003,1.1744742,1.28682,-0.03245791,0.109207116,-0.38249603,0.12400125,0.00017884308,0.09889606,-0.29086208,-0.15870117,-0.44839716,-0.326368,0.27938446,-0.05720446,-0.04142405,0.07755664,0.1970753,0.041781735,-0.1888274,-0.2759783,-0.064646356,-0.02232617,-0.22576788,-0.023043463,-0.2957038,-0.06545331,0.32430485,0.31220058,0.07800494,-0.28342018,-0.2903241,-0.23580998,-0.2966004,-0.20218696,-0.20227662,0.0242081,0.016138574,-0.009235605,-0.49475214,-0.359991,-0.40275952,-0.38904133,0.13314672,-0.0054698256,0.15260324,0.4042828,0.5767017,0.49071643,0.37953624,0.49367523,0.31919414,0.650762,0.9331954,1.0169392,1.485689,2.0018697,2.0646327,1.9333684,1.797083,1.7184501,1.6828544,0.98860615,1.0014278,0.91490453,0.6927236,0.7207875,0.49385455,0.5165389,0.8580591,0.7702806,0.82757425,0.36097637,0.33524355,0.49923423,0.3367678,0.25060317,0.31641465,0.5667493,0.6615214,0.4535966,0.21482825,0.25777608,0.04088512,0.017124848,-0.25006613,-0.027078224,0.5723083,0.6598179,0.815201,1.190972,1.5094492,1.622064,1.3962069,1.9271817,1.993621,2.1062355,1.7472312,1.9641223,2.005994,1.9634947,1.8515972,1.9226987,2.0259888,1.8176155,1.6740676,1.9507627,1.9588323,2.0933244,2.7317135,2.8050566,2018-04-17
WSO_AOS,0.58046234,0.7867006,0.7039389,0.3913471,0.30135575,0.38050252,0.20851047,0.20356381,0.32951373,0.44271642,0.37859997,0.3696579,0.27852494,0.579511,0.4649765,0.5473576,0.6464814,0.69176245,0.65409166,0.4623129,0.29108188,0.33769476,0.33674347,0.17217143,0.49808115,0.57399356,0.4314913,0.23362437,0.44100416,-0.14936239,-0.16515368,-0.074591495,-0.32744262,-0.44635308,-0.543384,-0.5496625,-0.57667893,-0.33980933,-0.4659495,-0.54376453,-0.5412912,-0.4551049,-0.41838533,-0.38889557,-0.267702,-0.24924712,-0.49981526,-0.55860454,-0.46499825,-0.10541309,0.56619304,0.70489013,0.6502865,0.76577234,0.5589633,0.5399376,0.5378448,0.48704624,0.7452246,0.6915722,0.6057664,0.0102629885,-0.23630968,0.095688246,-0.0142801255,0.25303054,0.29203317,0.5454551,0.56657356,0.5367033,0.58559924,0.4767724,0.5473576,0.572091,0.84739244,1.1674042,1.0871159,1.1386755,1.2092607,0.991607,1.062002,1.1527544,1.1238354,0.7886031,0.63202184,0.6938553,0.8260837,0.69937277,0.71535426,0.5612464,0.6679804,0.5987269,0.6200357,0.71725684,0.49865192,0.18967505,0.16284886,0.009501962,0.15599962,0.3976256,0.51254064,0.36908713,0.5673346,0.4895196,0.47410882,0.44309697,0.41037282,0.049646124,0.15961449,0.0047455444,-0.07421099,0.11243083,0.19709508,0.6556137,0.8943859,0.6700732,0.7613964,0.78917384,0.97163004,0.8257032,0.75245434,0.7113589,0.6394419,0.6902404,0.91797763,0.671405,0.9292028,0.74731743,-1.4020125,-1.3978269,-0.85502446,-0.9077256,-0.9627098,-0.85445374,-0.9440646,-1.0439494,-1.1976768,-1.1529665,-0.95795333,-1.1464977,-1.2716867,-1.0681119,-1.0329145,-1.1419315,-1.2910928,-1.4052469,-1.2661692,-1.0585991,-1.1261404,-0.6512596,-0.69616014,-0.7033899,-0.7657941,-0.79623514,-0.5704004,-0.7199422,-0.7541884,-1.0536525,-1.2121363,-1.2361087,-1.1816952,-1.3677663,-1.5249183,-1.6072994,-1.5077952,-1.8732783,-1.7600757,-1.4644167,-1.4590895,-1.4746906,-1.7564608,-1.7260195,-1.8848839,-1.7939413,-1.8576772,-1.6331743,-1.509888,-1.3034595,-1.0709659,-0.91095996,-1.026636,-1.0104642,-1.068873,-0.88660705,-0.7227961,-0.783488,-1.2585589,-1.1166275,-1.0840936,-1.3428427,-1.2123266,-1.2798678,-0.81602186,-0.90715486,-1.1092074,-0.90867686,-0.6579185,-0.79985005,-0.6444103,-0.899164,-0.8831825,0.81619036,0.9919876,0.81714165,0.6948066,0.59339976,0.7572108,0.6521891,0.6999435,0.75797176,0.76120615,0.81067294,0.8449191,0.8080093,0.7530251,0.8449191,0.5241463,0.85766625,0.43092054,0.5524946,0.25702593,0.47791395,0.49522728,0.48305088,0.55002123,0.6590383,0.70146555,0.5585828,0.61718184,0.7945011,1.1559888,0.93262744,1.0522989,0.90256685,1.1044292,0.65180856,0.69176245,0.5669541,0.78841287,0.8017309,0.69785064,0.761777,0.9189289,0.8770725,0.9116992,0.9166458,0.7733826,0.976006,0.9624978,1.010823,0.9847578,1.0020711,1.048684,1.0825497,1.1582718,1.0258533,1.035366,1.0317512,1.0382198,0.941189,0.87954587,0.8013503,0.8884879,0.6664583,0.7435123,0.48343137,0.43662825,0.29108188,-0.22603582,-0.13242953,-0.14346443,-0.32744262,-0.21309836,-0.21481067,-0.13128799,-0.023983216,0.24656181,0.24618131,0.39420098,0.46878162,0.44233593,0.28290084,0.21307664,0.12289496,0.031381484,-0.09532948,0.033474308,-0.06698123,0.02224916,-0.20263426,-0.11131104,0.01254607,-0.004006264,0.18415761,0.2048956,0.16722476,0.021868648,0.2250628,0.41018254,0.78460777,1.1293528,1.0439276,0.2844229,0.27548084,0.40314305,0.22392127,0.13602266,-0.19540448,-0.15659215,-0.20092194,-0.0072406274,0.21688177,0.43529645,0.81714165,0.63887113,0.027576348,-0.019607313,0.2773834,0.3405486,0.18206479,0.039372265,-0.058229424,-0.04319914,-0.0662202,0.0418456,-0.062415075,-0.033876564,-0.06945457,0.21821356,0.39933792,0.20394433,0.33312863,0.5072135,0.33350912,0.33788502,0.39971843,0.61166435,0.5857895,0.43453538,0.39267892,0.4969396,0.4151292,0.57132995,0.6247921,0.6128059,0.40827996,0.18111351,0.29640907,0.19005556,-0.0068601137,0.19005556,0.22962897,0.08046771,0.26844135,-0.5884748,-0.5622194,-0.73782635,-0.7402997,-0.7855808,-0.8886999,-0.96309024,-1.018455,-1.0260652,-1.0165524,-1.2732087,-1.5353824,-0.7062437,-0.6504985,-0.6191062,-1.09627,-0.99904877,-1.0740099,-0.4031648,-0.6385124,-0.7305966,-0.69007194,-0.76959926,-0.44197717,-0.41039458,-1.6752212,-0.65753806,-0.5620292,-0.37576786,-0.22736762,-0.45567566,-0.4661398,-0.49087316,-0.565644,-0.57610816,-0.5622194,-0.36967963,-0.3902274,0.10386928,0.23781,0.28936958,0.5960633,0.58559924,0.6617019,0.45146823,0.36452097,0.28994036,0.19367045,0.3588133,0.08294104,0.6221285,0.72962356,0.6951871,0.6734978,1.0433569,1.323605,1.6051849,1.5127201,1.2916418,1.2467413,0.9444234,0.9101771,0.9370034,0.9944609,0.77547544,0.77319235,0.60976183,1.0203358,0.84967554,0.78765184,0.9054207,0.85614425,0.92691976,0.95983416,0.86032987,0.7016558,0.5979659,0.65009624,0.71896917,0.74750763,1.0717051,1.1185082,1.0212871,1.1413391,1.1919473,1.1873811,1.5678946,1.7956318,1.5456344,1.4933139,1.3909558,1.3139019,1.4994022,1.7162948,1.2086899,1.1826247,1.2143975,1.309526,1.2629131,1.5110078,1.5500104,0.61166435,0.44138464,0.8862048,1.0222384,1.0511574,0.91360176,0.68700606,0.38316607,0.2475131,0.11928007,0.280808,0.41950512,0.41341692,0.6086203,0.50131553,0.45603442,0.2254433,0.117567755,-0.050428897,-0.2256553,-0.4031648,-0.29414773,-0.47470132,-0.46709105,-0.6524011,-0.5528968,-0.50932807,-0.6925453,-0.9785011,-0.7638915,-0.8555953,-0.906584,-0.9326492,-0.67618316,-0.643459,-0.8514096,-0.8679619,-1.0625945,-1.0068493,-1.0154109,-1.3150653,-1.5405194,-1.6014014,-1.5730532,-1.620998,-1.7243073,-1.561828,-1.6164318,-1.4067689,-1.8517792,-2.2945068,-2.3150544,-2.316957,-2.1158557,-2.253982,-2.5391767,-2.6771128,-2.6305,-2.8017309,-2.6063375,-2.3245673,-2.3641405,-2.2279167,-2.3789806,-2.4803874,-2.2349563,-2.0009406,-1.9198911,-1.9695482,-2.0410848,-2.0916932,-2.079707,-2.2201161,-2.2349563,-1.9214133,-1.9524251,-2.176167,-2.2488449,-2.46745,-2.3531058,-1.7762475,-1.5068439,-1.5452757,-1.4126669,-1.3744253,-1.39269,-1.4065787,-1.0909429,-0.5527066,-0.38604173,-0.35598114,-0.68626684,-1.0152206,-0.8143096,-0.66229445,-0.5498528,-0.4503485,-0.5645025,-0.5513748,-0.6244334,-0.91457486,-0.7616084,-1.1506834,-1.1329895,-1.2243127,-1.5138834,-1.1744654,-1.0738196,-0.8089823,-0.75228584,-0.8987835,-0.6423175,-0.6765637,-0.27911744,-0.4560562,-0.121965416,-0.22793838,-0.38337815,-0.152787,-0.33048674,-0.25267175,-0.32002264,-0.4436895,-0.61739385,-0.7218448,-0.6299508,-0.8316229,-0.8692937,-0.88965124,-1.1322285,-1.2680718,-1.0823812,-1.373474,-1.3203924,-1.4193258,-1.6858755,-1.6978616,-1.4071494,-1.312021,-1.2113752,-1.4383515,-1.3190606,-1.3449354,-0.60731024,-0.97127134,-0.7418217,-1.1362239,-1.2216492,-0.8186855,-0.9202825,-0.948821,-0.7336407,-0.63071185,-0.63432676,-0.4124874,-0.39821813,-0.3034703,-0.12634131,-0.18817475,-0.0007718998,-0.045291968,-0.24391994,-0.3457073,-0.4111556,-0.35579088,-0.7344017,-0.7309771,-0.83295465,-0.7425828,-0.77568746,-0.565644,-0.46138337,-0.6786565,-0.7509541,-0.50400084,-0.38547096,0.7830857,0.7345702,0.7461759,0.73437995,0.9518433,0.5486894,0.6034833,0.70660245,0.7423707,1.0332732,0.6664583,0.78536874,0.89153194,0.6755907,0.6719758,0.79374003,0.8970495,0.761777,0.5570607,0.12822214,0.048124067,0.19405097,-0.039774522,-0.109598726,-0.04319914,-0.15507008,-0.21975735,0.37764868,0.39077634,0.35215428,0.5456453,0.52909297,0.57989156,0.76672363,0.7161153,0.5292832,0.28061777,0.50150573,0.500174,0.61889416,0.56352943,0.62022597,0.672927,0.7971647,1.0256629,0.90104485,0.79887694,0.75835234,0.6755907,0.60462487,0.86451554,0.81447804,0.5368935,0.6970897,0.59568286,0.5230048,0.4204564,0.32627937,0.35329583,0.21193509,0.47125494,0.62726545,0.9571706,1.0561041,1.0713246,1.099102,1.0245215,1.0340343,1.1097565,1.2282863,0.68681574,0.85747606,0.572091,0.31181988,-0.114355154,-0.22451375,-0.34589753,-0.17752038,-0.34285343,-0.6202477,-0.62005746,-0.69749194,-0.7336407,-0.72679144,-0.6651483,-0.58790404,0.0730477,0.59168744,0.49370524,0.62992907,0.6809178,0.7313359,0.5186289,1.4927431,1.5389755,1.8567042,1.7503507,1.4434667,1.1656919,0.8940053,1.0140573,0.72962356,1.1868104,1.4541211,1.5918669,1.683761,2.1751938,2.405024,2.8937936,2.9731305,3.130473,3.112589,2.9145315,2.9314642,2.781542,3.1968722,2.7535741,3.0100403,3.1708074,2018-04-17
GE_AZZ,1.0568161,1.1032311,1.2495404,1.551213,1.5897679,1.4249523,1.3925166,1.3142129,1.320531,1.4939033,1.3290379,1.4786804,1.299587,1.1958622,1.0636317,1.040449,1.0294546,1.1728785,1.1093999,1.2082992,1.3840594,1.313218,1.3427186,1.276056,1.1789478,1.1177078,1.075024,1.1969068,0.87235,0.85299796,0.3901911,0.25875655,0.506552,0.64495134,0.5500816,0.42904443,0.44352114,0.5598323,0.51361626,0.547445,0.56246895,0.4859065,0.4459588,0.41407025,0.373625,0.26482582,0.038820025,0.46043548,0.2817402,0.33596566,0.29815707,0.36631203,0.22189318,0.14309213,0.17065258,0.35685986,0.5484897,0.50142795,0.31865332,0.32760796,0.15582764,0.018224299,-0.007893475,0.111004576,0.110507086,0.052401267,0.122347146,0.0836431,0.06901714,-0.01331602,0.06652974,0.028024679,-0.05550244,-0.20847796,-0.3563294,-0.21474622,-0.32160524,-0.28708002,-0.28434387,-0.15629217,-0.1857928,-0.08271467,-0.061571714,0.0023048935,0.07518591,-0.09888282,0.5153077,0.25109532,-0.095748685,-0.19439924,-0.2975271,-0.29837283,-0.42219594,-0.24136145,-0.32399312,-0.19186208,-0.20091625,-0.15664041,-0.27782685,-0.2352922,-0.30832246,-0.20827895,-0.19962278,-0.002222187,0.115680896,-0.016649146,0.047874186,0.039615996,-0.35523495,0.5361024,0.83812326,0.660224,0.43536243,0.43735236,0.32755822,-0.09604717,-0.10216619,0.86916614,0.70614153,0.52620256,0.4678977,0.8093689,0.95443445,0.8608085,1.0018941,0.7945937,0.6925603,0.7650931,0.7318116,0.45645562,0.34626353,0.3006445,-0.016101917,-0.029583663,0.060957942,0.033745717,0.049167637,0.037377328,0.06851967,0.21746561,0.47501168,0.46988764,0.34835294,0.3759134,0.3127333,0.2467175,0.26527357,0.2780091,0.013796713,-0.07644641,-0.21320401,-0.28125948,-0.24419712,-0.15609318,0.064490065,0.07036034,0.4616792,0.5684387,0.7811617,0.6939035,0.76812774,0.6899734,0.7445471,0.713554,0.911054,1.12318,1.0497519,0.83449167,0.8364318,0.726787,0.865435,0.7692222,0.6730093,1.0906448,1.6156868,1.7184167,1.6429986,1.4537067,1.2746134,1.3999788,1.2548635,1.3123723,1.5334033,1.5790721,1.6010607,1.4421651,1.8038341,1.4637061,1.7637372,1.5515612,1.5691224,1.55579,1.288543,1.2133237,1.4270915,1.5558397,1.6527988,1.7038902,1.4788793,1.521613,1.5480789,1.2726732,1.4975349,1.5941458,1.6128013,1.4622136,1.5101709,1.5585759,1.6496648,1.5454423,1.721501,1.5604663,1.5656401,1.3389379,1.3550562,1.1003956,0.8124035,0.7292744,0.8987165,0.8879212,1.1743213,1.0836304,0.9176208,0.9504048,0.7241006,0.72479707,0.83294946,0.84329706,0.8109111,1.0194553,0.9796568,1.2872993,0.88339406,1.0682583,1.132483,1.0489061,1.1430296,1.2420284,1.2117318,1.093779,1.0591543,1.0703477,0.98015416,0.7903651,0.9117008,0.75648665,0.76693374,0.71285754,0.7933998,0.9636876,0.6629601,1.0012972,0.8308601,0.6069438,0.90896463,1.1111411,0.73703516,0.9375201,0.78499234,0.70280844,0.69693816,0.7055943,0.76807797,0.8345912,0.7255433,0.75295454,0.5343115,0.7162902,0.4422277,0.5773436,0.36621252,0.38576356,0.1248843,0.1957754,0.1914473,-0.013515013,0.019915733,-0.14395462,-0.05689539,-0.03908556,-0.062317934,-0.14813347,-0.34772298,-0.29887033,-0.3411562,-0.16037151,-0.0070477566,0.06424133,0.074340194,0.24597129,0.24547379,0.30870366,0.30621627,0.19313873,0.35417348,0.43053684,0.50098026,0.5410275,0.3214392,0.32735923,0.70410186,0.40272763,0.65276176,0.54142547,0.39113635,0.38168418,0.39695686,0.059366006,0.26850718,0.23791207,0.2595525,0.14821617,0.14552978,0.0038968339,-0.0232159,-0.18982242,-0.28822422,-0.2230044,-0.29792508,-0.5117426,-0.4977136,-0.46010402,-0.42662352,-0.661783,-0.6994423,-0.7475985,-0.7580456,-0.80232155,-0.81242037,-1.0101693,-0.9982794,-1.0147461,-1.1876706,-1.4583502,-1.2284143,-1.3212941,-1.3247764,-1.3697488,-1.186974,-1.2266731,-1.2451794,-1.2323444,-1.2902014,-1.2539848,-1.1618016,-1.1900585,-1.070066,-0.97549474,-0.96962446,-0.9097775,-0.98937446,-0.9757933,-1.076384,-1.2962707,-1.2556266,-1.3584559,-1.5647614,-1.4563602,-1.3648734,-1.2718444,-1.3527846,-1.3561676,-1.458599,-1.6054553,-1.466708,0.5645583,-0.031673085,0.45779884,0.4612812,0.75071585,0.64365786,0.56615025,0.62549984,0.75514346,0.82285064,0.5826667,0.7106686,0.7130068,0.7018632,0.80951816,0.87488717,0.85623163,1.031942,0.99945647,1.1029824,1.0877594,1.113728,0.90140295,0.8611567,0.7656901,-0.49074888,-0.047691986,-0.2889207,-0.6397943,-0.64312744,-0.5806935,-0.60720927,-0.91808546,-0.8132661,-1.0509627,-1.1510062,-1.196277,-0.9699727,-0.90629506,-1.0644444,-0.7644631,-0.7164562,-0.96549535,-1.1887152,-1.3250749,-0.35876706,-0.44891068,-0.4645316,-0.687453,-0.50348437,-0.88102305,-0.55945104,-0.4997533,-0.6079555,-0.5501481,-0.46274066,-0.47552592,-0.6565594,-0.4493584,-0.5117923,-0.41632566,-0.4967684,-0.78381515,-0.6131293,0.49292105,0.99876004,0.56411064,0.34064198,0.42456707,0.41411996,0.77484375,0.60226744,0.79792684,0.36621252,0.11110406,0.009717366,-0.08162022,-0.03311578,-0.13087088,-0.014509977,-0.11873232,-0.11052388,0.115531646,-0.10161897,-0.025753057,-0.026897265,0.09533391,0.108069435,0.120158225,-0.00321715,0.18438308,0.21900778,0.22064947,0.2601495,0.054590188,0.02165692,0.233584,0.09165255,-0.21031864,0.16821493,-0.120772,0.13558015,0.13219728,0.23587242,0.35457146,0.47919056,0.52953565,0.5609765,0.3203945,0.23965326,-0.062069196,0.055983134,0.071007065,0.052500762,0.37685862,0.56087697,0.5053581,0.62903196,0.37282902,0.43700412,0.36805323,0.25796056,-0.02620079,0.5080445,0.45575917,0.23766333,0.3355179,0.21040136,0.2051778,-0.03047913,0.18796495,0.37163508,0.23154433,0.19090009,0.20169543,1.2625743,0.5024229,-0.06395962,-0.5294529,-0.4828887,-0.48114747,-0.25469396,-0.23842631,-0.18634003,0.12433707,0.09145355,0.09841829,-0.010977859,-0.005057831,-0.043712135,0.09558265,0.1394605,-0.070576124,0.013448477,0.2373151,0.27437747,0.47834483,0.45675415,0.44814768,0.30940014,0.23149456,0.1516488,0.2096054,0.24830945,0.101651914,-0.043761883,0.18249264,0.22074898,0.33382648,-0.06963091,-0.28115997,0.076529115,-0.008241712,0.11150206,0.2763674,0.44426733,0.23786233,0.2988038,0.4092447,0.16801594,0.10901464,0.067325704,0.1354309,-0.045602564,-0.033314776,-0.1490787,-0.28334892,-0.1287317,0.39700663,1.2060108,0.9171731,1.1518848,1.2581966,0.9192625,0.75171083,0.7539495,0.8256862,0.60679454,0.6510206,0.46028626,0.44536182,0.14413683,0.52500856,0.58739275,0.5280432,0.4543662,0.48351863,0.5343115,0.66728824,0.50336814,0.56386185,0.5609765,0.6244551,0.613411,0.56540406,0.61336124,0.53376424,0.5852536,0.8543909,0.8286214,0.8170301,0.6761434,0.80509055,0.8386705,0.7950415,0.80956787,0.7429552,0.6632587,0.47705138,0.7705654,0.7982253,0.73539346,0.56923467,0.3384033,0.17806506,0.09976149,0.07180304,0.07961349,-0.1436064,-0.009186926,-0.001177476,0.11095482,0.3580041,0.22109722,1.1431291,0.8630969,0.49018487,0.39655888,0.47720063,0.2800985,0.8495156,0.85762453,1.1285529,1.1177576,0.8461825,0.59619814,0.5024229,0.41491592,0.34506956,0.4496899,0.33626416,0.34506956,0.59326303,0.65012515,0.22443034,-0.012868287,-0.120423764,-0.33259955,-0.6501419,-0.64243096,-0.8238127,-0.7158592,-0.7793876,-0.4792073,-0.6077067,-0.3415542,-0.28160772,-0.07982928,0.077822566,-0.37742263,-0.76336867,-0.52950263,-0.828887,-0.843314,-1.0172335,-1.150061,-0.9774847,-0.95330715,-1.0690213,-1.4269093,-1.5040687,-1.5732186,-1.5862527,-1.4797916,-1.5831683,-1.666347,-1.635752,-1.5234207,-1.476956,-1.5972966,-1.822407,-1.8320084,-2.0617452,-2.0836344,-2.2800899,-2.4553525,-2.5387304,-2.608328,-2.5557442,-2.586389,-2.6377788,-2.514105,-2.3537667,-2.4039128,-2.2548177,-2.011599,-2.104678,-1.2917436,-1.1217543,-1.0425055,-1.1375245,-1.3078123,-1.6109774,-1.8117111,-2.1134834,-2.1463172,-1.8016123,-1.9325991,-1.9597616,-2.0709486,-1.8912086,-1.8973277,-1.7142048,-1.7694253,-1.7963887,-1.4317349,-1.3682563,-1.3537298,-1.5198388,-1.5697362,-1.6237626,-1.553966,-1.6407764,-1.6586858,-1.7223136,-1.836237,-1.7104737,-1.6968925,-1.5763528,-1.6978376,-1.6749038,-1.4090497,-1.3739773,-1.5300372,-1.5460562,-1.6915196,-1.8642949,-1.7919611,-1.8076317,-1.8509624,-2.3379965,-2.2702396,-2.0220463,-2.1649728,-2.1636791,-2.2765079,-2.1777081,-2.1124885,-2.0548303,-2.304566,-2.0205538,-2.000356,-2.2912831,-2.2194965,-2.1940753,-2.3068044,-2.4346573,-2.3664029,-2.3831182,-2.506593,-2.6731997,-2.7664773,-2.639321,-2.823041,-2.7554333,2018-04-17
BA_B,-0.21226518,-0.21197209,-0.25075755,-0.19253053,-0.18504046,-0.16660842,-0.11570861,-0.12792066,-0.13374987,-0.06217101,-0.036314037,-0.01065246,-0.06265949,-0.12681343,-0.12915814,-0.14583166,-0.1646545,-0.19435418,-0.25209272,-0.25574008,-0.19894591,-0.27553988,-0.28801244,-0.28931504,-0.26677978,-0.2145122,-0.28101087,-0.27179483,-0.3151069,-0.25039932,-0.23574486,-0.25941995,-0.24623094,-0.20063931,-0.17289355,-0.19513576,-0.13358705,-0.16035584,-0.18100235,-0.17647575,-0.21936445,-0.24860822,-0.24235566,-0.26192752,-0.14693889,-0.14387773,-0.087930284,-0.075978756,-0.030159168,0.07030526,0.13947427,0.15276098,0.12185637,0.14605251,0.14129795,0.15051398,0.11566894,0.06340138,-0.0074936114,-0.028074978,0.020675505,0.0708263,0.054283056,0.21167189,0.18164654,0.13732496,0.108471975,0.020512678,0.023671526,0.014064719,0.03907499,0.016604822,-0.15840192,-0.1687903,-0.20741293,-0.24222541,-0.23102288,-0.32051277,-0.354218,-0.2957956,-0.26941755,-0.2820855,-0.30354616,-0.27228332,-0.22047167,-0.19021837,-0.21487042,-0.2511809,-0.31299013,-0.16413344,-0.06220357,-0.06259436,-0.043543566,0.01784231,-0.032536447,0.05545541,0.12807637,0.080856465,-0.018207647,-0.031201262,0.048323575,0.110230505,0.12677374,0.11697155,0.08554589,0.038586505,0.04308054,0.089616574,0.104173325,0.09498987,0.12224715,0.09443626,-0.038561054,-0.02771676,-0.0077867,-0.12619469,-0.12075625,-0.10421301,-0.0025436627,-0.18751544,-0.06940054,-0.037974875,-0.0077867,0.027416553,0.17125815,0.18079984,0.6731569,0.587347,0.73574775,0.43809947,0.3522895,0.3493912,0.19897136,0.19994833,0.26967096,0.19617073,0.19014613,0.17721763,0.09254746,0.030770795,0.12605731,0.14787616,0.15383564,0.31982175,0.3076097,0.3490655,0.25602603,0.28937304,0.20896895,0.17884591,0.15305407,0.136348,0.20782916,0.23417461,0.27087587,0.2939322,0.4033521,0.44809708,0.49694526,0.52110887,0.59216666,0.49616367,0.5785217,0.5483987,0.5535766,0.5200016,0.513,0.53039,0.5203598,0.49661958,0.5660166,0.57874966,0.58337396,0.5995916,0.6493516,0.6945524,0.67149615,0.6929567,0.66459227,0.6236574,0.60753757,0.70445234,0.66670895,0.6577209,0.7054293,0.5732787,0.6905143,0.6213453,0.72829026,0.7095977,0.4171273,0.45005098,0.3399472,0.42842755,0.4730748,0.5907012,0.6091984,0.6475605,0.5563446,0.54445827,0.5411366,0.312983,0.348805,0.3876556,0.52400714,0.41510826,-0.00023151538,0.09183102,0.09938621,-0.050121788,-0.052661892,-0.05230367,0.015660426,-0.02814011,-0.025469743,-0.041915294,-0.056472052,0.027546816,0.112217,0.10700652,0.18333995,0.10830914,0.1988411,0.3055255,0.29523483,0.21173702,0.2768679,0.3527454,0.3814356,0.36915842,0.33756992,0.33669063,0.25263923,0.17679429,0.15920894,0.20496342,0.30822843,0.414229,0.45574993,0.20795943,0.115896896,0.09332903,0.061512586,-0.017556336,-0.04282713,-0.049861263,-0.07591363,0.012241053,-0.061096348,-0.06461342,-0.10932579,-0.00707026,0.69354296,0.6070165,0.70380104,0.78625673,0.64873284,0.6091658,0.60431355,0.6223548,0.54918027,0.5472589,0.5346235,0.6018712,0.67081225,0.6973205,0.6845549,0.7120075,0.62505776,0.5999824,0.55927557,0.5752326,0.4447428,0.46998104,0.5250818,0.5241374,0.4016587,0.38589707,0.3854737,0.4128938,0.47033927,0.4544799,0.41002804,0.38941413,0.37046105,0.4894552,0.5181779,0.5181779,0.4816069,0.5198713,0.55937326,0.5481382,0.54722637,0.48017403,0.5322137,0.61473453,0.6697701,0.65524596,0.5534789,0.51794994,0.4964242,0.45066974,0.45213518,0.32942855,0.33796072,0.11501762,0.059167873,0.1031638,0.07408285,0.14338213,0.19669178,0.16972758,0.15810172,0.13963711,0.16777365,0.12481982,0.16412632,0.08727186,-0.090405256,-0.26026666,-0.31927526,-0.37877235,-0.40335926,-0.48060453,-0.4483973,-0.49122086,-0.47076976,-0.49304456,-0.45813435,-0.44689927,-0.39811626,-0.467155,-0.5007625,-0.59643984,-0.5364217,-0.6072515,-0.59699345,-0.63502985,-0.65382016,-0.6608869,-0.69615525,-0.73989064,-0.687851,-0.72611547,-0.5438466,-0.598003,-0.54475844,-0.4878992,-0.50463784,-0.38850942,-0.38375488,-0.45315185,-0.38746732,-0.4367063,-0.41550618,-0.41420355,-0.5248935,-0.43325436,-0.43071425,-0.47050923,-0.547787,-0.46415898,-0.54729855,-0.44732264,-0.40749508,-0.41325915,-0.45070943,-0.26736593,-0.27205536,-0.26391402,-0.24414676,-0.19725251,-0.23574486,-0.21402371,-0.23698236,-0.29729357,-0.22998078,-0.19106507,-0.18715723,-0.15911837,0.019503148,-0.012932043,-0.18191418,-0.11671814,0.12830433,0.112803176,-0.008307748,-0.07816064,-0.14762275,-0.16169104,-0.20474257,-0.3601775,-0.43940923,-0.5095552,-0.56455827,-0.60829365,-0.6014549,-0.7320424,-0.8448165,-0.8668633,-0.95290124,-0.9673278,-0.91825163,-0.8164846,-0.8305528,-0.87109685,-0.87702376,-0.95062166,-0.99513865,-1.0858986,-1.0784411,-0.9442389,-0.8819737,-0.88519764,-0.95635325,-1.1339978,-1.1222743,-1.1539278,-1.1205157,-1.0203117,-0.8190247,-0.89105946,-0.9395169,-0.8718133,-0.8942835,-0.86771005,-0.9215082,-0.92890054,-0.7644124,-0.80485874,-0.6734897,-0.7536658,-0.8058357,-0.6795142,-0.81635433,-0.7017565,-0.7138708,-0.60754466,-0.55791485,-0.55521196,-0.68886054,-0.6715032,-0.6705913,-0.7438636,-0.7508001,-0.74695736,-0.7437985,-0.6640131,-0.73044664,-0.63242465,-0.58986163,-0.51922715,-0.653006,-0.68964213,-0.6884698,-0.6101824,-0.6093357,-0.50450754,-0.756499,-0.66619503,-0.7194721,-0.65170336,-0.6357789,-0.68964213,-0.5255448,-0.6928661,-0.55596095,-0.53358847,-0.5700292,-0.5014464,-0.42579687,-0.35392493,-0.4560176,-0.47418913,-0.5024885,-0.7148478,-0.7004864,-0.67283833,-0.6589655,-0.5716901,-0.48991823,-0.64636266,-0.6011618,-0.5725042,-0.64177096,-0.64844686,-0.7440264,-0.8233233,-0.61783534,-0.71348006,-0.6704285,-0.77268404,-0.71732277,-0.73148876,-0.7513537,-0.62089646,-0.54137164,-0.5795058,-0.6066003,-0.5997615,-0.7339312,-0.7296651,-0.72227275,-0.8297713,-0.9467464,-0.93280834,-1.1562401,-1.3314421,-1.164935,-1.0857683,-1.1611574,-1.1978261,-1.2193844,-1.2529268,-1.3050967,-1.256737,-1.1786125,-1.2672557,-1.2914518,-1.2467068,-1.1779938,-1.1605712,-1.1016277,-1.2518848,-1.2533501,-1.2666695,-1.2897258,-1.2893676,-1.3066273,-1.4355539,-1.5095426,-1.4664911,-1.4716364,-1.512734,-1.7138582,-1.759743,-1.6732166,-1.5942454,-1.5073932,-1.4721575,-1.3998296,-1.4230489,-1.3149314,-1.0872664,-1.1579008,-1.1883496,-1.1968166,-1.1529509,-1.3475621,-1.2608402,-1.3038918,-1.3539124,-1.2165186,-1.1593012,-1.2918099,-1.2463486,-1.2211105,-1.2848736,-1.2254417,-1.1591058,-1.2329968,-1.2480421,-1.3049338,-1.4513807,-1.2278188,-1.1339653,-1.1285268,-0.33663267,-0.16195156,-0.27498627,-0.19474496,-0.25189734,-0.37522274,-0.33044523,-0.37903288,-0.26987347,-0.320643,-0.442275,-0.29100844,-0.14534317,-0.28902197,-0.17771323,-0.3241601,-0.2628719,-0.32295516,-0.3511243,-0.3785444,-0.3307383,-0.2819227,-0.43716222,-0.40586683,-0.3675373,-0.48630348,-0.6322292,-0.61978924,-0.6941036,-0.47624075,-0.8549444,-1.0462991,-0.91825163,-0.88291806,-0.89203644,-0.862467,-0.86705875,-0.94830954,-1.0092721,-1.106936,-1.095766,-1.0679225,-1.1976633,-1.1748023,-1.3817233,-1.4230814,-1.443565,-1.6106583,-1.6387297,-1.4848906,-1.4049749,-1.3572013,-1.3462595,-1.2832452,-1.228568,-1.3757963,-1.4169916,-1.5431827,-1.5511287,-1.5815122,-1.447538,-1.3484414,-1.2755923,-1.3638774,-1.5606704,-1.4925435,-0.8118277,-0.31523716,-0.47549173,-0.41241246,-0.4883551,-0.58302283,-0.41378024,-0.07262452,-0.0881908,0.062066197,0.06362934,0.20978309,0.19294676,0.25374645,0.08121468,-0.029019376,-0.026088485,-0.08578096,-0.21174413,-0.14218433,-0.17149323,-0.2483477,-0.24636121,-0.058947023,-0.011922513,0.24309756,0.17457984,0.2138212,0.3826405,0.5532184,0.5994939,0.8334115,0.91593236,1.1864209,0.93898875,0.9181794,1.055345,1.0519909,0.8937553,1.0087764,0.9428966,0.94227785,0.960026,0.98103076,0.8676378,0.95279646,0.74431247,1.1876911,1.1072544,1.2649037,1.4009948,1.3167479,1.5425893,1.5840778,2.032048,1.7054166,1.5793884,1.7830526,1.6644167,1.5710841,1.7885237,1.7584332,1.8117753,1.8432662,2.424006,2.438172,2.4969852,2.349887,2.702864,2.9588935,2.7475438,2.7623935,3.02054,3.0255876,2.958861,3.006309,2.7937217,3.1970122,2.853414,2.7672458,2.8627276,3.1023118,3.3639426,3.5761392,3.3758292,3.0862572,3.318123,3.1649678,3.1181061,3.0917933,2.954139,2.793624,2.638189,2.4416564,2.4227686,2.3185916,2.3354278,2.6328483,2.5472662,2.294591,2.4607399,2.4938264,2.4411027,2.4957802,2.5726998,2.5814273,2.6796775,2.4479742,2.5961144,2.5193577,2.424527,2.6297219,2.4991999,2.777732,2.5439773,2.4922307,2.5792782,2018-04-17
BWXT_BECN,0.41577098,0.44931024,0.496535,0.621247,0.53007424,0.51581043,0.5267974,0.49634224,0.67984426,0.35389686,0.4595262,0.37509984,0.35370412,0.30609384,0.31361124,0.22475153,0.27987924,0.2367023,0.2623386,0.35447514,0.3486925,0.24402696,0.21318626,0.3230562,0.24903858,0.25385743,0.23130518,0.35601717,0.24499074,0.40574777,0.43639567,0.2829633,0.31804457,0.4034347,0.3845448,0.4211681,0.26349512,0.07093365,0.16519047,0.012529112,-0.13010901,-0.113339394,-0.097148046,-0.33539227,-0.22012524,-0.23381081,0.037008904,0.33211565,0.27640966,0.371823,0.5497352,0.5445308,0.44661164,0.46550155,0.7166603,0.8014722,0.76292133,0.8367462,0.83520424,0.79665333,0.689482,0.77545035,0.7492358,0.021588562,-0.20084983,-0.41365048,-0.4130722,-0.5113769,-0.437552,-0.46916372,-0.34136766,-0.16885261,-0.30300957,-0.4043983,-0.47937968,-0.47263327,-0.48458403,-0.5036667,-0.44410565,-0.37297934,-0.41750556,-0.52332765,-0.38994172,-0.12625393,-0.17078015,-0.3066719,-0.32729658,-0.34021112,-0.49595654,-0.26561525,-0.47205502,-0.43716648,-0.41904762,-0.5433741,-0.45335788,-0.45644194,-0.5487712,-0.7284182,-0.6447628,-0.6742542,-0.6453411,-0.4130722,-0.4861261,-0.39610988,-0.34252417,-0.30898497,-0.12529016,0.06168144,0.46511608,0.47436824,0.22802834,0.40324196,0.02197407,0.027178437,-0.19063385,-0.101581395,-0.15690185,-0.07305377,0.16017886,0.20431957,0.15227593,0.25462842,0.15362522,0.20701814,0.28778216,0.04510458,0.07748729,-0.08404076,0.2021993,-0.13068727,-0.106593,0.048381396,-0.13781919,-0.13993949,-0.28836024,-0.31496033,-0.5125334,-0.3365488,-0.37934026,-0.41114467,-0.24287024,-0.27872252,-0.35736626,-0.24614705,-0.3639199,-0.3621851,-0.40844613,-0.46453762,-1.381855,-1.5854037,-1.6443864,-1.5177468,-1.543576,-1.3276911,-1.3396418,-1.3192098,-1.4674379,-1.2284226,-1.1536341,-1.0990846,-1.0088756,-0.78932846,-0.7087572,-0.89264476,-0.84407073,-0.6378237,-0.8820433,-0.9462304,-0.93100286,-1.0828933,-1.0701715,-1.0690149,-0.9547116,-0.8608403,-0.76176465,-0.6331976,-0.71955144,-0.48477682,-0.40883166,-0.26869932,-0.27737325,-0.041634828,-0.23400354,-0.20605418,-0.437552,-0.57093793,-0.6200903,-0.98246825,-0.9036318,-1.0823148,-0.91326946,-0.8808868,-1.0063698,-0.96030146,-0.81650686,-0.68061507,-1.1503571,-0.5102204,-0.1158452,0.32614025,0.23824431,0.50713646,0.58308166,0.62317455,0.51696694,0.6923733,0.8161216,0.73477924,0.96300024,0.8539013,0.42810723,0.37934044,0.5096423,0.16904555,-0.011565166,-0.13338584,-0.18562223,-0.047031946,0.013685639,-0.17656279,0.05339301,-0.22455858,-0.04953775,0.115459874,0.026407419,-0.05821169,-0.013878217,-0.10331618,-0.38512287,-0.32845312,-0.3454155,-0.22783542,-0.63107723,-0.43292594,-0.48227102,-0.5549393,-0.606983,-0.6486179,-0.88859695,-0.89399403,-1.2108821,-1.1202875,-1.0456916,-1.3500506,-1.5767297,-1.5416483,-1.5015554,-1.2573358,-1.243843,-1.3140055,-1.2966577,-1.3729883,-1.3704826,-1.32692,-1.1010121,-0.9693609,-1.0231394,-1.0487757,-1.0135016,-0.98979294,-1.1696326,-0.92811155,-0.7980024,-0.75154865,-0.71280503,-0.7900995,-0.8465766,-0.30975595,-0.4683927,-0.44718972,-0.56457704,-0.5915626,-0.7351645,-0.75810236,-0.70895,-0.75174147,-0.7473081,-0.6578701,-0.6270294,-0.41075918,-0.47841594,-0.41018093,-0.64514834,-0.68928903,-0.8138083,-0.62799317,-0.7022036,-0.5063653,-0.56149304,-0.7806546,-0.9919132,-0.87279105,-0.95914495,-1.219556,-0.9643493,-0.8496606,-0.7775705,-0.98747987,-1.2546372,-1.5678629,-1.612582,-1.644579,-1.7236085,-1.8695234,-2.0098484,-1.8579581,-1.7779651,-1.8672103,-1.949709,-1.8907263,-1.7465461,-1.8940032,-1.8566087,-2.0129325,-1.9140496,-1.8945814,-1.646314,-1.6837082,-1.4807379,-1.3604593,-1.3045605,-1.271985,-0.81149524,-0.8826215,-0.9899857,-0.8922593,-0.86970705,-0.83211994,-0.8743331,-0.9840103,-1.13166,-0.95606095,-0.86777943,-0.8918737,-0.96357834,-1.0522453,-0.96126527,-0.9500855,-0.893223,-0.8818505,-0.9643493,-0.832891,-0.7266834,-0.8953433,-0.84985334,-0.38358083,-0.3226705,-0.059175465,-0.020817371,0.28373432,0.37837666,0.53566414,0.63859487,0.5152322,0.80070114,0.5011611,0.25944728,0.06881335,0.16731076,0.07247568,0.031226275,0.16075712,0.12702513,0.25886905,0.052236483,0.038550936,-0.414036,-0.07845089,-0.10235241,0.046839368,-0.10832778,0.0011566137,-0.10582199,0.01098708,0.043369792,0.12856716,0.2459545,0.1301092,0.044333562,0.2501951,0.1730934,0.27101254,0.3866651,0.28527635,0.19024852,0.06399449,-0.11199011,-0.20239185,-0.33442852,-0.3947606,-0.25886884,-0.5377842,-0.33327198,-0.29202256,-0.59368294,-0.6842774,-0.9554826,-1.1093005,-0.89881295,-0.4275288,-0.6031279,-0.6515092,-0.67618173,-0.8057126,-0.8625751,-0.8109169,-0.63666713,-0.75366896,-0.7168529,-0.902668,-1.0125378,-1.075954,-0.9558682,-1.0050205,-0.74191093,-0.8911028,-1.2933809,-1.4086479,-1.3535202,-1.5196743,-1.108915,-1.0857844,-1.0395235,-0.87818825,-0.79761696,-0.6813862,-0.73439354,-0.7413327,-0.5134972,-0.4535506,-0.23303978,-0.07690885,-0.13338584,0.050116185,-0.08673932,0.071319155,0.04645386,0.1073642,0.06900611,-0.028334783,-0.21087304,-0.42907086,-0.15073372,0.03874369,-0.0040477505,0.25058058,0.18986301,0.1006178,-0.20759623,-0.012143429,-0.09637703,0.051272713,-0.013107201,-0.070355214,0.03508136,-0.05069428,-0.07401754,-0.064379826,-0.07787263,-0.098497316,-0.12991627,-0.007324572,0.033153817,-0.1179655,0.69430083,0.68389213,0.5607222,0.64611226,0.79472584,0.83289117,0.4514305,0.4562494,0.04722488,-0.04548991,-0.0057825386,-0.1862005,-0.46357384,-0.5188943,-0.41846934,-0.12779596,-0.08885962,0.08326992,0.15902233,0.21164425,0.19892246,0.16287743,0.14109619,-0.068813175,-0.036623213,0.04549009,0.063801736,0.026600173,0.02332335,0.06110318,-0.095220506,-0.10081037,0.112568565,0.17656296,-0.02544347,-0.16326274,-0.20778896,-0.25520653,-0.2299557,-0.28122833,-0.24826735,-0.059946477,0.10389462,0.13955416,0.2623386,0.30108222,0.29761264,0.31245473,0.2367023,0.40382022,0.6717486,0.38955638,0.32440546,0.23477475,0.25250813,0.5468438,0.29510683,0.24942407,0.18716446,0.17078035,0.23188342,0.32401997,0.37452155,0.4350464,0.3764491,0.22841385,0.10582217,0.2527009,0.24209942,0.27467486,0.15844408,0.11700191,-0.23940067,-0.16307,-0.037972495,0.07941483,-0.032575376,-0.044911645,-0.23920792,-0.03912902,-0.102545165,-0.20528318,-0.22378758,-0.043369614,0.065729275,0.17328614,0.19911522,0.092714876,0.24229217,0.42887825,0.30667207,0.53739893,0.55281925,0.55301195,0.67078483,0.74268216,0.7835461,0.8660449,0.792991,0.8907174,1.1715603,1.5015556,1.3500508,1.3614233,1.6443864,1.8365623,1.7209098,1.8246115,2.0285456,2.6393838,2.5647879,2.468989,2.6403475,2.7031853,2.9846065,2.9930878,2.9508746,3.0859954,3.2276697,3.2583175,3.3406236,3.487695,3.3543093,3.5009952,2.5165992,1.4963512,1.7002851,1.8338637,1.920025,1.7980115,1.8941958,1.5616949,1.0368252,1.1133486,0.8311563,1.374145,1.2818158,1.133395,1.1842821,1.1476588,1.1359009,1.394577,1.5906079,1.1738734,1.326342,1.2542518,1.2195562,0.93408716,0.9063305,0.9323523,0.973409,0.8556362,0.646305,1.0788456,1.1854386,1.2681302,1.170982,1.1991242,1.2556012,1.1925704,1.1759937,1.0857847,0.78007644,0.56207144,0.44680443,0.69198775,1.1343588,0.98709446,0.82595193,0.6817718,0.89746386,0.53258,0.54260325,1.0383672,0.9857452,0.9009333,0.8614187,0.8785739,0.88840437,0.77988374,0.7721736,0.7037458,0.69468635,0.60775423,0.4934509,0.3558244,-0.23689486,-0.29337186,-0.8033996,-0.6636528,-0.79568934,-1.367013,-1.2908751,-1.2631184,-1.1933414,-1.0175495,-0.90421003,-0.86450267,-0.81342274,-0.9109564,-0.731695,-0.79993,-0.68620497,-0.9211724,-1.0969642,-0.9988524,-0.98420304,-0.963,-0.89688534,-1.472835,-1.4179001,-1.5994747,-1.560731,-1.7995536,-2.0719151,-1.727078,-1.5827051,-1.4791958,-1.4007449,-1.2135806,-0.89900565,-1.0474265,-1.0242959,-1.0630395,-0.7318877,-0.63705266,-0.6628817,-0.61662066,-0.69487894,-0.55917996,-0.5516625,-0.39495334,-0.38994172,-0.16210622,-0.30474433,0.094642416,0.25751975,-0.11892927,0.14707157,0.61739194,0.81747085,1.12395,1.1704038,1.5306615,1.6492052,1.5428048,1.556876,1.8142028,1.7827839,1.4791961,1.7363303,1.7392215,1.7642795,2.0790472,1.8047578,1.6517111,1.4232973,1.5104222,1.8091912,1.8600783,1.2334344,1.1711749,1.6312791,1.5455034,1.5659354,1.6711792,2.1494024,2.1621242,2.4044163,2.4288962,2.4346786,2.203181,2.0813603,1.8529464,1.9418062,1.7735318,1.6954662,1.7238011,1.9608889,2.5362601,2.6447809,2.8930483,2.9188774,2.9876907,2.8481367,3.193745,2018-04-17
NOC_BECN,0.45534626,0.45277432,0.44924334,0.40735126,0.4294525,0.38023686,0.35783046,0.3140203,0.2356851,0.08860496,0.21406335,0.11419358,0.058308378,0.09666952,0.12212738,0.035684016,0.10822146,0.17251997,0.22814365,0.2866444,0.26667917,0.16571958,0.18280773,0.2311515,0.1589628,0.16519648,0.104559705,0.17731512,0.028360523,0.2245255,0.25913772,0.14261572,0.2760951,0.3420501,0.29396787,0.33381116,0.40277404,0.40024573,0.38843223,0.21877132,0.05643391,-0.0038105305,-0.0431743,-0.32573903,-0.22303577,-0.2520682,-0.10516243,-0.029355567,-0.01204946,0.16101162,0.2866444,0.3610127,0.32160535,0.36973116,0.64187735,0.7451472,0.77496433,0.8154615,0.9032126,0.783334,0.6673352,0.75395286,0.76868707,0.03049654,-0.16000144,0.0011153893,0.053426046,-0.1321896,-0.091256514,-0.13476154,0.0007666516,0.018595865,-0.067106426,-0.13436921,-0.28354177,-0.38005495,-0.37665474,-0.39723027,-0.34400415,-0.2609174,-0.26401246,-0.4342836,-0.5508492,-0.40411785,-0.3845013,-0.3986252,-0.40180743,-0.48676866,-0.7734311,-0.6645813,-0.6773538,-0.656168,-0.68607223,-0.6035522,-0.55573153,-0.59492093,-0.51645494,-0.6701175,-0.5695503,-0.5794893,-0.5493235,-0.3371602,-0.40054324,-0.30551222,-0.26906914,-0.23227732,-0.18545929,-0.10145709,0.19954716,0.24697548,0.01432383,0.15739347,-0.1456596,-0.2576044,-0.41885197,-0.2912576,-0.28977543,-0.18345404,0.07979934,0.06554468,0.036294304,0.18773367,0.0940104,0.09374884,0.19287755,0.11332174,0.118945144,0.012667325,0.32531068,0.35865873,0.37186718,0.3825909,0.2838981,0.103077576,-0.047271967,-0.16139638,-0.42482412,-0.34343746,-0.4368992,-0.5179807,-0.20747334,-0.35525095,-0.1936982,-0.055598076,-0.17578182,-0.1585629,-0.17020202,-0.35433552,-1.2913938,-1.4251783,-1.4893024,-1.4735218,-1.5179859,-1.4226935,-1.5214734,-1.3511587,-1.4214292,-1.1900419,-1.143311,-1.1443572,-1.0967546,-0.85215867,-0.82909834,-0.9349403,-0.8649747,-0.76257664,-0.85490495,-0.99444366,-0.9973643,-1.1171558,-1.1443137,-1.1475395,-1.0882541,-0.98193264,-0.8918276,-0.6420441,-0.72286415,-0.46061334,-0.41959307,-0.20237307,-0.22020228,-0.146793,-0.14456978,-0.05577245,-0.11444757,-0.2945706,-0.4098284,-0.7053401,-0.7032476,-0.9130134,-0.9662831,-0.9160212,-0.960834,-0.7877729,-0.6659763,-0.50446707,-0.95499265,-0.22177158,0.2429214,0.7743976,0.7370827,0.8835089,0.80077094,0.8509891,0.7633252,1.025576,0.9938408,0.92997825,0.9541283,0.8460197,0.47888607,0.33677542,0.44601753,0.12448135,-0.13362814,-0.26806653,-0.33724737,-0.49832058,-0.38206017,-0.5433078,-0.33676785,-0.49064836,-0.39893034,-0.18663627,-0.2973169,-0.4550771,-0.39260945,-0.44727412,-0.64727515,-0.5206398,-0.635113,-0.46946254,-0.802725,-0.5776584,-0.54827726,-0.5496286,-0.47547826,-0.39008114,-0.6180684,-0.63236666,-0.9244782,-0.8869016,-0.8221672,-1.1481062,-1.3764858,-1.2798418,-1.2312802,-1.0627526,-1.0631886,-1.1880367,-1.158394,-1.0967546,-1.0686811,-1.0150627,-0.82417244,-0.6444853,-0.5957056,-0.6390363,-0.4273089,-0.33803204,-0.4657136,-0.2709872,-0.17020202,-0.24592167,-0.13349737,-0.25943527,-0.3639694,0.12304281,-0.029442754,-0.11130893,-0.26941788,-0.27177188,-0.36065638,-0.38702968,-0.39234793,-0.42081362,-0.49509478,-0.43332458,-0.40908733,-0.15093425,-0.22037664,-0.16810958,-0.2610046,-0.29640144,-0.3824525,-0.23314916,-0.20912984,-0.048797693,-0.11632203,-0.44858187,-0.6434391,-0.61139876,-0.7338058,-0.97962224,-0.6467521,-0.3284853,-0.28724712,-0.5263068,-0.6535525,-0.89374566,-0.85904616,-0.96092117,-1.1090475,-1.2269645,-1.3714291,-1.2866858,-1.224872,-1.3648031,-1.376573,-1.3327628,-1.1794055,-1.300679,-1.3715162,-1.4427894,-1.4391713,-1.5223017,-1.3280548,-1.393356,-1.2629281,-1.1589607,-1.0200323,-1.0481929,-0.6585656,-0.80595094,-1.0169808,-0.8935712,-0.85128677,-0.84884566,-0.8922635,-0.96022373,-1.1573042,-1.0600063,-1.0641476,-1.1222997,-1.1239561,-1.3852042,-1.2781852,-1.2199461,-1.2503299,-1.230975,-1.2948812,-1.1502857,-1.1127093,-1.245186,-1.1274871,-0.741478,-0.78890634,-0.60063154,-0.5269607,-0.1338897,0.0031642234,0.12339155,0.24967821,0.13659999,0.45264354,0.22971296,-0.057908464,-0.1270893,-0.0100878095,-0.09487467,-0.14278251,-0.08811787,-0.10442136,0.082894385,-0.17412531,-0.21540713,-0.6005007,-0.23428255,-0.24884236,-0.03149159,-0.14779562,0.03738411,-0.030227413,-0.004115676,0.013059656,-0.02347062,0.08873574,-0.0902103,-0.19535471,0.17051473,0.45089984,0.44754326,0.62788427,0.50373363,0.6370822,0.5974569,0.4177262,0.37321854,0.35730734,0.33498815,0.47103944,0.34976593,0.5696887,0.6767511,0.20996569,0.08782031,-0.17726395,-0.16985327,-0.0100878095,0.44087365,0.2429214,0.17583299,0.2849879,0.32382855,0.2478909,0.34540668,0.53899974,0.30704555,0.3284493,0.13912833,-0.29797077,-0.3416502,-0.462575,-0.5128804,-0.17072512,-0.23715964,-0.6760461,-0.8059945,-0.7443987,-0.990128,-0.7091762,-0.69867045,-0.7085223,-0.5046415,-0.43245277,-0.32042077,-0.1981882,-0.22063819,-0.044482064,0.07208352,0.2485884,0.20007026,-0.036548283,0.033940326,-0.076565936,0.046625666,0.104821265,0.10922408,0.06558827,-0.04082032,-0.27281806,-0.5292275,-0.3913889,-0.122773685,-0.17150979,0.11035748,0.030801687,-0.0027207253,-0.2649279,-0.0252579,-0.08327913,0.010749268,0.026006542,0.017680429,0.17618172,0.14784677,0.15970387,0.23773393,0.25935566,0.22404598,0.14348756,0.30791742,0.39518902,0.33660108,0.41755185,0.09775933,0.0064336397,0.016111111,0.17456882,0.33320087,0.14113358,0.11327815,-0.25324517,-0.35873833,-0.3476223,-0.5933516,-0.96724206,-0.90455645,-0.8359423,-0.74409354,-0.7515478,-0.6832824,-0.65468585,-0.6025932,-0.62465084,-0.66907126,-0.68127716,-0.8418709,-0.7463168,-0.7160201,-0.7878601,-0.8591334,-0.7981043,-0.75935084,-0.8891248,-0.857782,-0.60778064,-0.5161934,-0.6964472,-0.7636229,-0.87766004,-0.835768,-0.86684924,-1.0241299,-0.9199446,-0.75002205,-0.6171529,-0.6920444,-0.55551356,-0.54064864,-0.5956184,-0.56314224,-0.47700402,-0.26645362,-0.18319249,-0.40786675,-0.4154518,-0.5326277,-0.5128804,-0.10860621,-0.2026782,-0.19862413,-0.2905601,-0.23223373,-0.06527555,0.09300777,0.15935512,0.24963462,0.24871917,0.04056634,-0.09169243,-0.002851502,-0.03096848,0.061054688,0.045841005,0.05813401,-0.16139638,-0.17883328,-0.06283438,0.027357902,0.0379944,0.044315275,0.034158286,0.31502295,0.12557116,0.05168236,-0.056382738,0.06776788,0.016023926,0.071821965,-0.0030694632,-0.037899643,0.1432696,0.2928345,0.25477847,0.44222504,0.4572643,0.41855446,0.48167598,0.55565196,0.5498542,0.6310229,0.507003,0.5580059,0.77553105,1.0200833,0.68276685,0.70765793,0.82588,1.1170324,1.0182089,1.1636325,1.3961535,2.0557036,1.9900103,1.926976,1.9489899,2.118738,2.2860885,2.2773266,2.290753,2.41935,2.4823842,2.478984,2.5946343,2.732211,2.7927608,2.8887072,1.8701752,0.96877533,1.0746608,1.2633715,1.299989,1.1352539,1.1096653,0.79854774,0.29989642,0.36157942,0.19222365,0.6347282,0.5884769,0.43734267,0.5383459,0.5328096,0.7560017,1.0381305,1.2634586,0.88185245,0.81585383,0.76624584,0.8232209,0.6504214,0.57757884,0.7328978,0.64510316,0.62600976,0.5015976,0.5638909,0.6252251,0.73847765,0.6748767,0.78756243,0.9834223,0.7941449,0.6923571,0.56851166,0.20617317,0.053949155,-0.09060264,0.07339128,0.20163958,0.7057835,0.34218088,0.22439471,0.3363831,0.016372662,-0.1031136,0.48607877,0.5032541,0.43206802,0.6200376,0.5525569,0.45089984,0.2559991,0.25050646,0.22143044,0.35403794,0.27958247,0.015370042,0.01964208,-0.51392657,-0.7011552,-1.152073,-0.8547306,-0.982107,-1.5027287,-1.6552579,-1.8090513,-1.6842468,-1.5923543,-1.3484995,-1.2899988,-1.1584375,-1.1218637,-0.8199004,-0.7943118,-0.64644694,-0.8841553,-1.1545142,-1.1144966,-1.1175916,-1.1244792,-1.1184634,-1.5508546,-1.4666344,-1.6058245,-1.5553011,-1.8537769,-2.1418343,-1.7418756,-1.6829389,-1.6766617,-1.4136263,-1.3278805,-1.1223432,-1.1455778,-1.0209912,-1.0571293,-0.9639727,-0.8922635,-0.9051232,-0.95285666,-0.99095625,-0.47927082,-0.14962648,0.13751543,0.27225897,0.6212582,0.40547678,0.65534735,0.7395239,0.42435217,1.088,1.2928834,1.65095,1.9632446,2.2436297,2.5702224,2.8368328,2.7327342,2.5978165,2.8574083,2.753179,2.4706142,2.7577562,2.9600677,2.8926306,2.659543,2.5544422,2.372183,2.1240563,2.4003873,2.5927162,2.5378335,1.9196959,1.8890941,2.242932,2.2621999,2.170351,2.5566654,2.9428926,2.6151662,2.6603713,2.9680886,3.004183,2.8537025,2.7312522,2.8616366,2.953093,2.62929,2.8217063,2.8969898,2.8880968,3.218962,3.1989532,3.3394945,3.5621197,3.4680912,3.2221441,3.3713164,2018-04-17
ESLT_BWXT,0.48275927,0.59149456,0.40801352,0.3291765,0.52146965,0.60424066,0.666555,0.49818045,-1.9332965e-05,0.1354671,0.36961785,0.259781,0.2903087,0.2802377,0.31847605,0.013985652,-0.21292658,0.015559245,0.11249262,0.15608117,-0.16288629,-0.18554604,-0.4359048,-0.521823,-0.27461144,-0.12055661,-0.21261185,-0.17484559,-0.29349458,0.31564358,0.22295891,0.1744922,0.24231409,0.21430413,0.022955135,-0.049587533,0.27205503,0.5142311,0.39951614,0.44735336,0.43193215,0.33893278,0.17622316,0.09549781,0.10242163,0.36804426,0.14113203,-1.9332965e-05,-0.0582423,-1.9332965e-05,-0.146993,-0.16272894,-0.06264836,0.0061176824,-0.03149121,0.027518557,0.010209026,-0.079013735,0.50777936,0.65648395,0.74067116,0.6295755,0.72021455,0.73610777,0.7559351,0.53311425,0.6874837,0.674895,1.0091263,0.82596004,0.85381263,0.861838,0.9339085,0.7504275,0.37150618,0.21666452,0.38897303,0.31328318,0.059934594,0.13200518,0.11091903,0.10635561,-0.0056842705,-0.6692687,-0.1915257,-0.5355133,-0.4099405,-0.4908232,-0.5806754,-0.503884,-0.24549995,-0.4192247,-0.29286513,-0.08011525,-0.17783543,-0.2615506,-0.11662263,-0.07759751,-0.16477461,-0.36320478,-0.4947572,-0.5828785,-0.71269995,-0.57925916,-0.5875992,-0.728908,-0.7827249,-0.94323146,-0.73378617,-0.85164833,-0.9081403,-0.8757243,-0.7997197,-0.8168719,-0.9421299,-1.0647129,-1.1588138,-1.1814735,-1.2799805,-1.0374897,-0.92434835,-0.9589674,-0.87808466,-0.72906536,-0.64031464,-0.5663557,-0.5808328,-0.20852052,-0.2023835,-0.39986947,-0.576112,-0.638269,-0.48358467,-0.5934215,-0.56179225,-0.68044126,-0.67902505,-0.83496827,-0.7863442,-0.44408748,0.12051795,-0.13896766,-0.22881988,0.18723832,0.29754725,0.06103611,0.0626097,0.16882727,0.36505443,0.42894235,0.18251753,0.13011688,0.08967551,0.0432545,0.010051668,0.030980464,-0.034323677,-0.20254084,-0.2596623,-0.72198415,-0.80774504,-0.6815428,-0.5957819,-0.5248128,-0.23715991,-0.21151035,-0.3351948,-0.5888581,-0.58681244,-0.40317404,-0.294124,-0.27524087,-0.5347265,-0.22110926,-0.38964114,-0.40537706,-0.44723466,-0.21764736,-0.1915257,-0.14856659,-0.20474389,-0.465331,-0.32166186,-0.2124545,0.11438093,0.037432197,-0.18743436,-0.23479952,-0.20065254,-0.29554024,-0.40852425,-0.053993598,-0.12590684,-0.21811944,-0.2612359,-0.22929195,-0.06988689,0.028934792,0.08338113,0.22594872,0.07378222,-0.19168307,-0.2039571,-0.17531767,-0.5803607,-0.5289042,-0.6757205,-0.2344848,-0.7378775,-0.6366954,-0.93788123,-1.0060179,-1.0601494,-0.9457492,-1.1040527,-1.1078293,-1.0398501,-1.2571634,-0.9750181,-0.79358274,-0.7666743,-0.6765073,-0.82521194,-0.8090039,-0.54637104,-0.46674725,-0.64959884,-0.5877566,0.54947966,0.91581225,0.6997578,0.028305355,0.2399537,0.23082687,0.1447513,0.04829,0.45868325,0.38425225,0.4654497,0.74130064,0.7752903,1.0297405,1.0629432,1.0783645,1.1413082,1.156572,1.3677484,1.4174739,1.1493335,0.9376852,0.9095179,1.2338355,1.3266774,1.0237608,0.95546675,1.0926841,0.9962228,0.7143922,0.9271421,0.860107,0.74633616,0.75986904,0.6822909,0.55089587,0.4937744,0.48858154,-0.13408951,-0.49696022,-0.3599002,-0.27886015,-0.4827979,-0.24156597,0.09014759,0.12618288,0.1601725,0.20564938,-0.20018046,-0.28782964,-0.41198617,-0.5062444,-0.42913833,-0.33346382,-0.2771292,-0.4582498,-0.54794466,-0.5817769,-0.64236027,-0.5931068,-0.7224563,-0.8689578,-0.5292189,-0.7992476,-0.8173439,-0.6642333,-0.8576279,-0.70719236,-0.67068505,-0.84850115,-0.80475515,-0.67430425,-0.6145077,-0.7166339,-0.56997496,-0.47398576,-0.15202849,-0.054937754,-0.18822116,-0.079957895,-0.032120645,-0.267845,-0.31442338,-0.27681446,-0.13582046,-0.06107477,0.055213813,0.12744176,0.23129895,0.44200316,0.34066373,0.19809611,0.08023395,-0.0026944424,0.04231034,-0.075394474,-0.01622735,-0.004740114,0.07944715,0.0089501515,-0.031019129,0.040894106,0.14443657,0.016660761,-0.08892738,-0.06076005,0.07126447,-0.02063341,0.019965308,-0.1679218,-0.20568804,-0.56163496,-0.6672231,-0.65542114,-0.7300095,-0.73488766,-0.41985413,-0.5067165,-0.7482632,-0.809948,-1.0469313,-1.1180577,-1.2453614,-1.326559,-1.2961886,-0.93976957,-0.9466933,-1.1204181,-1.1471692,-1.0338705,-0.80790234,-0.8979119,-0.89083076,-0.77957773,-0.7326846,-0.75833416,-0.82662815,-0.6994818,-0.7783188,-0.7649433,-0.68138546,-0.60254836,-0.66470534,-0.66108614,-0.5468431,-0.73772013,-0.48248318,-0.58602566,-0.6873651,-0.6977508,-0.7635271,-0.68075603,-0.5353559,-0.46548834,-0.5282748,-0.51269615,-0.3065554,-0.5027825,-0.3610017,-0.27539825,-0.2805911,-0.13786614,-0.25179434,-0.3842909,-0.5082901,-0.5388178,-0.040303335,0.10179219,-0.019846614,0.096599326,0.20344633,0.15576646,0.025000807,-0.028973458,0.10509673,0.05017831,-0.14180014,-0.3866513,-0.4711533,0.058203638,0.19258854,0.12712705,0.3135979,0.3082477,0.30399898,0.418714,0.45600814,0.28637472,0.13420822,-0.043450516,-0.22299759,-0.21308392,-0.26029176,-0.20411445,-0.37563616,-0.23590104,-0.20773372,-0.15061225,-0.023308521,-0.034481037,-0.18161206,-0.06972953,-0.014496395,-0.11536375,-0.20301293,-0.22079454,-0.15800814,0.06795992,0.095655166,-0.10009989,-0.0033238798,0.032554056,0.015716605,0.23397405,0.27315652,0.44625187,0.29251173,0.57811904,0.55860645,0.7943307,0.78866583,0.95892864,1.1669577,0.9855224,1.2273839,1.2579114,1.555006,1.558468,1.2904849,1.5660211,1.6445435,1.4349408,1.3290379,1.4064587,1.4956815,1.436829,0.47253087,0.29833403,0.34868908,0.17118767,0.1609593,0.47221616,0.70211816,0.6720625,0.84704614,0.8590055,0.709514,0.5789058,0.7479097,0.7143922,0.6652961,0.19982706,-0.14368844,-0.46249852,-0.34274805,-0.7592783,-0.43480328,-0.33267707,-0.43511802,-0.42520434,-0.18051054,-0.30639803,-0.34809825,-0.098683655,-0.042506363,-0.1899521,-0.22520061,-0.099627815,-0.3956208,-0.41324502,-0.5811475,-0.18774907,-0.22583003,-0.23747464,-0.11914038,-0.22047983,-0.0749224,-0.1496681,-0.07382088,-0.18176942,-0.35753983,-0.51537126,-0.50954896,-0.6123046,-0.22630212,-0.086252265,-0.14274429,-0.0876685,-0.07822694,-0.044866752,-0.053993598,0.028305355,0.30211064,0.3120243,0.19258854,0.31186694,0.37795788,0.4453077,0.44216052,0.7880364,0.61415434,0.8166758,0.82422906,0.7617574,1.0623138,1.2382416,1.4893872,1.4003217,1.1579883,1.1003947,1.2557085,0.966482,1.0800954,1.0634153,1.4420218,1.6023711,1.6119702,1.545407,1.5660211,1.4535092,1.1904043,1.0015731,0.80786365,0.9210051,0.93343645,0.84751827,0.9150254,0.84500045,0.7464935,0.6703316,0.5940123,0.49188608,0.4468813,0.6162,0.49424648,0.521627,0.44357675,0.14931472,-0.06862802,0.10006123,-0.16933802,-0.1679218,0.061665542,0.11925908,-0.02094813,0.10462466,0.09187854,0.58819,0.5782764,0.46922636,-0.034166317,0.031452544,0.7271383,0.3563997,0.7197424,0.9047971,1.0407555,1.294891,1.398276,1.3460327,1.238871,1.3573626,1.3170786,1.4766409,1.3792356,1.4036263,1.4198343,1.6041021,1.8676791,1.8163799,2.088769,2.140383,1.819527,1.6590205,1.7724767,1.7271571,2.0925457,2.0297592,2.1783066,2.2237833,1.9676023,1.8744454,1.9624094,2.2927067,2.3438487,2.4151323,2.195144,2.6145067,2.6107302,1.9243284,1.9010394,2.1468346,2.1576924,2.1979764,2.2259862,2.1359768,2.3479397,2.1756313,2.1657176,2.0426626,1.9586327,1.6777463,1.5235342,1.7513905,1.7219642,1.929836,1.2859215,1.6272339,1.3996924,1.4168444,1.5509146,1.2865509,1.4738085,1.375459,1.2239219,1.1005521,0.8056606,0.4794547,0.33389726,-0.1093841,-0.1787796,-0.032278005,0.11028959,0.37968886,0.5611242,0.972619,0.5593933,0.08416794,-0.35344848,-0.37547877,-0.15643455,-0.43055457,-0.5718633,-0.766989,-0.8727344,-0.5735942,-0.6507004,-0.4134024,-0.80082124,-0.96998256,-0.88233334,-1.1671538,-0.727177,-0.81152165,-0.69586253,-0.58618295,-0.6573095,-0.7547149,-0.7671463,-0.40537706,-0.736776,-0.69586253,-0.69586253,-1.0521241,-0.9970484,-1.1622757,-1.3600764,-1.7202721,-0.8005065,-0.22362702,-0.67540574,-0.7937401,-0.71474564,-0.87053144,-0.73126835,-0.7254461,-0.7200959,0.10226426,0.64405257,0.9232081,0.61525583,0.48543435,0.19825347,-0.061861567,-0.29349458,0.60282445,0.48480493,0.5875606,0.98316205,0.77623445,0.6012509,0.64987487,0.55514455,0.06103611,0.16505066,0.13294935,-0.15879494,0.058990434,0.18629417,-0.39782384,-0.22394173,-0.85983104,-1.0277334,-1.0058606,-1.4091725,-1.5792781,-1.1221491,-1.1243521,-0.97816527,-1.0094798,-1.020967,-1.1325347,-1.8083932,-2.552703,-2.9072337,-2.920137,-3.9321153,-3.8613036,-3.9155924,-3.353505,-3.2867844,-3.5815187,-3.852806,-4.0340843,-4.3042703,-4.521426,-4.549751,-4.0647693,-3.7379339,-3.8913593,-3.747218,-4.433305,2018-04-17
ITW_CAE,-1.9271326,-2.0748904,-1.9095519,-1.7432255,-1.1699723,-1.3270144,-1.3422248,-1.2377275,-1.173923,-1.5294901,-1.3900288,-1.6171968,-1.6075172,-1.5788745,-1.6725072,-1.4664757,-1.4394132,-1.4554137,-1.3534845,-1.167997,-1.0964885,-0.76067513,-0.8331713,-1.048882,-0.8574684,-0.98922575,-0.7650209,-0.9127788,-1.4216348,-1.4074122,-1.5247493,-1.5008472,-1.2800006,-1.451463,-1.5968503,-1.5909243,-1.6734948,-1.734929,-1.9200214,-1.8767607,-2.006345,-1.8076227,-2.0391364,-1.8690567,-1.2057266,-1.2572838,-1.0875993,-1.0390052,-0.6694129,-0.67593163,-0.36323017,0.023942871,-0.3432789,-0.16589044,-0.0056877183,0.08122868,0.048239954,-0.10702434,-0.031960174,-0.16055694,-0.41775045,-0.2478684,-0.33063653,-0.59316355,-0.6324734,-0.82191163,-0.84976447,-0.7255135,-0.9364833,-0.9352981,-0.887099,-0.87781465,-0.7733175,-1.1814295,-1.3675096,-0.7673914,-0.6609188,-0.5512856,-0.4112317,-0.79366386,-0.43335587,-0.29547492,-0.23167035,-0.058232628,-0.39562628,-0.6198311,-0.48214757,-0.69450015,-0.9305572,-1.0603392,-0.6079788,-0.45864066,-0.40333024,-0.1757673,-0.86062896,-0.8843335,-0.6551902,-0.3458469,-0.14455642,-0.303969,-0.4282199,-0.016552268,-0.46614704,-0.49795055,-0.22890484,-0.17537224,-0.54259396,-0.3183892,-0.109592326,-0.66901785,-0.89006203,-0.78734267,-0.62793005,-0.7387485,-0.77351505,-0.85845613,-1.0235972,-1.0334741,-0.9815218,-1.3044952,-1.3850905,-1.0504622,-1.8032768,-1.4018811,-1.0405854,-0.65123945,-0.77766335,-0.28263497,-0.36263755,-0.18860723,-0.024651296,-0.22021319,-0.22554669,-0.74566233,-0.3606622,-0.240362,-0.1036662,-0.40570065,-0.39266324,0.11224203,0.5610467,0.39886862,-0.11453076,-0.37113166,-0.18485402,-0.11117263,0.17920716,-0.021490699,0.026708394,0.06285771,0.121921346,0.018609364,-0.14929731,-0.28362265,-0.22159596,0.059697114,0.15550268,0.23787571,0.400844,0.40973315,0.11382232,0.6671242,0.15747805,0.56065166,0.59166497,0.27679056,0.034017272,0.16557708,0.25762945,0.29812458,0.44864798,0.39649817,0.35797837,0.30721128,0.30069256,0.14404552,-0.4345411,-0.5862497,-0.5998798,-0.6332636,-1.3283972,-0.68324053,-0.6964755,-0.5864473,-0.4025401,-0.24411519,-0.39029276,-0.5935586,-0.54753244,-0.40550312,0.89962554,0.9029837,0.96501046,1.537671,1.4193461,1.2030429,1.4942127,1.4051235,1.6151055,1.2864035,2.1484563,2.298387,2.2361627,1.7972348,1.69175,1.7460728,1.5979198,1.4045309,1.3519859,0.9326143,0.81112885,0.78505397,0.7230273,0.840957,0.94525665,0.72105193,0.88441527,0.7491022,0.8684147,0.57487434,0.76984364,0.7437687,0.7564111,0.32933548,0.56993586,0.68490255,0.8498462,0.8865881,1.0319755,1.2178581,1.3150464,1.0993358,1.103484,1.18803,1.156424,1.4914472,1.7036022,1.8436562,1.8183714,1.9922042,1.7782713,1.6476991,1.7804441,1.9918091,1.9657342,1.6315011,1.7591102,1.6228095,1.2143024,1.233661,1.285811,1.3267012,1.3616652,1.2103517,0.8891561,1.0787919,1.3209726,1.6149081,1.3622578,1.2808726,0.91463846,1.132522,0.7676707,0.58396107,0.44608,0.215554,0.24340676,0.3980785,0.43620315,-0.20263238,0.2070599,0.115995236,0.58573884,0.38958433,0.4093381,-0.084702626,0.21713431,-0.15779142,0.2054796,0.09426614,0.062067565,-0.22258364,-0.3464395,-0.3565139,-0.07996173,-0.48669094,-0.23897924,-0.38436666,-0.25181916,0.089525245,0.12014351,-0.12144456,-0.27769655,-0.08173957,-0.043812413,-0.36184743,0.30681622,0.2580245,0.5742817,0.39669567,0.5126501,0.9132557,0.408943,0.9405158,0.80125207,0.37674442,0.38484344,0.32064384,0.5859364,0.34415078,0.42119032,0.79927665,0.7597692,0.8786866,1.2103517,1.180326,0.93696016,0.8154747,0.40439963,0.41230112,0.43975884,0.6690996,0.73784256,0.87276053,0.7639175,0.7253977,0.26098758,0.32163152,0.5211442,0.028288692,-0.31305572,-0.40392286,-0.53291464,-0.3819962,-0.23542356,-0.102480985,-0.18228604,-0.2966601,-0.0031197343,-0.08885091,0.09169815,-0.5182969,-0.4544924,-0.4859008,-0.9487306,-0.74072385,-0.94201434,-0.4169603,-0.36342773,-0.55977976,-0.23088022,-0.27137533,-0.36402035,-0.19611365,-0.21645997,-0.5734098,-0.7166243,-1.1352059,-0.8770246,-0.7646259,-0.7826017,-0.44461548,-0.35888436,-0.36895877,-0.4226889,-0.5502979,-0.40826863,-0.58526206,-0.8849261,-0.89006203,-0.58190393,-0.98567003,-1.1569349,-1.1273042,-1.7345339,-1.3860781,-1.5952702,-1.5802573,-1.4656856,-1.231604,-0.94280446,-1.0996491,-1.0812781,-1.1107112,-1.1095259,-0.7555392,-1.1832073,-1.5936898,-0.736378,-1.1614783,-0.5830891,-0.45330715,0.4067701,0.4443022,0.49981016,0.3581759,0.34770644,-0.056849867,-0.5024939,-0.31641385,-0.22949743,0.16854014,-0.4226889,-0.23996693,-0.31503108,-0.27512854,-0.25656006,0.04646212,-0.28520295,0.14700858,0.16300909,0.31531033,0.47255,0.38267055,0.46820417,0.7532505,0.6550744,0.98180103,0.992073,0.88955116,0.9158237,0.93340445,0.9966164,0.65882766,0.66929716,0.5727014,0.49190867,0.24854274,0.20508453,0.53694713,0.64993846,0.39294246,0.44133914,0.16320664,0.24715999,0.3639045,0.74791694,0.78722686,0.8703901,0.8875758,1.0542972,0.84747577,0.78426385,1.1346949,1.2860085,1.0055056,0.84135205,1.0586431,1.0618037,1.0756313,1.1232377,1.1003234,1.0355313,0.9098975,1.0422475,0.8296974,-0.79267615,-0.9052724,-0.84087527,-0.95011336,-0.9651262,-0.54911274,0.03480742,0.122711495,0.2732349,0.3135325,0.5557132,0.55334276,0.70110065,0.80461013,1.1815113,1.0539021,0.9533558,0.77912784,0.92392266,1.1698565,1.2137098,1.5023118,1.5435971,1.2212163,1.1574118,0.94130594,0.69576716,0.4257337,0.34079266,0.06779614,0.111846946,0.051795624,0.1296253,0.11737799,-0.088258296,0.11935336,0.19342983,0.028486228,0.05673406,-0.41202185,-0.10129576,-0.19808902,0.19915842,0.2244432,0.45951256,0.6197153,1.192771,1.0857056,1.1364727,1.457866,1.0797796,0.9282685,0.21851707,0.546429,0.51304513,0.22009736,0.33723697,0.087549865,0.19046678,0.32044628,0.39116463,0.047647342,0.05357346,0.16854014,0.19678797,0.08834002,0.040931076,0.347904,0.151947,0.07194442,-0.2419423,-0.5305442,0.14404552,0.5011929,0.31274232,-0.19631119,-0.25300437,0.28133392,0.19461507,0.17762685,0.10947651,0.119550906,0.28370437,0.6532966,0.50869936,0.5837635,0.6623833,-0.046380393,-0.15759388,-0.2287073,-0.4165652,-1.15733,-1.4001032,-1.3566451,-1.4129431,-1.1519964,-1.3803495,-1.2898775,-1.3503238,-1.570578,-1.5186256,-1.7880665,-1.9358244,-1.7580407,-1.4676609,-1.229431,-1.2432587,-1.178664,-1.0222145,-1.9101444,-1.6954215,-1.7582383,-0.8823581,-1.1887383,-1.3918067,-1.5502316,-1.5123044,-1.4447467,-1.0609317,-1.4032638,-1.5512193,-1.6960142,-1.239308,-1.0832535,-0.67059815,-0.6990435,-0.5692615,-1.3939797,-1.1604905,-1.1178225,-0.6624991,-0.6172631,-0.6534124,-0.6869937,-0.40984896,-0.31641385,-1.0259676,-1.179059,-1.1595029,-1.4753649,-1.5958627,-1.1591078,-0.6761292,-0.5040742,-0.6316833,-0.4226889,0.45240122,0.26296294,0.36528724,0.6072704,0.36627495,0.07372226,0.19441754,-0.20934863,-0.3505878,-0.7579096,-0.91791475,-1.0735742,-0.71682185,-0.82033134,-0.5631379,0.10236516,0.14226769,-0.007070479,-0.093394265,0.018016754,0.3925474,-0.6597336,-0.15621112,-0.036108457,-0.1836688,0.09150062,0.34987935,0.70682925,1.1536585,1.2334635,1.0260494,0.7605593,0.58139306,0.12685978,-0.7586998,-0.48115993,-0.3695514,-0.33774787,-0.07522084,-0.3083148,-0.46673965,0.7070267,0.5742817,0.93972564,0.7317189,0.26691368,0.18118253,0.37852225,0.50534123,0.49664956,0.3368419,0.5831709,1.4726812,2.1024299,2.4309344,1.3423066,1.6559958,2.2021863,2.413156,2.3742414,2.3378944,2.1316655,1.9262269,1.6261677,1.5457699,1.9578328,1.9888461,2.0564039,1.5268065,1.2759341,0.5847512,0.6515188,0.67542076,0.48479733,0.49230376,-0.11650612,0.22365303,-0.03097249,-0.28836355,0.040536,0.3623242,0.3034581,0.7868318,0.80559784,0.6813469,1.0940022,1.0219011,1.4355443,1.7000465,1.8946207,1.9829199,1.9449928,2.518641,2.4370582,2.221545,1.9125967,1.7535791,2.1581357,1.5524863,1.8379276,1.3326272,0.7704362,1.2840331,-0.18939738,-0.3118705,-0.14672932,-0.33122915,-0.6405725,-0.25754774,-0.110184945,0.023547797,-0.07956666,0.16893522,-0.17161903,-0.22159596,-0.21507722,-0.15700127,0.16952783,0.45042583,0.5282555,0.8389817,1.1105955,0.96757835,1.3154415,1.192771,1.6328839,1.8800031,1.2492665,1.2062035,1.2087713,1.0813599,0.054363612,0.3194586,-0.680475,-1.1683921,-1.3538796,-1.8921686,-2.6748114,-2.140473,-1.8890079,-2.3747523,-2.4130743,-2.186499,-2.9760556,-3.115517,-2.953734,-2.9847472,-3.1496906,2018-04-17
JCI_CAE,-0.3033339,-0.3469038,-0.28670418,-0.38581735,-0.2620922,-0.24912104,-0.31896585,-0.27872193,-0.275396,-0.31963104,-0.35588387,-0.5092099,-0.45599478,-0.42007458,-0.4599859,-0.34657124,-0.21985273,-0.06020742,-0.053555533,0.009969997,-0.059209637,0.067508824,0.06784142,-0.015307177,-0.0016708062,-0.028610954,0.107752755,0.0216108,-0.039253972,-0.052225158,-0.039253972,-0.03293468,0.033916794,-0.04257992,-0.19889927,-0.12905446,-0.05255775,-0.04657105,-0.13969748,-0.19657113,-0.24978621,-0.27306783,-0.40277964,-0.33592817,-0.44069543,-0.4243983,-0.35122752,-0.45100582,-0.42373312,-0.32395476,-0.4423584,-0.31863326,-0.47262448,-0.36952022,-0.35588387,-0.30233613,-0.21952014,-0.2694093,-0.2926909,-0.33260223,-0.47495264,-0.46796814,-0.6109837,-0.6675248,-0.68149376,-0.64557356,-0.6123141,-0.32262442,-0.28969756,-0.2561055,-0.28304565,-0.2564381,-0.3292763,-0.33093926,-0.47362226,-0.34923196,-0.44568434,-0.39878854,-0.28903237,-0.3296089,-0.39845592,-0.49756908,-0.6262831,-0.83781314,-0.80122775,-0.74269116,-0.53681517,-0.59402144,-0.6439106,-0.8028907,-0.52983075,-0.47628304,-0.6153075,-0.39978632,-0.64025205,-0.6735115,-0.58005244,-0.46929854,-0.3399193,-0.34058452,-0.4769482,-0.6123141,-0.68282413,-0.8191879,-0.8351523,-0.9179684,-0.90532976,-1.0606513,-1.0872589,-1.2049973,-1.1155295,-1.0024474,-0.93659365,-0.8803852,-0.8042211,-0.6951301,-0.6888109,-0.76198155,-0.8078796,-0.7350415,-0.6655292,-0.5610946,-0.77561796,-0.60865563,-0.65156025,-0.4224027,-0.5294981,-0.53847814,-0.701782,-0.6618707,-0.5551079,-0.6020037,-0.49291274,-0.56342274,-0.51619434,-0.5195203,-0.45233622,-0.53249145,-0.55244714,-0.28869975,-0.37351137,-0.7031124,-0.7446867,-0.82118344,-0.7416934,-0.7583231,-0.7882565,-0.90466464,-0.92129433,-0.90466464,-0.91464245,-0.9183009,-1.0383675,-1.2711836,-1.3174143,-1.270851,-1.2572147,-1.3629797,-1.2562169,-1.3596536,-1.4860395,-1.6117603,-1.6656405,-1.5459064,-1.741472,-1.8645319,-1.8489,-1.7058845,-1.5798311,-1.6327137,-1.5658623,-1.4900306,-1.5828245,-1.6556628,-1.6320485,-1.7181904,-1.8352637,-1.98094,-1.9739555,-1.9503412,-2.0218492,-2.0600975,-1.966971,-1.8765054,-1.7963501,-1.8891438,-1.8794987,-1.7737337,-0.7922477,-0.91264683,-0.82750267,-0.94490856,-0.7357066,-0.7044428,-0.7709617,-0.7150858,-0.59867775,-0.5088773,-0.5314937,-0.6153075,-0.6036667,-0.7726246,-0.78692615,-0.7416934,-0.6059948,-0.7360393,-1.0190771,-0.9133121,-0.96253604,-0.87007475,-0.79091734,-0.65455365,-0.7044428,-0.5421367,-0.56841165,-0.528833,-0.4889216,-0.5092099,-0.6053297,-0.5225136,-0.645241,-0.45599478,-0.40610558,-0.5767265,-0.47328967,-0.44036284,-0.46364444,-0.4836001,-0.56342274,-0.6429128,-0.52583957,-0.5231788,-0.5431345,-0.44368878,-0.42040718,-0.36353353,-0.37949806,-0.61497486,-0.6951301,-0.7081013,-0.67218107,-0.6326024,-0.56275755,-0.34657124,-0.26342258,-0.38714772,-0.33360004,-0.430385,-0.42772424,0.15431596,0.25442687,0.25442687,0.31063533,0.35353997,0.24012533,0.040901277,0.017952263,-0.05422072,-0.19424295,-0.2208505,-0.21187046,-0.1616487,-0.109431386,-0.05289034,-0.029941332,-0.10976399,0.3488837,0.36584598,0.40941584,0.34855106,0.62194365,0.6182851,0.96119,1.0107465,0.99411684,0.9132964,0.93025863,1.0057576,1.1128529,1.0393497,1.0323652,0.98181075,1.014405,1.1012123,1.118507,1.0719439,1.1155138,1.0390171,1.1091945,1.0762676,1.1125205,1.0925648,1.1520991,1.2884629,0.8215003,0.48591256,0.729039,0.8816999,1.1075314,1.1304805,0.8314781,0.8584183,0.7872431,1.0869106,1.0932299,1.0187287,1.0583075,1.0383519,1.0420103,1.0050924,1.0217221,1.051323,1.4238288,1.7397935,1.6340286,1.7068666,1.7095274,1.6097492,1.5758245,1.6257136,1.4394608,1.5428976,1.4497713,1.6260462,1.5458909,1.3992168,1.3084185,1.2315892,1.0825869,1.0712787,0.9877975,1.0107465,1.186689,1.2069771,1.0606357,1.2971103,1.0310347,1.0007687,0.93158907,1.0473319,1.0147377,0.8577531,1.2066447,1.3090837,1.5681748,1.1760459,1.3257134,0.96518105,1.0147377,0.7190612,0.68280846,0.5727197,0.6625202,0.56939375,0.45930502,0.531478,0.5906798,0.4243826,0.44832942,0.6076421,0.8730524,0.887354,1.0403475,0.9871323,0.77759784,0.8703917,0.8108573,0.76130074,0.588019,0.50220966,0.4889059,0.26207656,0.32826284,0.29167745,0.2710566,0.42105666,0.41473734,0.3884624,0.49489263,0.45597908,0.50586826,0.45897242,0.37914976,0.7483295,1.0712787,1.1215005,0.87770873,0.8101921,1.066955,1.6613011,1.6280417,1.996889,1.8152925,1.8089732,1.8984411,1.8881307,1.9682859,1.8907913,1.8635187,1.9832525,2.0863569,2.216734,1.866512,1.9962237,1.8798157,2.1029866,1.9899044,1.817288,1.5868001,1.6702812,1.5312568,1.5744941,1.5781525,1.6017668,1.5492169,1.406534,1.2934518,1.3865783,1.5562013,1.5565339,1.5066448,1.4700595,1.4334741,1.2838064,1.2372433,1.077598,1.4231635,1.3792611,1.2568663,1.526268,1.5103034,1.749106,1.8751594,1.7584188,1.7085297,1.5891283,1.6263788,1.5798156,1.5897934,1.6829199,1.8252702,1.8076427,1.8409021,1.7185074,1.7587514,1.8219444,1.3659574,1.3430084,1.4427867,1.3363565,1.044006,0.9705026,1.0403475,1.1527643,1.1025426,0.97915006,0.7097486,0.6927863,0.769283,0.95886177,0.82914996,0.6967774,0.8604138,0.9934516,0.9305913,1.0593053,1.0070881,0.94023645,0.887354,0.82781965,0.8022098,0.71573526,0.781589,0.74467105,0.7020989,0.9811456,0.97482634,1.0516557,1.2312566,0.96518105,1.0679528,0.9515447,0.8447819,0.87105685,0.92726535,1.0363562,0.993119,0.97981524,0.7440058,0.7772652,0.6638506,0.74067986,0.69744253,0.6871322,0.7034293,0.58702123,0.5777086,0.66351795,0.7839172,0.77393925,0.8700591,0.9834738,1.1856912,1.2688398,1.2355803,1.023385,0.82349586,0.79322976,0.65919423,0.7426754,0.68247586,0.7346932,0.7716111,0.7413451,0.90132296,0.7852475,0.8590835,0.9046489,0.79156685,0.69311893,0.8091943,0.9781523,0.95453805,0.7852475,0.73801917,0.73070204,0.640569,0.5464447,0.6043162,0.72405016,0.70043594,0.53280836,0.32693246,0.34389478,0.35719854,0.5830301,0.39677724,0.4759347,0.47959328,0.52316314,0.45930502,0.62194365,0.49921635,0.2993271,0.40243137,0.40243137,0.6016554,0.51817423,0.6236066,0.60099024,0.77660006,0.7636289,0.77260894,0.66983724,0.6359126,0.6555357,0.5893494,0.62194365,0.6884625,0.7849149,0.88502586,0.88868433,0.8983296,0.91529197,0.9621877,0.9156245,1.019394,0.80354017,0.0003247601,-0.20654894,-0.44634953,-0.50954247,-0.37716988,-0.3269481,-0.39014107,-0.23382169,-0.30067316,-0.3538883,-0.32861108,-0.39512998,-0.34457564,-0.5973474,-0.68748045,-0.91065127,-0.8002299,-0.42739165,-0.31430954,-0.27705896,-0.2571033,-0.2208505,-0.15699239,-0.180274,-0.1982341,-0.11242474,-0.025950199,-0.009320478,-0.15932055,-0.2388106,-0.22850017,-0.17229173,-0.06320077,-0.059542235,0.09444898,-0.045905862,-0.13903229,-0.28869975,-0.112757325,-0.08681497,-0.016637554,-0.013976798,0.2052029,-0.038588785,-0.1919148,-0.17595026,-0.13603894,-0.13603894,0.04722057,0.1942273,0.16096786,-0.011981232,0.2404579,0.22748674,0.24744241,0.15564634,0.24977055,0.11706539,-0.09313426,0.140347,0.25010315,0.29733154,0.39012536,0.20453772,0.45697683,0.4290389,0.37283048,0.08946006,-0.0848194,-0.25776848,-0.23781282,-0.13470855,-0.11076176,-0.14468639,-0.87273556,-1.1534452,-1.4730684,-1.4694098,-1.4654187,-1.4970151,-1.4138665,-1.5306072,-1.5472369,-1.3177468,-1.3180795,-1.2515606,-0.8085448,-0.83781314,-1.0214052,-1.1447977,-1.128168,-1.0766159,-1.047015,-1.0270593,-1.0170815,-0.91730314,-0.75765795,-0.98781323,-1.0373697,-1.0107622,-0.96120566,-1.0081015,-1.0859286,-1.0164163,-1.0739552,-1.1238443,-1.1138664,-1.0842656,-1.1075472,-1.1314939,-0.8717378,-0.65954256,-1.1321592,-0.965862,-1.0054407,-0.8720704,-0.6888109,-0.6625359,-0.53282404,-0.7087665,-0.7719595,-0.8817156,-0.77495277,-0.34557343,-0.31231397,-0.29601684,-0.13337818,-0.3758395,-0.5451301,-0.76464236,-0.5687443,-0.490252,-0.90067345,-0.9179684,-0.99180436,-1.1697423,-1.2868155,-1.2668599,-1.3071039,-1.2638665,-1.1215161,-1.0819374,-1.137148,-1.1135339,-1.1171924,-0.90499717,-0.9316048,-1.1378133,-1.433157,-1.625064,-1.5083233,-1.2888111,-1.1590992,-1.2858177,-1.1700749,-0.9778354,-0.92129433,-0.8278353,-1.3300529,-1.3260617,-1.3327135,-1.4291658,-1.6120929,-1.4793876,-1.574177,-1.9230685,-1.794022,-2.0205185,-2.0877028,-1.9260619,-2.2985675,-2.3740666,-2.1911397,-2.2905853,-2.4655302,-2.58859,-2.5297208,-2.4409182,-2.5347097,-2.5207407,-2.3850422,-2.5919158,2018-04-17
OSK_CAE,-0.08272768,0.3087822,0.98136574,1.1195107,1.5068341,1.1751273,1.0589103,1.1282816,1.0981808,0.79338527,0.9361149,0.809532,0.94907224,1.0218325,0.8386361,1.1246935,1.0746583,1.1563891,1.1167198,1.338788,1.381248,1.4960697,1.1131316,0.91338974,1.0640931,1.0094732,1.1484153,1.0441588,0.8488026,0.90601414,0.8430217,0.8322572,0.9869474,0.9648203,0.71165454,0.063789494,-0.06359075,-0.28984514,-0.35742247,-0.35682443,-0.45629665,-0.47443688,-0.687734,-0.6363034,-0.29921427,-0.45829007,-0.7287986,-0.6235455,-0.4098497,-0.57889265,-0.2984169,-0.08472112,-0.37775546,-0.08472112,-0.0013956965,-0.010166793,-0.027908329,-0.1271812,-0.1471155,-0.18339595,-0.18419333,-0.16904324,-0.2451923,-0.4662638,-0.40127796,-0.5015475,-1.0557213,-0.9086062,-1.0537279,-1.0660872,-1.1091453,-0.94209576,-0.8448163,-1.082832,-0.92794245,-0.3723732,-0.4824106,-0.35503036,-0.211902,-0.44553208,0.016744526,0.092893586,0.1369484,0.62234885,0.73996127,0.7112559,0.699694,0.63111997,0.5360333,0.5206839,0.73657244,0.6905242,0.7451442,0.83763945,0.28585774,0.2400088,0.31695524,0.5780947,0.6103883,0.5940422,0.32333422,0.38094437,0.09329227,-0.02671227,0.027708396,0.15090244,-0.049238037,0.08252775,0.2117021,-0.14611879,-0.29323396,-0.22286588,-0.00039898104,0.083923146,0.08850804,0.069769785,-0.059005857,-0.1267825,-0.054022275,-0.1295733,-0.36998108,-0.14890958,-0.6345094,-0.5296549,-0.39529765,-0.5356352,-0.30320114,0.15528798,-0.035882052,0.24559042,-0.37317055,-0.065384835,-0.110037684,-0.457094,-0.10385805,-0.040466942,0.14990571,-0.051032133,0.012957007,0.3693825,0.80694056,0.6339108,0.32433093,0.21509092,0.31496182,0.25356412,0.4485217,0.26971093,0.4688547,0.34924883,0.454502,0.4016761,0.22705151,0.13535367,0.08053432,0.092694245,0.16346104,0.14831097,0.2533648,0.066580296,-0.14671682,0.111033805,-0.088508636,0.12020359,-0.052228186,-0.27748588,-0.47104803,-0.22784945,-0.18140252,-0.16166756,-0.18439266,-0.17741565,-0.18798085,-0.20412762,-0.035882052,-0.2433982,-0.53962207,-0.5469977,-0.5952388,-0.565736,-1.0569174,-0.6359048,-0.67736816,-0.37994823,-0.38851997,-0.41124508,-0.55995506,-0.5886605,-0.59563744,-0.54002076,-0.055816364,-0.797572,-0.5934447,-0.46845654,-0.5406188,-0.62832975,-0.41323853,-0.25416273,-0.41264048,-0.75810206,-0.15170039,-0.10704754,-0.095086955,-0.30140704,-0.38373575,-0.34765464,-0.5481938,-0.6147744,-0.6873353,-0.8874758,-1.0676819,-1.0736623,-0.89843965,-0.9807683,-0.9113969,-0.78919965,-0.681355,-0.60500664,-0.6837471,-0.8741198,-0.8009609,-0.84780645,-0.8021569,-1.01366,-0.6895281,-0.7541152,-0.49118167,-0.5729124,-0.55517083,-0.6137777,-0.24598967,-0.36061195,-0.31436434,-0.43357152,-0.42958465,-0.47403818,-0.29203793,-0.19156902,-0.32253742,-0.27748588,-0.41363722,-0.4351663,-0.47264278,-0.14412536,-0.3155604,-0.517495,-0.53164834,-0.65245026,-0.8609631,-0.87292373,-0.749331,-0.8175063,-0.84880316,-0.5691248,0.34466392,0.7483337,0.85338753,0.78999645,0.48340672,0.489387,0.21469223,0.19575463,-0.049038697,-0.11681536,-0.273499,-0.28565893,-0.32074332,-0.15628529,-0.1628636,-0.5372299,-0.26353186,-0.34486386,-0.17821303,-0.2609404,-0.25496012,-0.59563744,-0.4927764,-0.76388305,-0.5637426,-0.6767701,-0.5886605,-0.9018285,-1.028212,-1.0365844,-0.9845559,-1.0563194,-0.9098022,-0.93153054,-0.80434966,-0.32273674,-0.16306296,-0.33788684,-0.45310715,-0.27369836,-0.17582092,-0.34426582,0.13116746,0.04265913,0.22047317,0.0043852534,-0.03468599,0.022326134,-0.27589113,0.15807877,-0.0301011,-0.2948287,-0.48779285,-0.65065616,-0.3964937,-0.6171665,-0.734779,-0.7897976,-0.5665334,-0.5388247,-0.45829007,-0.5170963,-0.6598259,0.19754872,0.18937564,0.023920877,-0.0083727045,0.16226499,0.104455486,0.102860734,-0.035882052,-0.23064025,-0.4959659,-0.5473964,-0.4883909,-0.67138785,-0.8679402,-1.0405712,-0.89843965,-0.87073094,-0.8932567,-0.7142466,-0.8218919,-0.82548004,-0.6430811,-0.83345383,-0.67098916,-0.98634994,-1.020039,-1.0666852,-1.1175177,-0.797572,-0.8868777,-0.47662964,-0.5033416,-0.5659353,-0.30180573,-0.23901266,-0.2174836,-0.04804198,-0.32811904,-0.60321254,-0.6640122,-1.8357509,-1.3724775,-1.2602473,-1.2710118,-0.9582426,-0.68673724,-0.708665,-0.75690603,-0.7124525,-0.6787635,-0.7335829,-0.9123937,-0.8615612,-0.9173773,-1.1416383,-1.3601183,-1.3202497,-1.5437132,-1.4510187,-1.3224424,-1.1671542,-1.1755265,-0.8842862,-0.8067418,-1.0593095,-1.0050882,-0.92355686,-0.5717163,-0.38891867,-0.74175596,-0.9749873,-0.69311625,-1.0517344,-0.07894016,0.32472962,1.1448271,1.2321395,1.3884244,1.2652304,1.3146675,0.9614315,0.85538095,1.1382488,1.4312831,1.6694981,1.1649607,1.3043016,1.3621111,1.4278944,1.3379905,1.4809196,1.2353289,1.6372045,1.7679737,1.5841793,1.5933491,1.5173994,1.5754082,1.736278,1.3838395,1.5606568,1.5564706,1.5700259,1.5459055,1.6098945,1.5480982,1.4364661,1.4462339,1.1815063,1.4290904,1.191274,1.3300169,1.5686306,1.5698266,1.6866417,1.6968081,1.5042428,1.675877,1.6631192,1.9073144,1.9846596,2.163869,2.0823376,2.1477222,2.235433,2.0420704,2.2862656,2.1339674,1.8509003,1.7518268,1.6671059,1.703187,1.5656404,1.6190642,1.4757366,1.4801222,1.3774605,1.4237082,1.3471603,0.37915027,0.03508409,0.048838764,0.09129884,0.11502068,-0.28705436,0.096083075,0.4786225,0.53384054,0.9066121,0.9291379,1.0148555,1.0778478,0.99751264,1.2112085,1.0076791,0.78959775,0.7248112,0.9546538,1.1466212,1.2694166,1.3824441,1.4916841,1.0294075,1.0240252,0.8830896,0.71803355,0.51908916,0.42260706,0.24220158,0.42779,0.3921076,0.32532763,0.33728823,0.24419501,0.5465985,0.7138474,0.6811551,0.7112559,0.2414042,0.20970866,0.2746945,0.57689863,0.6901255,0.80454844,0.8858804,1.0844262,1.3714802,0.62175083,0.9514643,0.5633433,0.4421427,-0.08153163,-0.08830929,-0.12777922,-0.50832516,-0.5288575,-0.62593764,-0.4632736,-0.4680579,-0.50673044,-0.7064722,-0.7882029,-0.8964462,-0.9518636,-0.8426236,-0.8697342,-0.84641105,-0.9985098,-1.2227708,-1.361115,-1.6962107,-1.5415205,-1.1446284,-1.3130733,-1.7731574,-1.5903596,-1.6192644,-1.2819757,-1.2040325,-1.0523325,-1.2863613,-1.3047009,-1.2335354,-1.2983218,-1.1021682,-1.1049591,-1.5546771,-1.6222544,-1.5425172,-1.4902892,-1.7825265,-1.8477116,-1.7635888,-1.7960818,-1.4857044,-1.7508308,-1.8457181,-2.4441462,-2.4750445,-2.238424,-2.4959753,-2.3729806,-2.3909216,-2.2601526,-2.3606215,-2.3177626,-2.0414732,-1.8505024,-1.637604,-1.367494,-1.5020505,-0.95286036,-1.5297592,-1.4910867,-1.5309552,-1.0333949,-0.6729826,-0.3825397,-0.5075278,-0.5131094,-0.56095177,-0.046845924,-0.060799945,0.4124406,0.37855226,0.19336252,0.008571459,0.12877534,0.06677964,0.13236351,0.29662225,0.26851487,0.071962565,0.26991028,0.36738905,0.21489157,0.13037008,0.17422557,-0.100469224,-0.23123828,-0.16445835,0.13794512,0.25794968,0.17183346,0.15708207,0.5717157,0.60480666,0.8344499,0.9737908,0.90481806,0.73836654,0.8396328,0.775245,0.7299941,0.6345088,0.597431,0.38134307,0.6446753,0.49516797,0.60600275,1.1027658,1.0686781,0.9339221,0.9799704,1.2544659,1.6170709,0.92933726,1.3363959,1.2817758,1.0975828,1.3413794,1.3475591,1.5197915,1.956552,2.0173519,2.1539018,1.8750209,1.6870403,1.8578773,0.7102592,0.55696434,0.5188898,0.73657244,0.7712582,0.22186859,0.046247303,0.9189714,0.88986737,1.0764525,0.97179735,0.5266642,0.6879327,0.8657468,0.80993074,0.72441256,0.67736757,0.6131791,1.0925993,1.6033162,1.6443808,1.2249631,1.8766155,1.8993406,1.5764049,1.5449088,1.6687008,1.6445802,1.6286328,1.5740128,1.3979928,1.5337455,1.7773428,1.5449088,1.1591798,1.2018392,0.93691224,0.9723953,0.952461,0.7481344,0.72241914,0.74753636,0.8643514,0.53264445,0.13296156,0.298217,0.4094504,0.40646031,0.7106579,0.7596963,0.59165,0.597431,0.7106579,1.4302865,1.3262293,1.5124158,1.2913444,1.579395,1.6437829,1.1522028,1.1121348,0.8210939,1.0784459,0.7539153,0.84122753,0.8422243,0.5886599,0.7331836,1.2542665,0.06917176,-0.20891185,0.061796065,-0.08412308,-0.57789594,-0.29124054,-0.07874082,-0.45848942,-0.6628161,-0.91996866,-0.8125228,-1.3160635,-1.0690773,-1.2367249,-0.988144,-0.8302643,-1.1585823,-1.1872878,-1.0437608,-1.2773908,-1.2203788,-1.3818467,-1.2833712,-0.9807683,-1.0822339,-1.0082777,-1.0457542,-0.98156565,-1.1551936,-0.8388361,-1.2885541,-1.6439829,-1.9003382,-2.2438061,-2.723027,-2.4939818,-2.1596835,-2.3277297,-2.4311888,-2.3656049,-2.8500087,-2.842633,-2.6843545,-2.6751847,-2.707279,2018-04-17
DOV_CAT,1.3730849,1.3389034,1.4185102,1.2444549,1.0456631,1.1216717,1.0654523,1.1167245,0.87880397,0.9957403,0.75197303,0.96785545,1.2255651,1.2336608,1.100983,1.0973849,1.1931828,1.2822343,1.4801265,1.6451867,1.56558,1.5444416,1.7558265,1.482825,1.3816302,1.4949684,1.4819256,0.9224303,0.8734069,0.5405881,0.34764317,0.40161377,0.4533356,0.41690546,0.12951192,0.20911859,0.3611358,0.56802315,0.27883062,0.18348253,0.1578465,0.048555993,-0.10481051,-0.05713647,-0.18261814,-0.08906908,-0.013959972,-0.08771981,-0.087270066,-0.10031296,-0.39625183,-0.57660365,-1.257533,-1.2381935,-1.1905195,-1.3699718,-1.2638295,-1.162185,-1.0564924,-1.5746104,-1.2561837,-0.86174846,-0.88873374,-0.8244187,-1.0735831,-0.6553108,-1.0371529,-1.2516861,-1.4698173,-1.3443358,-1.1226064,-1.0875255,-1.1311518,-0.8406099,-1.0555929,-1.1086639,-1.0272583,-1.2674276,-1.1347498,-1.3088051,-1.4855587,-1.8449132,-2.0918288,-2.3765237,-2.8730533,-2.4156523,-1.9816388,-1.9011327,-1.4702672,-2.18133,-2.170536,-1.9784905,-2.0423555,-1.3106041,-1.4419326,-1.4203444,-1.3731201,-1.5782084,-1.408201,-1.3231971,-1.2764227,-1.1707302,-1.4833101,-1.7117857,-1.8916876,-1.2494375,-1.0942719,-1.4212439,-1.4950036,-1.4261911,-1.505348,-1.2220023,-0.98992866,-0.9130205,-0.6265265,-0.22939268,-0.890083,-0.976436,-1.1059655,-1.4914056,-1.3645747,-1.5818064,-1.806684,-0.7371663,-0.5455706,-0.15113528,-0.13494411,-0.26897112,-0.5716564,-0.36836702,-0.28291354,-0.31574568,-0.24918191,-0.25772727,-0.35622364,-0.46596393,-0.41739032,-0.32474077,-0.3746636,-0.46326536,0.1317607,-0.26132527,0.017522886,-0.05623696,0.23475464,0.397566,0.2581419,0.2257595,0.37777674,0.24419947,0.27748135,0.3323515,0.7020502,0.29142377,0.68136144,0.34584415,0.40386257,0.30671543,0.49021554,0.54508567,0.032364808,0.0274175,-0.038696505,-0.386807,-0.62292844,-0.95754623,-0.76505107,-0.9926272,-0.49699703,-0.32159248,-0.23389022,-0.36611825,-0.45157173,-0.46596393,-0.36611825,-0.6355216,-0.89458054,-0.8410597,-0.9107718,-0.926963,-1.1077645,-1.371321,-1.4464302,-2.1071203,-1.9888347,-2.1453495,-2.2060666,-2.25464,-1.8849413,-1.1082143,-1.2251506,-1.2071604,-0.79608417,-1.0605402,-1.0843773,-1.0079188,-0.94495314,-0.8819874,-0.74526185,-1.1396971,-1.2395427,-1.0569421,-0.6894922,-0.63777035,-0.50374335,-0.33778366,-0.56491005,-0.5734554,-0.69443953,-0.8972791,-0.60493827,-0.47855705,-0.7079322,-0.43313175,-0.3796109,-0.7610033,-0.6755498,-0.30809984,-0.5415228,-0.8860352,-1.1675819,-0.8050793,-0.9386565,-1.1657829,-0.7277214,-0.35532412,-0.15428357,-0.17362304,-0.07647594,-0.30360228,-0.58110124,-0.70343465,-0.67824835,-0.8491553,-0.8541026,-0.9485512,-1.1797253,-1.3119533,-1.0762815,-1.0259091,-0.9903784,-0.7641516,-0.48350438,-0.65486103,-0.6607079,-0.7047839,-0.49654725,-0.24378484,-0.20375665,-0.5176858,-0.25188044,-0.20780444,-0.36431924,-0.4983463,-0.59099585,-0.69398975,-0.77539545,-0.79248613,-0.8905328,-0.70343465,-0.625627,-0.50869066,0.14255482,0.19472642,0.32785392,0.18033426,0.5918602,0.5810661,0.29232326,0.013475091,0.11961731,0.015723865,0.29547158,0.3723797,0.5878124,0.61839575,0.5428369,0.6534766,0.45963216,0.17628644,0.95301354,1.1216717,1.2988752,1.5831205,1.2948275,1.2534499,1.119423,1.1108776,1.1590014,1.1778911,1.4194096,1.2714401,1.2215174,1.2925787,0.69530386,0.01617362,0.36563337,0.6809117,0.89094734,0.74297786,0.38002554,0.35978657,0.80864215,0.9898935,1.1608005,1.1769917,1.288531,1.3146167,1.3960224,1.4400983,1.380281,1.4140126,0.99708956,0.88465077,0.89094734,0.7312843,0.36968118,0.49876085,0.43309665,0.06699595,0.092182234,0.29322278,0.49021554,0.80819243,1.0784953,1.1198727,1.0780455,1.3640897,1.121222,1.1990296,1.1095283,0.9799988,1.2309623,1.2255651,1.2408569,1.1297674,1.080744,1.1495565,1.123021,1.2556988,1.2565982,1.038467,1.1252698,1.1585517,0.9206312,0.5248467,0.8158382,0.091282725,0.22486001,-0.0427443,-0.41514155,-0.23748827,-0.45651904,-0.19251277,-0.066581324,0.17853524,0.5032584,0.017522886,-0.19701031,-0.08771981,0.01797264,0.018872151,0.40116403,0.43399614,0.25184533,0.31885883,0.33774856,-0.00856291,-1.7747514,-1.5912514,-1.4869081,-1.6078923,-1.3416371,-1.3348908,-1.3515319,-0.8559016,-1.1612854,-0.972838,-0.8244187,-0.9179678,-0.66700447,-0.8545523,-0.890083,-1.1149607,-1.0551431,-0.95754623,-0.9593453,-1.3848137,-1.2179545,-1.3339914,-1.1797253,-1.0740329,-1.2247008,-1.3704214,-1.2404423,-1.3659239,-1.4513774,-1.3803161,-0.8343134,-1.1041664,-1.2755232,-1.2121077,-1.4351863,-1.6168873,-0.92246544,-0.06523206,-0.2743682,-0.09086811,-0.17857036,0.15424845,0.1677411,0.45873263,0.5032584,0.48886627,0.3431456,0.3512412,0.4951628,0.5064067,0.37148017,0.4124079,0.27343357,0.24419947,0.44389075,0.3242559,0.26353896,0.25994092,0.5576788,0.74207836,0.74252814,1.1266191,0.8994927,0.7794081,1.3595922,1.1963311,1.5426426,1.1963311,1.1882355,1.1320161,1.2026277,1.0411656,1.4432467,1.4661841,1.2377086,0.7911017,0.6773137,0.62604153,0.86306256,0.9296262,1.3407024,1.1324658,0.948516,1.0443139,1.2426559,1.0281227,0.801446,0.9125356,0.90264094,0.9633579,0.8608138,1.2840333,1.2777368,1.4751793,1.552987,1.3249611,1.3888264,1.6663252,1.8754613,1.7157983,1.6514833,1.2642442,0.96965444,0.9453677,0.9597599,1.1801399,1.1135762,1.6343926,1.7113007,1.8223903,1.4841744,1.4329023,1.3249611,1.4261559,1.4243569,1.4454955,1.696009,1.9163891,1.897949,2.058062,2.464191,2.1390178,1.7801132,1.7041047,1.5705274,1.5507381,1.6550814,1.4086155,1.404118,1.6874638,1.7306402,1.5948142,1.4414476,1.3667883,1.429754,0.47177556,0.35034168,0.20147274,0.01707313,-0.051289648,-0.21634978,-0.34992707,-0.1448387,0.37507823,0.43894348,0.64852935,0.68855757,0.5432866,0.4870672,0.79380023,0.7654657,0.8063934,0.96560675,1.3901756,1.4153619,1.3245113,1.1909341,0.7182414,0.836527,1.1581019,0.884201,1.1846374,1.0033861,1.2125223,1.4045677,0.87070835,0.8954449,0.9683053,0.88600004,1.1423604,0.74657595,0.6831605,0.6849595,0.7380306,0.113770485,-0.43717957,-0.46056688,-0.24513412,-0.20420639,-0.3436305,-0.34003243,-0.39220405,-0.19251277,0.4704263,0.26578775,0.6076016,0.86576104,0.7794081,0.6791127,0.9606594,0.8140392,0.9629082,1.0002378,1.1527048,1.2759377,0.6876581,0.6998014,0.8122402,-0.048141364,-0.19835958,-0.16192941,-0.08951884,-0.053538427,-0.049490627,0.17718597,0.8203358,0.7276862,0.9048898,0.8252831,0.8221348,0.56892264,0.46188092,0.50595695,0.36608312,0.37058067,0.084536396,-0.093566634,-0.09761443,-0.07827496,-0.013060462,-0.112456344,0.15110017,-0.067031085,-0.26492333,-0.20375665,-0.14843675,-0.09896369,-0.23299073,0.28827548,0.28062966,0.6049031,0.660223,0.37552798,0.755571,1.1113273,0.8981434,0.59815675,0.7654657,1.1846374,1.1167245,1.299325,1.2516509,1.100983,0.95706135,0.87025857,0.9102868,1.277287,1.3357552,1.3636401,1.4418974,1.4648349,1.3906254,1.1185235,1.12482,0.99619,1.0218261,0.9997881,0.9035405,0.6314387,-0.76145303,0.95886034,1.1041312,0.21046785,0.12906216,0.6040036,0.31346178,0.46727803,0.45198634,0.061598886,0.20102298,0.46772775,0.3692314,0.21316639,0.4115084,0.031915054,-0.21455076,-0.2230961,-0.43717957,-0.2132015,-0.12549925,-0.017558014,0.0017814571,-0.054437935,-0.1448387,-0.1030115,-0.1219012,0.30761495,0.38182455,0.52709544,0.19202788,0.4155562,0.093531504,0.17538694,-0.072428145,0.40701082,-0.18666594,0.0031307226,-1.1275537,-0.9175181,-0.4007494,-0.27796623,-0.3625202,-0.62382793,-0.49609753,-0.801931,-0.68769324,-0.8491553,-0.88423616,-0.9089727,-0.59099585,-0.3544246,-0.48845166,-1.1149607,-1.7225797,-1.24449,-1.6132892,-1.8543581,-1.8125309,-1.9209218,-1.4680183,-1.6362268,-1.8629035,-1.7922918,-1.323647,-1.415397,-1.6928959,-1.1334006,-0.8950303,0.04810624,-0.08007398,-0.28876036,-0.25952628,-0.82127047,-1.2273993,-0.8743416,-0.8244187,-0.9418049,-1.1109128,-1.4203444,-1.5269363,-1.1887203,-0.74526185,-0.9696896,-0.9948759,-0.85860014,-1.1824238,-0.82756704,-1.1172093,-0.70883167,-0.76595056,-0.14843675,-0.67779857,-0.603589,-0.42458642,-0.5167863,-0.40029964,-0.22084734,-0.38815624,-0.7547067,-1.0272583,-1.000273,-0.39175427,0.65707463,0.10522514,0.10837342,0.30041885,0.03326432,-0.19746007,-0.5478194,-0.21679953,-0.4682127,-0.43807906,-0.24558386,-0.51318824,-1.2291985,-1.3061066,-1.5633665,-1.6960442,-2.164689,-2.124211,-2.2699318,-2.5501292,2018-04-17
HI_CMI,-1.4907739,-1.2637911,-1.4341233,-1.6922832,-1.9850416,-2.0626037,-1.9105213,-1.849308,-1.9090003,-1.993406,-2.035989,-1.0406103,-1.1991562,-1.07711,-1.26189,-1.137943,-1.0687455,-1.0607612,-1.0185583,-1.1333805,-1.2816608,-1.2208278,-1.1740625,-1.1394638,-1.1489689,-0.98167837,-0.840622,-1.0109541,-0.94403803,-0.9638087,-1.028824,-0.95886606,-1.032626,-1.0056313,-0.95278275,-0.8269346,-0.85012716,-0.7786485,-0.8003202,-0.74557054,-0.68625844,-0.68663865,-0.72884154,-0.70526874,-0.8706583,-0.8090649,-0.8562105,-0.9752149,-1.1470679,-1.1926926,-1.2455412,-1.20638,-1.1759635,-1.2675931,-1.3082752,-1.348577,-1.3101763,-1.2675931,-1.415113,-1.3622644,-1.3896393,-1.4949563,-1.3546603,-1.3402125,-1.5211904,-1.5991325,-1.603695,-1.4653002,-1.5257529,-1.4113109,-1.3934413,-0.9645691,-0.8083045,-0.9223663,-0.77522665,-0.9793971,-1.0060115,-1.0071521,-0.9174236,-1.0558184,-1.1942134,-1.2177862,-1.088136,-1.4478108,-1.475946,-1.5181488,-1.6185231,-1.5481851,-1.4919146,-1.6561635,-1.6858195,-1.6230856,-1.5592109,-1.7204183,-1.68658,-1.76034,-1.8150896,-1.8021624,-1.7839127,-1.640575,-1.5025603,-1.2367965,-1.2136039,-1.230333,-1.3044732,-1.2531453,-1.2120831,-1.017798,-1.0139959,-0.90335596,-0.76306003,-0.76115906,-0.6368317,-0.7725652,-0.5934882,-0.49159306,-0.2832403,-0.2516832,-0.27297473,-0.34445342,-0.24788114,-0.26080814,-0.21062098,-0.23837599,-0.1931315,-0.21024075,-0.25624567,-0.2775372,0.18251184,0.6627118,0.69008666,0.61860794,0.73038846,0.6467431,0.687045,0.84406996,0.986267,0.78932035,0.89729875,1.1010891,1.0763757,1.0151626,1.0550842,1.0832194,1.1980416,0.86840314,1.0349332,0.9372204,1.1239015,1.112115,1.1847343,0.9585119,1.78622,1.4854772,1.4965032,1.5101905,1.4466963,1.3429,1.3326344,1.3246502,1.3246502,1.4957428,1.4786335,1.431488,1.3577281,1.2573537,1.3178065,1.4927012,1.5573362,1.5584767,1.5569558,1.6071432,1.6649344,1.5995388,1.2535516,1.2683797,1.2748431,1.2748431,1.296515,1.23188,1.1204796,1.0866413,1.0261885,0.83684605,0.87448645,0.7300082,0.48667648,0.6026393,0.5627177,0.7064355,0.626212,0.5604364,0.635337,0.39352608,0.336115,-0.13267878,-0.6573628,-0.7410081,-0.41593212,-0.44368717,-0.19465233,-0.2775372,-0.07830935,-0.065382354,0.054762684,0.06502824,0.10076759,0.07795524,-0.021278478,0.20988666,0.3026569,0.41976026,0.42508316,0.2897299,0.34523994,0.35930756,0.39010423,0.29885483,0.3931459,0.43534872,0.38516155,0.39124486,0.31102142,0.2581728,0.12700179,0.1076113,0.01712231,-0.06918441,-0.036106504,-0.07830935,-0.03762733,-0.06614276,0.062366802,0.22699593,0.3049381,0.21711057,0.12396015,0.082517706,0.14297044,0.18403266,0.16426197,0.077575035,0.14221004,0.027768072,-0.035726298,0.095064506,0.08061668,0.010278606,0.030429512,0.049439803,0.07415318,0.094684295,0.077194825,0.10342904,0.06084598,-0.03458568,-0.013674362,-0.24255827,0.06008557,0.023585808,0.10456966,0.23574066,0.2855476,0.2517093,0.30645895,0.36044818,0.32356822,0.0817573,0.30303708,0.3946667,0.56499887,0.45778087,0.68400335,0.4292654,0.38097927,0.4475153,0.37071374,0.40074998,0.33953685,0.39086464,0.25246972,0.1737671,0.08517916,0.06959071,0.115975834,0.1794702,0.32546923,0.28592783,0.22699593,0.23421983,0.2771831,0.256652,0.18289205,0.16274114,-0.18058471,0.11293418,0.020544162,0.029288895,0.17604835,0.13004345,0.19391802,0.27642268,0.33269316,0.42470294,0.4079739,0.43496853,0.4680464,0.32737026,0.43724975,0.4334477,0.53344184,0.5391449,0.41595823,0.52317625,0.46386418,0.3228078,0.3288911,0.3882032,0.27642268,0.3049381,0.26311547,-0.05701783,0.047538776,-0.25966755,-0.2646102,-0.20681892,-0.23457393,-0.2646102,-0.251303,-0.13229857,-0.02470033,0.063887626,0.14030899,0.15437661,0.22433448,0.2384021,0.25513116,0.2448656,0.17680876,0.09734575,0.03803363,-0.03990856,-0.11024663,-0.10568416,0.4338279,0.29847464,0.38478133,0.32090676,0.15247558,0.013700456,-0.09199676,-0.09199676,-0.20187624,-0.055497,-0.10378314,-0.06348132,0.12624139,0.10799151,0.042976305,0.038413838,0.038413838,-0.17602225,-0.30871406,-0.3045318,-0.3832344,-0.47714525,-0.38589585,-0.36612514,-0.3482555,-0.5250512,-0.50452006,-0.5414,-0.46041617,-0.42467684,-0.5410198,-0.607936,-0.58968616,-0.567254,-0.4942545,-0.45585373,-0.56687385,-0.6528003,-0.6227641,-0.720477,-0.5258116,-0.6398733,-0.6915813,-0.9128611,-1.0877558,-0.93529326,-0.8219919,-0.29540688,0.11141337,-0.17792326,-0.4649787,-0.21898548,-0.07336668,0.2760425,0.22167304,0.37831783,0.33193275,0.31520367,0.42736438,0.232699,-0.13914227,-0.22620942,-0.16347545,-0.024320126,0.00799737,0.12548098,0.52317625,0.6395193,0.48363483,0.7319092,0.83266383,1.0018554,1.0801778,1.198802,1.2771244,1.2162914,1.1786511,1.261536,1.2915722,1.3451812,1.3474624,1.3995507,1.1444325,1.3064003,1.3968892,1.2984159,1.2322601,1.1588805,1.1326462,1.1721876,1.1463337,1.0303708,1.0680112,0.79236203,0.7178416,0.60720176,0.55967605,0.557775,0.34942222,0.36957312,0.08898121,0.10799151,0.25513116,-0.23875621,-0.018997245,-0.22658962,-0.10074148,-0.05853865,-0.22050631,-0.027741976,-0.091236345,-0.06652297,-0.00036715757,0.017502515,-0.31555778,-0.23533435,-0.1532099,-0.080970794,0.015981693,0.1209185,-0.12317363,-0.05967927,-0.1273559,-0.13229857,-0.2524436,-0.21176158,-0.3550992,-0.23457393,-0.30833387,-0.27715698,-0.1988346,-0.2581467,-0.23419373,-0.26917267,-0.26955286,-0.38855729,-0.62124324,-0.4893118,-0.42657787,-0.474864,-0.43836427,-0.45509332,-0.4227758,-0.40604675,-0.5471031,-0.43646324,-0.5201085,-0.4090884,-0.35738042,-0.35281792,-0.2060585,-0.29312566,-0.28894338,-0.33190665,-0.23837599,-0.05283556,0.06692927,0.07111154,0.075674005,0.08023647,0.030429512,0.11673624,-0.031544033,-0.1406631,-0.75431526,-0.71401346,-0.06234071,0.16084012,0.12586118,-0.03952836,-0.17260039,-0.20035541,-0.19351171,-0.14902763,-0.29160482,-0.4421663,-0.4277185,-0.5330355,-0.56649363,-0.5410198,-0.56079054,-0.73036236,-0.8512678,-0.9170434,-0.95696497,-0.9664702,-0.5946289,-0.64785767,-0.8178097,-0.75887775,-0.71287286,-0.720477,-0.87027806,-0.84746575,-0.69956565,-0.7105916,-0.78853375,-0.8372001,-0.866476,-0.8695176,-0.88890815,-0.9349131,-0.85012716,-0.8531688,-0.8919498,-0.8980331,-1.0531571,-1.027303,-1.1641772,-1.3242438,-1.3907799,-1.4694824,-1.3269053,-1.2615099,-1.3196813,-1.350478,-1.2660723,-1.2615099,-1.0980214,-1.0839537,-1.2736764,-1.3721497,-1.180526,-1.2554265,-1.3105564,-1.4417274,-1.4683418,-0.7900547,-0.85887194,-0.7539351,-0.6759929,-0.7550757,-0.5851237,-0.6600242,-0.54254067,-0.5642124,-0.36422414,-0.4387445,-0.4151717,-0.56345195,-0.63302964,-0.75317466,-0.6858783,-0.7064094,-0.6668679,-0.5843633,-0.81552845,-0.940236,-1.1238754,-1.0596205,-1.0580997,-1.2440205,-1.2527652,-1.4466702,-1.3945819,-1.3630248,-1.2828014,-1.3348895,-1.2744368,-1.0550581,-0.98015755,-1.0022094,-0.8619135,-0.8459449,-0.9132413,-0.8505074,-0.7105916,-0.45509332,-0.35167733,-0.50185865,-0.54063964,-0.5528062,-0.5661134,-0.5980507,-0.64025354,-0.66876894,-0.7661017,-0.7425289,-0.67979497,-0.69348234,-0.7767474,-0.98700124,-0.82085127,-0.97711587,-0.9269287,-1.0387093,-0.9611473,-0.91514236,-0.787013,-0.79195565,-1.1611354,-0.85887194,-0.51744705,-0.48056713,-0.4649787,-0.43342158,-0.39920303,-0.4539527,-0.5315147,-0.5645926,-0.6147798,-0.57523835,-0.6121183,0.6904668,1.5071489,1.3436604,1.5261592,1.392707,1.6272941,1.9238545,1.6090441,1.7991469,1.7744335,1.6972519,1.7002935,2.1196604,1.9113077,1.6801426,1.5383258,1.3900455,1.2216144,1.3527853,1.3356761,1.368754,1.3269314,1.1596408,1.2527913,1.2364424,1.0748549,1.0296104,1.0763757,1.063829,0.9277153,0.9676369,0.88855404,0.70263344,0.49770248,0.41861963,0.44485384,0.43724975,0.62507147,0.45055693,0.45854127,0.5900925,0.46614537,0.38021886,0.2053242,0.23041779,0.1673036,0.33953685,0.14791311,0.122439325,0.1737671,0.020163955,0.4421924,0.28516743,0.14335065,0.75738305,1.3816811,1.2683797,1.5569558,1.455441,1.4653263,1.6337575,1.9246148,2.040958,1.5782474,1.7329912,1.559237,1.4908,1.4676075,1.366853,1.1501356,1.597638,1.8865943,1.9056046,2.218134,2.4359918,2.3858047,2.7774165,2.741297,2.721146,2.6013813,2.5329442,2.4523406,2.5177362,2.4375124,2.4584239,2.5177362,2.3508258,2.4074762,2.2264984,2.2846699,2.3291538,2.0903847,2.290373,2.2173734,2.4131794,2.3911276,2.5203974,2.7059379,2.6903496,2.5774283,2.6238134,2.5907357,2.9006033,2018-04-17
HI_DCI,-1.2128059,-1.1921663,-1.2850446,-1.4064054,-1.6181679,-1.1777185,-1.017968,-0.90527576,-0.92096186,-1.0353053,-1.0121889,-0.034697037,-0.1944476,-0.13087761,-0.2831979,-0.08464489,-0.065656446,-0.019423727,-0.11684268,-0.24480824,-0.48092535,-0.45615783,-0.4313903,-0.47927418,-0.61260605,-0.40290764,-0.3199364,-0.3310818,-0.3054887,-0.30879104,-0.30177358,-0.17091846,-0.28278512,-0.32447714,-0.36575633,-0.31580848,-0.31291896,-0.25884315,-0.23448844,-0.18412781,-0.11931944,-0.16761611,-0.27205253,-0.29062817,-0.5362395,-0.49950102,-0.5420186,-0.6410887,-0.7067227,-0.6893854,-0.700118,-0.6790656,-0.51312315,-0.5556407,-0.6732865,-0.61136764,-0.5795827,-0.51890224,-0.64150155,-0.4689544,-0.5110592,-0.5886641,-0.5102336,-0.5622454,-0.49578586,-0.7467635,-0.82354283,-0.7306646,-0.8194149,-0.86977565,-0.67989117,-0.20146509,-0.12840086,-0.19403481,-0.09001119,-0.28691304,-0.3793785,-0.4829893,-0.4103379,-0.5548152,-0.5242685,-0.5222046,-0.43675658,-0.69681567,-0.8284964,-0.75501937,-0.7682287,-0.74469954,-0.6472806,-0.78721714,-0.7760718,-0.8495489,-0.692275,-0.8966071,-0.8627581,-0.8714268,-0.9482061,-0.91683394,-0.76781595,-0.7248855,-0.5548152,-0.34346557,-0.44459966,-0.4322159,-0.57586753,-0.40414602,-0.31622127,-0.08505768,-0.01240626,-0.032220285,-0.007452754,0.06396029,0.17830372,0.043320682,0.07758243,0.16303042,0.29223436,0.46643266,0.52050847,0.45858958,0.543212,0.60389245,0.61586344,0.46106637,0.4548745,0.40533942,0.33186242,0.35167643,0.38841492,0.78552103,0.89986444,0.6963579,0.98035884,0.8416607,0.8115269,0.952289,1.1838654,0.9704519,0.87757355,0.7913001,0.93701565,0.9287598,0.96962625,1.0311322,1.099243,0.6142123,0.72525334,0.63856703,0.8932597,0.73639876,0.77561396,0.5919215,1.0658069,1.1330919,1.1198826,1.1941851,1.216476,1.1879933,1.1954235,1.2400051,1.1958364,1.349395,1.2614703,1.1037837,0.9081203,0.7929513,0.79831755,1.0377369,1.1231849,1.0975918,1.1690049,1.206569,1.2201911,1.131028,0.9551785,1.0340219,1.1892318,1.3283427,1.0860337,1.065394,0.9675623,0.9229808,0.7562128,0.47675246,0.6332007,0.6076076,0.31865308,0.38676375,0.3013158,0.22494926,0.2319667,0.23898417,0.34507176,0.18078047,0.084187105,-0.48670447,-0.92013633,-0.93623513,-0.68897265,-0.5374779,-0.3517214,-0.2741165,-0.15399398,-0.065656446,-0.06689482,-0.085470475,-0.05038314,-0.04501684,0.047448605,0.20018171,0.4957409,0.6043052,0.65590423,0.28191456,0.11927444,0.09574529,-0.0041504167,-0.24150589,0.021442696,0.20885034,0.37149045,0.16220482,0.26622844,0.17128624,0.054466072,0.075105675,-0.11106359,-0.25058734,-0.23861636,-0.22169188,-0.15564515,-0.23861636,0.07139055,0.20183286,0.37809515,0.28356573,0.27696106,0.23898417,0.25095513,0.30172858,0.2695308,0.025983412,0.09450691,0.29264715,0.2538447,0.41772318,0.4961537,0.3322752,0.29264715,0.2798506,0.25343192,0.24022256,0.2162806,0.23980975,0.3380543,0.29388553,0.25136796,0.16633274,0.32443216,0.34631014,0.39625797,0.39832193,0.43217093,0.3908917,0.47675246,0.46478152,0.48376995,0.23980975,0.3846998,0.44166514,0.50812465,0.35497877,0.5646772,0.46478152,0.42391506,0.42597902,0.3966708,0.4689094,-0.19692436,-0.3616284,-0.53087324,-0.42808795,-0.38226804,-0.36658195,-0.42726237,-0.3996053,-0.25430247,-0.2836107,-0.36575633,-0.36039007,-0.33562252,-0.3046631,-0.3360353,-0.2732909,-0.81900215,-0.5473849,-0.6732865,-0.50899523,-0.2369652,-0.28072116,-0.24398267,-0.039650545,-0.11106359,0.080059186,0.073454514,0.18160605,0.20224567,0.068913795,0.13413495,0.14197801,0.17500138,0.23320508,0.21793178,0.25012958,0.15394898,0.14940825,0.26457727,0.21875735,0.109780215,0.11803606,0.11019301,-0.2468722,-0.12922645,-0.43015194,-0.40208206,-0.3682331,-0.36658195,-0.3892855,-0.38020408,-0.35007024,-0.17587197,-0.21467441,-0.07556346,-0.100743786,-0.046668008,-0.10363333,-0.0788658,-0.12592411,-0.2522385,-0.32943064,-0.34511673,-0.40290764,-0.5936176,-0.6328329,-0.45161712,-0.38887268,-0.08836002,-0.38061687,-0.5155999,-0.58082104,-0.63365847,-0.5242685,-0.7277751,-0.6633795,-0.63407123,-0.5952688,-0.44005892,-0.34841907,-0.5201406,-0.51683825,-0.4305647,-0.45533228,-0.45368108,-0.30053517,-0.31828526,-0.374425,-0.31374454,-0.2675118,-0.33438414,-0.37607616,-0.4780358,-0.5560535,-0.5696757,-0.5527512,-0.5263325,-0.5795827,-0.5539896,-0.55068725,-0.47721025,-0.4355182,-0.5804083,-0.6221003,-0.6398503,-0.69681567,-0.7451123,-0.9073397,-0.96719456,-1.0489274,-1.0823636,-0.94985735,-0.7888683,-0.47968695,-0.12303457,-0.84294415,-0.88958967,-0.57834435,-0.3773145,-0.026441194,0.11927444,0.25797263,0.31782746,0.27076918,0.40410104,0.17623974,-0.12097061,-1.3754461,-0.87555474,-0.74015886,-0.9164212,-0.59485596,-0.40084368,-0.40249485,-0.45863456,-0.1531684,-0.09290073,0.037128802,0.093268536,0.23939696,0.37933353,0.41772318,0.37974632,0.48253158,0.5394969,0.5910959,0.5485783,0.71369517,0.6117355,0.7070905,0.7698349,0.7813931,0.8069862,0.7178231,0.61379945,0.6538403,0.62824714,0.5865552,0.63443905,0.39625797,0.2955367,0.24930397,0.23650743,0.24476327,0.15518735,0.13702449,-0.085470475,0.007820556,0.25590867,-0.3414016,-0.1894941,-0.29186657,-0.10941242,-0.0838193,-0.03345866,0.096983664,0.11927444,0.20018171,0.20678638,0.26210055,-0.07804021,0.07304172,-0.030156322,-0.08175534,-0.10156937,-0.12963924,-0.31209335,-0.76162404,-0.7682287,-0.7030075,-0.7649264,-0.67122257,-0.8123975,-0.7009436,-0.73809487,-0.68897265,-0.6637923,-0.6873214,-0.6419143,-0.6448039,-0.6765889,-0.8371651,-1.1001136,-1.0187936,-1.0167297,-1.1397417,-1.0538809,-1.0947473,-1.0864915,-1.145108,-1.180608,-1.0534681,-1.1100206,-1.1356138,-1.0951602,-1.2598642,-1.1009393,-1.0910321,-1.0864915,-1.1281835,-1.12323,-1.0167297,-0.9783399,-1.0427356,-0.9341712,-0.9354096,-0.9449038,-0.89702,-0.96925855,-1.0567704,-1.1843232,-1.2639922,-0.692275,-0.6596644,-0.5907281,-0.64067596,-0.68690866,-0.7054843,-0.7880427,-0.88546175,-1.0047587,-1.0926834,-1.1653348,-1.2974283,-1.3820508,-1.3131144,-1.3440739,-1.4538766,-1.4856615,-1.5488188,-1.8835932,-1.1661605,-1.1067183,-0.96760744,-0.99609005,-0.9688457,-1.1120846,-1.1038288,-1.2359222,-1.3242598,-1.1686372,-1.0109504,-1.2606897,-1.0708054,-0.93169445,-0.9267409,-1.0274622,-1.1310731,-0.94779336,-0.92591536,-0.8900024,-0.8561534,-1.0303518,-0.924677,-1.1108463,-1.1182766,-1.2342712,-1.3102249,-1.220649,-1.236335,-1.4196148,-1.4336498,-1.2858702,-1.379574,-1.3114632,-1.3630623,-1.4691498,-1.5310687,-1.3643007,-1.3857659,-1.5116674,-1.6668773,-1.6161039,-1.524464,-1.5690457,-1.4394288,-1.3217831,-1.447272,-1.2689456,-1.2317944,-1.1517127,-1.2949516,-1.2499572,-1.244591,-1.3098121,-1.4798825,-1.6061969,-1.7221913,-1.7221913,-1.7176505,-1.6239469,-1.6214701,-1.7337495,-1.6920575,-1.7391157,-1.6957725,-1.7292088,-1.6763713,-1.707331,-0.84707206,-0.7281879,-0.5832978,-0.6315945,-0.63035613,-0.6790656,-0.5804083,-0.44377407,-0.4726695,-0.2737037,-0.36245403,-0.3950646,-0.523443,-0.24645941,0.044146266,0.07675685,-0.087534435,-0.20063949,-0.11477872,-0.14904048,0.0016286735,-0.051208723,-0.021074897,-0.040476125,-0.06730762,-0.1424358,-0.1052845,-0.21508722,-0.3793785,-0.21343605,-0.3471807,-0.23407564,-0.3364481,-0.34594232,-0.37648895,-0.25182572,-0.17876151,-0.30796543,-0.18536618,-0.22623259,-0.23077331,-0.19733715,-0.20930813,-0.15605794,-0.15729631,-0.26131994,-0.1845406,-0.2522385,-0.20270345,-0.41240185,0.9419692,1.2627087,0.996045,1.1954235,1.1652898,1.182627,1.5479481,1.2589935,1.5079073,1.2994472,1.4608489,1.4336047,1.9186355,1.6845824,1.5669365,1.55414,1.2424818,1.1756096,1.3324705,1.4075987,1.3411392,1.4067732,1.3299937,1.5491865,1.4195697,1.4369069,1.4042964,1.4530059,1.4348431,1.2750925,1.3465055,1.4104884,1.3526974,0.9910915,0.8841783,0.8978004,0.8862423,1.06333,0.6666369,0.543212,0.7186487,0.6715903,0.68191016,0.7805675,0.73516035,0.68479973,0.8338176,0.80616057,0.719887,0.61668897,0.6418693,1.307703,1.0827312,1.1194698,1.4513547,1.951659,1.708937,1.8075945,1.6300937,1.6119308,1.5194654,1.6688963,1.856304,1.573954,1.6172972,1.4542443,1.5231806,1.5070816,1.510384,1.3469183,1.4658024,1.619774,1.752693,2.6798244,2.9638252,2.7450454,3.226774,3.0133605,3.067849,2.9213078,2.9522672,2.9700172,2.8276038,2.7442198,2.7107837,2.9869416,2.7305977,2.9328659,2.781371,3.01625,2.8614528,2.7541268,2.9324532,2.849069,3.0467966,2.9361682,3.0220292,3.3943675,3.2115006,3.2577333,3.3497858,3.4604144,3.7811537,2018-04-17
SPXC_DCI,1.1997336,1.2291938,0.4606899,0.4693248,0.65116507,1.4851924,1.3830978,1.4323672,1.3201139,1.2317334,1.2525587,1.1844956,1.2378286,1.0102743,1.0219568,1.1017023,1.1133848,1.1286228,0.9147827,0.81319594,0.5831019,0.56481636,0.5876733,0.8797353,0.7166886,0.7527518,0.71973616,0.83554506,0.73141867,0.743609,0.7715454,0.77306914,0.66995865,0.5338324,0.3870395,0.31846842,0.2879924,0.18945323,0.22704034,0.2971352,0.43935668,0.37891257,0.21078645,0.24634182,0.12037425,0.54856247,0.5323086,0.49624527,0.59072095,0.6252604,0.78830725,0.851291,0.7568153,0.8705925,0.8116722,0.8578941,0.8192912,1.035163,0.9848776,0.9940204,1.0305916,1.1093214,1.1352259,0.9640523,1.0514169,1.020433,0.7324345,0.6227208,0.49878493,0.4022775,0.54246724,0.7024664,0.62983185,0.58868927,0.67859346,0.6709745,0.48354694,0.40583307,0.2158658,0.20875473,0.22704034,0.42869008,0.53941965,0.78830725,0.6648793,0.41751555,0.47592792,0.6044352,0.71313304,0.5744671,0.543991,0.32913506,0.6237367,0.5851337,0.64354604,0.6963712,0.42208692,0.59478444,0.69383156,0.52468956,0.73345035,0.9097034,0.766974,0.8314816,0.5414514,0.5429752,0.82386255,0.9889411,0.8726242,0.6877363,0.7141489,0.81014836,0.3611349,0.2651354,-0.061466057,-0.08533894,-0.09956109,0.23059587,0.54094344,0.4363091,0.3403096,0.4317377,0.3011987,0.07618401,0.1015807,-0.15594175,-0.20267165,-0.049275648,0.2204372,0.07669194,0.04773971,-0.08330721,0.06196186,-0.015244079,-0.24736983,-0.41448003,-0.68216115,-0.6354313,-0.6405106,-0.9173345,-0.61765355,-0.6328916,-0.6872405,-0.5958124,-0.73600215,-0.9020965,-1.0306038,-0.9523819,-0.94781053,-1.2022854,-1.2561264,-1.2312376,-1.2017773,-0.97828656,-0.88838226,-0.9467946,-0.9848897,-1.0839368,-1.1012065,-0.95542955,-0.6516851,-0.5917489,-0.62832016,-0.79035103,-0.7690179,-0.5983521,-0.78831935,-0.82946193,-0.97574687,-1.0311116,-1.0499052,-1.0118102,-1.0067308,-0.9589851,-0.64152646,-0.56635225,-0.40127376,-0.2803855,-0.8309858,-0.8756839,-1.0046991,-0.63898677,-0.83708096,-0.9325725,-0.5495904,-0.4007658,-0.65828824,-0.72025615,-0.63949466,-0.8380968,-0.34997246,-0.7949225,-0.7613988,-0.91428685,-0.95542955,-0.6882564,-1.0331434,-1.159111,-1.5060297,-1.4699665,-1.451173,-0.96457237,-1.3714273,-1.3119991,-1.282539,-1.389205,-1.3907287,-1.2688247,-0.90565205,-0.8040652,-0.8284461,0.00050186814,0.40430924,0.06805707,-0.0055933376,-0.24178256,-0.5170827,-0.5780347,-0.6872405,-0.31187743,-0.080767535,-0.38197225,-0.19403678,-0.3464169,-0.23517942,-0.3794326,-0.5104795,-0.50184464,-0.47898763,-0.330163,-0.052831184,-0.22959214,0.18386596,0.22450067,0.39516643,0.5937686,0.8045611,0.94271904,1.0468456,1.2302096,1.280495,1.11948,0.99757594,1.0016394,1.0539566,1.1773845,1.1621466,0.87465596,0.8690687,1.0483693,1.0031632,0.83859265,0.7715454,0.7431011,0.47237238,0.597832,0.6704666,0.35453174,0.49624527,0.4154838,0.8573862,0.7542756,0.62068903,0.544499,0.552118,0.6841808,0.5165626,0.45510265,0.35961106,0.4545947,0.3738332,0.36011901,0.32151604,0.5277372,0.44697568,0.4032934,0.46576923,0.5343403,-0.65930414,-1.1006986,-1.3150467,-0.9041282,-0.9254615,-1.0397465,-1.1443809,-1.2109202,-1.212952,-1.2068567,-1.2114282,-1.1626666,-1.0290799,-1.0184134,-0.9325725,-0.9569533,-0.97117543,-0.898033,-1.0046991,-0.98285794,-0.8619697,-0.9625406,-0.9036203,-0.7553036,-1.1027304,-0.9127631,-0.8284461,-0.9386678,-0.8797474,-1.0184134,-0.8650173,-0.7720654,-0.8350493,-0.9508581,-0.84165233,-1.0468577,-1.22819,-1.2530787,-1.30438,-1.374475,-1.5151726,-1.5070456,-1.5568231,-1.466411,-1.5243154,-0.41143245,-0.3387979,-0.39467064,-0.24330637,-0.23010008,-0.24635397,-0.37333742,-0.33067098,-0.54908246,-0.4017817,-0.37994054,-0.35606763,-0.34133756,-0.27327442,-0.2092748,-0.27530617,-0.26768717,-0.3189885,-0.30629012,-0.24584603,-0.078735806,0.36672214,0.51351506,0.8650052,0.3017066,0.34183338,0.5561815,0.43884876,0.61662555,0.40735686,0.39516643,0.42665833,0.5089436,0.53992754,0.52062607,0.18843737,0.27021474,0.27630994,0.5282451,0.4022775,0.6328795,0.6638634,0.59986377,0.6074828,0.8335133,0.78068817,0.9858934,0.8797353,0.71872026,0.58005434,0.47948346,0.628816,0.60697484,0.71872026,0.7999897,0.87668765,1.0305916,0.6384667,0.46780097,0.2173896,0.19859605,0.28392896,-0.07670406,0.019803353,-0.10616423,-0.5048923,-0.491686,-0.5196223,-0.90565205,-0.4876225,-0.31390914,0.03961277,0.12088218,0.5541497,0.7014505,1.0331312,0.92087793,1.6573819,1.4013833,1.3399233,1.2896379,1.1189722,-0.85181105,-0.18997332,-0.10819596,-0.31746468,-0.33930582,-0.58108234,-0.60546315,-0.5546698,-0.5856537,-0.45359093,-0.31949642,-0.5277493,-0.36927393,0.001009802,-0.21486208,-0.18590984,-0.14070374,0.004565338,-0.09194208,-0.10514836,-0.0076250727,0.21281819,0.48557866,0.16100894,0.47338822,0.51554674,0.5841178,0.42361072,0.56380045,0.4769438,0.15491374,0.29002413,0.117834575,0.14119953,0.16253275,0.2234848,0.15592961,0.3057701,0.24075456,0.11986631,0.5429752,0.560245,0.45815024,0.73345035,0.6598,0.51402295,0.47338822,0.50335634,0.40176958,0.4200552,0.52672124,0.5089436,0.7624026,0.40837273,0.7964341,0.25802433,0.040120706,1.0691946,1.2484952,0.8690687,0.02894616,-0.15340208,-0.092450015,-0.11429116,-0.24432223,-0.53790796,-0.5699078,-0.77663684,-0.8690808,-0.989969,-1.0107943,-1.0890162,-0.9620327,-0.8391127,-1.2459677,-1.388697,-1.3693956,-1.5492041,-1.5801882,-1.6822828,-1.4521887,-1.450157,-1.3881892,-1.1652062,-1.2099043,-1.181968,-1.2657771,-1.135238,-1.6462195,-1.8143456,-1.6076165,-1.7625364,-2.0241222,-1.9296466,-1.88698,-1.480633,-1.718346,-1.5131409,-2.1734548,-1.8554883,-1.8717421,-1.8305995,-1.7853935,-2.170407,-1.9829797,-1.9347259,-0.052831184,-0.61359006,-0.40635312,-0.02997416,-0.06756126,-0.09498969,-0.33828998,-0.46425754,-0.51352715,-0.6161298,-0.8995568,-1.1093335,-1.0504133,-1.1017144,-1.2038091,-1.4699665,-1.7320603,-2.585897,-1.273904,-1.4085065,-1.0996827,-1.021969,-1.1652062,-1.4440619,-1.5232996,-1.5867913,-1.5613945,-1.8128217,-1.6711082,-1.9078054,-1.6716162,-1.2886341,-1.1631744,-1.0890162,-1.1266032,-0.913271,-0.7746051,-0.9549216,-0.90565205,-1.0148578,-0.9945404,-1.0615877,-0.90616,-0.81117636,-0.41905144,-0.34590897,-0.3352424,-0.4876225,-0.3540359,-0.17829084,-0.09143415,-0.015752014,0.17929456,-0.0055933376,-0.21689379,-0.48508283,-0.36622635,-0.49625736,-0.79543036,-0.71060544,-0.4769559,-0.32000434,-0.14273547,-1.0458418,-1.4455856,-1.3902209,-1.2749199,-0.989969,-1.3104752,-1.742219,-1.595934,-1.8514247,-1.7599967,-1.9875511,-2.3903425,-2.5107226,-2.4228504,-2.3202477,-2.4370723,-2.3045018,-2.2598035,-2.287232,-2.4228504,-2.2333908,-1.9006944,-2.0916774,-0.48711458,-0.33930582,0.037581034,-0.15644968,-0.06908506,-0.24127463,-0.1838781,0.23059587,-0.11225943,0.17370729,-0.12851332,-0.028958293,0.025390623,0.44138843,0.8487513,0.8980209,0.84113234,0.83859265,0.950846,0.38094428,0.560245,0.55161005,0.7309107,0.66995865,0.705514,0.5480545,0.5480545,0.5389117,0.5480545,0.30627802,0.18843737,0.38500777,0.059422188,0.0015177358,0.097009294,0.06754913,0.19910398,-0.0035616024,0.23313554,-0.27479824,-0.20521133,1.0783373,0.75376767,0.8929416,0.9036082,1.2947172,1.3130028,1.0097663,1.1057658,0.69433945,0.65624446,0.7166886,0.55973697,0.80100554,0.7085616,0.6090066,0.7456408,0.9325604,0.8949733,0.3133891,0.8375768,0.69179976,0.5577053,0.6923077,0.40989652,0.26615125,-0.057402585,0.15034233,0.13612019,0.3057701,0.22297688,0.5561815,0.23262762,0.34284925,0.35656348,0.62576836,0.52468956,0.50995946,0.45764232,0.41040447,0.81675154,0.86754483,1.0478613,0.6928156,0.5079278,0.46221372,0.59986377,0.4804993,0.14018366,-0.04724391,0.001009802,0.012184346,-0.23822702,-0.046735976,0.36926183,0.01269228,-0.23111595,-0.39162302,-0.5470508,-0.5465428,-0.45105127,-0.16203696,0.113263175,0.31542084,0.42818213,0.67859346,0.8584021,0.63389534,0.60189545,0.62830806,0.3778967,0.63643503,0.483039,1.4470973,1.5375096,1.2683046,0.95541745,1.0585281,1.0173854,0.9366239,1.0051949,0.79745007,0.78881514,1.771667,2.1053796,2.0667765,2.1663315,1.9733168,2.1236653,2.1063952,2.0068405,2.05611,1.9438566,1.9585867,2.1003003,2.747408,2.6524243,2.7601063,2.9749622,3.0364223,2.6879795,2.791598,2.6661384,2.9739463,2.7357254,2.7905822,2.6102657,2.9256928,2.8723598,3.0420094,2.9759781,2.7352176,2.7484236,2018-04-17
HI_DOV,-2.0382822,-1.9295756,-2.3207932,-2.5363104,-2.6311128,-2.8125012,-2.677882,-2.6064641,-2.4162276,-2.6519694,-2.5786555,-1.0738264,-1.4403956,-1.1793731,-1.4062667,-1.1370281,-1.1837972,-1.2602711,-1.3727698,-1.6179919,-1.8790144,-1.7652515,-1.7766279,-1.8379333,-1.8366693,-1.6483287,-1.4302833,-1.1692609,-1.0782505,-0.9543755,-0.936047,-0.9044463,-0.96132773,-0.93478304,-0.69840926,-0.53787726,-0.71357757,-0.6933531,-0.56062984,-0.52334094,-0.42853856,-0.37165716,-0.29707932,-0.36154494,-0.6421599,-0.55430967,-0.609927,-0.77109104,-0.98850435,-1.0694023,-1.0232652,-0.90381426,-0.30592754,-0.46898755,-0.68703294,-0.5909666,-0.5909666,-0.7622428,-0.9101345,-0.4816279,-0.65164006,-0.8475649,-0.78752345,-0.79257953,-0.7224258,-0.8722135,-0.75655466,-0.42727455,-0.32678407,-0.43169868,-0.3994659,0.16049995,0.43732274,0.16934815,0.47713974,0.19778885,0.14280349,0.20600505,0.31344768,0.12005094,0.20094892,0.17061219,0.25340623,-0.22376554,-0.039849006,-0.21997343,-0.47467571,-0.48036385,-0.80458784,-0.55683774,-0.67439264,-0.6320476,-0.5574698,-1.2849197,-1.0852028,-1.1661007,-1.1585165,-1.1572526,-1.1477723,-0.96322376,-0.88674986,-0.8159641,-0.62635946,-0.6010788,-0.5549417,-0.5998148,-0.62888753,-0.33373624,-0.19469282,-0.11758692,-0.06196955,-0.12896319,-0.043641098,-0.44876307,-0.27622283,-0.35901687,0.39624172,0.47650772,0.35705677,0.3987698,0.43353066,0.63767165,0.9125985,0.08655411,-0.010776289,-0.18963669,-0.2591584,-0.25220624,-0.17573234,0.405722,0.406986,0.21801335,0.570046,0.4518591,0.5428694,0.8911099,1.1281158,0.80009973,0.8057878,0.87910163,0.50305235,0.67622465,0.5100045,0.5839504,0.6187112,0.0062881317,0.28437498,0.09856241,0.31534377,0.4790358,0.6218713,0.1263711,0.5005243,0.61239105,0.23823786,0.4720836,0.3747532,0.32861605,0.21611731,0.14090745,0.33809632,0.4720836,0.45565122,0.55866975,0.7457463,0.72109777,0.6882329,1.0339454,0.8576131,0.7571226,0.7703949,0.94862336,1.0876667,0.93851113,0.49736422,0.6945531,0.95936763,0.9972885,1.0257293,1.0541699,1.1142114,1.138228,1.1388601,1.2241821,1.1211636,1.093355,0.8298044,0.9625277,0.70213723,0.3873935,0.40825006,0.18135644,0.19715685,0.074545816,-0.022784581,-0.9518475,-1.420171,-1.4694684,-0.9271989,-0.4835239,-0.16625212,-0.4740437,-0.40578604,-0.4133702,-0.59349465,-0.61245507,-0.38050538,-0.4019939,-0.42664254,-0.055649396,-0.006984195,0.048633173,0.12700312,-0.15487584,-0.21744539,0.023984568,0.0056561157,-0.3116157,-0.018992491,0.31660777,0.56815,0.2932232,0.38486546,0.4347947,-0.10810669,-0.23198174,-0.42790654,-0.5454614,-0.651008,-0.54230136,-0.47783577,-0.32994416,-0.048065208,0.2319177,0.4278425,0.34378448,0.3583208,0.32166392,0.08276202,0.08213,0.13142721,-0.2067011,-0.29328725,-0.04616916,-0.045537144,0.27110264,0.23128568,-0.07144979,-0.12074699,0.013240303,0.0024960386,0.03788891,0.16808411,0.2559343,0.33999234,0.30459946,0.33114412,0.34252042,0.6958171,0.5953266,0.730578,0.8626692,0.5428694,0.45059508,0.487884,0.5782622,0.40951407,-0.011408304,0.32798406,0.527069,0.70024127,0.5365492,0.8032598,0.5409733,0.39244965,0.46513143,0.46829152,0.42531446,0.42847452,0.40761802,-0.24525407,-0.446235,-0.6756567,-0.8305005,-0.7097855,-0.7350661,-0.43991485,-0.46898755,-0.60234284,-0.6156152,-0.57769424,-0.5783263,-0.6118231,-0.5429334,-1.0441217,-0.4019939,-0.8014278,-0.8962301,-0.6781847,-0.66428035,-0.37165716,-0.22123747,-0.405154,-0.25852638,-0.32678407,-0.17257227,-0.2787509,-0.42601052,-0.4203224,-0.5347172,-0.5018524,-0.39504176,-0.23514181,0.066329606,0.0334648,-0.10241854,0.17314024,0.1674521,0.11309877,0.40761802,0.31471172,-0.31477576,-0.15045173,-0.7508665,-0.933519,-0.8602052,-0.8361886,-1.0434897,-0.8602052,-0.812172,-0.5991828,-0.4102101,-0.27306277,-0.30592754,-0.25852638,-0.16562009,-0.08914622,-0.080298,-0.243358,-0.4121062,-0.38429746,-0.34637654,-0.4955322,-0.45571527,-0.4329627,-0.24019793,-0.27432677,0.10425055,-0.15803592,-0.1940608,-0.10305056,-0.18331653,-0.20354103,-0.161196,-0.3280481,-0.43675476,-0.25157422,0.04357705,0.05495333,-0.059441485,-0.1940608,-0.57263815,-0.78752345,-0.78373134,-0.7578187,-0.8481969,-0.6712326,-0.52144486,0.7849313,0.40382594,0.3412564,0.25403824,0.08213,0.18072444,0.14343551,-0.27432677,-0.101154506,-0.20543708,-0.15108374,0.023352554,-0.20164499,-0.115058854,-0.09483436,0.08213,-0.10810669,-0.30908763,-0.40768206,-0.3002394,-0.2104932,0.08276202,0.10551458,0.7659708,1.509853,0.76344275,0.49420416,1.0124569,1.3322568,1.8663099,1.5174373,2.1722054,2.1014197,2.119748,2.241727,2.1311245,1.2361904,0.4916761,0.9005901,1.0636501,1.0756584,1.219126,1.6899775,1.5850629,1.3486892,1.7064099,1.8113245,1.998401,1.8530375,2.2537353,2.3712904,2.3725543,2.3270493,2.4660926,2.3283134,2.477469,2.5065417,2.6822422,2.2486794,2.4136353,2.4180593,2.078035,2.0628667,2.1052117,1.6792333,1.6975617,1.507957,1.547142,1.6653289,1.3600653,1.1205316,1.055434,0.8797336,0.9644238,0.83991665,0.97011185,0.812108,1.0036087,1.1704608,0.33936033,0.5182207,0.31597576,0.7166736,0.5769982,0.5403413,0.8057878,0.87657356,0.78366727,0.7969396,0.89300597,0.42847452,0.5131646,0.50684446,0.42594647,0.6300875,0.7514345,0.2281256,0.405722,0.37980935,0.5264369,0.36780104,0.650312,0.8171641,0.9789601,1.0390016,1.0390016,1.0908269,0.8342286,0.8342286,0.74637836,0.6945531,0.46260336,0.2812149,0.488516,0.44111484,0.29448724,0.2401339,0.06506558,0.12131497,-0.001296055,-0.6402638,-0.3798734,-0.30339947,-0.21807739,-0.06260157,-0.2509422,0.06948969,-0.044273116,-0.101786524,-0.22502957,-0.3406884,0.0859221,0.37980935,0.41393816,0.4929401,0.690761,0.66421634,1.0213052,0.9416712,0.8809977,1.053538,1.0023446,1.8871664,1.792364,1.8081645,1.5509341,1.3474251,1.2949678,1.1704608,0.7912515,0.6755926,0.2932232,0.030304724,-0.3558568,-0.35901687,-0.4089461,-0.40388995,-0.37544927,-0.64531994,-0.88864595,-0.7116816,-0.64342386,-0.20417306,-0.5890705,-0.82165223,-0.31983188,-0.19279677,-0.2635825,-0.33500025,-0.4531872,0.092874266,0.18009241,-0.09862645,0.07770589,0.35200062,0.7703949,0.690761,0.448067,0.5163247,0.57131004,0.60038275,0.55677366,0.18641256,-0.06955374,-0.12390707,-0.51702076,-0.8052199,-0.93225497,-0.7009373,-0.8140681,-0.767931,-0.88295776,-0.7477064,-0.88674986,-0.810276,-0.32488802,-0.48036385,-0.76287484,-0.3893536,-0.48415592,-0.7180017,-0.79826766,-0.7761472,-0.7167376,-0.96132773,-1.3089364,-0.93035895,-1.2451028,-0.89496607,-1.055498,-0.9417352,-0.8880139,-0.6168792,-0.7053614,-0.73569816,-1.013153,-1.1414521,-1.1597806,-1.1926454,-1.2349905,-1.1661007,-1.2495267,-1.376562,-1.3064082,-1.496013,-1.2438387,-1.3677138,-1.6148319,-1.8145489,-1.9529601,-1.9978333,-1.8954468,-1.6906737,-1.7955884,-2.027538,-1.7696756,-1.5092853,-1.7052101,-1.818973,-1.820237,-1.8549978,-1.7273307,-1.4050027,-0.8140681,-0.6598563,-0.9151905,-1.1003711,-1.0852028,-1.1591486,-1.2356225,-1.3361131,-1.3658178,-1.338641,-1.4195391,-1.4245951,-1.4650443,-1.5023332,-1.6135678,-1.1901174,-0.43675476,-1.4656762,-1.7759959,-1.6015595,-1.4751565,-1.4258592,-1.2236141,-1.705842,-1.5042292,-1.1623087,-1.1692609,-1.3809861,-1.4296514,-1.4650443,-1.5838631,-1.6040877,-1.494749,-1.5516303,-1.4524039,-1.5472062,0.4562832,0.8911099,0.56246185,0.9246068,1.0326813,1.1540284,1.7399068,1.0826107,1.4479156,1.2823275,1.0864028,0.92650276,1.993977,1.62804,1.5806388,1.0674423,1.2481987,0.6951851,1.1989015,1.1578205,0.9144945,0.6831768,0.5611978,0.85571706,0.44427493,0.39687377,0.20537303,0.29069513,0.30396748,0.12447505,0.06885767,-0.04174505,-0.18521258,-0.38556153,-0.45508325,-0.82102025,-0.66238433,-0.16878016,-0.58148634,-0.56315786,-0.4531872,-0.5707421,-0.2104932,-0.54862154,-0.81280404,-0.73759425,-0.24841414,-0.36344096,-0.26800662,-1.3986826,-1.3670819,-0.32109594,-0.61877525,-0.32931215,-0.08219404,0.69771314,0.6174472,0.63071954,0.4347947,0.4708196,0.41141012,0.325456,0.6755926,0.2881671,0.5390772,-0.048065208,-0.040481023,-0.2389339,-0.104314595,-0.23261374,0.21927738,0.46197137,0.5744701,0.71288157,1.0352095,0.7805072,1.1862612,1.1533964,1.3657535,1.4750923,1.3954582,1.303184,1.1180036,0.16934815,0.46260336,1.1091553,0.74385035,1.0838747,0.9732719,1.6343602,1.4934206,1.2899116,1.6229839,1.4447556,1.8005803,2.3453777,2.4483962,2.9963539,2.8642626,2.9742332,3.080412,3.4027398,4.0808926,2018-04-17
KAMN_DOV,-2.0956802,-1.9934045,-2.425467,-2.1969123,-2.1817799,-2.034106,-2.0795038,-1.991839,-1.8426001,-1.834773,-1.741368,-1.8504274,-2.0017536,-1.8358165,-1.8180748,-1.6912739,-1.7377154,-1.8718218,-2.0424552,-2.1400344,-2.133251,-1.9229596,-1.9553121,-1.9109578,-1.7575444,-1.868691,-1.72467,-1.4402812,-1.3912305,-1.2226845,-1.1485868,-1.1277143,-0.9831716,-1.1042325,-0.9998697,-0.78957844,-1.0457894,-1.0348313,-0.9283811,-0.92472833,-0.97169167,-0.9429919,-0.60172516,-0.5500656,-0.82193094,-0.78488207,-0.56832904,-0.68312824,-0.517713,-0.6533848,-0.48849142,-0.32307625,0.29423037,0.16064584,0.07506825,0.09541902,0.05471749,-0.09452146,-0.114350416,0.050542973,0.09698447,-0.09973961,-0.13313574,-0.17748997,-0.3689959,-0.5281493,-0.36325595,-0.48118603,-0.2604585,-0.3366434,-0.49214414,-0.42900458,-0.38308492,-0.6356432,-0.4514426,-0.52658385,-0.53336746,-0.30794358,-0.34029612,-0.4154374,-0.22758415,0.12881514,0.33545372,0.3526736,0.56296486,0.323452,0.030714024,-0.055907194,-0.38099766,-0.10861046,-0.22862779,-0.32881618,-0.28446195,-0.82871455,-0.7593132,-0.62468505,-0.57824355,-0.55371827,-0.69565177,-0.86732876,-0.7817512,-1.0097841,-0.62833774,-0.75357324,-0.53910744,-0.6168578,-0.63199043,-0.31003085,-0.38830304,-0.55163103,-0.4457026,-0.68991184,-0.6126833,-0.8652415,-0.846978,-1.1094507,-0.4269173,-0.34499243,-0.49944955,-0.42639548,-0.3476015,-0.25524032,-0.035556428,-0.85115254,-1.125627,-1.1037108,-1.1673721,-1.328091,-1.3275691,-1.0713582,-1.2299899,-0.861067,-0.6737356,-0.7113063,-0.5745908,-0.32516348,-0.42587367,-0.44831172,-0.4582262,-0.34603605,-0.7300916,-0.60433424,-0.7191335,-0.64451396,-0.7660968,-0.7901003,-0.63146865,-0.7452242,-0.78696936,-0.7160026,-0.59755063,-0.7290479,-0.78749114,-0.6241632,-0.83810717,-0.55789274,-0.48588237,-0.472837,-0.7113063,-0.0047693662,0.568183,0.3453682,0.55305034,0.87970626,1.2126238,1.1625297,1.0962594,1.2846344,0.8708354,0.8238721,0.7189874,0.9778074,0.93501866,0.7727343,0.51182705,0.90527517,0.7920414,0.6203645,0.47686544,0.62140805,0.75447077,0.78943235,1.1625297,1.6300756,1.3816918,1.6859097,1.4578767,1.9421206,1.5142328,1.0357288,1.0226835,0.72733647,1.0091163,1.0853012,1.2173202,1.400999,1.3289886,1.2642837,1.3394248,1.6264229,1.8356705,2.064747,1.7887071,1.7062604,1.4479624,1.620161,1.8054053,1.7041732,1.9885622,2.3507013,2.2265096,2.0924032,2.2682548,0.295274,0.28640315,0.48051816,0.5786193,0.18830203,0.4111168,0.52591604,0.58540285,0.22169815,0.23630896,0.50295615,0.06150108,0.053152043,0.093853585,0.1413387,0.1982165,0.43459848,0.7189874,0.57235754,0.8687481,0.9694584,0.9120588,0.89901346,1.0190307,0.97363293,0.71376926,0.6662841,0.72316194,0.5332214,0.070371926,0.23683077,0.28692496,0.26031244,0.14603505,-0.12843941,-0.2964637,-0.050167233,0.04219394,-0.051732674,0.1444696,0.32919192,0.24674524,0.29736125,0.40746412,0.42781487,0.6120154,0.49669442,0.53061235,0.6704586,0.1486441,-0.01207477,0.040628497,0.20239101,-0.058516268,-0.19836254,-0.102348685,0.08133003,0.17108214,0.08185185,0.2837941,0.26083425,0.07402463,0.10011535,0.23265626,0.23213443,0.2702269,0.33336645,-0.19888437,-0.37421405,-0.5015368,-0.74104965,-0.5438038,-0.61790144,-0.36534318,-0.5912889,-0.54015106,-0.7321788,-0.7614004,-0.8021019,-0.86732876,-0.889245,-0.37421405,-0.02146743,-0.574069,-0.6737356,-0.40187022,-0.43422273,-0.0454709,-0.06373441,-0.43317908,-0.43578815,-0.34133974,-0.53441113,-0.55371827,-0.6565157,-0.79427475,-1.0650964,-1.162154,-1.1616322,-1.0864909,-0.9142921,-0.9732571,-1.2179883,-1.0588348,-1.1136253,-0.6126833,-0.27141657,-0.3877812,-0.47753334,-0.53910744,-0.59233254,-0.8375854,-0.78488207,-0.71287173,-0.9795189,-0.8417599,-0.8459344,-0.85219616,-0.7358315,-0.5813744,-0.6027688,-0.5907671,-0.48066422,-0.32725072,-0.32307625,-0.39195573,-0.40604472,-0.264633,-0.1602701,-0.087216064,0.11211709,0.055239305,0.10324624,-0.07156163,0.34171548,0.21856727,0.40068054,0.5055652,0.37772068,0.29005584,0.4179004,0.10846439,-0.16653186,-0.22132239,0.22795993,0.2415271,0.1335115,-0.22706236,-0.529193,-0.8182782,-0.7718367,-0.6883464,-0.91220486,-0.8600234,-0.86628515,0.5702703,0.2128273,0.1267279,0.16116765,-0.1388757,-0.17435908,-0.10704502,-0.59546345,-0.379954,-0.5302366,-0.5839835,-0.3585596,-0.523453,-0.3335125,-0.0032039226,0.72055286,0.53061235,0.48103997,0.5160016,0.7409036,0.86926997,1.0404252,0.96424025,1.1427008,1.7073041,1.7286985,1.766791,2.0939686,2.3063471,2.3188705,1.9316844,2.1581519,1.9202045,2.096056,2.3940117,2.4148843,1.6133776,1.2074057,1.4375261,1.4860548,1.465704,1.1275682,1.4552677,1.5225818,1.3467304,1.215233,1.4150879,1.3253359,1.5836341,1.7370476,1.6504264,1.6097249,1.5507597,1.5820687,1.2955924,1.3822136,1.3655157,1.226713,1.0315543,1.0910412,1.6932151,1.2877653,1.2178421,1.1745315,0.7795179,0.82021946,0.68141675,0.89901346,0.74038184,0.8614428,0.65532607,0.71846557,0.49878165,0.5248724,0.90266615,1.054514,1.1458317,1.2914178,1.2126238,1.2465419,1.1797496,1.3785609,1.513711,1.3195959,1.0769521,1.2950706,1.3211614,1.2423674,1.3107251,1.4296988,1.4187407,1.330554,1.3237704,1.2731545,1.3629066,1.2809817,1.1964477,0.94545496,0.70489836,0.39441875,0.3391064,0.51234883,0.812914,0.6855913,0.54939765,0.2775323,0.31771204,-0.10026143,-0.09504328,-0.056429006,-0.12530853,-0.05068905,-0.026685575,-0.19575348,-0.2745475,-0.20097162,-0.43944088,-0.6064215,-0.48222968,-0.50884223,-0.9012467,-0.9664735,-0.8276709,-1.0650964,-0.9497755,-1.1146688,-1.0483985,-0.9038558,-0.99726063,-1.2106827,-1.303044,-1.0541384,-0.990477,-0.7754894,-0.8005366,-0.90333396,-0.68730277,-0.42587367,-0.20201525,-0.18844807,0.028104952,-0.040252756,-0.23019324,-0.65181935,1.8257561,0.6167118,0.3229302,0.031235836,-0.13365756,-0.46814066,-0.47440243,-0.6601684,-0.8156691,-1.3640963,-1.1532831,-1.4001014,-1.3458327,-0.95499367,-1.1595448,-1.4851571,-1.0812727,-0.95186275,-0.4796206,-0.7076535,-0.872547,-0.21871331,0.14394778,0.65219516,0.13298967,0.091244504,0.42572764,0.2378744,0.08289547,0.1444696,0.41216046,0.9412804,1.0164217,0.7445563,0.50869614,0.38554794,0.3594572,0.28327227,0.3453682,-0.03190372,0.29788306,0.10481169,-0.0167711,-0.088781506,-0.073648885,-0.2651548,-0.20827702,-0.2969855,-0.32933798,-0.40761018,-0.45561713,0.087591805,0.14186053,-0.26776388,0.06463196,0.113160715,0.13872963,0.03645398,0.00044877912,0.19978192,-0.24167316,-0.78696936,-0.71391535,-0.9424701,-0.78488207,-0.97795343,-0.96125543,-1.0233513,-0.95760274,-1.0123932,-1.1016235,-1.2466879,-1.0979708,-1.3233947,-1.412625,-1.6197854,-1.5900419,-1.7090157,-1.4387157,-1.319742,-1.3823597,-1.3380054,-1.300435,-1.4418466,-1.6672704,-1.8619074,-1.8786052,-1.8540801,-1.5441223,-1.7319754,-2.0941148,-2.057066,-1.5723002,-1.6625742,-1.7627625,-1.5430787,-1.435063,-1.0588348,-0.60172516,-0.50310224,-0.17070638,0.3818952,0.34328094,0.11837886,-0.46761885,-0.37838858,-0.4618789,-0.3220326,-0.27298203,-0.39195573,-0.35229784,-0.4436154,-0.57250357,-0.5281493,-0.24741313,0.62506074,-0.47909877,-0.8913322,-0.8495871,-0.7713149,-0.90176857,-0.4436154,-0.79740566,-0.5698945,-0.3789104,-0.1393975,-0.44935533,-0.5051895,-0.7086972,-0.42065555,-0.14722472,0.15229681,-0.0042475522,0.21230549,-0.15139924,-0.15244287,0.20030375,0.23056899,0.46956003,0.47947454,0.6297571,0.7821269,0.79621595,1.1552243,0.55044127,0.35423905,0.43772936,0.62506074,0.35215178,0.29057765,-0.40969744,-0.07625796,-0.19888437,0.107942574,-0.11174135,0.080808215,0.11420435,-0.41804647,-0.39769572,-0.81410366,-0.8005366,-0.8735906,-0.8349763,-0.66799563,-0.57876533,-0.838629,-1.0932745,-1.2686042,-1.0781418,-0.8934195,-1.3066967,-1.2816496,-0.76557493,-0.6069433,-0.357516,-0.6737356,-0.30376908,-0.043383643,-0.16287917,-0.4457026,-0.20149344,0.38241702,0.14603505,0.3745898,-0.5380638,-0.024598317,0.33754098,0.010363255,0.26500878,-0.07208344,0.32658285,0.8316993,1.0806049,1.0112035,1.3039415,1.3863882,1.1155665,1.1223501,1.1839242,1.2627182,1.0331198,1.0195526,0.69550574,0.84370106,0.6887222,1.2721108,1.2867217,0.7685598,1.229322,1.0837357,0.95171666,0.95067304,1.1802715,1.3075942,1.5674578,1.1980132,1.2695018,1.4443096,0.359979,0.7617762,1.2924615,0.8363957,1.3008106,1.367603,2.0866632,1.696868,1.5439762,1.713044,1.7198277,2.500984,2.7822418,2.7253642,2.584996,2.8678193,2.9398298,2.7634566,3.032191,3.372936,2018-04-17
WIRE_DOV,1.7409686,1.9940516,1.7965157,1.2638243,1.4014441,1.4192315,1.2700655,1.0840759,1.5378156,1.3343505,1.2304336,1.1583469,1.1561625,1.2104615,1.0900052,1.2151425,1.2014116,1.3599396,1.2117097,1.098743,0.8447237,1.0968707,0.9626835,0.8484685,0.925548,0.98827267,1.2204475,1.2235681,1.4017562,1.391458,1.3586915,1.5627806,1.5225245,1.3090734,1.227937,1.2298094,1.3402797,1.37211,1.337471,1.4597998,1.4473172,1.3093855,1.4376433,1.5911783,1.4769632,1.5128505,1.619264,1.4079974,1.5356311,1.5243969,1.3802238,1.7057055,1.6913506,1.5855612,1.569646,1.3277972,1.4379554,1.3923942,1.2429161,1.4164231,1.6333069,1.1895533,-0.46874937,-0.655363,-1.0323352,-1.160593,-1.0476263,-0.99675995,-1.0026891,-1.2083386,-1.2467223,-1.4211656,-1.3765405,-1.3125676,-1.3415895,-1.4935641,-1.279489,-1.2108352,-1.1671463,-1.1000528,-1.175572,-1.2582687,-1.1100388,-1.2573324,-1.4564286,-1.5569129,-1.6308719,-1.5194654,-1.418045,-1.5044864,-1.4661027,-1.2922835,-1.2127075,-1.1184646,-1.0195405,-1.0535554,-1.2226936,-1.3500153,-1.2763684,-0.98209304,-0.9686743,-1.3746682,-1.3525118,-1.3506393,-1.5001175,-1.3428378,-1.2514035,-1.1921114,-0.9955117,-0.9146874,-0.8426009,-0.55394256,-0.10145128,-0.32145566,-0.04684026,0.20249806,0.32326645,0.14039752,-0.045592006,0.10700679,0.5208023,0.44653133,0.7002385,0.33013183,0.08329,0.10575853,1.6473496,1.4928784,1.252902,1.7216207,1.5690218,1.5393759,1.6177037,1.4972473,1.6807405,1.8511268,2.0645778,1.9653418,2.0542798,2.079557,1.7375358,1.9338235,1.9899948,1.7937073,1.8267859,1.7259896,1.683237,1.6445411,1.6626408,1.8227291,1.7802885,1.6432928,1.574327,1.6498462,1.32218,1.4775875,1.1343181,0.9626835,0.6949335,0.5816546,0.5298521,0.26834336,0.50519913,0.8600148,0.6634151,0.6649754,0.662791,0.67683375,0.5276677,0.7660838,0.415013,0.46556717,0.34261435,0.036480557,-0.23376597,-0.10457191,0.107942976,-0.2943062,-0.35016546,-0.20505618,-0.24843293,-0.23314184,-0.15606229,0.11043949,0.047714822,0.13072358,0.036168493,0.2580453,0.039913252,0.16411433,0.21466853,-0.013137455,0.34573498,0.22839929,-0.012825393,-0.15418991,-0.16136737,-0.50120395,-0.48279226,-0.23407803,-0.47904748,-0.60418475,-0.50370044,-0.6119863,-0.69998807,-1.1275144,-0.45782718,-0.85945225,-0.6478735,-0.38386828,-0.36264795,-0.456891,-0.24125549,-0.039662812,0.15131974,0.37382063,0.072367795,0.0495872,-0.060258966,0.1338442,-0.04684026,0.22403042,-0.018130463,-0.28931317,-0.50962967,-0.29024938,-0.0718053,0.32825947,0.29518077,0.05957322,0.100765534,0.03179961,0.39160824,0.37038797,0.28925157,0.34667113,-0.033733614,0.11231186,0.20031364,0.071431614,0.22465456,-0.14264359,0.022437721,0.49022013,0.60162663,0.49396488,0.4296799,0.5080077,0.17097971,0.42219043,0.6996144,0.24649896,0.6300244,0.24400245,0.3076633,-0.04184725,0.26678306,0.12260994,-0.039350748,0.0495872,0.20530663,-0.20255966,-0.1282887,-0.3364347,-0.28806493,-0.3067887,-0.42193994,-0.74586135,-0.5988797,-0.67408687,-0.26497227,-0.27589446,-0.03123711,0.01151552,-0.22065933,-0.0683726,0.048963077,0.1794054,0.17815715,0.09109157,-0.031549174,-0.13733852,-0.016882211,-0.32083154,-0.4852887,-0.50494874,-0.58109206,-0.68126434,-0.57297844,-0.49402648,-0.5136865,-0.49184206,-0.5218001,-0.30647665,-0.6825125,-0.6016882,-0.8207565,-0.8201323,-0.7140309,-0.51118994,-0.6172914,-0.60855365,-0.6890658,-0.24156754,-0.19101334,-0.09396177,0.034608178,0.104822345,0.12853913,0.42031804,0.47243255,0.47399288,0.62191075,0.6506205,0.66247886,0.653117,0.96549207,-0.5477013,-0.83355105,-0.8607005,-1.0151716,-0.9549435,-0.93216294,-0.98708606,-1.1440537,-1.1234576,-1.0881944,-0.96586573,-0.96586573,-0.81295484,-0.96524155,-1.0541795,-0.87068653,-0.88285697,-0.5486375,-0.3844924,-0.5267931,-0.4553307,-0.40540063,-0.5720422,-0.60855365,-0.6094898,-0.5917022,-0.54582894,-0.49964362,-0.4553307,-0.6166672,-0.90501344,-1.1861823,-1.3415895,-1.5634664,-1.0785205,-1.224878,-1.3253623,-1.457053,-1.4270948,-1.2632617,-1.2323675,-1.3668667,-1.2676306,-1.3646822,-1.3746682,-1.3203692,-1.1992888,-1.1287626,-1.1243937,-1.0151716,-1.3194331,-0.84821796,-1.1811892,-1.1696428,-1.3234899,-1.3528239,-1.1075423,-1.1465502,-1.2304951,-1.3621856,-1.388399,-1.2017853,-1.4021298,-1.5066708,-1.5594096,-1.6180773,-1.4876351,-1.4835782,-1.46267,-1.3600012,-1.2813613,-1.0211009,-0.80921006,-0.4415999,0.1887673,0.5604343,0.5682359,0.3001738,0.355721,0.35852957,0.37288448,0.24899545,0.5925768,0.49989408,0.89995885,0.7548495,0.8294326,0.51456106,0.2081152,0.17628478,0.49271664,0.5005182,0.62128663,0.97204536,0.9511372,1.2073408,0.8303688,0.61286086,0.8256878,1.0219755,0.96892476,0.8440995,0.93241334,0.757034,0.7726371,0.84503573,0.7064798,0.7807508,0.558874,0.8671922,1.0847001,0.72270703,0.39036,0.08329,0.3042306,0.1937603,0.11356011,0.101389654,-0.1769705,-0.21348189,-0.4019679,-0.31927124,-0.2824478,-0.24624848,-0.024371725,0.06706273,0.18190192,-0.1223595,-0.04278344,-0.0718053,-0.15731055,0.084850326,-0.05214533,-0.064939916,-0.4309898,-0.22534028,-0.2503053,-0.08085512,0.15444036,0.14788704,0.20717901,1.4813322,1.8405166,1.9157238,1.3412158,1.4432604,1.6264414,1.3174992,1.5992919,1.3521382,1.4273453,1.2694414,1.1514816,1.1995393,1.1652124,1.2145183,1.089381,1.0335218,1.1099772,1.1411835,1.4616722,1.2201355,0.72863626,0.7289483,0.8172621,0.62128663,0.78106284,0.75422543,0.63158464,0.6993023,0.8291206,0.32981977,0.17129178,0.18315017,0.19875333,0.45370877,0.5257953,0.5591861,0.15818514,-0.028740605,-0.23470215,-0.25841895,-0.25342593,-0.12672837,-0.1526296,0.41844565,0.52922803,0.7882403,0.8097726,0.4165733,0.49490106,0.6265916,0.633145,0.5279798,0.33481276,0.20655489,-0.069308795,-0.0034635034,-0.035918053,-0.34735692,-0.46500465,-0.46906146,-0.63351864,-0.96118474,-0.99769616,-0.84322494,-0.82887006,-1.0382643,-0.932475,-0.9171839,-1.0644777,-0.85851604,-0.5214881,-0.27963924,-0.58795744,-0.7215204,-0.4609478,-0.56517684,-0.17728259,-0.313342,-0.3888613,-0.32176775,-0.26871702,-0.32239187,-0.33268994,-0.42786917,-0.2943062,-0.22565234,-0.006896196,0.053019896,0.07673668,0.13602865,-0.15637435,-0.21691456,-0.20099936,-0.26746878,-0.32364008,-0.40071967,-0.65037006,-0.71371883,-0.7368115,-0.7040449,-0.6665973,-0.6029365,-0.446905,-0.5174312,-0.36951336,-0.29399413,-0.39728698,-0.26153958,-0.15699849,-0.080543056,0.050835453,0.015572338,0.005586323,-0.8650694,-1.5534804,-1.408371,-1.6293117,-1.6236945,-1.467039,-1.7429025,-1.819982,-1.9488641,-1.9370056,-1.8967496,-1.9260834,-1.9560416,-2.0961578,-1.7953291,-1.8443229,-1.492316,-1.3447102,-1.3468946,-1.1471744,-1.061669,-0.64100814,-0.65941983,-0.9618089,-1.19492,-1.3369086,-1.3556323,-1.1718273,-1.1184646,-1.1240816,-1.1247058,-0.66878176,-0.39759904,-0.43972754,-1.1999129,-1.224566,-1.3081988,-1.0744636,-1.2389208,-0.8101463,-0.7386839,-0.68625724,-0.43130183,-0.56174415,-0.640072,-0.5792197,-0.5938867,-0.6013762,-0.5336585,-0.6625405,-0.6719024,-0.6328946,-0.45751512,-0.5442686,-0.4831043,-0.04278344,-0.6475615,-0.9377801,-0.8001602,-1.1474864,-1.1496708,-1.150607,-1.3234899,-0.9636813,-0.80983424,-0.49933156,-0.8806725,-0.94714195,-1.2913474,-1.249531,-0.7277617,-0.87536746,-0.7536629,-0.78330886,-0.9877101,-1.2239418,-1.1044217,-1.0666621,-0.92841816,-0.84228873,-0.8890982,-0.7655213,-0.7212084,-0.5798438,-0.77581936,-0.70716554,-0.63383067,-0.6044968,-0.047464382,-0.16729656,-0.62790155,-0.38917333,-0.55331844,-0.2521777,-0.46001163,-0.30117157,-0.33768296,-0.65723544,-0.590766,-0.66035604,-0.39010954,-0.43879136,-0.39323014,-0.3295693,-0.456891,-0.2908735,-0.58889365,-0.70248455,-0.66441286,-0.5136865,-0.63944787,-0.52304834,-0.08959289,-0.04184725,0.06519035,0.09452427,0.11293598,0.31889755,0.3863032,-0.011889203,-0.08896876,-0.25779483,-0.16074324,-0.16916893,-0.44908944,-0.35234988,-0.03342155,-0.28057542,-0.7127826,-0.5224242,-0.56268036,-0.77613145,-0.65629923,-0.57360256,-0.6372634,-0.6029365,-0.8962757,-0.58202827,-0.66815764,0.8893487,0.6244072,0.88373154,0.7695165,0.6852595,0.75516164,0.71989846,0.97859865,1.044756,1.2138942,1.262264,1.3359108,1.6670096,1.9987327,2.005598,2.010903,2.0146477,2.4337482,2.3569808,1.9974843,2.2046943,2.075812,1.6723148,1.8386444,1.5240847,2.1422815,2.2708514,2.1762965,2.317661,2.1313593,2.2075026,2.2256024,2.243702,2.2496312,2.4555929,2.3941164,2.5345445,2.6755972,2.6138086,2018-04-17
HI_EMR,-1.9797943,-1.8907275,-2.2058437,-2.487701,-2.815219,-2.984897,-2.5801501,-2.4290745,-2.4234374,-2.6974025,-2.8197284,-1.6748248,-2.011926,-1.8061703,-2.0153084,-1.7937685,-1.7678376,-1.7920774,-2.1466537,-2.341135,-2.3918695,-2.335498,-2.4042711,-2.4679708,-2.4933379,-2.2142994,-2.0344746,-1.7768571,-1.7661465,-1.834356,-1.9104574,-1.8805805,-2.0440576,-1.9065114,-1.648894,-1.4747063,-1.3918405,-1.348998,-1.2091969,-1.2176527,-1.010206,-0.92846733,-0.81516075,-0.82023424,-0.95947164,-0.82418025,-0.9109922,-1.1939766,-1.3044646,-1.2430197,-1.2069421,-1.1979227,-1.0863073,-1.2368189,-1.2909355,-1.1178753,-0.9808928,-0.8726596,-1.0665773,-0.8315085,-0.87829673,-0.9831476,-0.7480788,-0.71087366,-1.0141519,-1.0524845,-1.0282447,-0.7728822,-0.81290597,-0.34784168,-0.23791742,0.39231503,0.7733858,0.7130684,1.0090184,0.6042716,0.39569736,0.3026845,0.2474405,0.063105956,0.016881391,-0.118973725,0.023082249,-0.26497573,-0.10262601,-0.20747687,-0.39293885,-0.4504377,-0.30950916,-0.2204423,-0.3754637,-0.24919172,-0.14715946,-0.54739654,-0.46847653,-0.52823025,-0.36531684,-0.31345513,-0.2925977,-0.21424143,-0.19225658,0.30212077,0.29253763,0.27788106,0.3855505,0.3630019,0.3274879,0.5084402,0.49772963,0.47687218,0.834267,0.62118304,0.5732673,0.35003647,0.60145307,0.5371896,0.8534333,0.86414385,0.790861,0.6984118,0.6442953,1.0851197,1.0794827,0.91882414,0.84666866,0.6403493,0.5377533,0.49152875,0.6245653,1.2491608,1.3810699,1.2694545,1.3883982,0.89571184,0.8838738,1.2626898,1.4475882,1.3286445,1.3709229,1.272273,1.2576164,1.1037223,0.8252475,0.8077724,0.6809367,0.16908424,0.42050076,0.2711165,0.581723,0.59412473,0.6984118,0.5174596,1.1172515,1.1324719,1.0310032,0.8635801,0.8799278,1.0129644,1.0169104,1.0834287,1.3280807,1.6663092,1.5913352,1.2615623,1.378815,1.2897482,0.9774504,1.1121781,0.9278436,0.928971,0.9233338,0.9780141,0.98872465,1.0056361,0.8528696,0.8895109,1.039459,1.5000136,1.5873892,1.5298904,1.344992,1.4430784,1.3359727,1.0755366,1.0372041,1.0529882,0.7626753,0.89571184,0.9030401,0.9757592,0.7497099,0.4176822,0.35961962,0.27731735,-0.12686573,-0.74131423,-1.1229488,-1.1235125,-0.74244165,-0.6161697,-0.34784168,-0.4583297,-0.19000173,-0.16801688,-0.42563426,-0.63646334,-0.54683286,-0.79824936,-0.77175474,-0.5276665,-0.3309303,-0.4070317,-0.224952,-0.54457796,-0.68550646,-0.6201157,-0.63364476,-0.7120011,-0.4989171,-0.18718314,-0.35516998,-0.46453056,-0.46791282,-0.4510014,-0.6917074,-1.4995098,-1.5485529,-1.7419069,-1.9149672,-1.9025654,-1.8033516,-1.7272502,-1.4341189,-1.2875532,-1.0536119,-1.2852983,-1.3123567,-1.2779701,-1.2447109,-1.1979227,-1.4335552,-1.5434794,-1.546298,-1.4606135,-1.341106,-1.15959,-1.0203527,-1.1590264,-1.0479747,-1.1922855,-1.161845,-1.195104,-1.3642184,-1.333214,-0.9870936,-0.9583442,-1.1686095,-1.131968,-0.45607483,-0.63026255,-0.5113188,-0.33656743,-0.32698426,-0.32754797,-0.29710743,-0.0981163,-0.25539258,-0.45494738,0.13695252,0.24180335,0.33650735,0.16119224,0.48758274,0.13413395,0.11834995,0.1324428,0.19726993,0.16119224,0.14315337,0.055213958,-0.28921545,-0.339386,-0.40026712,-0.37039027,-0.27117658,-0.027652029,-0.01694146,-0.008485747,-0.15561515,-0.17252658,-0.2401723,-0.26328456,-0.14490458,-0.224952,-0.60771394,-0.09642516,-0.2847057,-0.31571,-0.33487627,-0.3692628,-0.15505145,-0.19733001,-0.28414202,-0.17196287,-0.2322803,-0.27399513,-0.37489998,-0.72327536,-0.66803133,-0.73680454,-0.8050139,-0.6370271,-0.50342685,-0.4746774,-0.49778968,-0.52428424,-0.3399497,-0.30218086,-0.43296257,-0.44423681,0.33425248,0.018572535,0.22714679,-0.27963227,-0.35404256,-0.3281117,-0.21198657,-0.35347882,-0.35066026,-0.39293885,-0.20296717,-0.21818744,0.04732196,0.6245653,0.672481,0.36694792,0.35341877,0.30888534,0.25082278,0.22827421,0.28182706,0.38893276,0.26886165,0.26491565,0.2874642,0.28182706,0.41486362,0.6769907,0.22601935,0.1521728,0.039993677,0.086218245,0.090727955,0.25025907,0.15386394,0.2034708,0.23278393,0.37709478,0.40809903,0.2942288,0.30606675,-0.058092598,-0.37659112,-0.16181602,-0.18041858,-0.14885059,0.1082031,0.1724665,0.4853279,0.52027816,0.7406904,0.52647907,0.7181419,0.8376492,0.723779,0.73448956,0.5535373,0.5653753,0.6149821,0.6273839,0.44755906,0.49321988,0.48871017,0.26266077,-0.09191544,0.002788537,-0.002848605,0.064233385,0.063105956,-0.14377716,-0.260466,-0.19394773,0.4176822,-0.23453516,-0.45945713,0.09411024,0.36356562,1.0129644,1.00169,1.536655,1.3686681,1.327517,1.4808474,1.1939167,0.29028276,0.13469766,0.40077078,0.40020704,0.55128247,0.52027816,1.0727181,1.1352904,1.0439687,1.5552576,1.5056506,1.7852529,1.7136612,1.893486,1.7243718,1.8359872,1.8140023,1.8985595,1.7999096,2.0175033,2.0535808,2.3089435,1.8241493,2.1685786,2.276248,2.138138,1.984244,1.915471,1.6877303,1.5676591,1.7914537,1.7920175,1.6319226,0.91205955,0.7265976,0.7378719,0.73336214,0.6138547,0.3274879,0.3077579,0.21981849,0.4142999,0.61836445,-0.24186343,-0.089660585,-0.55528855,-1.1917218,-1.2458384,-1.1511344,-1.0141519,-1.1889032,-1.2356914,-1.1635361,-0.8281262,-0.90253645,-0.7215842,-0.6026405,-0.38617426,-0.117282584,0.05070425,-0.33600372,-0.08120487,-0.18210973,-0.10037116,-0.21818744,-0.15054172,-0.3083817,-0.1849283,-0.116155155,-0.15110545,0.17528507,-0.01806889,-0.002284891,-0.13250287,0.01913625,-0.11953744,-0.4059043,-0.12742944,-0.03554403,-0.16858058,-0.26272085,-0.32134712,-0.26779428,-0.40534055,-0.7486425,-0.5062454,-0.60715026,-0.4701677,-0.33656743,-0.4464917,-0.13644886,-0.16463459,-0.20014858,-0.20747687,-0.26215714,0.012371678,0.034920245,0.043375958,0.10200224,-0.060347456,-0.13926743,0.01913625,-0.022014888,-0.17365402,0.24180335,0.0726891,1.1629124,1.173623,1.3128604,1.1324719,0.8878199,1.0738455,1.1482558,0.86414385,0.64711386,0.3269242,0.04450339,-0.14095859,-0.16068858,-0.057528883,-0.29034284,-0.28301457,-0.2694854,-0.30950916,-0.3918114,-0.15899745,0.113840245,-0.07725887,-0.07725887,0.28295448,-0.1494143,-0.44367313,-0.6285714,-0.56092566,-0.13419402,-0.026524602,-0.30218086,-0.363062,-0.16632572,0.05070425,-0.03159803,-0.201276,-0.07162174,-0.022578603,0.10707567,0.19276023,-0.26102972,-0.32698426,-0.13588515,-0.31007287,-0.46340314,-0.63364476,-0.48087823,-0.41154143,-0.43014398,-0.5338674,-0.44536427,-0.3833557,-0.42676172,-0.3241657,-0.43578112,-0.45438367,-0.18718314,-0.25144657,-0.38842914,-0.3083817,-0.307818,-0.45889342,-0.8884436,-0.62913513,-0.43634483,-0.4831331,-0.085714586,-0.2655394,-0.13306658,-0.09698888,-0.002848605,-0.09868001,-0.044563457,-0.21424143,-0.26384827,-0.3145826,-0.40026712,-0.367008,-0.221006,-0.25877485,-0.48482427,-0.43690854,-0.5135737,-0.40195826,-0.32303828,-0.57614595,-0.9831476,-1.1404238,-1.0333182,-0.97976536,-0.89971787,-0.88900733,-0.9916033,-0.9696185,-0.91324705,-0.9656725,-1.0226076,-0.91944796,-0.8687136,-0.8546208,-0.46791282,-0.117282584,0.20516193,-0.044563457,-0.093606584,-0.011868033,-0.14434089,-0.21480516,-0.14208601,-0.260466,-0.14490458,-0.1770363,-0.29654372,-0.2655394,-0.3991397,-1.0169705,-0.7525885,-0.8331997,-0.79712194,-1.0598128,-1.0541756,-1.0462836,-0.8038865,-0.9149382,-1.3653457,-0.25482887,-0.015250318,0.24067593,0.07438024,-0.07218545,0.40809903,0.4763085,0.38385934,0.3866779,0.41542733,0.6916473,0.81340957,2.9098628,3.0507913,2.7057981,3.02937,2.565997,2.7300377,3.1297112,2.2007103,2.581781,2.498915,2.1911273,2.0451252,2.8038843,2.5304828,2.213112,1.8895401,1.7057692,1.209137,1.2542341,1.3658496,1.2626898,1.0552429,0.9374267,1.0445324,0.75365585,0.5963796,0.6115999,0.61554587,0.6110362,0.45488733,0.1843045,0.033792816,-0.0017211766,-0.66295797,-0.6342085,-0.65562963,-0.90253645,-0.74300534,-0.9820202,-0.7542797,-0.5316126,-0.8427828,-0.3241657,-0.57219994,-0.60376793,-0.53104883,-0.19000173,-0.6449191,-0.47749597,-0.5772734,-0.6460465,-0.02483346,-0.038362604,-0.030470602,0.17528507,0.99379814,1.0219837,0.33988962,-0.07274916,-0.10037116,-0.1415223,-0.0462546,-0.34558684,-0.2283343,-0.3151463,-0.4870791,-0.37039027,-0.66521275,-0.8207979,-0.6133511,-0.16068858,0.14991795,0.09974738,0.41937333,0.91205955,0.61554587,0.7857876,0.798753,0.865835,0.78635126,0.67417216,0.28351822,0.66628015,0.7525284,0.6178007,1.1544567,1.1944804,1.0467873,1.1448735,1.5468018,1.5005772,1.5276356,1.4036185,1.2784737,1.6189572,1.8765746,1.9707149,2.3072522,2.1443388,1.8748834,1.9250541,2.1702697,2.5056796,2018-04-17
HUBB_EMR,-0.744847,-0.5926548,-0.8079511,-0.9851992,-0.97127926,-0.9041539,-0.7064896,-0.7748524,-0.7074176,-0.7934124,-0.97591925,-1.4142449,-1.4603357,-1.0838766,-0.9131245,-1.0105646,-0.8985858,-0.9366339,-1.7919414,-1.8766987,-1.6521225,-1.5621065,-1.753584,-1.7681227,-1.599845,-1.5454023,-1.3582555,-0.9555032,-0.9038445,-0.9827246,-0.70896435,-0.7999084,-0.9536472,-0.78815377,-0.58801484,-0.55275077,-0.3046652,-0.37766793,-0.32229725,-0.32817456,-0.1574224,-0.102979675,0.22553265,0.38143682,0.20078596,0.110460535,0.101489864,-0.12184902,-0.05070229,0.22243932,0.17603928,0.27409804,0.33936742,0.47702092,0.6019917,0.615293,0.6103437,0.78573585,0.67190105,0.57105833,0.4878476,1.1538429,0.85750127,0.6867491,0.29173005,0.54662097,0.4760929,0.48011425,0.4603169,1.2967551,1.3193364,1.1021842,1.303251,1.4078059,1.52659,1.1526055,0.8673999,0.8695653,0.63509035,0.62673837,0.4661942,0.34369808,0.2938954,0.09282853,0.3180234,0.26605538,0.51568764,0.31121808,0.4695969,0.57043964,0.47299957,0.69015175,0.4624822,0.4624822,0.23419401,-0.032451604,0.16923393,0.110460535,0.103655204,0.009927105,-0.1345317,-0.80485773,-1.3013381,-1.6910986,-1.4897224,-1.7062558,-1.5961331,-1.861232,-1.9837282,-1.7650292,-1.1673968,-1.4433223,-1.5290077,-1.567365,-1.433733,-1.510757,-1.2054448,-1.4117703,-1.501477,-1.7000692,-1.7152265,-1.647173,-1.6202611,-1.6462451,-1.9150561,-0.9360152,-0.8899245,-0.80392975,-0.4515987,-0.04946495,0.044263143,0.18036994,-0.062147632,-0.7324737,-0.8453804,-0.65050024,-0.83579105,-0.8200151,-0.8899245,-0.7733057,-0.87600446,-0.5406868,-0.49366805,-0.76650035,-0.6959723,-0.8580631,-0.98179656,-0.8645592,-0.62606287,-0.34425992,-0.2650705,-0.24743849,0.051377814,0.039932467,-0.12648903,-0.24527314,-0.15773173,-0.07792365,-0.1942331,-0.17010507,0.28492472,0.2802847,-0.0021369066,0.05014048,0.1008712,-0.09060633,0.012401774,0.34617275,0.6168397,0.9753574,1.0248507,1.2992297,1.3660458,1.0344402,1.4845206,1.1603389,0.9589626,0.6780877,0.84667456,0.19026862,0.11417254,-0.37921458,-0.1592784,-0.2990972,-0.46923068,-0.7352577,-0.72040963,-0.49552405,-0.60781217,-0.6470976,-1.139866,-1.0510873,-1.0390233,-0.9462232,-1.6351091,-1.2598875,-0.9994286,-1.4553863,-1.5973705,-1.517253,-1.3075249,-1.2883462,-1.3622768,-0.9490072,-1.2131782,-1.4758023,-1.1983302,-1.0987247,-0.69287896,-0.49057472,-0.12648903,-0.14257437,0.19892997,0.14850858,0.30905274,0.02570312,-0.28393984,-0.3312679,-0.39065996,-0.34951857,-0.3587986,-0.41695333,-0.62730026,-0.27744386,-0.2926012,-1.2475141,-1.0671726,-1.2623621,-1.4594076,-1.6007732,-1.5085917,-1.2289542,-0.8478551,-0.41138533,-0.20011044,0.27131402,0.09128185,0.024465788,0.3703008,0.562397,0.41546354,0.17851394,-0.032760937,0.22707933,0.14696191,0.24502067,0.34060475,0.018588446,0.20882864,0.3235914,-0.014200918,-0.18031308,-0.58461213,-0.730927,-0.5369747,-0.3355986,-0.462116,-0.32910258,0.051687147,0.15283924,0.11510055,0.056017816,0.33225277,0.30719674,0.32111675,0.14603391,0.047047142,0.12314322,0.6610744,0.6298317,0.75975186,0.8015119,0.73809844,0.589309,0.65705305,0.6344717,0.7838798,0.6391117,0.586525,0.18006061,0.10334586,0.0724125,0.005287101,0.030961793,-0.44200936,0.07272184,-0.23073447,-0.2972412,-0.5181054,-0.8528044,-0.87600446,-0.94003654,-0.60935885,-0.62451625,-0.17536373,-0.2808465,-0.28548652,0.031271126,0.5184716,0.52620494,0.55837566,0.46433824,0.30101007,0.18036994,0.15407658,-0.45500132,-0.47758272,-0.6576149,-0.67246294,-0.6972096,-0.8190871,-0.76990306,-0.70092165,-0.8562071,-1.1491461,-0.7544363,-0.85249513,-0.7015403,-0.30219054,-0.73556703,0.021372449,0.12623656,-0.074520975,-0.04420628,-0.22671312,-0.3195132,0.18500994,0.0043591,0.014876444,-0.14659572,-0.19516109,-0.42592397,0.06189516,0.66478634,0.6876771,0.4374262,0.23295666,0.28770873,0.38081813,0.6344717,0.7851172,1.0625894,1.036296,1.0975442,0.99732006,0.7631545,0.5961144,0.5528076,0.35885546,0.24471134,-0.05039295,0.08633252,0.19181529,0.38081813,0.15964457,0.48599157,0.7213944,0.76037043,0.8856506,0.9719547,1.0025787,0.47454625,0.19769263,0.10891387,0.011473773,-0.059982296,0.024156453,-0.05379562,0.31895143,0.3269941,0.5323916,0.22615132,0.8698746,0.875752,0.8018212,0.97999734,0.8537892,1.0718694,1.0724881,1.1306429,1.1083708,1.2642751,1.0811495,0.82904255,0.44206622,0.44361287,0.65179443,0.967624,1.1795175,0.648701,0.40463683,-0.030286267,0.11417254,0.57971966,0.3950475,0.6988131,0.68860507,0.6576717,0.7065464,1.1764243,0.97906935,0.94875467,0.995464,1.009384,0.4173195,0.41824752,0.6861304,0.5982797,0.7161358,0.39999682,0.61900496,1.0672295,1.3660458,1.5596886,1.3555285,1.3490325,1.9680091,1.6667181,1.7517849,1.7196141,1.8052995,1.8554116,1.7913796,1.7749848,1.8783023,1.8783023,1.6531074,2.0574064,2.1208198,2.087721,1.6815661,1.7124994,1.6596034,1.6688834,2.1301,1.9358383,1.5689687,1.1380668,0.9042106,1.0959975,1.0876455,0.7356238,0.69479173,0.59147435,0.8296612,2.1675293,2.1446385,2.0954547,2.8013537,2.3351882,1.0350587,0.83677584,0.76965046,0.5425996,0.15716992,0.07828984,0.0999432,0.30472207,0.73129314,0.94256794,0.545693,0.78913856,0.97906935,1.1210536,0.670045,1.1829202,1.1748776,1.1519868,1.3790379,1.1560082,1.2119976,1.219731,1.4879233,1.2933525,1.3097472,1.5352513,1.2070483,0.9623654,0.8772986,0.7977998,0.88193864,1.0792935,1.0192828,1.0035067,0.92307997,1.0332028,1.3474858,1.1532242,1.2259176,0.7430478,0.31090873,0.8141945,1.1594108,1.197459,1.1575549,1.1473469,1.1114641,1.3295444,1.2540671,1.3583124,1.1263121,1.214163,1.5522647,-0.17876641,-0.98612726,-0.6362709,-0.8852845,-0.9916953,-0.42190263,-0.60410017,-0.31054252,-0.44572133,-0.3909693,0.0086897705,-0.08380099,-0.15587573,-0.472324,-0.6037908,-0.68050563,-0.76433504,-0.71948165,-0.447268,-0.36838794,-0.13855304,-0.0036835747,0.36875415,0.74366647,0.3307061,0.3235914,0.6007544,0.77119714,0.85842925,0.80615187,1.1662163,0.69169843,0.51723427,0.6186957,0.62457305,0.8800826,0.67994374,0.12283389,-0.2786812,-0.47882003,-0.33992922,-0.4664467,-0.48098537,-0.42994532,-0.48531604,-0.6897856,-0.35787058,-0.6214229,-0.78475106,-0.3470439,-0.52552944,-0.26445183,-0.42004666,-0.18928376,-0.32600924,-0.18000375,-0.14783305,-0.1812411,0.013329776,0.04983115,0.18191661,0.009308438,0.06653517,1.0839335,0.71242374,0.95556,1.1352829,0.908232,0.4253622,0.5274423,0.5868343,0.41979417,0.4482529,0.43433288,0.31554875,0.023537785,-0.014510252,-0.22547579,-0.5044947,-0.421284,-0.56234014,-0.5663614,-0.99633527,-1.1373914,-1.2221488,-1.0272686,-1.1151193,-1.1002713,-0.6842176,-0.5177961,-0.48253202,-0.39065996,-0.742063,-1.3041222,-1.7099679,-1.2716421,-1.2004955,-0.83579105,-0.81568444,-1.5914931,-1.5686024,-1.7690506,-2.1906724,-2.3150246,-2.1387043,-1.9623841,-2.0128055,-1.5614877,-1.4167196,-1.2001861,-1.1522394,-0.9672579,-0.93261254,-0.98334324,-1.1395568,-1.1927621,-1.517253,-1.3870237,-1.6607839,-1.3792902,-1.0560367,-0.783823,-1.4423944,-1.106458,-0.7813484,-0.42221197,-1.0272686,-0.18866509,0.08602318,-0.00584891,-0.28857985,-0.49428675,0.8683279,1.1219815,1.3109844,0.82687724,0.7739812,1.0987815,1.0474321,1.3100564,1.1498215,1.0127867,1.1826109,1.1603389,1.3781098,0.91379994,0.911944,0.7947065,0.39288214,0.3501941,0.4733089,0.85502654,1.0783654,0.70871174,0.3647328,1.2803603,1.0282533,1.2435497,1.6939394,1.3638805,1.4161578,1.242003,0.7071651,0.55187964,0.5574477,0.67530376,0.93112266,1.4535872,1.3521258,1.3230485,1.9983238,1.4625579,1.3966699,1.3369684,0.5917837,0.08973518,0.64839166,0.3777248,0.5039329,0.20882864,-0.18000375,-0.39715597,0.4321675,0.3263754,0.18500994,0.66726106,0.7390264,0.7609891,0.5314636,0.49589026,0.8905999,0.61343706,0.7260344,1.1479656,0.46217287,0.66602373,0.56487167,0.07859918,0.18964994,0.937,1.1207441,0.6994317,0.5302263,0.568893,0.7900665,0.6592184,-0.18649974,0.008380437,-0.10669167,-0.11040368,-0.114734344,-0.69813764,-0.6455509,-0.3983933,-0.21000911,-0.442628,-0.6334869,-0.6464789,-1.2632902,-1.442085,-2.2104697,-2.1974778,-1.9923894,-1.5704584,-2.0261068,-2.2376912,-1.8040053,-1.7458506,-2.0097122,-2.0796216,-2.3796751,-2.8674946,-2.2834725,-1.9357814,-1.821328,-2.211398,-2.5974464,-2.621265,-2.35895,-2.2129443,-2.1684005,-2.276667,-2.5584702,-2.7264385,-2.7935638,-2.5742462,-2.5569234,2018-04-17
HEI-A_ESE,0.018241193,-0.05595735,0.05555742,0.08788368,0.1045892,0.14082067,0.13322724,0.09265669,0.0844124,0.023882018,0.09287365,0.25667453,0.16208223,0.02713634,0.08115809,0.06770689,0.27381396,0.36254847,0.4350114,0.46321547,0.47189367,0.40355295,0.46842238,0.4191737,0.42329583,0.32610008,0.30115026,0.37838617,0.32089314,0.33152393,0.24170464,0.15513967,0.07898854,0.22521608,0.31308278,0.34931424,0.3356461,0.2707766,0.2145853,0.2540711,0.29485857,0.2775022,0.48556182,0.41613632,0.44238782,0.46646982,0.36753845,0.32002532,0.2866143,0.32414746,0.45865944,0.46017814,0.42850274,0.18074034,0.07768681,0.16208223,0.018241193,0.036465395,-0.0056238365,-0.011481616,-0.09782963,-0.13666454,-0.027536273,-0.006925565,-0.18200809,-0.19372365,-0.28028864,-0.25165057,-0.25034887,-0.20760876,-0.24948104,-0.1373154,-0.10715869,-0.12494897,0.18724899,0.04188927,-0.011264661,-0.04250615,-0.0045390627,-0.016254622,-0.051401302,-0.07027637,0.07638508,0.13800025,0.12194559,0.13778329,0.12129474,-0.016471576,-0.04315702,0.073781624,0.044275768,0.0054408587,0.049482685,0.18139122,0.21024619,0.08940237,0.20699188,0.20894447,0.21914135,0.20634101,0.2174057,-0.11193168,0.15492272,0.067056015,0.033211075,0.044058815,-0.15836002,-0.0010677855,0.10675875,0.17271303,0.1291051,0.0844124,-0.11583687,-0.16682126,-0.2549049,-0.38247433,-0.30610624,-0.26423398,-0.21086308,-0.27725124,-0.3288865,-0.25750837,-0.18157418,-0.3301882,-0.41263103,-0.2631492,-0.2865803,-0.30523843,-0.25078276,-0.32975432,-0.30632317,-0.25598967,-0.2789869,-0.24449107,-0.16833994,-0.02298022,0.12628469,0.080073304,0.17466561,0.22760259,0.3579924,0.03342803,-0.26640353,-0.23993501,-0.30133325,-0.44105217,-0.46404937,-0.52566457,-0.6180873,-0.7382803,-0.7762474,-0.7144152,-0.696408,-0.701181,-0.6410845,-0.60723954,-0.5293528,-0.54757696,-0.4989791,-0.4267331,-0.47424626,-0.43562827,-0.38616255,-0.27204433,-0.24557585,-0.13666454,0.013251232,0.27685133,0.21588702,0.21393444,0.24691157,0.26990876,0.42611623,0.5337258,0.54826176,0.70229965,0.7719422,0.9511468,1.0776315,1.0696042,1.1581217,0.9773984,0.8342082,0.8040515,0.8773822,0.80904144,0.8949556,0.96286243,0.80947536,0.8409338,0.7660844,0.65391874,0.571042,0.58861536,0.4530186,0.1900694,0.010213864,-0.0095290225,0.046445318,0.1564414,0.09742969,0.07117817,-0.20999525,-0.29916367,-0.27052566,-0.21129699,-0.19524233,-0.20587312,-0.106073916,-0.12473202,-0.0941414,0.13084073,0.019542923,0.07096121,0.11391826,-0.014085073,-0.04532657,-0.144041,-0.11388428,-0.14707837,-0.2568575,-0.22192778,-0.19394061,-0.08112411,-0.03751619,-0.2909194,-0.37943697,-0.3510159,-0.37119266,-0.4095937,-0.35361934,-0.2852786,-0.3692401,-0.28788203,-0.22930425,-0.31890658,-0.27377996,-0.16595343,-0.11258255,-0.16161434,-0.066154234,-0.0075764298,0.029305888,0.057726964,0.13279334,0.09005323,0.101117924,0.062066063,0.0594626,0.06423561,0.01411905,0.06748993,0.018458148,0.08484632,0.24647766,0.26470187,0.3033198,0.29550943,0.21892439,0.2866143,0.22261263,0.2540711,0.29984853,0.2846617,0.15275317,0.28249216,0.31026235,0.47384626,0.48230752,0.48664662,0.5801541,0.56323165,0.58687973,0.43891653,0.48491094,0.4794871,0.34106997,0.24647766,0.25884408,0.16533656,0.16794,0.1809573,0.07790376,0.08571414,0.13756634,0.105023116,0.04297404,0.031475436,-0.019942854,-0.08090716,-0.06810683,-0.050750434,-0.11648774,-0.18829978,0.035380624,0.1401698,0.24864721,0.2601458,0.23237559,0.13843416,0.002837401,0.05967956,0.023231154,-0.14382404,-0.25577274,-0.3720605,-0.4709919,-0.43953347,-0.53759706,-0.44365564,-0.3763996,-0.3629484,-0.29872978,-0.3115301,-0.2794208,-0.17246209,-0.047062203,-0.080690205,0.18898463,0.07399857,-0.018641125,0.047530092,0.083327636,0.008261271,-0.034695778,0.03386194,0.02583461,-0.04641134,-0.04641134,-0.1329763,-0.11713861,-0.09132099,-0.058994725,0.0011017625,-0.033177096,-0.1373154,-0.04532657,-0.2789869,-0.3705418,-0.42846876,-0.4768497,-0.45623899,-0.40785804,-0.4759819,-0.6117956,-0.62047374,-0.5710081,-0.45211688,-0.4662189,-0.38225737,-0.25078276,-0.29851285,-0.32020828,-0.40915978,-0.47034106,-0.59118485,-0.5239289,-0.35253456,-0.24210459,-0.29178724,-0.37010792,-0.32346264,-0.33626294,-0.2659696,-0.29026854,-0.37162662,-0.38594562,-0.27095956,-0.25577274,-0.13037285,-0.17224513,-0.13449499,-0.13427804,-0.09587704,-0.07136115,-0.11149778,-0.20695789,-0.087198846,-0.123864196,-0.054221712,0.055774372,0.08072418,0.19288981,-0.014085073,0.09048714,0.16663828,0.18681508,0.23063995,0.15752618,-0.18569632,-0.22930425,-0.6074565,-0.85001194,-0.8636801,-1.2906471,-1.6217202,-1.6251916,-1.7156616,-1.7892092,-1.8221865,-1.6701012,-1.6310493,-1.5000086,-1.4546651,-1.5175819,-1.603279,-1.3895786,-1.5670476,-1.7200007,-1.6531787,-1.7866058,-1.7484218,-1.7790124,-1.8449667,-2.1118212,-2.1818976,-2.1155095,-2.0792778,-1.9883739,-1.9315317,-1.7733716,-1.8842356,-1.7965858,-1.5995909,-1.6373409,-1.5985061,-1.7390927,-1.823922,-1.613042,-1.4462037,-1.4705027,-1.6581687,-1.853428,-1.7889924,-2.0274258,-1.8770761,-1.9896755,-1.7540627,-1.8156779,-1.7469032,-1.8571163,-1.9451997,-1.9358709,-2.0282936,-1.9371725,-2.0864375,-2.1584666,-2.0673454,-1.9825159,-1.7464693,-1.742781,-0.87908393,-1.0385457,-1.1155647,-1.1455045,-1.0936522,-1.2168826,-1.1387788,-1.0188029,-1.0667498,-1.0680516,-1.1294497,-1.2539818,-0.9671676,-0.7658335,-0.6354436,-0.47337842,-0.6089752,-0.6803533,-0.47337842,-0.3481955,-0.39657637,-0.41827187,-0.4883483,-0.56992334,-0.8871113,-0.94655687,-1.1340059,-0.8986099,-0.9433026,-0.8228926,-1.0316032,-1.0916996,-1.0758619,-1.0949539,-1.1418161,-1.1463722,-1.1255447,-1.1051508,-1.2173165,-1.3459706,-1.3090883,-1.2620091,-1.3043153,-1.4572685,-1.4028128,-1.2500767,-1.1730577,-1.1320533,-1.0060025,-1.1645964,-1.1366092,-1.2398798,-1.4661636,-1.6312662,-1.5308162,-1.1005948,-1.132487,-1.0621938,-1.1003778,-1.0864927,-0.65779,-0.6757973,-0.7139813,-0.76561654,-0.6992284,-0.61635166,-0.55386865,-0.57165897,-0.47468016,-0.56363165,-0.36121276,-0.52175933,-0.7335073,-1.0541664,-0.9200884,-0.7330733,-0.5614621,-0.6597426,-0.9374448,-0.97324234,-0.85847324,-0.71766955,-0.9708558,-1.2871759,-1.4663806,-1.1632947,-1.28262,-1.1485418,-1.1888953,-1.1177342,-1.2151469,-1.3405467,-1.1546165,-1.15223,-1.2335881,-1.1765289,-0.9862596,-1.2105908,-1.334906,-1.1635116,-1.0135959,-0.7510806,-0.73893106,-0.6697225,-0.60593784,-0.47012413,-0.56384856,-0.71658474,-0.73545986,-0.8929691,-1.0259624,-1.2945523,-1.3366416,-1.1971397,-0.8680192,-0.6235112,-0.38334215,-0.37856916,-0.47901922,-0.34016815,-0.15185137,-0.03165841,0.10979612,0.14993276,0.20807666,0.21675485,1.8901272,1.8415294,2.236387,1.8237392,1.6972544,1.5957196,1.3807173,1.4243253,1.3420994,1.2789656,1.233405,1.4857235,1.4920151,1.4186845,1.3381943,1.3288652,1.3512115,1.4186845,1.4338714,1.2670331,1.2546666,1.2462053,1.2216895,1.050946,0.8721753,0.9199053,0.88888085,0.98759526,1.0251284,1.060492,1.2876438,1.252931,0.97436106,0.8730432,0.63569456,0.49120265,0.72269344,0.5701742,0.043190997,0.48946702,0.5270002,0.30180115,0.60965997,0.5543365,0.384027,0.30158418,0.1156539,0.31894058,0.43002144,0.46994105,0.59295446,0.8357269,0.92945135,0.81511617,1.0982422,1.0296844,0.85178155,1.0724245,1.1006287,0.7665183,0.8535172,0.9520147,1.0615768,1.2924167,1.4119588,1.4542651,1.1943532,1.1249276,1.0978082,1.1155987,0.9268479,0.6304876,0.25493887,-0.15705828,-0.1234303,-0.12603374,-0.10347046,-0.14989878,-0.5057047,-0.43085524,-0.52544755,-0.4879144,-0.38572866,-0.26727134,0.036682352,0.04687923,0.21675485,0.17097738,0.25038284,0.63981664,1.127748,0.93943125,1.247941,1.247941,0.91968834,0.94138396,1.0277319,1.022308,0.9066711,1.0390135,0.9478925,0.8719584,0.87673134,0.9873783,1.1754782,1.0303354,0.6662852,0.40160033,0.10328747,-0.15098356,0.340853,0.35256857,0.44781166,0.4109294,0.54066837,0.71401525,0.95917416,1.373124,1.7996571,1.4126098,1.3026137,1.7295808,1.6625416,0.85612065,1.2195199,0.06033042,0.47775143,0.48946702,0.67431253,1.1518301,0.93596005,1.157254,1.4475394,1.6838033,1.7423811,1.5783632,1.7812159,1.8235221,2.0370057,2.905042,2.764455,2.7093487,2.5093162,2.265893,2.4121206,2.399754,2.313189,1.82439,1.9884077,2.2587335,2.141578,1.9753904,2.1088178,2.457681,2.5824301,2.5117028,2.8664238,3.0514863,3.0362995,2.8475487,2.7084808,2.8623018,2.8306262,2.8473318,3.1625671,3.1137524,3.018726,2.8714137,2.85601,3.1124506,3.129807,3.1224306,3.225918,2018-04-17
HI_ESE,0.25570524,0.24479724,0.31853506,0.23127137,0.06547046,-0.010885248,0.054562494,0.06765205,0.034928173,-0.05888026,0.026201805,1.1519029,0.98392045,1.0105358,0.81811947,0.9101826,0.8512797,0.8949115,0.9952646,0.90800107,0.72649264,0.77666926,0.746127,0.59777874,0.5672365,0.74176383,0.82248265,0.82466424,0.88138556,0.85738814,0.7853956,0.8115747,0.7356553,0.8333906,0.8770224,0.9533781,0.96864927,1.0035547,0.90320146,0.83164537,0.9058194,0.8730955,0.75092643,0.78146875,0.6021419,0.6239578,0.49960715,0.5148783,0.25308728,0.32726142,0.23345299,0.19636592,0.14182614,-0.12389169,-0.31369013,-0.30496377,-0.3529588,-0.47730947,-0.5253045,-0.32023492,-0.5078518,-0.6038417,-0.46029302,-0.41666123,-0.3817558,-0.3795742,-0.51657814,-0.38786423,-0.41011646,-0.40793487,-0.28794736,0.21818183,0.42761463,0.41234347,0.746127,0.49742556,0.39270914,0.24436094,0.36653003,0.18327637,0.10910227,-0.03488275,-0.18104938,-0.6391836,-0.7482631,-0.6217308,-0.3839374,-0.53446716,-0.4973801,-0.5977333,-0.791895,-0.78753173,-0.828982,-1.0122356,-0.8638875,-0.95987755,-0.8813402,-0.9206088,-0.828982,-0.6828154,-0.67408895,-0.6413652,-0.69154173,-0.70899445,-0.88788503,-0.9031561,-1.0776834,-1.0056909,-0.89442974,-0.7504447,-0.67845213,-0.508288,-0.4035717,-0.50392485,-0.4297508,-0.28751102,-0.052335482,-0.063243434,-0.16795982,-0.35993987,-0.36822993,-0.36212146,-0.31848964,-0.3507772,-0.31848964,-0.143526,-0.08724095,-0.13523597,-0.18323097,0.31417188,0.36653003,0.377438,0.5873071,0.58468926,0.6261394,0.8770224,1.1431766,0.8835672,0.96864927,0.9664676,1.0013732,0.74176383,0.5039703,0.48215443,0.639229,0.1575336,0.29061067,0.06372518,0.25134203,0.18589428,0.30151862,0.16189678,0.513133,0.35605842,0.29933703,0.19680224,0.14226246,0.00045902768,0.044090856,0.037546083,-0.06062553,0.08510477,0.09601273,0.07856,-0.023974797,-0.017430022,0.013112257,0.29235595,0.48215443,0.46252006,0.49306238,0.5214231,0.63050264,0.62832105,0.5759629,0.57159966,0.6370474,0.7347827,0.8438623,0.7151484,0.6387927,0.5318947,0.49917087,0.20247437,0.28319326,0.054126177,0.019220712,0.11739232,-0.1574882,-0.013503157,-0.05059021,-0.102948405,0.021838622,-0.026592707,-0.2316623,-0.7766238,-0.97078544,-0.9576959,-0.70681286,-0.49301693,-0.4450219,-0.51963234,-0.41666123,-0.33376077,-0.2530419,-0.23122597,-0.20941006,-0.0479723,-0.23340759,-0.09378572,0.032746583,0.22254501,0.14618933,0.10910227,0.076378405,0.12873659,0.21163708,0.24872412,0.21163708,0.24654253,0.26835844,0.31635347,0.31199026,0.3032639,0.23563458,0.11608337,-0.09989417,-0.16752352,-0.19806579,-0.34205082,-0.26569512,-0.15225238,-0.13916282,0.07463314,0.2098918,0.08990427,0.054998815,-0.01263052,-0.040991206,-0.11298373,-0.0017225638,-0.09989417,0.08990427,0.29715544,0.3037002,0.4956803,0.57421756,0.48040912,0.47604594,0.42586935,0.43895894,0.4825907,0.40187183,0.44114053,0.5480385,0.45204848,0.39969024,0.36696637,0.41932458,0.37351114,0.43023252,0.41496137,0.5502201,0.5065883,0.48913553,0.4607748,0.561128,0.45423007,0.5153146,0.4324141,0.5371305,0.39969024,0.6418469,0.5676728,0.5305857,0.51749617,0.41932458,0.3604216,0.3800559,0.2862475,0.22516292,0.24261566,0.15578832,0.13615401,0.13789928,0.13571768,0.22298133,0.18371269,0.09426746,0.21643656,0.3124266,0.3364241,0.25134203,0.2845022,-0.33114287,-0.2220633,-0.19152102,-0.034446433,0.09644905,0.046272445,-0.110802144,0.09863064,0.15971519,0.2888654,0.24523357,0.39576337,0.35213155,0.3150445,0.32377085,0.2888654,0.32158926,0.35213155,0.3434052,0.39794496,0.38485542,0.44812158,0.4764823,0.42630565,0.46993753,0.29104698,0.21687289,-0.07982353,0.13615401,-0.17145038,-0.110365815,-0.0645524,-0.09727627,-0.17799515,-0.23471652,-0.22555386,-0.07938721,-0.0008499272,0.103866465,0.12568235,0.14095351,0.086413726,0.07768737,0.034055535,-0.046663344,-0.12738223,-0.1382902,-0.19282997,-0.34990454,-0.40880752,-0.50043434,-0.5353398,-0.37390205,-0.4349866,-0.5811532,-0.7578621,-0.7600437,-0.790586,-0.8669417,-0.85821533,-0.9585686,-0.934571,-0.6902328,-0.66841686,-0.62914824,-0.66623527,-0.51570547,-0.6422378,-0.6029691,-0.5462477,-0.66841686,-0.66841686,-0.52225024,-0.4633473,-0.5135239,-0.587698,-0.6029691,-0.7404094,-0.67932487,-0.5789716,-0.62914824,-0.5898796,-0.66841686,-0.58377117,-0.5484293,-0.5466841,-0.5401393,-0.63612926,-0.46814677,-0.70332235,-0.7670248,-0.8041119,-0.8281094,-0.9001019,-0.7539353,-0.9018472,-0.59860593,-0.32547072,-0.30365482,-0.83814466,-1.5030937,-1.5881759,-1.4725515,-1.2081426,-1.2299585,-1.0837919,-0.9834387,-0.96598595,-0.98780185,-1.1230605,-1.323767,-1.4328465,-1.1230605,-1.1208789,-1.3543093,-1.0161626,-0.88090396,-0.8416352,-0.9201726,-0.54712033,-0.6212945,-0.55584675,-0.66710794,-0.5449388,-0.45331198,-0.38568264,-0.36822993,-0.45331198,-0.3551404,-0.2678767,-0.34205082,-0.1217101,-0.3267797,-0.23733445,-0.054080755,0.0026406192,-0.11734691,-0.29405582,-0.4205881,-0.38786423,-0.5449388,-0.4489488,-0.42713287,-0.45985675,-0.47730947,-0.5056702,-0.44240403,-0.29187423,-0.5296677,-0.6911054,-0.92671734,-1.1492397,-0.94635165,-1.4502993,-1.2539561,-1.3783067,-1.1928715,-0.3010369,-0.4035717,-0.26831305,-0.22249961,-0.16577823,-0.23951603,-0.24387921,-0.53839403,-0.46203834,-0.38786423,-0.48167264,-0.38131946,-0.27442148,-0.37521103,-0.16097873,-0.14614393,-0.22904438,-0.3817558,-0.14614393,-0.18104938,-0.34685034,-0.36866626,-0.26613146,-0.38611898,-0.5514836,-0.6256577,-0.9354437,-0.6976502,-0.8939935,-0.99870986,-1.0445232,-1.147058,-1.2539561,-1.1121526,-1.2888615,-1.2714088,-1.3412197,-1.4023043,-1.3521277,-1.5026574,-1.3630357,-1.3783067,-1.4175755,-1.262246,-1.4524808,-1.4132123,-1.2561376,-1.2866799,-1.1819636,-1.088155,-1.1710556,-1.054995,-0.9917288,-1.2775172,-1.2229774,-1.092082,-1.2949699,-1.2207959,-1.2447933,-0.7168482,-0.20461057,-0.21551852,-0.31369013,-0.40749857,-0.40531698,-0.45331198,-0.37913787,-0.51221496,-0.63220245,-0.7718243,-0.6256577,-0.7652795,-0.90271986,-1.0925182,-1.1732371,-1.3063142,-1.147058,-1.2910432,-1.2600645,-1.1422585,-1.262246,-1.1841451,-1.2910432,-1.3669624,-1.609119,-1.3451465,-1.5589424,-1.3080595,-1.2164327,-1.262246,-1.2186142,-1.246975,-1.3015147,-1.3953232,-1.593848,-1.4847685,-1.4345919,-1.4345919,-1.4454998,-1.5109476,-1.4891317,-1.5894847,-1.5611241,-1.7814649,-1.7683753,-1.7029276,-1.5763952,-1.7291067,-1.7225618,-1.7640122,-1.892726,-2.007914,-2.12572,-2.206439,-2.1606255,-1.8355682,-1.8512758,-1.940721,-2.1060858,-1.988716,-1.9581738,-1.9385394,-1.8316414,-1.5785768,-1.668022,-1.4891317,0.05019931,-0.06760662,0.30980867,0.08292318,-0.08505935,-0.12214641,-0.43411398,-0.6064597,-0.6020965,-0.48865375,-0.47120103,-0.43847713,-0.36430305,-0.59337014,-0.6566363,-0.62827563,-0.53883034,-0.63438404,-0.73081034,-0.8049845,-0.81371087,-0.73081034,-0.5842074,-0.53403085,-0.63438404,-0.5078518,-0.44458562,-0.44022238,-0.57329947,-0.5401393,-0.33332446,-0.43367767,-0.4511304,-0.35252246,-0.41360703,-0.317617,-0.40706226,-0.61213183,-0.70550394,-0.40269905,-0.40924385,-0.6208582,-0.4441493,-0.48341793,-0.48341793,-0.4441493,-0.5139602,-0.52268654,-0.49432588,-0.30234587,-0.39615428,-0.24126129,-0.23035334,-0.15836084,-0.10163944,0.15578832,0.17324106,0.20116542,0.2797027,0.12306446,0.105611734,0.17978583,0.20160176,0.39750865,0.48040912,0.24479724,0.08990427,0.05063563,0.11172019,0.02227494,1.3443193,1.3818427,0.6252668,0.38529176,0.46819222,0.5358216,0.9895925,0.71907526,0.89403886,1.0685661,0.91105527,0.9437792,1.5960749,1.5611695,1.825142,1.7531495,1.7025366,1.3469372,1.5890938,1.7461684,1.8247057,1.8159794,1.9054246,2.058136,1.9686908,2.0079594,2.0406833,2.079952,2.0123227,1.9076062,1.9861435,1.9970515,1.8487031,1.5476435,1.5192829,1.4411819,1.1728462,1.3691894,0.8892394,0.503534,1.2688363,1.2470204,1.3844606,1.3190128,1.4499083,1.4259107,1.5655327,1.6418884,1.6397067,1.5306271,1.5410988,2.169397,1.7941635,1.1113253,1.74835,1.1968437,1.1527755,1.4298376,1.297197,1.6174545,1.5415351,1.6593411,1.8905898,1.6479968,1.8268872,1.6610863,1.8007082,1.8229604,1.7985266,1.8617928,1.7941635,1.759258,1.8094345,2.0166857,2.0908597,2.0624993,2.7060688,2.3138185,2.3770845,2.3853748,2.3068376,2.3373797,2.202121,2.3701036,2.4530041,2.5664468,2.509289,2.6035337,2.6161869,2.7558088,2.8129666,2.7012691,2.8321648,2.6428025,3.015418,2.8932493,2.9216099,3.3230228,3.0223994,3.1118445,3.2121978,3.3910882,3.6376083,2018-04-17
LHX_ESE,0.00788307,-0.075479984,-0.031171473,0.20805947,0.19387375,0.20867245,0.13634275,0.025221184,-0.0031502754,0.004555553,0.0049933842,-0.013045261,-0.09886017,-0.1464962,-0.1076168,-0.13765202,-0.12548031,-0.08502471,-0.10700383,0.0060441787,-0.0028000108,0.06068551,-0.0073534553,0.058321223,0.097901165,-0.018211668,-0.096408315,-0.020313257,0.013487309,0.018916417,-0.0045513352,-0.059017535,-0.11558533,-0.04237995,0.0037674573,0.016639693,0.029687062,-0.020225693,-0.05472679,-0.06567257,-0.09842234,-0.14824753,-0.18826531,-0.16041924,-0.09159218,-0.15227558,-0.17066449,-0.028456917,-0.1332737,-0.0089296475,0.069004305,0.20446928,0.13345306,-0.02582993,-0.08852736,0.057095297,-0.034849253,-0.0593678,-0.050436042,0.0754842,0.051315926,0.12548453,0.19098407,0.16515203,0.15735865,0.19361106,0.1522798,0.18844464,0.23590556,0.2855556,0.31707945,0.36068746,0.30149266,0.38012716,0.5770636,0.535207,0.4496548,0.36672956,0.359374,0.34457526,0.344225,0.31707945,0.1973764,0.091859095,0.039406914,0.10893451,0.26357648,0.12241971,0.07662257,0.075046375,-0.045707468,-0.01794897,-0.12644354,-0.008491817,0.06488869,0.017778054,-0.027581256,0.0033296258,-0.103501186,-0.14045413,-0.09430673,-0.1351126,-0.14991128,-0.14535785,-0.14807239,-0.21541084,-0.31348503,-0.36313504,-0.28957942,-0.14430705,-0.015584682,0.024520654,-0.18555075,-0.18581344,-0.29789823,-0.32723293,-0.23852831,-0.11243294,-0.16654886,-0.18677667,-0.24518335,-0.18782747,-0.28791568,-0.2715408,-0.33380038,-0.28870377,-0.22110265,-0.2710154,-0.20420235,-0.016372778,0.045448985,0.10000275,0.0061317454,0.15192953,0.09641253,0.14781392,0.24466217,0.2881826,0.3129638,0.36795548,0.5057847,0.2536815,0.16523959,0.27837518,0.28012648,0.26471484,0.17338327,0.10534429,0.027235208,-0.037038412,-0.0062150946,0.059196886,0.11261229,0.10087841,0.12767367,0.1288996,0.17986315,0.27119473,0.2630511,0.2386201,0.2531561,0.22207008,0.3076223,0.37338457,0.41313964,0.53240484,0.6143668,0.732231,0.787748,0.9136682,0.75893867,0.7908128,0.80202127,0.897556,1.1284682,1.206227,1.2189242,1.3092924,1.4247049,1.5002744,1.6207657,1.3999236,1.2493097,1.3086795,1.4000111,1.2420416,1.2833729,1.3227776,1.2793448,1.2929176,1.2914289,1.1972077,1.2145457,1.311394,0.67417455,0.53468156,0.5239985,0.28257835,0.008408467,0.116727896,0.12329537,0.13152659,-0.060418595,-0.027668823,0.025221184,0.062174134,0.14851445,0.28406698,0.20534493,0.19107163,0.16121155,0.24238545,0.29159766,0.32907602,0.3550832,0.29807758,0.32811278,0.12907474,0.16173695,0.25613335,0.26891804,0.2881826,0.22714894,0.15604514,0.16725361,-0.10700383,-0.20639153,-0.23826562,-0.14097953,-0.159456,-0.18178539,-0.14640865,-0.306217,-0.22880846,-0.29448313,-0.32784587,-0.26357228,-0.36269724,-0.2346754,-0.2637474,-0.1955333,-0.21383463,-0.1908923,-0.14912319,-0.18940367,-0.22075237,-0.20087484,-0.19640896,-0.10752923,-0.10280065,-0.109368116,-0.098072074,-0.17670655,-0.10315092,-0.017861404,-0.035462216,-0.0035005405,-0.2821363,-0.42933512,-0.36777604,-0.48371378,-0.3790721,-0.38879198,-0.4316994,-0.4760079,-0.40289012,-0.34352025,-0.16978882,-0.1669867,-0.16059437,-0.15131235,-0.19299388,-0.25647938,-0.26041988,-0.23450027,-0.28126064,-0.42092878,-0.41768882,-0.3879163,-0.40604252,-0.4185645,-0.34877422,-0.40499172,-0.4426452,-0.33467606,-0.28485087,-0.2746932,-0.2824866,-0.23432516,-0.19544575,-0.17232825,-0.065497436,-0.10236283,-0.1991235,-0.09491969,-0.18064703,0.0023663973,0.0900202,-0.010856105,-0.10551521,-0.21024443,-0.06821199,-0.1262684,-0.17600602,-0.2567421,-0.30936942,-0.29544637,-0.25639182,-0.35035038,-0.34168133,-0.28047255,-0.27399263,-0.22565608,-0.21970159,-0.253327,-0.24369472,-0.33572686,-0.3169001,-0.20131268,-0.39737347,-0.18896583,-0.19982405,-0.16523537,-0.22311667,-0.21593624,-0.1351126,-0.13336127,-0.24798548,-0.28896648,-0.34448346,-0.37504405,-0.37740836,-0.35507894,-0.32022762,-0.30218896,-0.37478137,-0.37775862,-0.41007057,-0.3936081,-0.30779323,-0.28686488,-0.20866822,-0.2715408,-0.3089316,-0.31514877,-0.39115626,-0.38563955,-0.32915938,-0.34430832,-0.41628778,-0.38563955,-0.44334576,-0.48108676,-0.58774245,-0.6343277,-0.7208432,-0.6902825,-0.5651504,-0.50026375,-0.42951027,-0.47364363,-0.51882786,-0.5260958,-0.4711918,-0.4830132,-0.53835505,-0.47916034,-0.2891416,-0.3462348,-0.3158493,-0.35271466,-0.42907244,-0.44150683,-0.3998253,-0.34527156,-0.22854576,-0.2749559,-0.24220611,-0.2284582,-0.2375651,-0.13064672,-0.30113816,-0.17696925,-0.3744311,0.012699213,0.16480176,0.16488934,0.26935586,0.39308694,0.11988028,0.17627294,-0.043168046,-0.32451838,-0.22215343,-0.72294474,-1.0065718,-1.0401098,-1.1493047,-1.2054347,-1.3869596,-1.3398489,-1.2908118,-1.2884475,-1.153508,-1.2794282,-1.2809168,-1.0483409,-1.1005304,-1.2767136,-1.2980798,-1.4963297,-1.5091143,-1.4653312,-1.3768018,-1.3181325,-1.4389739,-1.4634923,-1.5824072,-1.630306,-1.5905509,-1.5151564,-1.6697109,-1.6269785,-1.5066625,-1.588712,-1.5177834,-1.6249644,-1.653336,-1.4527217,-1.2792531,-1.4232994,-1.676541,-1.8276803,-1.6985201,-1.9033376,-1.762706,-1.7916906,-1.6858231,-1.6513219,-1.5184839,-1.5399377,-1.6695358,-1.6326704,-1.6679596,-1.597819,-1.7812701,-1.8410779,-1.4744381,-1.6102533,-1.4153309,-1.4268022,-0.6276727,-0.8800386,-0.8822277,-0.8282869,-0.67233145,-0.8487774,-0.78108877,-0.68914413,-0.6836275,-0.66550124,-0.65849596,-0.6223311,-0.61059725,-0.4799484,-0.5641871,-0.40157664,-0.5270591,-0.6166393,-0.44623542,-0.25034976,-0.3624345,-0.38949248,-0.40437874,-0.4771463,-0.69334733,-0.76488894,-0.9782879,-0.7399326,-0.6877431,-0.6170771,-0.77583474,-0.87215763,-0.85192984,-0.8269735,-1.0083232,-0.9894964,-1.0568348,-0.9529813,-1.0578856,-1.170058,-1.1350315,-1.1088492,-1.136345,-1.2451898,-1.0617385,-0.9001788,-0.8656777,-0.91068673,-0.9661162,-1.0795145,-1.0915986,-1.1153291,-1.3017576,-1.5007956,-1.301057,-1.1463275,-1.4114779,-1.3609524,-1.3190957,-1.2782898,-0.9639271,-1.2083244,-1.1857324,-1.1958025,-1.1406357,-1.162002,-1.0479031,-1.0751362,-0.94256085,-0.9590233,-0.9020177,-0.9622633,-1.068306,-1.1222467,-0.98257864,-1.0688314,-0.91515267,-0.85122925,-0.91305107,-0.9774122,-0.97898847,-0.9621757,-1.0889716,-1.2775893,-1.7057881,-1.4546481,-1.5938784,-1.4602524,-1.505962,-1.3759263,-1.3190957,-1.2418623,-1.0800399,-1.1845939,-1.2897611,-1.3012322,-1.3346825,-1.4324063,-1.4553487,-1.4886239,-1.5246135,-1.4317933,-1.3014948,-1.2545594,-1.1033325,-1.1022817,-1.024698,-1.1242608,-1.1310035,-1.4025463,-1.4070122,-1.6043864,-1.7211998,-1.6793431,-1.6250521,-1.5333701,-1.3381851,-1.4552611,-1.5218115,-1.4342452,-1.2789028,-1.1818794,-1.1387092,-1.1749617,-1.1104254,-1.1489545,0.406397,0.399742,0.7687461,0.45543414,0.42294705,0.41287696,0.40613434,0.32776254,0.35298163,0.43021506,0.43905923,0.4487791,0.47609973,0.6007065,0.54168683,0.6176068,0.57049614,0.5082366,0.6070989,0.5115641,0.56138927,0.5217218,0.5540337,0.49475136,0.36296418,0.47750083,0.62294835,0.6084999,0.6342444,0.5976417,0.7663818,0.7060486,0.5574488,0.56532973,0.21138701,0.16024832,0.31068712,0.17618538,0.049827296,0.31742972,0.40858617,0.3120006,0.5336308,0.5297779,0.5432631,0.5931758,0.49422598,0.41550392,0.6232986,0.5047339,0.62032133,0.6749627,0.7923889,0.7120031,0.7807427,0.7059611,0.7228614,0.9824953,1.2775935,0.9010587,0.81515616,1.0644573,1.0490456,1.2632326,1.5746182,1.3762807,1.305965,1.3226025,1.3710266,1.4517628,1.3697132,1.0719879,0.7252256,0.4505304,0.3501795,0.47426087,0.50201935,0.41200125,0.2957133,0.38038984,0.34921625,0.2827535,0.5099879,0.64413935,0.8913388,0.86760837,0.92907983,0.7944906,0.89090097,1.0584152,1.2477334,1.006576,1.1083279,1.0524607,1.0611297,1.1801323,1.1796068,1.2432675,1.1327589,1.0890634,1.1223385,1.1396767,0.9808315,1.0493083,1.2732152,1.1277677,0.96095395,0.73354447,0.6292531,0.2824908,0.88258225,0.8322316,0.68906087,0.5534208,0.65604836,0.75797546,0.7485183,0.9310063,1.1517608,1.9809256,2.338371,2.246689,2.2603495,1.5478231,1.8037791,1.1897645,1.4946703,1.8167388,1.6691898,1.9627994,1.8629738,1.8447601,1.924708,2.1193678,2.250542,2.1420474,2.2264614,2.1848674,2.3282132,2.4921372,2.2183177,2.114464,2.0364425,1.9592092,2.036968,2.0633254,2.1768112,2.0552695,2.11569,2.2496665,2.261225,2.0693674,2.081977,2.4046586,2.503083,2.382592,2.85291,2.9163957,3.0992339,3.0536995,3.017272,3.2493222,3.0785682,3.1407402,3.3334737,3.2882016,3.4241922,3.1860993,3.1057136,3.169024,3.0823336,3.264121,3.259743,2018-04-17
WIRE_FAST,2.2510073,2.4502125,2.2660806,1.7831414,1.828657,1.7999882,1.9465841,1.7742746,2.04796,1.773388,1.718119,1.5724096,1.6915188,1.6631453,1.6037385,1.7408767,1.7438323,1.9347619,1.8777195,1.8481637,1.5605873,1.7476746,1.6205852,1.6223586,1.6412742,1.6678743,1.7979193,1.7012722,1.927964,1.9090484,1.8126969,1.9888487,1.9140729,1.7535857,1.6046252,1.5484694,1.6066941,1.558814,1.5378294,1.577434,1.590143,1.4580292,1.5458095,1.6344764,1.6155608,1.6619632,1.755359,1.561474,1.650141,1.5251205,1.3888689,1.6303385,1.3782289,1.2363617,1.6202897,1.2520263,1.3111376,1.287493,1.07085,1.2440462,1.6046252,1.2360662,-0.36200804,-0.55618864,-1.044448,-1.1470062,-1.0367635,-1.2386286,-1.2631599,-1.4345827,-1.3006955,-1.2761643,-1.2279887,-1.0949882,-1.0958749,-1.3677869,-1.0988305,-1.1068105,-1.0565659,-1.1085838,-1.204344,-1.2182354,-1.1611929,-1.088486,-1.3595113,-1.4854184,-1.554283,-1.3562603,-1.0932149,-1.1990242,-1.3001045,-1.0036612,-0.9681945,-0.90701425,-0.8026828,-0.9040587,-1.0527236,-1.1307505,-1.0379459,-0.7444582,-0.66672677,-0.86090744,-0.91410756,-0.8759808,-1.0946927,-0.9823811,-0.88957644,-0.8514496,-0.7388426,-0.6277133,-0.3874259,-0.08388932,0.3703811,0.19216047,0.312452,0.5078149,0.42890126,0.23590283,0.18831825,0.26723182,0.64938647,0.6029841,0.85923165,0.83647376,0.6620954,0.5341194,1.9294418,1.7914169,1.4713292,1.8851084,1.7589058,1.7373301,1.6557566,1.4961559,1.6992034,1.6058074,1.8410704,1.7996926,1.9158462,1.949244,1.987371,2.1126869,2.154065,1.9728887,1.9483575,1.9306241,1.8457993,1.7905303,1.8496416,1.9090484,1.8132882,1.7051145,1.6253142,1.7305323,1.6161519,1.5413761,1.0214921,0.89410734,0.66179985,0.60268855,0.51786375,0.20752943,0.4528413,0.63224417,0.3355054,0.43983686,0.5500794,0.36328772,0.17028928,0.3703811,0.055022255,0.041131094,-0.09364269,-0.2683166,-0.36791918,-0.2535388,-0.18969858,-0.47254616,-0.515993,-0.47343284,-0.67234236,-0.6203244,-0.6173688,-0.2765922,-0.119060546,-0.043398075,-0.24230763,-0.1710785,-0.15275401,-0.022413563,-0.10901162,-0.4852551,-0.24171652,-0.38240144,-0.42318824,-0.53549975,-1.2389243,-1.4833496,-1.5729032,-1.4085736,-1.5081763,-1.5516231,-1.5022652,-1.6459055,-1.7679704,-2.2024386,-1.6733924,-2.1332784,-1.8545685,-1.6467923,-1.6408812,-1.713588,-1.5539875,-1.5270919,-1.2808933,-1.1833596,-1.2395153,-1.1026727,-1.4464049,-1.4404938,-1.7094502,-1.2661154,-1.5545787,-1.9054042,-1.9958445,-1.943531,-1.7227503,-1.5049251,-1.3258178,-1.6665945,-1.6547723,-1.6686634,-1.401776,-1.4292626,-1.5208851,-1.467685,-1.6048232,-1.5220674,-1.3202024,-1.3872936,-1.3134044,-1.5486674,-0.9164721,-0.50269294,-0.3874259,-0.5065352,-0.49175736,-0.3026012,-0.6513578,-0.4633839,-0.21511643,-0.68889356,-0.521313,-1.088486,-1.0521325,-1.3092667,-1.083757,-1.1470062,-1.2454265,-1.3754714,-1.1736063,-1.5578297,-1.3468025,-1.4543849,-1.2631599,-1.3530091,-1.3725158,-1.5598986,-1.5578297,-1.5658097,-1.2052308,-1.2279887,-1.0633637,-0.9962723,-1.2061174,-1.0385369,-0.93597883,-0.8354895,-0.88987195,-0.929181,-0.69687355,-0.7154936,-0.5538242,-0.6643623,-0.78258497,-0.7166758,-0.895192,-0.92474765,-0.8863253,-0.80238724,-0.8573608,-0.86031634,-0.89992094,-0.73234034,-1.078437,-1.0341036,-1.1239527,-1.1000127,-1.0802103,-1.0949882,-1.1815863,-1.1561683,-1.1786307,-0.7196314,-0.63687557,-0.12467612,0.12654693,0.21521388,0.2565918,0.63874644,0.7815003,0.7705647,0.9567653,0.8039625,0.8335182,0.9310519,1.2020772,-0.37619475,-0.7208136,-0.8263273,-0.8520407,-0.75657594,-0.7651471,-0.80061394,-0.8343073,-0.74948263,-0.72968036,-0.717858,-0.7947027,-0.6557912,-0.75421154,-0.89903426,-0.7571671,-0.7757872,-0.50003296,-0.32861015,-0.4429905,-0.3738303,-0.34634355,-0.5038752,-0.5088996,-0.45392612,-0.36910138,-0.41550377,-0.33274794,-0.19501859,-0.25501657,-0.50062406,-0.71342474,-0.9439588,-1.1901574,-0.7536204,-0.7944072,-0.9321366,-0.8869164,-0.7873139,-0.61086655,-0.7341137,-0.8739119,-0.7686938,-0.78317606,-0.7468226,-0.7388426,-0.71904033,-0.581311,-0.5792421,-0.65283567,-0.9761745,-0.98711,-0.81982505,-0.58367544,-0.6351022,-0.56121314,-0.32772347,-0.3472302,-0.42111933,-0.6300778,-0.5857443,-0.5047618,-0.7187447,-0.8467207,-0.8712519,-0.96494335,-0.9696722,-0.8712519,-0.8419918,-0.8121406,-0.99420345,-0.8937142,-0.69155353,-0.67234236,-0.23964763,0.1906827,0.028422162,-0.17373851,-0.2003386,-0.21984534,-0.17078295,-0.21304753,-0.07502263,-0.17344296,0.17826931,-0.053151444,-0.21068308,-0.33865908,-0.38506144,-0.5869265,-0.42703047,-0.3534369,-0.24762765,0.054726698,0.10881354,0.36978996,0.1117691,-0.16900963,0.042608876,0.27136964,0.23472063,0.037879974,0.19541161,0.027831048,0.018077683,0.1117691,0.091671266,0.19038713,0.0059598647,0.43658572,0.6266286,0.38338557,0.1960027,-0.11137608,0.051180016,-0.05699368,-0.32772347,-0.23403205,-0.6744113,-1.2947844,-1.3784269,-1.3784269,-1.3340935,-1.0808015,-0.7805161,-0.70662695,-0.6031821,-1.0878948,-0.96494335,-0.9353877,-0.92060983,-0.6034777,-1.1026727,-1.0190302,-1.3609891,-1.1617839,-1.1668085,-0.9282943,-0.75096035,-0.7361826,-0.7290892,0.45402357,0.8450449,0.91893405,0.5553994,0.6018019,0.7395312,0.5013126,0.717069,0.44427022,0.24742955,0.013939891,-0.010886858,-0.17344296,-0.017980214,-0.06231369,-0.23462318,-0.18526521,-0.109307185,-0.0011334922,0.20309606,-0.0008379356,-0.46604395,-0.61382216,-0.3575747,-0.49264404,-0.20506752,-0.2839811,-0.41668597,-0.3676236,-0.25915435,-0.6011132,-0.8570652,-0.93006766,-0.7033758,-0.3587569,-0.2730455,-0.19442748,0.1457581,0.05709115,-0.07088483,0.2586607,-0.068224825,0.0866468,-0.031575814,0.63549536,0.72593564,0.9280963,0.91804737,0.6301753,0.70908886,0.6452487,0.58111286,0.38427222,0.32516092,0.18033822,0.042313322,0.16053592,0.2294006,-0.043398075,0.118862465,0.15817149,0.28614745,-0.11965166,-0.08329821,-0.10753384,-0.03364471,-0.12733613,-0.033940267,0.00063984713,-0.01413798,0.12359137,0.4410191,0.48535255,0.13570918,0.5964818,0.63785976,0.5491928,0.73834896,0.49037704,0.5985508,0.5592417,0.56426615,0.40171006,0.35235214,0.3768833,0.3157031,0.36978996,0.6281064,0.75105786,0.8397249,0.9283919,0.5885018,0.4410191,0.50515485,0.38309,0.40259674,0.45668358,0.26457182,0.22821838,0.50574595,0.37776998,0.5305727,0.6881044,0.6340175,0.79657364,0.66830206,0.8553894,0.64879537,0.5769751,0.6313575,0.7690869,0.9611986,1.059619,1.010261,0.2477251,-0.118765,-0.25442547,-0.2269387,-0.12851836,-0.1166961,-0.33540794,-0.5050574,-0.7069225,-0.6427867,-0.6575645,-0.4805262,-0.3179701,-0.3085123,-0.23905651,-0.26388326,0.04852001,0.21610056,0.11738469,0.32634315,0.34614542,0.6239686,0.6931288,0.46939254,0.26250294,0.25747848,0.1640826,0.33846095,0.26959628,0.31392977,0.44190577,0.77411133,1.0126255,1.0321323,0.35353434,0.3239787,0.33373204,0.47855476,0.13186696,0.43451685,0.4640725,0.537075,0.840316,0.75667346,0.7764758,0.7528312,0.77263355,0.7921403,1.0430678,1.0185366,0.71825117,0.64938647,0.6940155,0.39343446,0.29501417,0.38368112,0.28023633,-0.05935813,0.49687928,0.13038917,0.071277864,0.09580906,0.0071420907,0.27521187,0.37363222,0.5364839,0.181816,0.107926875,-0.2092053,-0.27806997,0.23590283,0.06654896,0.26043403,0.16201371,-0.13561171,-0.44062608,-0.30762562,-0.15511845,-0.08418488,-0.07413595,-0.2071364,-0.07413595,-0.16250737,-0.2343276,-0.50003296,-0.46752173,-0.9380477,-0.8348985,-0.17285185,-0.34013686,-0.58840436,-0.539342,-0.46545282,-0.3079212,-0.41639045,-0.2683166,-0.23669206,-0.43087268,-0.42111933,-0.48495957,-0.25146988,-0.25649434,-0.34013686,-0.34486577,-0.4090015,-0.15304956,-0.36466804,-0.46722615,-0.521313,-0.50151074,-0.44742388,-0.2505832,0.08162234,0.076893434,0.13600475,0.9727253,0.71677333,0.84681827,0.8222871,0.49717483,-0.19383636,-0.44003496,-0.42023268,-0.2825033,-0.17905854,0.032559954,0.35264766,0.13570918,-0.36614582,-0.28723222,-0.36082578,-0.66347563,-0.7403204,-0.4350105,-0.6711601,-0.7350003,-1.0698658,-0.6002265,-0.66111124,0.7634713,0.74366903,0.8293804,0.6818977,0.576384,0.61066854,0.5858418,0.6943111,0.62071747,0.6476131,0.60800856,0.7705647,0.98957205,1.2280862,1.1689749,1.1077946,1.0684856,1.3856179,1.5431495,1.7843236,1.789348,1.6344764,1.5138894,1.5653162,1.5730007,1.9099351,1.9022506,1.9049107,1.8558482,1.6049207,1.5715228,1.6055119,1.6055119,1.5809807,2.4375033,2.4670591,2.7575912,2.7989693,2.7428133,2018-04-17
MAS_FBHS,-0.320218,-0.07788744,-0.18866712,0.18348339,0.53717065,0.53140086,0.2913782,0.22329485,0.17771363,0.1707899,0.27695376,0.31676522,0.050778557,0.2325265,0.07558859,0.22040996,0.17021291,0.030007366,0.17829059,-0.052500427,-0.22386275,-0.14481682,-0.15462545,-0.117698886,-0.10038956,-0.28271446,-0.014419907,0.03577714,-0.093465835,-0.13673915,0.077896506,0.16444314,0.12405471,0.038662028,0.12520866,0.06174113,0.13674821,0.12174679,0.10155258,-0.2227088,-0.18462828,0.07443463,0.00288942,-0.32252592,-0.16674198,-0.2844454,-0.16789593,-0.27752167,0.011544083,-0.053654384,-0.09519677,-0.0017264006,0.10501444,-0.21463111,-0.27059793,-0.02538248,0.07962743,0.081358366,0.051355533,0.0265455,0.24118116,-0.5469702,-0.57755,-0.31156334,0.5844828,0.58275187,0.4483161,0.5400555,0.69295454,0.57929,0.5169764,0.72353435,0.5844828,0.3323436,0.13097844,0.05885624,-0.18232037,-0.2925231,-0.29310006,-0.1632801,-0.48350266,-0.1788585,-0.16443406,0.24175814,0.3294587,0.31157243,0.1604043,0.19156107,0.35599968,0.63467985,0.12751657,0.10328352,-0.024805503,-0.53485364,-0.5948593,-0.5463932,-0.7667986,-0.8475755,-0.66640455,-0.5844737,-0.628901,-0.5233141,-0.38657042,-0.42465094,-0.37906972,-0.21059227,-0.25501955,-0.054231357,-0.06634789,-0.036922034,-0.009227109,0.027699456,0.051932514,0.19848482,-0.020766659,-0.2913691,-0.30290866,-0.3381043,0.21867904,0.45177796,0.15636545,0.10328352,0.27406886,0.11597702,0.16098128,-0.54523927,-0.47254008,-0.56716436,0.1604043,0.37965578,0.013275016,0.051932514,-0.1528945,0.19444598,0.090013035,-0.02769039,-0.009804087,-0.12693053,-0.04326879,-0.056539267,-0.072694644,0.015005949,-0.028267367,0.1009756,-0.2302095,-0.3404122,-0.24001813,-0.5354306,-0.5723572,-0.5336997,-0.67044336,-0.58851254,-0.68140596,-1.0356702,-0.8193036,-0.9202747,-0.8510374,-0.96700984,-0.5971672,-1.0068213,-1.2231878,-1.222034,-1.3749329,-1.2895403,-1.5347558,-1.170106,-1.428592,-1.5601428,-1.940948,-1.9028674,-1.9334472,-1.8774804,-1.9028674,-1.6547672,-1.6663066,-1.4493631,-0.8210345,-0.39060926,-1.0177839,-0.9762415,-0.79795545,-0.21463111,-0.41599628,-0.07327162,-0.25963536,-0.56831837,-0.22617066,-0.21982391,0.073280685,0.12001587,0.45985565,0.41254348,0.19098412,0.31330335,0.32080406,0.48985848,0.45293194,0.3450371,-0.023651548,0.8689328,0.7731545,0.7870019,0.5948684,0.5550569,0.25445166,0.114823066,0.43966144,0.25156674,0.20310064,0.3306127,0.5094757,0.32541987,0.4223521,0.47947288,0.40100393,0.35369176,0.072703704,0.36984715,0.6837229,0.6912236,0.6467964,0.6392957,0.46389452,0.19675387,-0.21693902,0.07097277,-0.16039522,0.040969938,0.16502012,0.073857665,0.08020441,0.07039579,-0.2071304,-0.04961554,-0.22213182,-0.08769605,0.05424042,0.049047623,-0.27521375,-0.2561735,-0.36233738,-0.5585097,-0.5988982,-0.9145049,-0.7246793,-0.76795256,-0.9520084,-0.6156305,-0.731603,-0.49908105,-0.07154068,-0.3611834,-0.7177555,-0.47830984,-0.4673473,-0.37329996,-0.4183042,-0.36291435,-0.26194328,-0.30290866,-0.14943264,-0.38137764,-0.30925545,-0.07442557,-0.26771304,-0.1251996,-0.37272298,-0.22040088,-0.5642795,-0.55562484,-0.73218,-0.8008403,-0.8648848,-0.8037252,-0.8014173,-0.86373085,-0.7454505,-0.82565033,-1.0166299,-0.9445077,-0.8948876,-1.0247076,-1.1199089,-1.1285635,-0.807764,-0.74083465,-0.8268043,-0.9289293,-0.8700776,-0.7800691,-0.9998976,-0.97451055,-0.8873869,-0.61447656,-0.8550762,-1.0772126,-1.1620282,-1.0979837,-1.3633934,-1.3593545,-1.4874437,-1.5757211,-1.5053298,-1.5474492,-1.6034161,-1.268769,-1.2064556,-1.0443248,-0.9981666,-1.0945219,-1.091637,-0.98951197,-0.911043,-0.808341,-0.7177555,-0.1892441,0.064626016,-0.5544709,-0.5273529,-0.7281411,-0.5717802,-0.55793273,-0.7171786,-0.628901,-0.8112259,-0.9081581,-0.910466,-1.0033594,-1.0039364,-0.9589321,-0.92258257,-0.72756416,-0.9145049,-0.97797245,-0.9387379,-1.1274096,-1.1637591,-1.347815,-1.3166583,-1.3668553,-1.3247359,-1.244536,-1.3322366,-1.348969,-1.1066384,-0.9243135,-0.75468206,-0.44426817,-0.32887265,-0.35310572,0.050201576,0.10328352,0.44139236,0.3121494,0.28503144,0.31561124,0.33926734,0.115400046,0.14424893,0.2815696,0.32311198,0.40100393,0.36753926,0.6260252,0.5204383,0.9970218,0.9324003,0.9341312,0.9664419,1.1603063,1.0852994,1.1395352,1.2618545,1.1770387,1.325899,1.4239851,1.4591808,1.3362845,1.1476129,0.7033402,0.4685103,0.06693392,0.29772493,0.01673688,0.06924184,-0.1453938,-0.009804087,0.1886762,-0.27579072,-0.11135214,0.014428971,-0.13385426,-0.028267367,-0.16154918,-0.4367675,-0.3409892,-0.38887835,-0.34906688,-0.5365846,-0.017881772,-0.31387126,-0.2561735,-0.06288602,-0.049038563,0.09116699,-0.06980975,-0.06634789,-0.081926286,-0.12808448,0.1321324,0.032315277,0.09982164,0.44023842,0.51813036,0.18232946,0.2532977,0.19675387,0.4892815,0.6254482,0.59948426,0.3635004,0.38080975,0.37561694,0.58621377,0.6739143,0.7731545,0.9191298,1.0610663,1.1233798,0.7131488,0.8920118,0.7927717,0.8591241,0.73276603,0.71949553,0.8187357,0.735074,0.41254348,0.2094474,0.15001869,0.15925033,0.42812186,0.6698755,0.6871848,0.8273904,0.8498925,0.528516,0.6600669,0.6012152,0.6698755,0.9185528,0.96759593,0.43389165,0.47543404,0.3381134,0.21752508,0.17482874,0.45985565,0.3583076,0.4967822,0.51813036,0.5902526,0.41138953,0.2942631,0.10270654,0.15059568,0.122323774,-0.114814006,-0.096927695,-0.22097786,-0.23886417,-0.5798579,-0.7419886,-0.8937337,-0.8585381,-0.9485466,-0.7760303,-0.75814396,-0.8008403,-0.6623657,-0.6237082,-0.6364017,-0.8418057,-0.9346991,-0.9681638,-1.0702888,-1.1776066,-1.0362471,-1.2549216,-1.3299288,-1.3662783,-1.5393716,-1.7124648,-1.7263124,-1.554373,-1.7020793,-1.733813,-1.6928476,-1.8036273,-1.6691915,-1.6201485,-1.6091859,-1.5895687,-1.1066384,-1.0870211,-0.6121686,-0.54754716,-0.53600764,-0.68832964,-0.5233141,-0.5048508,-0.49273428,-0.46503937,-0.4904264,-0.6462103,-0.474848,-0.3646453,-0.31387126,-0.07038673,-0.064039975,-0.17539664,-0.3819546,-0.18058944,-0.18635921,-0.3254108,-0.33002663,-0.2665591,-0.2902152,-0.23597929,-0.24521093,-0.19039807,-0.18001246,-0.013265952,-0.18693618,-0.20366853,-0.33579642,-0.26309723,-0.3767618,-0.5371616,-0.22328576,-0.04730763,-0.18866712,-0.24117209,-0.22386275,-0.21578507,-0.56831837,-0.50600475,-0.6808289,-0.5735112,-0.5890896,-0.6063989,-0.81007195,-0.71198577,-0.809495,-0.77891517,-0.8285352,-0.8383438,-0.9589321,-1.069135,-0.9491235,-1.0281694,-0.99181986,-0.8914257,-0.66640455,-0.7685296,-1.0148989,-1.0962528,-1.1395261,-0.71660155,-0.5354306,-0.7719915,-0.8723855,-0.9352761,-0.58620465,-0.4869645,-0.5637025,-0.49850407,-0.53023785,-0.52677596,-0.5723572,-0.63351685,-0.423497,-0.49965802,-0.43099767,-0.39176324,-0.45523074,-0.38887835,-0.32483384,-0.40907255,-0.4511919,-0.28848425,-0.27867562,-0.28040656,-0.27809864,-0.30406263,-0.39176324,-0.5942823,-0.33406547,-0.63986355,-0.63005495,-0.76622164,-0.8060331,-0.7379498,-0.911043,-0.73737276,-0.68890667,-0.6981383,-0.7535281,-0.56081766,-0.65659595,-0.60582185,-0.92546743,-1.170106,-1.0299004,-0.9041193,-0.72987205,-0.52677596,-0.43157467,-0.38310856,-0.5567788,-0.4950422,-0.5717802,-0.54754716,-0.6121686,-0.6110147,-0.55735576,-0.37849274,-0.26252025,-0.29194608,-0.5065818,-0.35887548,-0.4685012,-0.84295964,-0.18058944,-0.2607893,-0.046730652,0.06404904,0.07039579,0.3092645,0.39061832,0.21810205,0.38888744,0.1604043,0.16790502,0.12751657,0.1038605,0.2377193,0.26195234,0.24983582,0.46100962,0.33926734,0.44658515,0.32138103,0.6473733,0.6202554,0.7362279,0.5625577,0.7154567,0.5769821,0.5764051,0.4275449,0.31445733,0.5383246,0.42119816,0.6721834,0.5400555,0.708533,1.0720289,1.0039455,0.91566795,1.1891553,0.9075902,1.0102923,0.9456708,0.95028657,1.0697209,1.1135712,0.91566795,0.6773762,0.46274054,0.06174113,0.25675955,1.1268417,1.2583926,1.5780381,1.2393523,1.0558735,0.78411704,0.6796841,0.4788959,0.37734786,0.2942631,0.27060702,0.28560844,-0.014419907,0.22617973,0.4863966,0.5169764,0.6646826,2.0846243,2.0090404,2.0846243,2.5935185,1.9178779,2.99221,2.9310503,2.7671888,2.8341184,2.8727758,2.6991055,2.3200312,2.402539,2.5092797,2.6396766,2.5635157,2.4446583,2.808731,2.9772084,2.7481484,2.6442926,2.1590545,2.4152324,2.4383113,2.3454182,2.658717,2.6402538,2.6165974,2.657563,2.4573517,2.6627557,2.7418017,2.9506676,3.1641495,3.4959114,3.1578026,3.451484,3.096643,3.1831896,3.1381855,3.195306,3.2922382,3.0014417,3.1156833,3.3632066,3.4491763,3.3407044,3.4607158,3.5766883,3.4872568,3.6453485,2018-04-17
HI_FELE,-2.0085216,-1.4845562,-1.3380204,-1.5238262,-1.5732776,-1.7092686,-1.4816471,-1.4983733,-1.5074637,-1.5281897,-1.4714661,-0.5264377,-0.6671557,-0.7151525,-0.76860356,-0.5857065,-0.5420731,-0.55952644,-0.48316786,-0.54898167,-0.6653376,-0.78496605,-0.7798755,-0.85914296,-0.935138,-0.69878995,-0.6187952,-0.5991602,-0.47080502,-0.5326191,-0.4722595,-0.41808125,-0.46571448,-0.4213538,-0.19009638,-0.011199131,0.001527299,0.013526504,0.07352253,0.12115575,0.25714672,0.39713746,0.33205086,0.20551378,0.016435403,0.021889586,-0.010108295,-0.08973938,-0.12937312,0.07025002,-0.13519092,-0.17518826,0.18733317,0.6822095,0.65821105,0.75675,0.8534708,0.8062012,0.6992993,0.7251157,0.5596722,0.38695633,0.44986126,0.59385175,0.39822832,0.4571335,0.44004375,0.30259827,0.14915389,0.21460408,0.20733184,0.48731333,0.5996695,0.5869431,0.5069484,0.42295393,0.27605456,0.19169652,0.35241315,0.2945988,0.27932706,0.14479055,0.08479451,-0.1908236,-0.20791338,-0.12791866,-0.13991787,-0.29336226,-0.28718087,-0.08283075,-0.094466336,-0.16246183,-0.058105115,-0.20209558,-0.34535882,-0.37699306,-0.1995503,-0.44826108,-0.45117,-0.28499916,-0.25481936,-0.19809586,-0.035924766,0.011708443,-0.003926885,-0.053014543,-0.08755771,-0.026834458,0.084430896,0.07824949,0.11715601,0.21096796,0.11861046,-0.024652785,-0.0010179869,0.093157604,0.580398,0.6662106,0.65275687,0.6756645,0.7523866,0.79383844,0.7931112,0.740751,0.8178369,0.7578409,0.64766634,0.7451144,-0.8035103,-0.66642845,-0.43917075,-0.43844354,-0.4580786,-0.8027831,-0.6617015,-0.49262178,-0.23300262,-0.24500184,-0.18973278,-0.002108824,0.038252138,-0.0035632728,-0.022471111,0.039706588,0.15460807,-0.17846078,-0.20209558,-0.20427725,0.00661787,-0.018471377,-0.0104719065,-0.16682518,0.23242109,0.3887744,0.25423783,0.17460674,0.20078681,0.38622913,0.37641156,0.324415,0.4185906,0.71020764,0.76947635,0.60585093,0.6782098,0.536401,0.51458424,0.8429261,1.0389131,0.9960069,1.0709109,1.12618,1.2596258,1.3163493,1.2588985,1.3345299,1.4636123,1.4352505,1.6817796,1.6930517,1.3694366,1.5410616,1.3134403,1.0178236,1.106545,0.94619197,0.8385627,0.7411147,0.656393,0.6211226,0.6465755,0.5400371,0.43713483,0.3218697,0.38622913,-0.27518165,-0.38353807,-0.24172933,-0.10282942,-0.05192371,0.16224393,-0.14282678,0.061523322,-0.02865252,0.016435403,-0.038106438,0.10842931,0.050251342,-0.053014543,0.10333874,0.10115707,-0.053014543,-0.015198866,-0.37044805,-0.24754712,-0.17118852,-0.10828361,-0.24027488,-0.18682387,0.012072055,0.14297248,0.15424445,0.028070996,-0.049378425,-0.13919064,-0.24282016,-0.43480742,-0.49843958,-0.48534954,-0.30172533,-0.23991127,-0.25663742,-0.439898,-0.21009506,-0.04756036,-0.054468997,-0.04137895,0.0193443,-0.0457423,0.001527299,-0.02865252,-0.06210485,0.00661787,-0.19591416,-0.26900023,-0.2766361,0.030616282,-0.16682518,-0.070467934,-0.1493718,-0.11591946,0.092430376,-0.024289172,0.09970261,0.23714805,0.23423915,-0.12391893,-0.17118852,-0.10101136,-0.094829954,-0.030834192,-0.04465146,0.06988641,0.045887996,0.034616016,0.19496903,0.1855151,0.16369838,0.110610984,0.25096533,0.21824022,0.1880604,0.15933503,0.02698016,0.0578872,0.07715865,-0.029016132,-0.10610193,-0.09010299,-0.24318378,-0.42026293,-0.40462762,-0.36063054,-0.23663875,0.03170712,0.20224127,-0.10755638,-0.1995503,-0.26136437,-0.2562738,-0.30717954,-0.23700237,-0.3839017,-0.53116465,-1.0351313,-0.24827436,-0.33154157,-0.26572773,-0.24463822,-0.3624486,-0.24936518,-0.3537219,-0.24318378,-0.17627911,-0.4969851,-0.6387939,-0.93950135,-1.0245866,-1.048585,-1.037313,-0.94168293,-0.8784144,-0.88714117,-0.8562341,-0.8078736,-1.2191191,-1.3252939,-1.1813035,-1.1718496,-1.1638501,-1.0009518,-1.2078472,-1.0449489,-1.3023864,-1.1903938,-1.131125,-1.195848,-1.362746,-1.2925688,-1.2991139,-1.0576752,-1.1427605,-1.267116,-1.1754857,-1.1038541,-1.0649475,-1.043858,-1.0889459,-1.048585,-1.0507667,-1.0474942,-1.1242163,-1.2449356,-1.359837,-1.3278393,-1.3369296,-1.192939,-0.97149915,-1.3602006,-1.1769401,-1.1969389,-1.2031202,-1.2580256,-1.2972958,-1.4267417,-1.6536357,-1.7885361,-1.7114501,-1.6987237,-1.7754459,-1.7794456,-1.7739916,-1.9456164,-1.8976196,-1.9219816,-1.9372535,-1.9448893,-1.7532656,-1.8161705,-1.8139888,-1.8590767,-1.7030871,-1.6045482,-1.5245534,-1.4976461,-1.4831016,-1.4609214,-1.401289,-1.460194,-0.91986626,-0.7762394,-0.89005,-1.0584025,-1.1078538,-1.0736743,-1.0874915,-1.0314952,-1.1700314,-1.3569282,-1.3132948,-1.6405458,-1.5936397,-1.2991139,-1.7769004,-1.5787317,-1.13767,-0.8184184,-0.18355136,-0.062468465,0.17169785,-0.14755373,-0.43008044,-0.25990993,-0.15518959,-0.4049912,-0.84714377,-1.0773103,-1.3631096,-1.1980296,-1.4652847,-0.54679996,-0.5602537,-0.6304308,-0.38826504,-0.279545,-0.13519092,0.13279134,0.46695104,0.5047667,0.6374852,0.6909362,0.73966014,0.6105779,0.8414716,0.8102009,0.7880207,0.51822037,0.53240126,0.76584023,0.7767486,0.71893436,0.49022225,0.4622241,0.5425824,0.41713613,0.5174931,0.4684055,0.4193178,0.35859454,0.364776,0.2327847,-0.03337948,-0.21518563,-0.21518563,-0.2410021,-0.25081962,-0.06283207,-0.50643903,-0.51662016,-0.53589165,-0.54825443,-0.2442746,-0.5144385,-0.31917876,-0.279545,-0.25263768,-0.26609135,-0.26136437,-0.40280956,-0.9634997,-0.935138,-0.7842389,-0.8736875,-0.8664152,-0.776603,-0.9238659,-0.7187886,-0.6973355,-0.72133386,-0.58425206,-0.57407093,-0.32499653,-0.18282413,-0.24863796,-0.19264166,-0.35444912,-0.35444912,-0.5613445,-0.4722595,-0.36972082,-0.5500725,-0.635885,-0.7122436,-0.76933074,-0.71187997,-0.8736875,-0.92968374,-1.2129377,-0.9693175,-0.94168293,-0.7893294,-0.954773,-1.0122237,-0.9235023,-0.9485916,-1.213665,-1.1525781,-1.2903872,-0.98495287,-0.9729537,-1.0100422,-0.8642336,-0.9889526,-1.1183985,-1.2442083,-0.78169364,-0.29518032,-0.03374309,0.06625028,0.2207855,0.73820573,0.8258363,0.77202165,1.0036427,0.95528233,1.111272,1.1927211,1.0323681,0.94873726,0.6818459,0.7647494,0.6651197,0.5902156,0.5047667,0.40004638,0.34695897,0.33786866,0.24769281,0.14224526,-0.03337948,-0.030834192,-0.28790808,-0.24791072,-0.16028017,-0.24827436,-0.37917474,-0.5638898,-0.58934265,-0.50571185,-0.4780773,-0.10173859,0.030252669,0.07497698,0.18915123,0.037524916,-0.21773091,-0.04901481,-0.29045337,-0.49734876,-0.37299335,-0.61006856,-0.718425,-0.6831546,-0.4871676,-0.682791,-0.79296553,-0.70824385,-0.653702,-0.88205063,-0.867506,-0.9038673,-0.89295894,-0.86677885,-0.80714643,-0.834781,-0.8649608,-1.0634931,-0.23700237,-0.15228069,-0.25990993,-0.34535882,-0.350813,-0.23518431,0.041161038,0.10770209,-0.019925825,0.113519885,0.015344565,0.13679107,0.0727953,0.1109746,0.1611531,0.08479451,-0.031561416,-0.0577415,-0.10282942,0.05606914,0.09388482,0.12515548,0.120064914,0.041524652,-0.04356062,-0.016289704,0.08770341,0.07534059,-0.017744152,-0.04356062,-0.0635593,-0.098102465,0.13860914,0.047342442,-0.025743622,-0.10719276,-0.19736862,-0.5507997,-0.6707918,-0.77696663,-0.7656946,-0.6453389,-0.5511634,-0.5231652,-0.55298144,-0.6206133,-0.69369936,-0.94386464,-1.0387675,-0.91623014,-0.86132467,-0.65333843,-0.6137046,-0.58425206,-0.6620651,-0.7638766,-0.62461305,-0.87586915,-0.9954976,-0.9645906,-0.7696944,-0.7096983,-0.47916812,-0.12319171,-0.15846209,-0.49262178,-0.4104454,-0.5737073,-0.6587926,-0.4617147,-0.48389506,-0.15846209,-0.20209558,0.005527034,-0.13737258,-0.49153093,-0.47116864,-0.61043215,-0.60606885,-0.70024437,0.6062146,0.85492533,0.5894884,0.5647627,0.72220683,0.8131099,1.1294526,0.4636785,0.87092423,1.0501851,1.1938119,0.8931046,1.4047071,1.1690862,1.1705408,1.3319846,1.2141743,1.0840011,1.0701838,1.1367248,1.2512627,1.0545485,1.1563599,1.3792542,1.3039864,1.3236215,1.2614439,1.2374455,1.1850853,0.95819116,1.2774428,1.3563466,1.1465424,1.0072788,0.97455376,1.1392701,1.0850918,1.3185309,1.0941821,1.1745405,1.2399907,1.3770725,1.3890717,1.3294393,1.338166,1.3167129,1.2956233,1.2418088,1.3890717,1.1039997,0.97455376,1.3919806,1.1676319,1.2854422,1.645782,2.0166664,1.8570406,1.9803053,1.6945059,1.650509,1.5668781,1.6621445,1.7079597,2.718802,2.5308144,2.665351,2.5817199,2.4915442,2.470091,2.6777136,2.583538,2.5697207,2.5842652,2.685713,2.5609941,2.5569944,2.7351644,2.5497222,2.533723,2.623899,2.6540787,2.4650004,2.4999073,2.527178,2.5060887,2.7380733,2.8595197,2.958786,2.8511567,3.027145,2.929697,2.8111594,2.8657012,2.628626,2.6868038,2.6242626,2.8071594,3.0845957,2.8544292,2.847157,2.8587925,2.8209767,2.960604,2018-04-17
MGRC_FELE,-0.8567862,-0.270147,-0.23372324,-0.26170442,-0.32948634,-0.442617,-0.2629105,-0.3133248,-0.32152614,-0.34371808,-0.38327765,-0.4093291,-0.5048509,-0.67370266,-0.578422,-0.47976437,-0.4616731,-0.5087104,-0.5210125,-0.5321084,-0.48724207,-0.56949705,-0.62787145,-0.56419027,-0.6348668,-0.5451341,-0.46842718,-0.41463584,-0.30584708,-0.32032007,-0.1251757,-0.22745162,-0.24409556,-0.13048247,0.09095455,0.16621418,0.15560064,0.1464344,0.1995021,0.13220261,0.21180415,0.3577403,0.3505038,0.2713847,0.18840612,0.16959122,0.15029387,0.053565945,0.1664554,0.26583672,0.18020475,0.15849525,0.3989884,0.8806983,0.9354545,1.0529271,1.1942803,1.2212965,1.1764301,1.1687112,1.0944165,0.92122275,0.9554755,1.0985171,0.833661,0.7803521,0.7195655,0.10759851,-0.17462513,0.01497126,-0.059082296,-0.1254169,-0.20984279,-0.23710027,-0.21828537,-0.10177766,-0.18861571,-0.1454379,-0.10201888,-0.110461466,-0.11142634,-0.085857354,-0.059564725,0.088059954,0.11797083,0.07286329,0.06683288,0.004116505,0.028961832,0.3577403,0.3821032,0.33675444,0.51839066,0.494269,0.36087614,0.33651322,0.51501364,0.34254363,0.31528616,0.3157686,0.39271674,0.4192506,0.6201842,0.7041276,0.75212973,0.8348671,0.6836242,0.79675484,0.8534408,0.7690149,0.71546483,0.6139126,0.4740068,0.3994708,0.34785044,0.3948877,0.701233,0.8148461,0.888176,0.9446207,1.0165035,1.1084069,1.055098,0.9851453,0.97163707,0.93328357,0.86236584,0.95426947,-0.47083935,-0.4773522,-0.2759362,0.011353008,-0.264599,-0.6862459,-0.6283539,-0.5808342,-0.43779266,-0.30850047,-0.3637391,-0.18620354,-0.106602,-0.12276353,-0.1138385,-0.05232822,-0.07186678,-0.09960671,-0.28172538,-0.09068169,-0.059323512,-0.04581537,-0.081033014,-0.09767698,-0.06704244,0.14185129,0.035715904,-0.04557415,-0.09212899,0.0887836,0.013282743,-0.029895062,0.08468292,0.27452052,0.33964905,0.26318333,0.4812433,0.4281756,0.45084998,0.583278,0.5934091,0.55360836,0.5005407,0.4896859,0.53069276,0.5463719,0.4467493,0.5304515,0.62307876,0.49547508,0.9653654,1.0341123,0.7844528,0.92532337,0.7543007,0.7166709,0.741275,0.7140175,0.75454193,0.6541957,0.5767652,0.46894124,0.4223864,0.459775,0.37848496,0.45302093,0.60884696,0.34664434,0.40115932,0.5789361,0.50440013,0.48027846,0.66143227,0.47087097,0.4667703,0.2412326,0.40863705,0.31649226,0.4310702,0.3205929,0.41153166,0.44530198,0.30226046,-0.30584708,-0.27738348,-0.58011055,-0.4669799,-0.4942374,-0.47831708,-0.69517094,-0.50412726,-0.33020994,-0.3019876,-0.2619456,-0.5031624,-0.48072925,-0.69468856,-0.8589572,-0.8608869,-0.85533893,-0.8464139,-0.69107026,-0.69299996,-0.70192504,-0.89200383,-0.77501374,-0.78586847,-0.785386,-0.6688783,-0.63679653,-0.664054,-0.6626067,-0.7574049,-0.7561988,-0.822051,-1.1086165,-1.106928,-1.1814638,-1.0442116,-1.1838762,-1.0405934,-0.99066144,-0.99427974,-0.83483547,-0.90213495,-0.89441603,-0.729665,-0.7221872,-1.012371,-0.97594726,-0.6288364,-0.51835907,-0.60302615,-0.612916,-0.63679653,-0.6037498,-0.55840105,-0.3306924,-0.40088648,-0.2387888,-0.30150518,-0.07572625,-0.18234406,-0.13940749,-0.30825925,-0.38834321,-0.30681193,-0.28847945,-0.3620506,-0.39630336,-0.43079737,-0.540551,-0.51281106,-0.33455187,-0.3005403,-0.16642377,0.16259593,0.39295796,0.043193623,-0.07548503,-0.04653902,-0.2749713,-0.29450986,-0.16087578,-0.36156812,-0.41511825,-0.382554,0.27838,0.2868226,0.2682489,0.14908779,0.0135239605,0.18985343,0.032097653,0.036198337,-0.059564725,-0.31018898,-0.5632254,-0.78007925,-0.80347735,-0.8806667,-0.88018423,-0.80685437,-0.6271478,-0.5846937,-0.6348668,-0.58107543,-1.0772583,-1.2145106,-1.1028273,-1.0186427,-1.0475886,-0.8678822,-0.82422197,-0.81409085,-0.90020525,-0.90623564,-0.9474837,-0.95351416,-1.0939022,-1.0188838,-1.066886,-0.8367652,-1.1416631,-1.3013487,-1.2451452,-1.1809815,-1.0789468,-1.0729164,-1.0919725,-0.9549615,-0.9728114,-0.91202486,-0.8992403,-0.8823552,-0.93373436,-0.8669173,-0.89538085,-0.87463623,-0.56419027,-0.9069593,-0.65850604,-0.6326958,-0.62039375,-0.66043574,-0.747515,-0.882114,-1.1853235,-1.428711,-1.3184751,-1.3208872,-1.4086902,-1.536535,-1.448491,-1.5990102,-1.5529379,-1.4846735,-1.551008,-1.5956331,-1.3905989,-1.4559686,-1.4113435,-1.4016949,-1.2842222,-1.2596182,-1.2012438,-1.1481761,-1.1505882,-1.0582021,-0.9882493,-0.9728114,-0.67225534,-0.62039375,-0.63896745,-0.75716364,-0.7656063,-0.68431616,-0.03664913,0.045847006,-0.09502359,-0.22962257,0.29671246,-0.2831727,-0.8326645,-0.80637187,-0.8256693,-0.6857635,-0.48989546,-0.35891476,-0.011080152,0.10952824,0.1751392,-0.17993191,-0.413671,-0.20743063,0.052601077,-0.048468757,-0.71808654,-0.77959687,-1.0053757,-0.7438968,-1.2719202,-0.526078,-0.45467782,-0.35626137,-0.47638735,-0.20260628,-0.15629266,0.09360794,0.28320432,0.32228142,0.494269,0.43878916,0.4180445,0.2943003,0.5258684,0.5246623,0.46580544,0.038610503,-0.066318795,0.23809677,0.06731531,-0.004084866,0.081064664,0.0021867703,0.038128074,-0.0067382506,0.10880459,0.08395926,0.0557369,0.124724895,0.23327245,0.1307553,-0.15195076,-0.07427894,-0.06463028,-0.051363356,-0.07886206,-0.022417342,0.068038955,-0.097435765,-0.0361667,-0.3077768,-0.10177766,-0.3811067,-0.29378623,-0.27979565,-0.21466713,-0.19729953,-0.20308872,-0.07862085,-0.74655014,-0.7841799,-0.54995847,-0.8362828,-0.9245681,-0.624012,-1.6014223,-1.3459737,-1.4670646,-1.4212334,-1.3177514,-1.3363252,-1.1433517,-0.9209499,-1.0871482,-1.0143007,-1.1669909,-1.1742275,-1.2979716,-1.3047256,-1.1522768,-1.2357378,-1.406278,-1.486362,-1.4188212,-1.4050719,-1.5194086,-1.6233732,-1.7813702,-1.4735775,-1.6139656,-1.373955,-1.5189263,-1.587673,-1.4547626,-1.562104,-1.6749934,-1.5729587,-1.6995976,-1.2921824,-1.4393247,-1.5097599,-1.2711966,-1.5237505,-1.7775106,-1.7046632,-1.4026598,-0.94989586,-0.6652601,-0.578422,0.099155925,-0.14688522,-0.34854245,-0.45612514,0.14185129,0.15198238,0.24436842,0.40526,0.27524418,0.20287913,-0.048709974,0.026549665,-0.11745675,-0.049433623,-0.18234406,-0.4829002,-0.42524937,-0.4713218,-0.5982018,-0.5610544,-0.7265292,-0.9067181,-1.1037922,-0.98873174,-0.9105776,-1.0294974,-1.0871482,-1.1643376,-1.2393559,-1.2924236,-1.4400483,-0.9383175,-0.92939246,-0.93228704,-0.7045784,-0.8300111,-0.9168492,-0.71639806,-0.8652288,-0.98149514,-0.8534092,-1.0972792,-1.1365976,-1.1872531,-0.9122661,-1.0162303,-1.2140282,-1.2781918,-1.3341542,-1.3488684,-1.3657537,-1.5628277,-1.3541751,-1.3756435,-1.3442852,-1.213787,-1.26396,-1.6279563,-0.76850086,-0.58397,-0.70409596,-0.58131665,-0.3555377,-0.14785007,0.7878298,0.8237711,0.46387568,0.37752008,0.37269574,0.40863705,0.35170987,0.4180445,0.43275875,0.3808971,0.4754541,0.5444421,0.52610964,0.5994395,0.66746265,0.7193243,0.56952864,0.6855539,0.6443058,0.7253547,0.91350377,0.75767773,0.77504534,0.73596823,0.9617471,1.0044426,1.058234,0.7854177,0.76780885,0.61222404,0.38716877,-0.048709974,-0.04557415,-0.19295761,-0.1927164,-0.056670126,0.06731531,0.11965935,0.0557369,-0.053534307,-0.030377496,-0.14592035,-0.19151032,-0.1582224,-0.015180838,0.29864222,0.32396996,0.47883114,0.4838967,0.40984315,0.32131657,0.08371805,0.040781457,0.13172019,0.29623005,0.19467776,0.4609811,0.5823131,0.55988,0.13726817,0.28802866,0.118694484,0.05477203,1.1221564,1.0466555,1.0833205,0.96464175,0.9600586,0.8949301,0.71425873,0.666739,0.68531275,0.6361045,0.63706934,0.65781397,0.6732518,0.58954966,0.36377072,0.5140488,0.70026815,0.77504534,0.35991126,0.6983384,0.48051965,0.6291092,0.3951289,0.4554331,0.4298641,0.36087614,0.30226046,0.19274804,0.24219745,0.15029387,0.1635608,0.39416403,0.3492977,0.45470944,0.5849665,0.61294764,0.6783174,0.5885848,0.5868963,0.5140488,0.41056678,0.7400689,0.95812887,0.91133285,0.9564403,0.8888997,0.91663957,0.91712207,0.9940702,1.0789785,1.2379404,1.2772588,1.4502112,1.3592725,1.4239185,1.4453869,1.2432472,0.884799,0.987075,1.0907981,1.0230163,0.77070343,0.7149824,1.0358008,1.3923191,1.5037614,1.3578252,1.5172695,1.4929066,1.3337034,1.2560316,1.1076833,1.0934516,1.0184332,2.293264,2.0038037,2.1439505,2.0665202,1.9258907,1.961832,3.0181203,2.8338306,2.8215284,2.5786233,2.583689,2.5185604,2.591649,2.5865834,2.465975,2.4833426,2.7067094,2.947926,2.7153933,2.9838674,2.8936524,3.1093004,3.407203,3.3927298,3.3420744,3.3628192,3.476191,3.254754,3.3715029,3.2308736,3.141382,3.11919,3.2197773,3.2376275,3.1348693,3.2125409,3.2016861,3.1978269,3.2142296,3.2419693,2018-04-17
JBT_GVA,-0.6557961,-0.66988486,-0.67815924,0.016773129,0.17007196,0.07793612,-0.8748424,-0.8923974,-0.82486093,-0.8941865,-0.97569984,-0.76716423,-0.76000804,-0.86164814,-0.86891615,-0.8963109,-0.8353716,-0.8897138,-0.822401,-0.64942265,-0.47946334,-0.5951922,-0.46045473,-0.3902347,-0.5690275,-0.6736866,-0.7888564,-0.64036566,-0.78695554,-0.6638468,-0.62404054,-0.7403285,-0.81837565,-0.62247515,-0.5695865,-0.62918407,-0.7254571,-0.80406326,-0.91744405,-0.8808804,-0.8373842,-0.6751402,-0.56544936,-0.5870297,-0.39168832,-0.33097258,-0.35411838,-0.3674244,-0.41662315,-0.43417814,-0.3333207,-0.2609762,-0.31274667,-0.3209092,-0.2521428,-0.07178462,-0.20081954,-0.16302593,-0.2151319,-0.3666417,-0.23492321,0.030750047,0.03298635,0.0020135026,-0.13294762,-0.2654488,-0.13753206,-0.052440573,0.061163817,0.054343082,0.027507402,0.027395586,0.11975506,0.07592345,0.022587527,0.030079152,0.05031773,-0.07513908,0.008722424,0.053224932,0.11964325,0.12646398,0.13440287,0.113828845,-0.103204735,-0.3419305,-0.34304866,-0.41461045,-0.5339174,-0.38766298,-0.1568761,-0.03320833,0.050876807,-0.02940661,-0.027170302,0.059262954,0.046627823,0.10108189,0.025718356,-0.06351029,0.11964325,0.41942018,0.54107535,0.6880006,0.88323027,1.0072335,1.0569913,1.2222544,1.2438347,1.2979534,1.3720869,1.1165888,0.88021123,0.7915417,0.70030034,0.35300186,0.44480225,0.47711694,0.5774153,0.58211154,0.52005404,0.6489771,0.70007676,0.63712466,0.85997266,0.8030587,0.74502647,0.9119668,1.1156943,1.1459962,1.1609796,1.1546061,0.843424,0.56724006,0.2846827,-0.08441976,-0.030524762,0.012300514,-0.06261577,-0.38028315,0.08117877,0.102200046,0.10555451,0.2614251,0.019903958,-0.2238535,-0.079723515,-0.11159089,-0.27506492,-0.4095788,-0.44133434,-0.56298935,-0.70398855,-0.43428996,-0.73026514,-0.8149094,-0.5970931,-0.62974316,-0.75497633,-0.7058894,-0.8210592,-0.9142014,-1.0716374,-1.4590776,-1.2603817,-0.8210592,-0.8180402,-0.903579,-1.1654505,-1.179651,-1.2666434,-1.3944483,-1.3632518,-1.067053,-0.9291847,-0.80082065,-0.901119,-0.23794223,-0.3035778,-0.31319398,-0.050316077,-0.024374917,-0.119753405,-0.6503172,-0.62974316,-1.2180036,-0.9667546,-0.6751402,-0.40667158,-0.54342175,-0.086432435,-0.34327227,-0.33857605,-0.6166608,-0.44636604,-0.44513604,-0.49545297,-0.46179652,-0.021803165,-0.09235864,-0.196906,-0.23425232,0.043049734,-0.3514348,-0.78270656,-0.42981738,-0.36261633,-0.43428996,-0.48807308,0.21982978,0.18952784,-0.29709256,-0.36865434,-0.42042485,-0.6723448,-1.0713019,-0.8185993,-0.8212828,-0.5631012,-0.6711148,-0.40085718,-0.35814372,-0.46783453,-0.37223244,-0.7129338,-0.7313833,-0.55001885,-0.950765,-1.5545678,-1.5325403,-1.5165507,-1.350393,-1.4112207,-1.6161782,-1.7080903,-1.6989214,-1.6781238,-1.8533386,-1.8289628,-1.6238934,-1.4105496,-1.2442803,-1.3535239,-1.1477836,-1.0875151,-1.0475972,-1.3961256,-1.1416337,-1.2010077,-1.1343658,-1.2980635,-1.1600833,-1.4991074,-1.6582206,-1.4444298,-1.2970572,-1.1797628,-1.0568777,-0.44983226,-0.39839724,-0.5149088,-0.5902723,-0.4237793,-0.3572492,-0.28702915,-0.21390192,0.07066812,0.20976642,0.48572668,0.6759246,0.45799652,0.51669955,0.32448894,0.27741468,0.30268496,0.3549027,0.100299194,-0.15363345,-0.060938537,0.00592704,-0.49366388,-0.35389474,-0.52620214,-0.05053971,0.048528682,0.015990421,0.105778135,0.15855499,0.06451828,0.4833786,0.18796241,0.083862334,-0.044613495,-0.2997761,0.18460797,0.27383658,0.12847666,-0.35646647,-0.5975403,-0.44222885,-0.5171451,-0.64662725,-0.87059337,-0.9809551,-1.1934043,-1.2575862,-1.2327633,-1.4538223,-1.3787942,-1.4786452,-1.2114066,-1.0582196,-0.9474105,-0.62739503,-0.8813277,-1.2262781,-1.4499087,-1.3887457,-1.1343658,-1.225719,-1.1533743,-1.2460693,-1.0885215,-1.4316828,-1.4257567,-1.5105126,-1.387404,-1.0550888,-1.015618,-1.0673884,-0.7925463,-0.63578117,-0.8022742,-0.55706316,-0.47666797,-0.5057399,-0.5655612,-0.47879246,-0.4623556,-0.55214334,-0.53056294,-0.4411107,-0.4989192,-0.47711524,-0.5398436,-0.65937424,-0.78293014,-0.36406994,-0.2260898,0.0050325175,0.040142536,-0.20316766,-0.3696607,-0.49780107,-0.4067834,-0.63734657,-0.70287037,-0.45844203,-0.6644059,-0.67536384,-0.800038,-0.5364891,-0.7502801,-0.091464125,-0.16861671,-0.28054386,-0.22754341,-0.18706624,-0.12075975,0.3545673,0.36586064,0.5124506,0.83637965,1.077789,1.092325,1.2433875,1.3895302,1.481666,1.2072711,1.2753667,0.8865847,1.8826358,0.8575127,0.42758268,0.8005987,0.91207856,0.93242896,0.7999278,0.82754624,0.85907817,-0.31162852,-0.67849463,-1.3288127,-2.1414866,-1.5177807,-1.5465173,-1.4013809,-1.162096,-1.1570643,-1.387292,-1.7190481,-1.5639604,-1.6287014,-1.3774524,-1.1425284,-1.8202411,-1.8227011,-1.8511022,-1.654419,-1.7694769,-1.5806208,-1.6452501,-1.4631029,-1.1762966,-1.2858756,-1.3149476,-1.3899757,-1.3010825,-1.4653392,-1.0895278,-1.0549769,-0.985316,-0.9812906,-1.0176306,-0.77420855,-0.5370482,-0.6592624,-1.0039891,-0.909617,-0.69247156,-0.34796852,-0.7888564,-0.63533396,-0.43831533,-0.6322031,-0.56913924,-0.7889682,-0.8066351,-1.1005976,-0.7560945,-1.335857,-1.7004869,-1.6027602,-1.3047724,-1.1380558,-0.80294514,-0.82866263,-0.47868064,-0.50316817,-0.08084167,-0.058702227,0.15609504,0.1644812,-0.23447594,-0.11416264,-0.32471094,-0.45329854,-0.46772274,-0.20238493,-0.48784947,-0.47677976,-0.4586657,-0.3294072,-0.4469251,0.40298334,0.07502892,0.3975044,0.2409629,0.35825717,0.2373848,0.9534503,0.84789664,0.5907213,0.942716,0.85807174,0.6121898,0.8572891,1.4754043,1.805595,1.9214357,2.0209513,1.9547567,2.0182676,2.0392892,1.9948983,1.3634772,0.9696635,0.98218685,0.7285896,0.7688432,0.5139042,0.8619853,-0.3333207,-0.15139714,-0.06686475,0.04651601,0.31118292,0.25885335,0.22720961,0.5494614,0.6105126,0.60402733,0.5841242,0.4557602,-0.015317875,0.049087763,0.36228254,0.26947582,0.023482047,0.3455102,0.5098788,0.62135875,1.0611284,1.384722,1.462881,1.2966115,1.4570667,1.3910955,1.6304922,1.8307533,1.6064519,1.4265411,1.7211744,1.6176335,1.7433138,1.6819272,1.5523334,1.6259078,1.7344805,1.805036,1.7199445,1.8247155,1.7654532,1.9931095,1.904328,1.151587,1.3219937,1.1200552,1.1555005,1.2620606,1.5700002,1.7664597,2.0711565,2.2521856,2.3786488,2.2075713,1.9706346,2.212491,2.394191,2.6735058,2.5998194,2.017485,1.9138322,1.6913198,1.5873315,1.5616139,1.6200933,1.5534514,1.2559109,1.4760752,1.6468172,1.8806231,1.8183419,2.0407426,1.9232248,1.8684351,1.7826729,1.9194231,1.7663478,2.2449174,1.7684723,0.090347625,0.38252112,0.5400689,0.46694174,0.5372736,0.31778005,0.20596468,0.7373112,0.62840307,0.45989734,0.6904606,0.8529283,0.84398305,1.1188251,1.3014196,1.2166636,1.0862869,0.86343896,0.4421187,0.33991948,0.24085107,0.16548754,-0.34886304,-0.20987657,-0.25773355,-0.42758104,-0.22597797,-0.088221475,0.12501039,-0.104881965,-0.21222469,-0.17107664,-0.044948943,0.08934129,0.21021368,0.10197642,-0.17174754,-0.38196036,-0.49332845,-0.43719718,-0.22485982,0.12679942,0.22821593,-0.09750215,0.046068747,0.04293792,-0.22586617,-0.41785312,0.06429465,-0.17599653,0.012524146,-0.0045836023,0.38486922,0.37972572,0.3394722,0.45922646,0.44938672,0.5754026,0.6677621,1.5109615,1.6223296,1.3550911,-0.23179238,-0.8281036,-0.72869974,-0.6642941,-0.86511445,-0.72377986,-1.2212464,-1.4453242,-1.1182644,-0.93891263,-0.41584045,-0.44099888,0.15777227,0.2499081,0.3081639,-0.003130003,-0.2137901,-0.15631703,-0.21904543,-0.12512054,0.1477089,0.08990037,0.06776092,-0.059261303,-0.054005984,-0.16447954,-0.13909745,-0.30894497,-0.2893773,-0.8353716,-0.23067422,-0.34897485,-0.26712602,0.13809277,0.24532369,-0.45754755,-0.20730482,-0.5040627,-0.34025326,-0.23704769,-0.4095788,-0.24576929,-0.5417445,-0.25203094,-0.39001107,-0.62191606,-0.7674996,-0.5187105,-0.46582186,-0.5192696,-0.6737984,-1.1575116,-1.1677986,-0.8397324,-0.65881515,-0.67849463,-0.8792032,-0.80126786,-0.7652633,-0.8842349,-0.86925167,-0.6900116,-0.8703698,-0.8588528,-0.8351479,-0.6402538,-0.26891506,0.68453443,0.61163074,0.27081758,0.69828767,0.62102324,0.842194,0.882783,2.25308,1.9795797,1.4908348,1.4904994,1.8119684,1.6368656,1.6984758,1.7467802,0.9008971,1.2265034,1.1682476,1.1105509,1.0019782,1.1711547,0.9234837,1.057774,0.88636106,1.1051837,1.2610543,1.3208755,1.4963138,1.7883755,1.9590057,2.0888233,1.9526321,2.076971,2.7130883,2.8450305,3.077271,2.4727972,2.1153235,2.1043656,2.001272,1.6618005,1.6287031,2.015137,2.1055956,1.9139441,2.1348913,2.2237844,2.3007133,2.3283317,2.5956824,2018-04-17
MMM_HEI,-0.5810693,-0.57185405,-0.65005535,-0.42274687,-0.36822355,-0.1727843,-0.18942288,-0.23895462,-0.13246776,0.07756221,-0.054010496,-0.01740564,0.073338576,0.18008141,0.27530524,0.12671,-0.019453462,-0.42850637,-0.4305542,-0.42735448,-0.4840536,-0.27043992,-0.3084527,-0.23447502,-0.30858067,-0.292966,-0.26288858,-0.28195897,-0.5481761,-0.58337307,-0.44655284,-0.33405048,-0.30154127,-0.42300284,-0.5869568,-0.64685565,-0.5701902,-0.31920373,-0.45346424,-0.59220433,-0.6527431,-0.8215607,-1.1700747,-0.77036506,-0.92907137,-0.8691725,-0.76447755,-0.6755252,-0.7233931,-0.6623423,-0.8918266,-0.75641423,-0.68832403,-0.58810866,-0.6666939,-0.5969399,-0.5284658,-0.65299916,-0.6400722,-0.4946767,-0.502612,-1.0235274,-0.9736116,-0.91115296,-0.52987367,-0.6244576,-0.65159124,-0.72377706,-0.724033,-0.69190776,-0.63597655,-0.85893345,-0.89464235,-0.81388134,-1.0525808,-0.9636284,-1.062692,-1.062436,-1.0477172,-1.0704993,-1.1376935,-1.2455883,-1.3148303,-1.5130852,-1.5078378,-0.92088014,-0.7355521,-0.77279687,-1.0542448,-1.2891045,-1.119647,-1.0326145,-1.2362452,-0.97181976,-1.1179831,-1.0218635,-1.027879,-0.9261277,-0.7036828,-0.7195534,-0.8274481,-1.2592831,-1.296912,-1.3244294,-1.179162,-1.1602196,-0.8956663,-0.9958817,-0.7017629,-0.8224566,-0.8369193,-0.6341847,-0.47547832,-0.5225783,-0.37551892,-0.21873236,-0.18980685,-0.18647914,-0.2450981,-0.23780273,-0.13489956,-0.1542259,-0.28695053,-0.17316827,-0.04441132,0.45129013,0.46818468,0.6167799,0.68512607,0.7313301,0.6495451,0.5965576,0.75283223,0.639434,0.65466464,0.6091006,0.62125957,0.47842377,0.464601,0.68205434,0.55918485,0.56852806,0.69216543,0.5893903,0.639434,0.73235404,0.72595453,0.65133697,0.6033411,0.6357223,0.74336106,0.49775013,0.5004379,0.38575974,0.25418705,0.58132696,0.6485212,0.6698954,0.7076521,0.76268744,0.73273796,0.97911686,-0.14654656,-0.043771375,-0.08037624,-0.12811615,-0.35939232,-0.59194833,-0.37359908,-0.351201,-0.2979576,-0.26647228,-0.46600717,-0.5297457,-0.9036016,-1.0354303,-1.3900878,-1.692014,-1.6606567,-1.6858704,-1.8260185,-1.7583122,-1.4466591,-1.6157324,-1.5613372,-1.8280662,-1.703661,-1.6419703,-1.8000367,-1.260947,-1.0193037,-0.8072259,-0.67232543,-0.81183344,-0.7816281,-0.3300828,-0.25021768,-0.079992265,-0.29475784,-0.16254517,-0.25994483,-0.23780273,0.19134445,0.26852182,0.25725877,0.21924606,0.21003085,0.38435188,-0.00038309864,0.29322368,0.3282927,-0.029180627,-0.17099245,-0.0016629889,-0.13797128,-0.12312456,-0.07282488,-0.021757266,0.1009842,0.16664258,0.29117587,0.3467231,0.39484698,0.38166413,0.30103102,0.28810412,0.38921544,0.2514993,0.30051908,0.36041793,0.35427445,0.62330735,0.19761592,0.48699906,0.5193803,0.6713032,0.78521353,0.6613201,0.69562113,0.75270426,0.6019332,0.5261637,0.7038125,0.48712704,0.37974426,0.57940716,0.6400739,0.720835,0.72646654,0.7928928,0.73171407,0.81401104,0.42940402,0.5585449,0.45525777,0.4402831,0.46549693,0.50568545,0.5237319,0.46396104,0.5403705,0.5193803,0.5837588,0.5658403,0.6986929,0.44297084,0.43247575,0.22026996,0.15320373,0.01420765,-0.14513867,-0.0061426046,0.07897009,0.35657826,-0.02610889,0.005888363,-0.044795286,0.016127484,-0.047611047,0.054652177,0.0008967916,0.15166785,0.15883525,0.033917956,-0.019197486,0.048124738,0.061947554,0.07717825,0.34480327,0.22398165,0.3725769,0.46511295,0.5029977,0.69562113,0.35094675,0.2514993,0.40355024,0.4830314,0.64199376,0.6587603,0.84869605,0.8201545,0.75615996,0.9036033,0.9702856,1.1197767,1.2166644,1.4090319,1.5214063,1.4361656,1.3729391,1.361548,1.2361188,1.2473818,1.2827069,0.76678306,0.57249576,0.55380934,0.6055169,0.44079503,0.61882776,0.5042776,0.49864605,0.5193803,0.51003706,0.46293715,0.45576975,0.6473693,0.5374267,0.42966,0.25956258,0.37193692,0.24983543,0.24535581,0.16638659,0.3564503,0.20094363,0.55944085,0.8982278,1.0132899,1.0680692,1.0306965,1.0262167,1.0253208,1.1252803,0.97130954,1.012394,0.68832576,0.8360251,0.650441,0.59386986,0.58708644,0.5270596,0.6756548,0.8687903,1.0106021,0.9295851,0.686022,0.54190636,0.5630246,0.68922174,0.5018458,0.53665876,0.36220977,0.13976488,0.18724881,0.18123332,0.2929677,0.22999714,0.15499556,0.19608003,0.17752163,0.23870039,0.2246216,0.08204182,0.06757907,0.2221898,0.16920236,0.30794242,-0.2333231,-0.2717198,-0.32841897,-0.35644856,-0.42633057,-0.48699737,-0.25239348,-0.10942974,-0.23178723,-0.04082763,0.07730623,-0.47355852,-0.047099087,-0.17572805,-0.5788934,-0.41289172,-0.5677584,-0.57236606,-0.5705742,-0.7452792,-0.93470293,-1.0199436,-0.89617825,-1.1767302,-1.0461813,-1.0868819,-1.1174712,-1.2216543,-1.2833451,-1.3333888,-1.0258311,-1.0982729,-0.7756126,-0.35734448,-0.3724472,-0.16843267,-0.35632056,-0.22679566,-0.40546834,-0.47419843,-0.42658654,-0.33417848,-0.41737133,-0.41813925,-0.44245717,-0.40918005,-0.1716324,-0.33712223,-0.36092818,-0.2758155,-0.3524809,-0.32317144,-0.5715981,-0.2884864,-0.3211236,-0.41941914,-0.24727392,-0.18199952,-0.3025652,-0.26992798,-0.07167298,-0.47855008,-0.38998166,-0.32777902,-0.22423588,-0.50670767,-0.5532957,-0.34723336,-0.4374656,-0.5663506,-0.573262,-0.50683564,-0.292966,-0.36297598,-0.44373706,-0.27952716,-0.14897835,-0.089335464,-0.06885722,-0.1891669,-0.3081967,0.024830738,0.4656249,0.4712564,0.09688856,0.13387738,-0.01842955,0.106487736,-0.06271375,-0.066169456,-0.039035782,0.07090679,0.13707711,0.026238617,0.14194068,0.07525841,0.048892673,-0.04965887,0.026494594,0.13810101,0.28311256,0.30397478,0.3295726,0.24177213,0.10277604,0.09240894,-0.0060146153,-0.016765693,-0.003582824,0.0415973,0.0014087475,0.11826272,0.039933443,-0.030972473,-0.048378978,-0.016765693,0.022142967,0.10930349,0.16958632,0.12504613,-0.043643385,0.13426135,0.051580444,0.19799988,0.371041,0.33840382,0.3188215,0.2695457,0.05311631,0.07743423,0.43196377,0.47432816,0.33110842,0.1453964,0.09919235,-0.108021855,-0.14309086,-0.110325664,-0.025852915,-0.09893464,-0.030716496,0.07410651,-0.06015397,0.14488444,-0.018045584,0.3782084,0.46101728,0.36028993,0.6412259,0.8225863,0.86712646,0.9911478,1.0158497,1.0541184,1.0624377,1.1421748,1.2243438,1.3900895,1.4730264,1.5647945,1.7615136,2.0110924,1.9587448,2.2062757,2.2151067,2.1008127,2.1923249,2.1097717,1.7388597,1.7750806,1.7674012,1.6194459,1.4858254,1.1480623,1.2196082,1.0969948,1.2606927,0.8983558,1.1213126,1.0770284,1.1471665,1.1183689,1.1252803,1.2016897,1.2320232,0.9915318,0.6453214,-0.77727646,-0.7930191,-0.6404562,-0.9132008,-0.5988597,-0.54779214,-0.3991969,-0.33430645,-0.4608876,-0.7288966,-0.8854272,-1.0294149,-0.9285595,-1.0125202,-1.0132881,-0.9592768,-0.73222435,-0.38690993,-0.7608939,-0.40610832,-0.4127637,-0.4295303,-0.8716043,-1.03799,-0.81720906,-0.97092384,-0.899762,-1.0369662,-1.1588117,-1.3575786,-1.2199904,-0.9391825,-0.82079273,-0.40674824,-0.38447815,-0.39586917,-0.06373766,0.17137817,-0.31357223,-0.444377,-0.9299673,-0.96695614,-1.1173432,-0.96682817,-0.9522374,-1.3392762,-1.1106879,-1.1016006,-0.91870433,-0.17739192,-0.28579864,-0.3024372,-0.20862123,-0.29718965,-0.26288858,-0.039547734,0.040829368,0.22526154,-0.115829185,-0.13822727,-0.14987427,-0.13809928,-0.2511136,-0.11378136,1.3228954,1.5742658,1.0989146,1.4076241,1.1140174,1.0058665,1.1376952,1.1472944,1.199258,0.9215217,0.87608564,0.942256,0.79558057,0.74118525,0.8748058,1.001643,0.89310825,1.0478469,1.1452466,0.98014075,1.1736602,1.0264728,1.0845798,1.395081,1.4383414,2.1970606,2.6333752,2.6861064,2.4669893,2.3450158,2.3644702,2.4397275,2.156616,2.1393373,1.770857,2.035154,1.8267881,1.0858597,1.1598374,0.9457117,0.8351292,0.9949875,1.128352,1.139743,1.2123128,1.2409824,1.093539,1.2373987,1.2201202,1.4659871,1.4364215,0.942128,1.2469978,1.4684188,1.5510998,1.6267413,1.7718807,2.0683033,1.8731202,1.8230765,1.9241878,1.8700484,1.7494826,1.8484182,2.1480408,1.6380043,1.6045991,1.7410355,1.1440947,1.1112015,0.63585025,0.4944224,0.4377233,-0.13259575,0.052732345,0.20939091,0.34480327,0.27274546,0.3669454,0.28708023,0.06668315,-0.1693286,0.39523095,0.30538264,0.8751897,0.6253552,-0.89489836,-1.3153423,-1.6158605,-1.3472115,-1.1873533,-1.2876966,-1.144733,-0.66541404,-0.61063474,-1.190169,-1.9793493,-1.5832232,-1.2778416,-1.8247385,-1.8793899,-1.8842535,-2.493865,-3.578316,-3.661253,-3.6058335,-3.3173463,-2.9460502,-3.53416,-3.3097951,-3.3818529,-3.565133,-3.8584838,-3.6693163,-3.3033955,-3.6188884,-3.5017786,-3.6188884,-3.5674367,-3.566157,2018-04-17
ITW_HEI-A,-0.5553621,-0.60254675,-0.54363835,-0.43566373,-0.32986024,-0.2916494,-0.35330778,-0.3693737,-0.3457814,-0.21479347,-0.2582149,-0.4939932,-0.4214794,-0.26675445,-0.31524166,-0.4347953,-0.78144294,-0.9072203,-0.9397864,-0.99044466,-1.0563005,-0.88797015,-1.0589057,-1.084235,-1.0900245,-0.92198354,-0.922852,-1.0195371,-0.99160254,-1.0185239,-0.9036018,-0.74858737,-0.66420513,-0.8520751,-1.011287,-1.11463,-1.0794586,-1.0043396,-1.076998,-1.1712224,-1.2751445,-1.1401038,-1.6032655,-1.391948,-1.3349211,-1.4039613,-1.141117,-0.88435173,-0.9060624,-0.76233757,-0.9982605,-0.9939184,-1.083656,-0.9468785,-0.925602,-1.0602084,-0.99536574,-1.1182483,-0.9064966,-0.8158906,-1.0882876,-0.98914206,-1.0512346,-1.1086956,-0.74858737,-0.7595875,-0.7766666,-0.8108248,-0.75220585,-0.77174544,-0.6005204,-0.72846884,-0.68895537,-0.6549419,-0.8556936,-0.7530743,-0.69908696,-0.7857851,-0.837746,-0.80981153,-0.81068,-0.77970606,-1.2444599,-1.478646,-1.6216474,-1.4009218,-1.079748,-1.1373538,-1.1484987,-1.3850006,-1.5240939,-1.4023691,-1.6071736,-1.6927136,-1.5704101,-1.424514,-1.5301728,-1.5769234,-1.5455152,-1.5042647,-1.483133,-0.96323395,-1.4936988,-1.2896183,-1.3055395,-1.3590926,-1.3601058,-1.5997919,-1.6403185,-1.6426343,-1.4705408,-1.2732629,-1.0641164,-0.9513654,-0.9486154,-0.73932415,-0.73758733,-0.76117957,-0.88261485,-1.0729454,-1.070919,-1.2537231,-1.4078692,-1.1458933,-0.90447026,-0.6873632,-0.469243,-0.3800843,-0.29454416,-0.14951661,-0.19843808,-0.14980608,-0.1502403,-0.1864248,-0.25199115,-0.32161012,-0.4560718,-0.45751917,-0.4670719,-0.5481252,-0.6235337,-0.5320593,-0.3236365,-0.43537423,-0.2654518,-0.119121626,-0.04805524,-0.08858189,-0.034160387,-0.021133963,0.040524445,0.1506701,0.12476199,0.04602449,-0.022581344,0.0014451724,-0.09147666,-0.10638468,-0.060792185,-0.07845023,-0.109424174,0.021129547,-0.118687406,-0.049936835,-0.144885,-0.26082018,-0.44680855,-0.8197985,-0.6135468,-0.62367845,-0.6728894,-0.67534995,-0.9144572,-0.9128651,-0.8525093,-1.1901832,-1.4483958,-1.7726091,-1.8100961,-1.9176365,-2.0283613,-1.8375965,-1.7125428,-1.7346877,-1.6503055,-1.7556747,-1.6840295,-1.8128462,-1.8017014,-1.607463,-1.1597881,-0.8189301,-0.78115344,-0.6335206,-0.5649148,-0.18237215,0.13489366,0.039077066,-0.17889842,-0.11506896,-0.0066601583,0.073379986,0.41872495,0.63829255,0.75466204,0.7951886,0.84584695,0.9950719,0.63698995,0.5656341,0.47980443,0.21942067,0.19278887,0.32594788,0.23157868,0.22911811,0.38514575,0.4446331,0.4538963,0.42494872,0.6504506,0.66999024,0.61672664,0.57041043,0.47676492,0.67881924,0.6782403,0.67954296,0.80170184,0.8797157,0.7849122,0.7830306,0.63062143,0.7626226,0.651319,0.8653866,0.91199225,0.72368807,0.78578067,0.8127019,0.81675464,0.71601695,0.8273205,0.71992487,0.6226609,0.66260856,0.69329304,0.66449016,0.5830026,0.6560954,0.61875296,0.6707139,0.64249,0.5075941,0.3819615,0.32247415,0.26617107,0.3233426,0.33839536,0.2431577,0.3016319,0.27557904,0.22767073,0.11593297,0.26530263,0.02084007,0.09595912,0.023590093,-0.04805524,-0.117529504,-0.353742,-0.33101812,-0.34476823,-0.14937186,-0.2133461,-0.29454416,-0.14430603,-0.014620752,0.042261302,0.13532786,0.058037747,0.19742048,0.29946083,0.23534186,0.27615798,0.14777534,0.21855225,0.12577516,0.19872314,0.4824097,0.40092218,0.42480394,0.44217253,0.4223434,0.020550596,-0.33579448,-0.12650326,-0.067450136,-0.06947647,0.107538156,0.1597886,0.35301387,0.42900136,0.65710855,0.7475698,0.8912947,1.0877042,1.1340204,1.1849682,1.0162036,1.0367564,1.3321669,1.2998902,1.3216008,1.384562,1.2707978,0.94846624,0.91546595,0.69459563,0.6743323,0.8108204,0.68895096,0.733096,0.8393337,0.96467686,0.9677164,0.923137,0.9921771,0.9300845,0.8992553,0.8047413,0.85178125,0.7458329,0.75799096,0.81487304,0.84208375,0.7090695,0.95613736,1.2069683,1.3136404,1.3677723,1.265153,1.2050868,1.3262326,1.339259,1.2014682,1.1204151,0.87768936,0.98595333,0.74858296,0.69589835,0.72499067,0.67520076,0.7329513,0.933124,0.9779928,0.8892684,0.5902396,0.6193319,0.7846227,0.99420345,0.89911056,0.8778341,0.8836236,0.82688624,0.81371516,0.9069264,0.7022668,0.5077388,0.36054027,0.60268706,0.46330428,0.464028,0.50860727,0.33043477,0.50440985,0.33535585,0.24764459,0.23244709,0.026050642,0.14922272,0.13402523,0.18424933,0.15617014,-0.0030417072,0.2450393,0.2800659,0.2564736,0.61643714,0.69025356,0.7976492,1.0589013,0.96149266,0.8833341,0.9067817,0.92791337,0.8443996,0.81067556,0.72368807,0.5759105,0.47314647,0.5200416,0.3142241,0.47690967,0.45462,0.49326506,0.464028,0.63192415,0.5473971,0.509331,0.39426422,0.40005374,0.57837105,0.6620296,0.9444136,0.985085,0.9565716,0.7927281,0.587779,0.46880433,0.36039552,0.2951187,0.31856623,-0.013752323,-0.08163447,0.057748273,0.06498518,0.13228837,-0.045739435,0.003471505,0.0411034,-0.0028969692,0.10493288,0.15153854,0.2757238,0.41727757,0.5585419,0.45563316,0.62743723,0.71543795,1.0544145,1.2907717,1.2770216,1.26964,1.2609557,0.9313871,1.014901,1.086691,0.85120225,0.72108275,0.6239635,0.7319381,0.6267135,0.6686876,0.81255716,0.9017158,0.8959263,0.77999115,0.65349007,0.542476,0.6125292,0.83441263,1.0781515,0.6555164,0.7805701,0.6854772,0.7048721,0.6903983,0.69835883,0.6614507,0.75654364,0.5287259,0.50122565,0.5918317,0.49123874,0.7385961,0.59501594,0.56679195,0.54030496,0.68952984,0.66072696,0.60210806,0.5152652,0.3933958,0.5080283,0.31089512,0.34722435,0.2548815,0.41322494,0.43392244,0.5097652,0.52669954,0.42364606,0.52148896,0.66058224,0.58633167,0.5702657,0.6403189,0.72296435,0.42393553,0.7228196,0.65595067,1.2166659,1.2461923,1.1584811,1.0901648,0.71384585,0.5514498,0.49644932,0.7569778,0.74670136,0.6987931,0.67201656,0.6246872,0.5407392,0.49326506,0.41221178,0.43319878,0.41800126,0.30496088,0.45056733,0.40555382,0.55941033,0.7694253,1.132573,1.135902,0.7595831,0.8536628,0.8368732,1.2686268,1.1891656,1.2085606,1.135902,1.5699714,1.634814,1.5057077,1.5281421,1.5915375,1.6450905,1.8035787,1.82775,2.038633,2.335491,1.9588826,1.8222499,1.6656433,1.5653397,1.0350196,1.328114,1.4069964,1.2919296,1.0410986,0.824281,0.9490452,0.8082151,0.842518,0.4774886,0.68591136,0.608766,0.7520567,0.8284784,1.0367564,1.1631128,0.9862429,0.9067817,-0.1883064,-0.5827176,-0.86003566,-0.7859298,-0.8138643,-0.9015755,-1.2133414,-1.0448662,-1.3166842,-1.2198546,-1.4495538,-1.5045543,-1.7375824,-2.0557168,-1.9413737,-1.9462947,-1.7969251,-1.600226,-1.6346737,-1.8462807,-1.6689767,-1.3424475,-1.3163948,-1.7288982,-1.6791083,-1.6206341,-1.57866,-1.5376992,-1.6498712,-1.8607546,-1.849465,-1.6773714,-1.4546196,-1.2692102,-1.086406,-0.80981153,-0.68837637,-0.42886105,-0.41713727,-0.70285016,-0.83629864,-1.0722216,-1.1175247,-1.2556049,-0.985813,-0.92082566,-1.0428399,-0.8279038,-0.9253126,-0.780864,-0.31437325,-0.60529673,-0.41974255,-0.34172875,-0.45563757,-0.41366357,-0.15096399,0.20755215,0.27803957,0.005497838,0.11405137,0.1137619,-0.01852868,-0.24012263,-0.13547702,0.2647237,-0.10739784,-0.041397292,0.36835614,0.36256662,0.2130522,0.19568363,0.1712229,0.17078868,0.12678832,0.06397201,0.12099881,0.056156155,0.2731185,0.43985674,0.63322675,0.43811986,0.59458166,0.5113573,0.44521204,0.41061962,0.41134334,0.45983058,0.65899014,0.96511114,1.6207745,1.9170532,1.6555115,1.8222499,1.7689862,1.988988,1.8765266,1.8145787,1.5517343,1.4109043,1.3742856,1.0037562,0.53581804,0.7235433,0.6251214,0.70646423,1.1159282,1.1347442,1.0781515,1.0597697,1.0962437,1.0529671,0.9832034,1.1153492,0.92270285,0.6782403,0.61180556,0.8627813,0.99304557,1.2144947,1.4337729,1.262982,1.5087472,1.5662082,1.4412993,1.7611704,1.7960523,1.7045778,1.2683372,1.2631267,0.58951586,1.1029017,1.2522714,0.60775286,0.615424,0.46171218,0.67737186,0.7526356,0.07005101,0.68402976,0.36054027,0.15588067,0.13576208,-0.27905717,-0.74844265,-0.9845104,-1.0221423,-0.66015244,-0.8503382,-0.8866675,-1.18917,-2.0746775,-2.2725344,-2.4784966,-2.214784,-1.7730433,-1.9096761,-1.4174219,-0.8341276,-0.48603258,-0.54711205,-0.7380215,-0.51382226,-0.25589907,-0.8611936,-1.1495118,-1.2512627,-1.3588029,-2.2289681,-2.651169,-2.6662219,-2.5139573,-2.197126,-2.3226137,-2.237363,-2.156599,-2.4929705,-2.8600261,-2.734104,-2.3634298,-2.6356819,-2.8736315,-2.993764,-2.9737902,-3.163976,2018-04-17
KAI_HEI-A,1.6421778,1.717909,1.5918816,1.4767547,1.4436699,1.3905051,0.8253893,1.0260006,1.023897,1.0933174,1.093126,0.6280291,0.7620887,0.7714595,0.6362524,0.6180846,0.19429557,0.013764491,-0.04762372,-0.034045644,-0.044372633,0.042641815,-0.15376224,0.04168561,-0.044372633,0.09465924,0.18855834,0.05889726,0.25587502,0.20806488,0.25683123,0.3501566,0.4610761,0.3228092,0.22718893,0.09886653,0.1034563,0.0068798317,0.036713358,-0.35819837,-0.415953,-0.39128298,-0.6416169,-0.18837677,-0.029838353,-0.08128206,0.012043327,0.25778744,0.15375257,0.17478901,0.084905975,0.099249005,-0.05087481,-0.05814195,-0.08376818,-0.08587183,0.10097017,-0.20922199,-0.07477988,0.1793788,0.26581952,0.29947785,0.20424005,0.30655375,0.67297065,0.6674247,0.65652394,0.63395756,0.72403187,0.6404597,0.694772,0.9663336,0.8724345,0.7064377,0.7379924,0.7835077,0.92215705,0.9328665,0.9389862,0.88065785,0.90953517,1.0250444,0.650213,0.43564114,0.47905275,0.5752467,0.68310636,0.6337663,0.7446858,0.47962642,0.34556684,0.20806488,0.16350584,-0.31459552,-0.10461341,0.06386951,-0.12239878,-0.098684944,-0.24957372,-0.4362245,-0.34385532,0.18511601,-0.2088395,-0.007463209,-0.09734627,-0.09639007,-0.18436071,-0.3017824,-0.46797043,-0.5511601,-0.2484263,-0.044755112,-0.046093795,-0.17269504,-0.10499589,-0.031750757,-0.024292378,-0.021232529,-0.037487973,-0.08185578,0.05889726,-0.12851848,-0.14496517,0.058514778,0.26333338,0.14132193,0.36296973,0.27193922,0.27805892,0.4421433,0.17211165,0.17287661,0.08509721,0.0028637804,-0.061966762,-0.40180123,-0.20730957,-0.21801905,-0.109585665,-0.31918532,-0.29355904,-0.19927749,-0.14955494,-0.13884547,0.04417174,0.07400526,0.10498623,0.21877436,0.387831,0.42894772,0.5607124,0.615216,0.5306877,0.4987505,0.45074916,0.25759616,0.28857714,0.39662802,0.3312238,0.21208093,0.3054063,0.25338888,0.3147771,0.10135265,0.08796582,-0.055847064,-0.39262167,-0.86881065,-0.7487115,-0.6703029,-0.7314999,-0.7276751,-0.8313275,-0.93727475,-1.0837649,-1.3568565,-1.1822538,-1.2032903,-1.1246904,-1.1988918,-1.3696697,-1.2929822,-1.1399897,-1.0719081,-1.2612362,-1.2608538,-1.2994844,-1.4543891,-1.3193734,-1.1514641,-0.88487476,-0.8517902,-0.7205992,-0.5905556,-0.4559223,-0.25435477,-0.03576681,0.07840379,-0.053169698,-0.17346,-0.12870972,0.1185643,0.28857714,0.31649825,0.32453036,0.33294496,0.31668952,0.42034188,0.31190848,0.36564708,-0.09964116,-0.40333113,-0.3442378,-0.38822314,-0.21954897,-0.1564396,-0.16657534,0.112827085,0.12525772,0.27442533,0.4344937,0.5767766,0.53145266,0.45763376,0.31420338,0.33026758,0.35704124,0.22298165,0.37979886,0.39375946,0.39987916,0.4038952,0.4079112,0.3539814,0.20710866,0.29852164,0.40332147,0.24057578,0.31114352,0.4647097,0.34384567,0.25224143,0.19276564,0.10039645,0.01682434,0.08241984,0.06865053,0.047231585,0.13501099,0.12028547,0.11416577,0.1931481,0.180335,0.11952051,0.032314826,-0.013774145,0.026577607,0.25338888,0.46222356,0.22852762,0.29278445,0.05832354,-0.08988788,-0.079943374,0.018927986,-0.015877793,0.003819983,-0.22662486,-0.26066568,-0.07898717,-0.29642767,-0.35628596,-0.36929032,-0.30063498,-0.41939536,-0.49723023,-0.30465102,-0.23121464,-0.21247306,-0.13961042,-0.20023368,-0.23561318,-0.06311421,-0.054125898,0.030402418,0.107663594,0.24669546,0.19888532,0.27538157,0.36698577,0.36928064,0.42301923,0.49779427,0.54464823,0.57142186,0.4721681,0.45591262,0.5109899,0.27557278,0.5997255,0.66092247,0.74659824,0.63892984,0.76132375,0.8659323,1.0216022,1.14304,1.1439961,1.2683024,1.0474197,0.99062115,0.9403249,0.8276842,0.8332302,0.85197175,0.6915209,0.38955215,0.3138209,0.19754665,0.07496146,0.15604745,0.040729407,0.37482664,-0.019702604,-0.11092434,-0.23389202,-0.40524355,-0.5152069,-0.71371454,-0.68120366,-0.7305437,-0.7779713,-0.53356594,-0.5152069,-0.5067923,-0.39357787,-0.39032677,-0.08548935,0.053925008,0.07706511,0.15279636,0.10422126,-0.0070807277,0.04168561,0.25491878,0.19620797,0.11014971,0.0064973515,-0.115514114,-0.3677604,-0.41958657,-0.33620572,-0.65290004,-0.5737265,-0.5517338,-0.4687354,-0.5219003,-0.74354804,-0.7079773,-0.69860655,-0.5664593,-0.729205,-0.8315187,-0.7703217,-0.8655595,-0.78428227,-0.67164165,-0.8753128,-0.87646025,-1.1786203,-0.82979757,-0.9013215,-0.96022356,-0.93497986,-0.87397414,-0.4960828,-0.35112247,-0.4348858,-0.3838246,-0.58921695,-0.7349422,-0.7785451,-0.76974803,-0.78944576,-0.6343497,-0.3799998,-0.59916145,-0.587687,-0.32473126,-0.25205985,-0.097155035,0.27060053,0.16082847,-0.051639777,-0.12239878,0.031358622,-0.013009185,0.06845929,-0.059863117,-0.34882757,-0.360302,-0.40600848,-0.3516962,-0.1767111,-0.10442217,-0.0045946008,0.004202464,0.107663594,-0.0399741,-0.3036948,-0.13961042,-0.105378374,0.02351776,0.014146972,0.4893797,0.5060176,0.26773193,0.15050147,0.049717713,-0.14783376,-0.1772848,-0.26066568,-0.33180717,-0.5075572,-0.56932795,-0.5027762,-0.3574334,-0.2583708,-0.38650194,-0.6215366,-0.70587367,-0.5222827,-0.38688445,-0.60356,-0.48843315,-0.44215298,-0.19583516,-0.21247306,-0.10442217,0.024282722,0.060044706,0.2732779,0.14285184,0.17976128,0.024856443,-0.102318525,-0.0019172331,0.007453554,-0.1290922,-0.39281288,-0.35093123,-0.24785258,-0.28323206,-0.30445978,-0.28495324,-0.2583708,-0.15911697,-0.4201603,-0.7511977,-0.8592486,-0.7768239,-0.65003145,-0.48537335,-0.97074187,-0.8978792,-1.3700521,-1.616561,-1.7085477,-1.8294117,-1.8995969,-1.9657663,-2.057753,-2.2583642,-2.1669514,-1.9665313,-1.8259695,-1.6527056,-1.7735696,-1.8450935,-1.9206336,-2.1946812,-1.9187211,-2.0181663,-1.96634,-1.9743721,-2.0648289,-2.0097516,-2.1002085,-1.8896525,-1.881238,-1.8380176,-1.7634337,-1.8470058,-1.8741621,-1.6528966,-1.6708734,-1.6877025,-1.6263143,-1.6534704,-1.8894613,-1.7370427,-1.760374,-1.6272705,-1.276153,-1.2711806,-1.4054315,-1.8426074,-1.8200411,-1.6192384,-0.13138708,0.18588097,0.22967505,-0.0022997144,-0.08070833,-0.26429924,-0.33065972,-0.45879087,-0.5262988,-0.53834695,-0.6372183,-0.43947563,-0.5400681,-0.411172,-0.36584798,-0.09753751,-0.28017223,-0.6664781,-0.9323025,0.54445696,1.1761246,0.92215705,0.74851066,0.51462346,1.0877714,1.4851692,1.4329605,1.6333808,1.0303992,0.90704906,0.796512,0.70089173,0.64677066,0.8638287,0.5628161,0.68521,0.7077764,0.61502475,0.30119902,0.5303052,0.720972,0.3610573,0.017206822,-0.15242355,-0.06407041,-0.3545648,-0.2882043,-0.50966084,-0.33085096,-0.03729673,-0.13387321,-0.06770398,0.019310469,0.17478901,0.050100192,-0.24689637,-0.7198342,-0.9975155,-1.2239443,-1.0655972,-1.0615811,-1.1311927,-1.5278255,0.44501188,-0.4494201,-0.20023368,-0.4649106,-0.42379388,-0.72098166,-0.6804387,-0.58864325,-0.5171192,-0.5882607,-0.46911788,-0.12469367,-0.15280603,-0.14286152,-0.124119945,0.17517151,-0.40218368,-0.3168904,-0.19334903,-0.16657534,-0.0692339,0.12162415,-0.10480464,-0.057759468,0.24420933,0.40427768,0.46413597,0.52781904,0.87262577,1.0950385,1.1300355,1.2644776,1.049332,0.88830745,0.7171472,0.82921416,0.730534,1.205958,1.2646688,1.2466923,1.5054407,1.4654715,1.527051,1.7473601,1.1635027,1.3744409,1.4046569,1.489759,1.7500374,2.1411245,2.1038325,2.2864673,2.1137772,1.9959729,2.0713217,2.0682616,1.8127644,1.87683,2.120279,1.6523136,1.7869469,2.1705754,1.9219627,4.30023,3.7741275,3.257204,2.8051116,2.5752404,2.260841,2.322038,2.4371648,2.1118646,1.9324808,1.9466327,2.1193228,2.3432658,2.4757953,2.469293,2.232346,1.9621233,2.0296311,2.1642644,2.1036413,2.5603235,2.2642832,2.4664245,2.5953207,2.6626375,2.8215582,2.7909596,2.493007,1.6853981,1.4455824,1.8206053,1.302152,0.7282392,1.0464635,0.6089051,0.7165735,1.2725097,1.1520282,1.24172,1.2088267,1.3912702,1.1927624,1.0225583,0.92024463,0.92961544,0.40045288,0.069224246,0.13998324,0.13979201,0.564346,0.54005843,0.59551823,0.9944459,0.84451336,0.4402309,0.54158837,0.92234826,0.8873513,0.5480905,-0.06999887,-0.9076324,-0.10193604,0.4398484,0.20194517,0.33351865,1.0305904,-0.045137595,0.22259916,0.24746044,0.45916373,0.007644794,-0.25339857,0.25472757,-0.28590944,-0.79633045,-0.9189156,-0.5882607,-0.4951266,-0.7896371,-0.6932518,-1.0499153,-2.3568532,-2.1965935,-2.033848,-1.9789618,-1.3337164,-1.5586151,-0.987571,-0.6163731,-0.28533572,-0.25531095,-0.49206674,-0.67986494,-0.53586084,-1.0824263,-1.4243643,-1.5702809,-1.2931734,-1.9361238,-2.5995376,-2.3457613,-2.2449775,-2.0807018,-1.990245,-2.074582,-2.1799557,-2.4582107,-2.331992,-2.2011833,-1.8930949,-2.293935,-2.577736,-2.709692,-2.5304997,-2.6576746,2018-04-17
MRCY_HEI-A,-1.0974802,-1.1215525,-1.1932515,-1.0780671,-1.1078339,-1.2359602,-1.1194817,-1.0889384,-1.0420882,-1.0268166,-1.0428647,-1.2551144,-1.2514907,-1.2344072,-1.2869519,-1.3066238,-1.6783198,-1.7997162,-1.9244777,-1.9110179,-1.9301721,-1.826118,-1.8758156,-1.7396652,-1.7189578,-1.6617539,-1.609468,-1.560547,-1.4632227,-1.4616697,-1.4062778,-1.3713341,-1.338979,-1.3964417,-1.4176668,-1.4619285,-1.4489865,-1.3138715,-1.3024824,-1.451316,-1.5012724,-1.5028255,-1.7753853,-1.6234454,-1.5188736,-1.599632,-1.5175793,-1.3436382,-1.360204,-1.2809986,-1.3431205,-1.3933356,-1.4461392,-1.4779767,-1.3193071,-1.3904884,-1.360204,-1.4256908,-1.3757344,-1.1357887,-1.0935975,-1.019569,-1.0099919,-0.983849,-0.8355329,-0.9261274,-0.9144795,-0.93699867,-0.8140491,-0.8220732,-0.4294112,-0.5660793,-0.5909281,-0.7578806,-0.6978295,-0.49567452,-0.38696122,-0.44623584,-0.5966226,-0.56323206,-0.43562335,-0.29403725,-0.5684089,-0.62613046,-0.4151749,-0.4413179,-0.2785068,-0.28135404,-0.23062117,-0.15141578,-0.24045715,-0.26012906,-0.3867024,-0.621989,-0.52311164,-0.36625394,-0.5316534,-0.47626144,-0.6165533,-0.67505145,-0.62535393,-0.1653932,-0.5531373,-0.32613355,-0.23760988,-0.17704105,-0.18584165,-0.29015467,-0.4703081,-0.47470838,-0.20965505,-0.18377092,-0.17807643,-0.17988831,-0.22725624,-0.17264076,-0.16176942,-0.18454745,-0.19593647,-0.252105,-0.25546992,-0.22285594,-0.28394246,-0.16513437,0.07532907,-0.046585117,0.04375045,0.08361199,0.15298142,0.39059758,0.266095,0.111049145,-0.08851738,-0.113883816,-0.03260769,-0.07971678,0.056174822,0.13926283,0.15453446,0.15505214,0.18844265,0.3258873,0.40353966,0.6789466,0.7025012,0.58835226,0.5704922,0.5792928,0.64167356,0.7079368,0.78791875,0.779377,0.6905945,0.68257046,0.6533213,0.5541852,0.6579805,0.7296795,0.74909264,0.62226045,0.6641927,0.52131236,0.5011228,0.45763746,0.42347044,0.5169121,0.3383117,-0.164099,-0.03338421,0.04685654,-0.09291768,-0.16875814,-0.34451127,-0.42216364,-0.2660824,-0.54019517,-0.49360377,-0.4879093,-0.51793486,-0.5184525,-0.7270785,-0.5653028,-0.4571072,-0.22880928,-0.18377092,-0.15762797,-0.208102,-0.32691008,-0.29067233,-0.30387324,0.26764807,0.30621538,0.18740728,0.31605133,0.32873455,0.4912868,0.58188117,0.47239143,0.32666382,0.31501597,0.43071797,0.5122529,0.5011228,0.55936205,0.56764495,0.43874207,0.52830106,0.47316793,0.38283235,0.39810398,0.2648008,-0.017077222,-0.11595455,-0.20396054,-0.24925774,-0.14675663,-0.10404785,-0.035713784,-0.094211884,-0.011382718,0.064716585,0.078694,-0.044773225,-0.13743836,-0.2445986,-0.26116443,-0.27100042,-0.3962795,-0.2963668,-0.3515,0.24305815,0.42114085,0.44366002,0.38386774,0.321487,0.5728218,0.53063065,0.2365871,0.2585886,0.27463675,0.3530656,0.4490957,0.52804226,0.28861418,0.20009051,0.2339987,0.14599271,0.15764056,0.1962079,0.23788132,0.23218681,0.15556984,0.14314544,0.14651038,0.20242009,-0.03183117,-0.1257905,-0.049173523,-0.0018055951,-0.10870699,-0.1483097,-0.23553917,-0.38437283,-0.40766853,-0.31577992,-0.29584914,-0.3377814,-0.48946235,-0.485062,-0.44105902,-0.589375,-0.6113765,-0.6256128,-0.49153307,-0.607235,-0.6362252,-0.5743623,-0.50162786,-0.5246647,-0.4294112,-0.5609025,-0.48325014,-0.48920348,-0.46487242,-0.034937263,0.1138964,0.35435984,0.3434885,0.39422137,0.6108714,0.50034624,0.7229496,0.8174267,0.71906704,0.83166295,0.79050714,0.7609993,0.63183755,0.5774809,0.6434854,0.7229496,0.8303687,0.8927494,0.9139744,1.0131106,0.9116449,1.0299352,1.0335591,1.0630668,1.087398,1.1039637,0.95461243,0.92044544,0.8572882,0.84564036,0.66781646,0.4397774,0.3924095,0.24383466,0.14987533,0.34012356,0.09163606,-0.2886016,-0.49360377,-0.46720198,-0.53579485,-0.5137934,-0.52984154,-0.5580552,-0.61707103,-0.6582267,-0.74752694,-0.80939,-0.90593773,-0.7661635,-0.6962764,-0.81974363,-0.54718393,-0.60076404,-0.55184305,-0.46021327,-0.47574377,-0.6113765,-0.6326015,-0.48143825,-0.6069762,-0.57850367,-0.53217113,-0.69964135,-0.7508919,-0.8492515,-0.8153434,-0.5940342,-0.68204015,-0.67168653,-0.5989521,-0.59610486,-0.7558099,-0.83139145,-0.84640425,-0.7175014,-0.5171583,-0.53217113,-0.48816812,-0.27773026,-0.33415765,-0.47496724,-0.42190477,-0.46953157,-0.6678039,-0.7125834,-0.7842824,-0.7617632,-0.65304995,-0.5945518,-0.54459554,-0.44442397,-0.55779636,-0.5057693,-0.50861657,0.22778651,0.2528941,0.2585886,0.37325525,0.16669999,0.02381968,0.041420877,-0.08230519,0.34219432,0.24124625,0.57437485,0.87644243,0.83891046,0.8979263,0.8756659,0.9566832,0.5112176,0.4446954,0.4001747,0.33132297,0.17394754,0.17472407,-0.0046528475,-0.071433865,-0.21250229,-0.21224345,-0.32561588,0.009583415,-0.03001928,-0.19127733,0.15945244,-0.03260769,0.15764056,0.30207393,0.8174267,0.9429646,0.47834477,0.19154875,0.20397311,0.086459234,-0.08618781,-0.1358853,-0.045549747,-0.2213029,-0.27643606,-0.19956024,-0.25650528,0.028996503,-0.30490857,-0.44312978,-0.33338112,-0.12061368,-0.049432367,-0.07402228,0.045044653,-0.03260769,0.046597704,0.33106413,0.4081988,0.53063065,1.1666033,1.0294175,1.0747148,1.1878284,1.0713499,0.9478826,1.0791152,1.2804935,1.0001686,0.8666065,0.73615056,0.82933336,1.0395123,1.056337,1.2232895,1.3599578,1.3928306,1.4386455,1.3061187,1.3635815,1.4127613,1.4632353,1.5559006,1.2380435,1.1862754,0.96134233,0.9173393,0.91682166,1.0840331,1.0545251,0.9473649,1.0767854,0.90129125,1.1596147,1.1272595,1.2235485,1.1748863,1.2178539,1.3250141,1.3930894,1.2108653,1.2383024,1.1787689,1.0470188,1.2999065,1.0558194,1.0475364,1.0125929,0.7348563,0.95176524,0.878772,1.0609962,1.1842046,1.2760931,1.4624588,1.4189734,1.3581458,1.5033557,1.4301037,1.284376,1.3467568,1.2408909,1.2064649,0.9434823,0.62924916,0.5106999,0.33572328,0.5510791,0.7219143,0.8997382,0.9556478,0.9706606,0.91138595,0.86039424,1.0389947,1.1880872,0.8930083,0.82338,0.83658093,0.72631454,0.71440786,0.5383959,0.7089722,0.7382213,1.12493,1.2085357,0.8779955,0.7201024,0.69784206,0.6804997,0.7056073,0.53347796,0.43485942,0.7366682,0.9745433,0.67609936,0.40043357,0.3245931,0.29793248,0.39473906,0.35772476,0.5787751,0.7943898,0.88886684,1.2569389,1.3814415,1.1772158,0.85029954,1.2918825,1.6097394,1.396972,1.0452069,1.0079337,0.9499534,0.99965084,0.92303383,0.6916298,0.99732125,1.1417546,1.2131947,1.157544,1.2199246,1.2781639,1.16738,1.0697968,0.6999128,0.36497232,0.26583615,0.20604385,0.2233862,0.1654058,0.02381968,-0.18920659,-0.24019828,-0.30024943,-0.39187923,-0.29507262,-0.47393185,-0.047361635,0.30983916,0.38904455,0.50215816,0.28343737,0.47653285,0.4177759,0.60854185,0.89197296,1.0459833,0.8430519,0.69188875,1.0294175,1.1536613,1.0485718,0.98463804,0.7954252,0.90206766,0.9031031,0.8637592,0.8694537,0.82156813,0.8238977,0.9033619,0.93312865,0.82985103,0.52415967,0.49413407,0.46152008,0.53270143,0.57204527,0.49051028,0.69473594,1.0423596,1.1373544,1.2533152,1.3527101,1.8082706,1.5807492,1.7166408,1.6697906,1.4295859,1.2678102,1.5791961,1.6899801,1.7567613,1.4091375,1.3915364,1.3700526,1.3586636,1.183428,1.0408065,1.3382151,0.37014914,0.37118453,0.6212251,0.8207916,0.90646803,0.9626366,1.2823054,0.9797201,0.49749902,0.2829197,0.34193546,0.5355486,0.49749902,0.5981882,0.86298275,0.98800296,1.2848939,1.1603911,1.0012039,1.393866,1.1896403,1.2204424,1.1047404,1.1979231,1.4308802,1.3902421,1.5701368,1.3203549,1.4443399,1.6809207,1.4624588,1.3617697,0.750128,0.51561785,1.0506425,0.8715245,0.82208586,1.1466726,0.40871647,0.32614616,0.7475396,0.8893845,0.7408097,0.62924916,0.6952537,0.5764455,0.40405732,0.5075938,0.2119972,0.2673892,0.0641989,0.12062627,0.5101822,0.458414,0.5125118,0.4529783,0.58628154,0.6069888,0.056433666,-0.101459436,-0.08696433,-0.7534803,-1.4585637,-1.899629,-1.8693446,-1.2447609,-0.92043287,-1.3873823,-1.4629639,-1.3299196,-1.2662446,-0.9794486,-1.5056727,-0.5989521,-1.219912,-1.4404447,-1.545793,-1.7471715,-1.974434,-2.1884959,-2.0466506,-1.8646854,-2.0194724,-1.9102415,-2.222404,-3.025329,-2.851647,-2.6971188,-2.5537207,-2.3841798,-2.5330133,-2.2431114,-1.9806463,-1.413784,-1.6397524,-2.1892724,-2.222145,-1.8822865,-2.373826,-2.569251,-2.6839178,-2.6932359,-2.948971,-3.4112613,-2.559674,-2.2977266,-2.0502744,-1.7981632,-2.0916893,-2.191602,-2.3751202,-2.3634722,-2.6870236,-2.5871112,-2.5477674,-2.893838,-3.1040168,-3.3481042,-3.688998,2018-04-17
ITW_HI,-0.8139233,-0.94564295,-0.8343511,-0.57608503,-0.23889327,-0.053981673,-0.20652711,-0.2944729,-0.24154623,-0.082235746,-0.13821329,-1.6023842,-1.4466552,-1.5255809,-1.2439687,-1.4924189,-1.4487776,-1.4987859,-1.560202,-1.4534202,-1.2645292,-1.2701004,-1.297426,-1.1939604,-1.1535026,-1.3621583,-1.5034286,-1.487776,-1.6159143,-1.5942926,-1.5186832,-1.5304888,-1.4583282,-1.5571512,-1.6391277,-1.7837142,-1.7903466,-1.856936,-1.8696704,-1.807591,-1.943688,-1.8010912,-1.7786736,-1.7204411,-1.3974427,-1.4560732,-1.1890523,-1.038762,-0.7620578,-0.6754385,-0.5831154,-0.5281991,-0.5831154,-0.45179364,-0.3259105,-0.3443486,-0.42062134,-0.3454098,-0.14643747,-0.33944064,-0.46253815,-0.29951352,-0.39395905,-0.47500712,-0.4322944,-0.46174228,-0.41703984,-0.5772789,-0.49304727,-0.4545793,-0.51254654,-1.1378502,-1.3343022,-1.3083031,-1.4978573,-1.2788552,-1.165441,-1.0939436,-1.2494073,-0.9997634,-0.9517448,-0.7605987,-0.79283226,-0.3220637,-0.33227766,-0.27431038,-0.31370687,-0.36013374,-0.45537516,-0.37896982,-0.29354435,-0.24128094,-0.31397218,0.029188752,-0.012595433,0.08012566,0.04285152,0.054126617,-0.023339937,-0.19472143,-0.17164063,-0.19193581,-0.24459714,-0.15545756,0.017515711,0.0031897041,-0.048543096,-0.14524364,-0.17933422,-0.279351,-0.27550417,-0.3792351,-0.6014208,-0.4370697,-0.65368426,-0.82373923,-1.0250993,-0.97456026,-0.8750741,-0.88979805,-0.947898,-1.0256298,-1.119014,-1.0412823,-0.97641736,-0.80012786,-0.7066109,-0.58789074,-0.37087825,-0.9987022,-1.0797503,-0.9799988,-1.2865489,-1.2693045,-1.2785898,-1.4701339,-1.7359608,-1.4607159,-1.450502,-1.4489102,-1.3832494,-1.4076567,-1.3194455,-1.356587,-1.4913576,-0.91898066,-1.0597204,-0.8850227,-1.208419,-1.276998,-1.4239722,-1.0550777,-1.5137751,-1.3868308,-1.2922527,-1.0895661,-0.9956513,-0.8488098,-0.79681164,-0.7047538,-0.66999996,-0.68843806,-0.76272106,-0.5193116,-0.43547794,-0.3996629,-0.40337706,-0.7477318,-0.8913898,-0.8778597,-0.91725624,-0.92534775,-1.071526,-0.91845006,-0.7741288,-0.8651255,-1.0912906,-1.2694371,-1.2716922,-1.212929,-1.0924845,-1.0265583,-1.0667506,-0.7399056,-0.6666838,-0.55791223,-0.32790023,-0.48084363,-0.32259429,-0.28996286,0.066064954,0.29196483,0.048953336,0.2716697,0.41625622,1.1182306,1.4149647,1.2828469,0.8314451,0.76207006,0.717235,0.8516076,0.64573765,0.61522853,0.6556862,0.7457544,0.78607947,0.6966745,0.7488053,0.4750194,0.27246556,0.09577815,0.017515711,0.2588028,0.27432263,0.026933733,0.018178951,-0.11234689,-0.01352397,-0.13144822,-0.10452064,-0.10160238,-0.10611243,0.018709546,0.081452146,0.0733606,0.23333435,0.36240107,0.48629445,0.6936236,0.5840562,0.528344,0.25482336,0.20826384,0.009822115,0.23956881,0.3906551,0.4555201,0.6231874,0.6745223,0.664441,0.78130406,0.6853994,0.35444215,0.36054397,0.08675807,0.02719903,0.06964645,-0.0029121137,0.1366338,0.015791284,0.08025831,0.09193136,0.0084956335,-0.023339937,0.072830014,0.14300092,0.22749783,0.06739143,0.13345025,0.02428077,0.06380994,-0.09443938,-0.16076347,-0.18291572,-0.19060934,-0.21514924,0.084635705,-0.04933899,0.0013326291,-0.22350608,-0.045757484,-0.3435527,-0.27125946,-0.21806751,-0.28306514,-0.2078536,-0.14232537,-0.09894942,-0.019758437,-0.0075548007,0.11567538,0.18080567,0.1589187,0.26516992,0.10572676,-0.029176459,-0.07878689,0.034229383,0.05027982,-0.13264206,-0.118183404,-0.08143986,-0.24207683,0.5051305,0.18040772,0.48191705,0.3460853,0.13371556,0.23214051,0.29872993,0.2802918,0.21927364,0.028923456,0.014464802,-0.21170038,-0.11102041,0.023352232,-0.07679717,-0.056104045,0.0127403755,0.26198637,0.3325552,0.26304755,0.3824309,0.34263647,0.18253009,0.17178558,0.28427124,0.3410447,0.43575552,0.8037216,0.61058587,1.0070714,0.9827967,1.0202035,1.0111835,1.0800279,1.0972723,0.93796164,0.68195057,0.6578086,0.46785635,0.53338456,0.51813,0.470642,0.48722303,0.4483571,0.6578086,0.7814367,0.7786511,0.7847529,1.001898,1.0956805,1.0402334,0.9475123,0.7303672,0.7522541,1.0229892,1.1529845,1.2890816,1.289612,1.3142847,1.2327061,1.4629834,1.3056626,0.99712276,0.9311966,1.0590695,1.190524,1.076977,1.2199718,1.1313628,1.1594843,1.2340325,1.1093432,0.98385787,0.8780046,0.7864773,0.9217785,1.1058943,1.2102884,1.1312301,1.093956,1.0300194,1.0826808,0.89909565,0.87256604,0.76220274,0.6664308,0.9224418,1.0687529,1.0497841,1.0464679,1.1281792,1.5092776,1.6006722,1.733851,1.7711251,1.558888,1.199544,0.559251,0.106124714,0.7155106,1.0179485,0.69163394,0.45870364,-0.042839225,-0.19564997,-0.56865674,-0.5845745,-0.5105568,-0.4895984,-0.100541204,0.05465721,0.11501214,-0.022676697,-0.11645899,-0.1000106,-0.4857516,-0.95240796,-0.94617355,-0.7216001,-1.2240714,-1.2360098,-1.3812596,-1.169951,-1.4308699,-1.6132612,-1.7323794,-1.6360768,-1.7379507,-1.7240225,-1.8708642,-1.8881085,-1.9950229,-1.9141074,-2.0869482,-2.1986382,-1.9972779,-1.8390286,-1.9074751,-1.912781,-1.8233762,-1.8334572,-1.6210876,-1.6758713,-1.4018201,-1.3065788,-1.0936782,-1.0182016,-1.1203406,-0.80861735,-0.73168135,-0.30535004,-0.52236253,-0.8108724,0.040994443,-0.31529868,0.05399397,-0.27285123,-0.1486925,-0.33148175,-0.57661563,-0.5462392,-0.4670482,-0.5455759,-0.5385456,-0.103459455,-0.3715415,-0.40603006,-0.16447763,-0.2444645,-0.3761842,0.14830685,-0.03952302,0.18239744,0.09007428,0.19897847,0.14260298,0.44848973,0.3898592,0.36293164,0.21489625,0.1671429,0.17271413,0.05598369,0.17669357,0.166347,0.49916133,0.7758655,0.49385542,0.46573398,0.51587504,0.40869528,0.39436927,0.39834872,0.43389842,0.6877871,0.48602918,0.5753014,0.45883632,0.44915295,0.53179276,0.24514005,0.5012837,0.64626825,0.6111164,0.78329384,0.5457209,0.4775397,0.56349576,0.78316116,0.41492975,0.4803253,0.48496798,0.56269985,0.63525844,0.5848521,0.80252784,0.121113956,-0.0023815206,-0.037533294,-0.0050344844,-0.030502941,0.014995394,0.117797755,0.12641989,0.26172107,0.4500815,0.64334995,0.6897768,0.7919159,0.87216806,1.0111835,1.3049994,1.3918839,1.5067573,1.544164,1.5161753,1.2394711,1.5729486,1.5981519,1.7865124,1.5091449,1.460065,1.5537148,1.7266879,1.632375,1.601866,1.7822676,1.7838593,1.9206196,1.9035081,1.9045691,1.9082832,1.752289,1.4631159,1.4218624,1.3374981,1.55398,1.5018492,1.7963282,1.891039,2.1453257,2.2478626,2.0146673,1.9108036,1.829225,1.9257928,1.8325411,2.0085654,1.9047018,1.8383777,2.0640123,1.4540958,1.0042857,1.1016496,1.2933263,1.3461202,1.3028768,1.2373487,1.5318278,1.3377634,1.1501987,1.1370666,0.86434186,0.9456552,0.74111164,0.89737123,0.6196059,0.8019972,0.8906062,0.97138894,1.0633142,1.1068228,1.1703613,1.1088126,1.035856,0.99301064,1.2454402,1.2553889,1.2431852,1.0536308,1.0788342,1.2361549,1.2606947,1.4594017,1.5090122,1.4511776,1.4032917,1.3990469,1.5372663,1.421995,1.2902753,1.393343,1.1826977,1.1837587,1.1402502,1.0261726,0.8173844,0.45697922,0.329239,0.6766446,0.8663316,0.6897768,0.6420235,0.87256604,0.90997285,0.9992451,1.0127752,1.018877,1.1822997,1.0817523,1.1235366,1.3394878,1.1431684,1.3142847,1.2429199,1.4542285,1.5688366,1.5440314,1.1730144,1.2800614,1.5429702,1.3420081,1.0707425,1.1906565,1.2291244,1.3113663,1.3157437,1.4245154,1.7321265,1.7749718,1.8833455,1.9434351,1.9066916,0.057840765,-0.4763336,-0.064991474,-0.35204223,-0.41345835,-0.46121168,-0.84164673,-0.27112678,-0.3897143,-0.24353595,-0.40748918,-0.24565834,-1.0073243,-0.5963802,-0.62529755,-0.57383007,-0.51466894,-0.2411483,-0.4821701,-0.48999634,-0.34885865,-0.4255293,-0.2070577,-0.33280823,-0.29301378,-0.29686055,-0.27232063,-0.34832805,-0.3858675,-0.10584713,-0.39833644,-0.39608142,-0.37220475,-0.049736932,0.18611158,0.3184945,0.28705686,-0.13277471,0.28453654,0.28228152,0.18425453,0.2821489,0.118461,0.4465,0.4866924,0.6731958,0.42819455,0.894453,0.8683213,0.94844085,0.91965616,0.09511491,0.501549,0.14286828,0.007832391,-0.8013217,-0.7925669,-0.576483,-0.44410008,-0.39236727,-0.6095123,-0.8392591,-1.1716754,-0.7448135,-0.9326434,-0.61030823,-0.68764216,-0.6913563,-0.64240915,-0.33864474,-0.62516487,-0.8448303,-0.94511235,-1.1476662,-1.1687572,-0.69732547,-1.124718,-0.9660708,-0.878523,-0.69162166,-0.545178,-0.5779421,-0.7716085,-0.7745268,-0.8041073,-1.1477988,-1.3809943,-1.63674,-1.6878096,-1.9913087,-1.9672995,-1.723492,-1.8610481,-1.5157648,-1.8778944,-2.1210387,-2.1737,-2.5635533,-2.4400578,-2.4216197,-2.6391628,-2.8659914,-3.2208252,2018-04-17
MRCY_HI,-1.071015,-1.1462581,-1.1618574,-0.9781539,-0.83445776,-0.82289606,-0.8065627,-0.83390725,-0.77940184,-0.74251425,-0.76416963,-1.7549937,-1.6931475,-1.8293194,-1.6454322,-1.7507727,-1.7610499,-1.799589,-1.9060307,-1.7931659,-1.6410279,-1.6775483,-1.6226759,-1.4452121,-1.3995156,-1.606526,-1.6630503,-1.5604626,-1.5971665,-1.5661517,-1.5494514,-1.6270803,-1.6089119,-1.5988182,-1.5698221,-1.6320353,-1.6503874,-1.6454322,-1.6010205,-1.60047,-1.6623161,-1.6514884,-1.5336688,-1.5221069,-1.2705011,-1.3215197,-1.2471942,-1.1884677,-0.99962574,-0.9755846,-0.81041664,-0.81188476,-0.8258323,-0.8441843,-0.65937966,-0.6371738,-0.70874655,-0.62652963,-0.5918443,-0.61551845,-0.5011855,-0.40300235,-0.4237401,-0.42630935,-0.5206386,-0.5956983,-0.5461479,-0.64800143,-0.5444962,-0.5125637,-0.38006234,-0.8190421,-0.9952212,-1.1110224,-1.0741348,-0.8484053,-0.7291173,-0.6656194,-0.8428997,-0.66837215,-0.5485337,-0.34335837,-0.26591295,0.15379718,0.38209602,0.27051586,0.15636645,0.16113798,0.13783094,0.38998738,0.4777099,0.42210335,0.41090867,0.53992313,0.50064987,0.57974696,0.5061555,0.58011407,0.4140285,0.23381189,0.27033237,0.2433549,0.27473682,0.36154178,0.55075085,0.6175521,0.57534254,0.58653724,0.46468002,0.3984293,0.47514063,0.299512,0.026801372,0.0638724,-0.11561011,-0.3233547,-0.4534703,-0.4202532,-0.2857331,-0.21746367,-0.25857216,-0.17378594,-0.18149377,-0.21067344,-0.15121298,-0.24554224,-0.25581935,-0.20443375,-0.064041,-0.40997607,-0.52210677,-0.5956983,-0.93961465,-0.924199,-0.83060384,-0.9480566,-0.94640493,-0.70415854,-0.6791998,-0.6263461,-0.514766,-0.49421176,-0.5088933,-0.26939982,-0.44924936,-0.234164,-0.3848338,-0.23471457,-0.44447783,-0.45255274,-0.5358708,-0.36079276,-0.7171885,-0.588541,-0.5039383,-0.445946,-0.2517819,-0.09523939,-0.07541924,-0.08863267,-0.021280851,-0.2148944,-0.1910368,-0.095789954,-0.0064157373,0.15379718,0.14810805,-0.1965424,-0.33014494,-0.25783807,-0.35308492,-0.4072233,-0.47971368,-0.43365014,-0.26958334,-0.3114259,-0.2717856,-0.18791698,-0.18883458,-0.082393,-0.0750522,-0.043486767,-0.07376756,0.3185981,0.34686017,0.506339,0.5810316,0.47807696,0.6001177,0.4980806,0.8608995,0.8289671,0.55992687,0.70619226,0.764368,1.1121383,1.1771044,1.0684606,0.79978734,0.70325595,0.68508744,0.7794167,0.4158637,0.29969555,0.26244098,0.20811906,0.267029,0.072497845,0.2701488,0.13984966,-0.03394373,-0.18498065,-0.29325742,-0.26958334,-0.22939247,-0.32427227,-0.3973132,-0.47549272,-0.45824182,-0.4615452,-0.53458613,-0.53183335,-0.5881739,-0.5395412,-0.5112791,-0.6514883,-0.54743254,-0.5483501,-0.4709047,-0.42062026,-0.014123575,0.07561768,0.006797699,-0.14846018,-0.25581935,-0.057250764,-0.017426934,-0.06293988,0.029187132,0.057265684,0.10553143,0.31768048,0.24096915,-0.0814754,-0.07725444,-0.2648118,-0.3861185,-0.32922733,-0.30261695,-0.22517152,-0.28665072,-0.33124605,-0.31087533,-0.2774747,-0.18131025,-0.24370702,-0.22462095,-0.15176354,-0.23985311,-0.2103064,-0.34684524,-0.36519724,-0.54284453,-0.5353202,-0.5812002,-0.41915205,-0.509811,-0.3688676,-0.41181126,-0.3031675,-0.40630567,-0.3160139,-0.5132978,-0.49512932,-0.4991668,-0.5110956,-0.5112791,-0.4969645,-0.51917046,-0.45805833,-0.4910919,-0.44025686,-0.46356392,-0.42153782,-0.073584035,-0.0010936585,0.03230697,0.049190808,0.11507446,0.098924704,-0.048992366,0.101126954,0.18059109,0.018359456,0.84768605,0.8190569,0.8750306,0.65737593,0.48431662,0.48505068,0.54983324,0.49257502,0.4488973,0.19527268,0.19949365,-0.115426585,-0.08863267,-0.023299575,-0.10276371,0.035977367,0.082407914,-0.03541189,0.008449378,-0.09542291,-0.06293988,-0.1385501,-0.20039633,-0.22113408,-0.107351705,-0.12203331,-0.012471896,0.13966614,-0.2875683,-0.22902544,-0.3059203,-0.3290438,-0.29160574,-0.29729486,-0.26536238,-0.3938263,-0.5386236,-0.6465333,-0.7505892,-0.78031933,-0.72801614,-0.72801614,-0.71920717,-0.71260047,-0.7704093,-0.7181061,-0.69131213,-0.6360727,-0.54357857,-0.5683538,-0.51164615,-0.5749605,-0.6514883,-0.45750776,-0.45603958,-0.25765455,-0.19947873,-0.18993568,0.012119778,-0.13965121,-0.101846114,-0.1835125,-0.33106253,-0.30169934,-0.28775182,-0.31215996,-0.42759398,-0.13047522,-0.18461362,-0.13799953,0.095621355,-0.019629173,-0.26389423,-0.1734189,-0.1458909,-0.10423187,-0.16185714,-0.055048525,-0.09303716,-0.06936308,0.04074889,0.0014756208,0.049007285,0.006797699,-0.021097332,0.041299447,0.66251445,0.7889597,0.7495029,0.84585094,0.8530081,0.85374224,0.90586185,0.92531496,1.0291873,0.7678549,0.7023383,0.3206168,0.052127127,0.5562564,0.73518836,0.55644,0.13544518,-0.23031007,-0.31087533,-0.5134814,-0.5674362,-0.5443127,-0.5270618,-0.41364646,-0.3952945,-0.37896124,-0.53403556,-0.46576616,-0.42649287,-0.77261156,-0.7696752,-0.90456235,-0.7331547,-1.0282549,-0.86070114,-0.89336765,-1.0614719,-1.3319803,-1.3143624,-1.4053884,-1.3925419,-1.4538376,-1.3943771,-1.4097928,-1.4171336,-1.5254103,-1.5155003,-1.4721895,-1.6740614,-1.6630503,-1.504489,-1.3705195,-1.3914407,-1.3804296,-1.3804296,-1.3852011,-1.4549387,-1.001828,-0.99265194,-0.8173904,-0.52449256,-0.83904576,-0.5879904,-0.44851527,-0.23673327,-0.26352718,-0.42098725,0.25271443,-0.03412725,0.20610036,-0.046239566,0.034509208,0.12828791,-0.050460525,7.461145e-06,0.093602635,0.06809336,0.18187572,0.465047,0.39641058,0.36154178,0.41843295,0.2763885,0.23601411,0.47422305,0.2589541,0.36337698,0.3101562,0.49642894,0.46064255,0.5301966,0.726563,0.6054398,0.6303985,0.6368217,0.5560729,0.53221536,0.6661849,0.75133806,0.9227457,1.0007417,0.86585456,0.8585138,0.87411296,0.9110005,0.8548434,0.8302517,0.88897806,0.7584954,0.7621658,0.7199563,0.7612481,0.90898174,0.9686257,0.8185064,1.0025768,1.0657078,1.1035129,1.1181945,1.0466217,0.85961485,0.8871429,0.66508377,0.2083026,0.08626184,0.05047545,0.2183962,0.52377343,0.64489657,0.7524392,0.33786768,0.3004296,0.25161332,0.2662949,0.4277925,0.59406155,0.50487083,0.44871375,0.55992687,0.67242455,0.70252186,0.6441625,0.7377576,0.67976534,0.81557006,1.0750673,1.1429697,1.0502921,1.0713968,0.7678549,0.6504022,0.74326324,0.73372024,0.79978734,0.7384917,0.5780953,0.43127933,0.4595414,0.34300622,0.29345584,0.3753058,0.40173262,0.45311826,0.7421621,1.09085,1.2817107,1.0945204,0.9998241,1.1018612,1.2119732,1.2879505,1.168846,1.4872532,1.4255904,1.7302337,1.7238103,1.6366385,1.6494848,1.7412448,1.7680386,1.6175524,1.6476495,1.5404739,1.5294627,1.6652676,1.6806833,1.3927404,1.5624963,1.604706,1.6707731,1.6568255,1.7111475,1.6568255,1.6641663,1.4367851,1.5074403,1.425774,1.5028524,1.8616339,2.1497602,2.023315,2.1304905,1.9111842,2.1119552,2.267947,2.3174975,2.3578718,2.4037516,2.4753246,2.3101566,2.6817846,2.7506044,2.64141,2.5424929,2.56268,2.73317,2.6404924,2.607459,2.5312982,2.3450253,2.1396666,2.1148915,2.0688279,1.9119184,1.7953832,1.9341242,1.9201767,1.9990903,2.08718,1.7762971,1.7375745,1.8212595,1.6634324,2.0468054,2.1598537,2.0598354,2.0552475,2.1928875,2.1350787,2.0992923,1.9662402,2.0203786,1.9836746,1.9157723,1.8763155,1.9385287,1.7928139,1.9855099,1.9616523,1.9377947,1.9772515,1.5120285,1.2183963,1.2083029,1.5257924,1.5441443,1.4065043,1.7368402,1.54965,1.2945571,1.1853628,1.2633587,1.646732,1.5109272,1.5494664,1.655908,1.8366753,0.69995254,0.30098018,0.515515,0.62397534,0.43751904,0.39641058,-0.068996035,0.19820902,-0.1367149,-0.24682687,-0.07633684,-0.24701038,-0.6448816,-0.33675164,-0.4376876,-0.4340172,-0.6624995,-0.55605793,-0.31674796,-0.21287568,0.1594863,0.21913028,-0.08734804,-0.280044,-0.22058353,-0.13873361,-0.1910368,-0.30940717,-0.3105083,-0.17635521,-0.45714068,-0.46539912,-0.5333015,-0.11762882,-0.053396847,-0.08184244,0.08332551,-0.37547433,-0.1910368,-0.12864003,-0.2536171,-0.21232511,-0.625245,-0.7186566,-0.70489264,-0.9893486,-1.3692349,-1.3483137,-0.915023,-0.7562782,-0.64800143,-1.1225841,-0.915023,-0.99650586,-1.1719509,-1.5683539,-1.51862,-1.1132245,-1.2497634,-1.236917,-1.4437441,-1.4703543,-1.5556911,-1.2694,-1.2719693,-1.1517638,-1.1884677,-1.0847789,-1.0847789,-0.88107187,-0.83427423,-0.7397615,-0.8729969,-1.1691982,-1.1959921,-0.97833735,-1.4455792,-1.1655277,-1.2242541,-1.365748,-1.4319987,-1.3776768,-1.4767774,-1.4299799,-1.4639312,-1.6529566,-1.449066,-1.6659865,-1.1022134,-1.2242541,-1.228108,-0.8161058,-1.1636926,-1.0436704,-1.1989284,-1.1391008,-1.4859536,-1.9063976,-1.6246945,-1.6990203,-1.9201617,-2.2550857,-2.608545,2018-04-17
WWD_HI,-1.0373822,-1.1111104,-1.0758295,-1.1294293,-0.9439782,-0.8494435,-1.0077553,-0.95935714,-0.8060208,-0.6205697,-0.5744331,-1.5731549,-1.3259622,-1.3230221,-1.0970885,-1.1289771,-1.1823508,-1.1511407,-0.67756206,-0.6870608,-0.64974433,-0.66014767,-0.75649184,-0.73251885,-0.5235472,-0.7099029,-0.6198912,-0.46610257,-0.31548008,-0.3593551,-0.3322159,-0.3688538,-0.30010122,-0.33854836,-0.27386665,-0.28472233,-0.22365919,-0.18543816,-0.19493687,-0.14427707,-0.17141625,-0.048385296,0.03574617,0.11377132,0.13729194,0.079395026,0.1363873,0.20559222,0.39398336,0.3143751,0.36005938,0.28949752,0.28904518,0.24833643,0.6006934,0.5599847,0.4731393,0.4573081,0.5269653,-0.43511865,-0.27002195,-0.28427002,-0.51992863,-0.5882289,-0.50613284,-0.39893308,-0.335156,-0.31842014,-0.36184284,-0.45140216,-0.5780517,-0.9616187,-1.0903037,-1.0079814,-1.1889094,-1.0333114,-1.0027798,-0.92633784,-0.99531657,-0.83949244,-0.8598469,-0.86527467,-1.0088861,-0.7569441,-0.64589965,-0.7397559,-0.6863823,-0.7619196,-0.6189866,-0.6786928,-0.4471051,-0.3987069,-0.56244665,-0.28721008,-0.4093364,-0.4224537,-0.47673208,-0.63549626,-0.7216632,-0.7958436,-0.98717475,-0.9564171,-0.95234615,-1.0676877,-1.1022902,-1.242057,-1.2895505,-1.325736,-1.3316163,-1.4168785,-1.4467316,-1.4951298,-1.4562304,-1.3246052,-1.162901,-1.0561535,-1.1624486,-1.3004062,-1.4152954,-1.5143534,-1.5021408,-1.5862722,-1.6604527,-1.6387413,-1.658191,-1.5116395,-1.4483147,-1.3705157,-1.4976176,-1.6443954,-1.6308258,-1.6679159,-1.8737214,-1.6534417,-1.533577,-1.7339545,-1.7875545,-1.8678412,-1.431805,-1.5684056,-1.6335397,-1.6231363,-1.5742857,-1.5892123,-1.5218167,-1.0866851,-1.2264519,-0.97993773,-0.9921503,-1.0726632,-1.0604507,-0.7999145,-1.076508,-0.8989725,-0.96546346,-0.75558716,-0.8053424,-0.95370317,-1.0290145,-0.9014603,-0.7919989,-0.82275665,-0.7232463,-0.4645194,-0.3980284,-0.3817449,-0.422906,-0.5766947,-0.64567345,-0.5344028,-0.65698147,-0.6556245,-0.7035704,-0.8085086,-0.54955554,-0.40300393,-0.678919,-1.0045891,-1.1172167,-0.89648473,-0.7467669,-0.8521574,-0.8277322,-0.76146734,-0.74292225,-0.9559648,-0.69769025,-0.49324173,-0.48871854,-0.39825457,-0.483743,-0.55068636,-0.6551722,-0.56561285,-0.6479351,-0.14111084,0.06831318,-0.037077304,-0.50025266,-0.6886439,-0.6800498,-0.75219476,-0.8103178,-0.5099776,-0.34216693,-0.36840147,-0.47967216,-0.6551722,-0.5411876,-0.57194537,-0.7526471,-0.888343,-0.8340646,-0.4609009,-0.3428454,-0.49030167,-0.4676857,-0.56086355,-0.7151045,-0.63549626,-0.6359486,-0.50409746,-0.55475724,-0.49030167,-0.2275039,-0.13771844,0.10201101,0.11173587,0.13163795,0.07509798,-0.040243544,0.0479588,0.024664333,-0.20240015,-0.45977008,-0.29919654,-0.31367078,-0.23609798,-0.121208765,-0.21483894,-0.21031575,-0.048837617,-0.099723585,-0.28743625,-0.33809605,-0.48193377,-0.50726366,-0.50274044,0.09477389,0.06537311,-0.012425881,0.005666907,-0.020567635,-0.024638513,0.019236498,-0.11103157,0.06627775,-0.11465014,-0.24401356,-0.1666669,-0.08977255,-0.1255058,-0.07461984,-0.05630089,-0.036624987,-0.115554765,-0.11532861,0.12824555,0.08437054,0.07758574,0.03552001,0.13774426,0.12440083,0.2655246,0.28045112,0.16872816,0.18048847,0.28768823,0.3672965,0.38448468,0.549129,0.61652464,0.7119641,0.68799114,0.5669956,0.39873272,0.31279197,0.42270565,0.5982057,0.54890287,0.51113415,0.56948334,0.56405556,0.58169603,0.7721226,0.32025525,0.5513906,0.68459874,0.68233716,0.7574222,0.5787559,0.51950204,0.49733835,0.5007308,0.5599847,0.43333519,0.4577604,0.4740439,0.4156947,0.38177073,0.3781522,0.32387382,0.008606984,-0.0438621,-0.014913639,0.0027268291,-0.05630089,-0.0657996,0.050220396,0.0732887,-0.07326288,0.35282227,0.24155162,0.5310362,0.52063286,0.5776251,0.53058386,0.5939086,0.540535,0.6178816,0.3853893,0.45843887,0.49145827,0.60318124,0.655198,0.61629844,0.5244776,0.598658,0.8216516,0.9804159,0.9799636,1.0534655,1.2018265,1.314454,1.1936846,1.0932697,0.97114336,0.7743842,1.0833186,0.9182219,0.92297125,0.9611923,0.93970716,0.9390286,0.9865222,0.9507889,0.88384557,0.9394809,0.9670724,1.0453238,0.98833144,1.0471331,1.1113625,1.1457387,1.0824139,1.0104952,0.92138815,0.75402987,0.8083082,0.64683,0.6825633,0.7852399,0.72869986,0.76036227,0.7404602,0.70834553,0.659495,0.63009423,0.62783265,0.57174504,0.7241767,0.72802144,0.69816834,0.8135098,0.70766705,0.82300854,0.8442676,1.2925165,1.3481518,1.0627381,1.1543329,0.6135846,0.28904518,1.1147548,1.8190167,1.6150204,1.3644353,0.9978302,1.0236124,0.69997764,0.68098015,0.6692199,0.60725206,0.8435891,1.0647736,1.2420828,1.2723882,1.1366923,1.3063122,1.1848644,0.89221346,0.7085717,0.91890043,0.7065363,0.55568767,0.5776251,0.59368247,0.4360491,0.41162384,0.34422818,0.4355968,0.39579263,0.34377587,0.16782352,0.17913151,0.06740855,0.21079388,0.2062707,0.025795134,0.060171433,0.0013698698,0.14294595,0.19858126,0.10495108,0.21938798,0.057005197,0.060171433,0.065146945,0.13344721,-0.13138595,0.44916636,0.26100138,0.6852772,0.63552207,0.9519198,0.84788615,0.63936675,1.158856,1.1437033,1.3302852,1.065452,1.0663567,1.1409894,0.87095445,0.7343539,0.77551496,0.8058204,0.7305092,1.0722368,1.0491685,1.0084597,0.94015944,0.7931555,1.069749,1.1247059,1.0738199,1.0387651,0.87502533,1.0003179,0.853314,0.9442304,0.7818475,0.59277785,0.5593062,0.49010128,0.5330717,0.44486934,0.49914768,0.52221596,0.47969794,0.41365927,0.3598332,0.47562703,0.69409746,0.61946476,0.6334866,0.7343539,0.68052787,0.99602085,0.95327675,0.9005814,0.9577999,0.9663939,0.96910787,0.86824054,0.8252702,0.9860699,1.0837709,1.1294552,1.0527871,0.3914956,0.38290152,0.32545695,0.14837378,0.18048847,0.05610055,0.24358708,0.44396472,0.3105304,0.3317894,-0.17005928,-0.3423931,-0.3310851,-0.32113406,-0.38852972,-0.3360606,-0.34103614,-0.1013067,-0.005414926,0.18297623,0.26801232,0.27298784,0.3430974,0.39737576,0.55614,0.80446345,0.8076297,0.7149042,0.8058204,0.8302457,0.7167134,0.92025733,0.9469442,0.9582522,1.0211246,1.0496207,0.9442304,0.8741207,0.8121529,0.362321,0.5737804,0.40936223,0.34581134,0.35757163,0.82843643,0.85150474,0.7737057,0.63891447,0.50955105,0.39556646,0.46838996,0.42406264,0.5900639,0.5199544,0.5950394,0.6882173,0.7072148,0.5384995,0.51904976,0.9573475,0.6619828,0.6656013,0.7176181,0.74475724,0.7013346,0.78998923,1.2545216,1.0351466,1.1129456,1.1133978,1.0206723,1.0523347,1.0464545,0.9252329,0.7072148,0.99534243,0.86665744,0.87502533,0.78591835,0.82934105,0.6585904,0.7488282,0.72123665,0.59730107,0.84969544,0.8162238,0.7895369,0.6818848,0.6751,0.61494154,0.843363,0.9632277,1.1143025,1.2025049,1.2160745,1.4042394,1.4245938,1.4365803,1.450376,1.3264405,1.2432137,1.4847523,1.3757434,1.2995274,1.279173,1.378231,1.4243677,1.4632671,1.68219,1.8147196,1.7500378,1.7733324,1.4802291,1.6023555,1.847965,1.8628917,1.8303246,1.819469,1.8086133,1.8316815,1.8321339,1.9045049,2.037487,2.1048827,2.0257266,2.0166802,2.0139663,2.2215812,2.2238429,2.2138915,2.0469856,1.9886365,1.3368437,1.4153212,1.5299842,1.2848271,1.331416,1.3576505,1.2830178,1.3825281,1.3535796,1.2346196,2.6114807,1.9823041,2.0890515,1.7810217,1.7314928,0.3815446,-0.173904,0.092512295,-0.16395298,-0.35008252,-0.50477594,-0.82049507,-0.512013,-0.8693456,-0.9012341,-0.83225536,-0.7802386,-1.4033089,-1.256305,-1.2838966,-1.380693,-1.3605647,-0.79380816,-0.78430945,-0.7585273,-0.70289195,-0.6612785,-0.72641253,-0.80579466,-0.7234724,-0.7200801,-0.73591125,-0.83813554,-0.8885691,-0.84130174,-0.83316,-0.74767154,-0.44687894,-0.0393389,0.12847172,-0.13206443,0.15425393,0.29605615,0.628285,0.16375265,-0.20036471,-0.2510245,-0.29060248,-0.026900113,-1.3108095,-1.3777529,-1.7832575,-1.290229,-1.3363656,-1.3519707,-0.4798983,-0.18068881,0.4355968,0.22458963,0.0013698698,-0.90711427,0.98833144,-1.6821641,-1.7617723,-2.078396,-1.7703663,-1.8728168,-1.7773774,-1.4582658,-1.5301845,-1.5880815,-1.7773774,-1.9302614,-1.9662209,-1.7676524,-1.8097181,-1.9947169,-1.9264165,-1.9596621,-2.017559,-1.9809211,-2.1892145,-2.069802,-2.0946796,-2.040175,-1.9917768,-2.0496738,-1.9460925,-2.1478271,-2.0057988,-2.1912498,-2.1466963,-2.2826185,-2.1641107,-2.3283026,-2.4029355,-2.349788,-2.1907976,-2.1496365,-2.286237,-2.2916648,-1.8058735,-1.9775288,-2.0085125,-2.056911,-2.2163537,-2.2851062,-2.7417228,2018-04-17
KAMN_HUBB,-1.202187,-1.2365052,-1.3691509,-1.1578432,-1.3579684,-1.2997432,-1.2438315,-1.0583589,-1.1389489,-1.1169698,-1.0749396,-1.0047607,-1.0826516,-1.2434459,-1.3606677,-1.2149117,-1.2746793,-1.3051416,-1.02674,-1.0182568,-1.0278966,-0.9723706,-0.91183174,-0.8886959,-0.91723007,-0.9403659,-0.97661215,-1.0498757,-1.106173,-1.082266,-1.2974296,-1.2071997,-1.0845796,-1.1998733,-1.2372764,-1.0814948,-1.2411324,-1.1543728,-1.106173,-1.1327792,-1.1871486,-1.1840639,-1.1343217,-1.1605424,-1.1563008,-1.0190278,-0.88406867,-0.92687005,-0.7919107,-0.9704426,-0.8385681,-0.8725007,-0.8254578,-1.0171,-1.0483334,-0.97892576,-0.8886959,-0.90913254,-0.89486545,-0.8397249,-0.6627354,-1.2172253,-0.8917806,-0.7726309,-0.93265396,-1.1389489,-1.0402358,-1.1670974,-1.1092578,-1.2947304,-1.3506421,-1.0421638,-1.0413926,-1.1327792,-1.0799525,-0.99820566,-0.9361244,-0.89679337,-0.8755855,-0.9395948,-0.7969235,-0.55322564,-0.3253373,-0.07971145,-0.10323293,-0.17495413,-0.5084963,-0.4680085,-0.45297018,-0.46029654,-0.51582265,-0.67044735,-0.45836857,-0.6284172,-0.50926745,-0.21505632,-0.19192043,-0.09744895,-0.17379734,-0.29757425,-0.17649652,0.46706635,0.9417373,1.0809381,1.1399347,1.2486732,1.1545874,1.494299,1.4125524,1.0732262,0.9768267,0.88042724,0.92014384,0.88312644,0.8900672,0.7774726,0.7535656,0.90202075,0.8715585,0.9486781,0.9536909,1.1719393,1.102146,1.0261832,1.0261832,0.34328943,0.23570763,0.008590465,-0.20001799,-0.19114923,-0.26518404,-0.037681278,0.120799445,0.24804676,0.34830222,0.44662967,0.47979107,0.5873729,0.6598653,0.5225925,0.575805,0.17555435,-0.034982093,0.13506657,-0.11827125,0.009747259,0.21681331,0.06180297,-0.03266851,-0.29024792,-0.27675197,-0.16569978,-0.19423403,-0.15027586,0.0028064973,-0.022257363,0.04792145,0.1312106,0.12465543,0.74238324,0.88196963,0.90202075,1.2039438,1.0593446,1.2085711,1.2401901,0.89700794,0.6683485,0.17593995,-0.03228291,-0.15953022,-0.24667533,-0.42212236,-0.19230604,-0.5003987,-0.1086313,-0.13562314,0.27195382,0.0926508,0.58236015,0.5337748,0.9552333,0.993793,1.1333795,1.115642,1.5529101,1.3311912,1.5486684,1.5035534,1.4966127,1.6242456,1.2525291,1.412938,1.4194931,1.7298995,1.792752,1.6022667,1.9111304,1.9793813,1.9003338,1.8845242,2.1764219,2.2134392,1.8987913,1.8278413,1.9809238,1.8182014,1.4935279,1.4480274,1.4977695,1.2887754,1.1044596,1.0832517,-0.3785498,-0.5636368,-0.3450028,-0.046164434,-0.113258466,0.03134074,0.08609564,-0.19346282,-0.2925615,-0.20850115,-0.28754872,-0.3808634,-0.2667264,-0.2563153,-0.15528864,-0.03806688,0.14933369,0.32825112,-0.024956549,-0.0338253,-0.35155797,-0.49345794,-0.9619594,-0.7930675,-0.73214304,-0.9581034,-1.0915203,-1.1721103,-0.9827817,-1.1003891,-1.2588699,-1.0699269,-1.2407467,-1.2430604,-1.1000035,-1.2326492,-1.3575828,-1.0132439,-1.0251975,-0.83085614,-0.6303452,-0.6137645,-0.67160416,-0.6943545,-0.7583637,-0.6087517,-0.83432657,-0.779186,-0.5967982,-0.9052766,-0.9388235,-0.9110605,-0.58600146,-0.6982104,-0.70977837,-0.7919107,-0.7086216,-0.7757157,-0.89563656,-0.61762047,-0.6180061,-0.7039944,-0.7093928,-0.6654346,-0.56016636,-0.51196665,-0.24012019,-0.35387155,-0.3492444,-0.26749763,-0.32071015,0.13313858,-0.0700715,0.11694347,0.025171174,0.19560546,0.28853455,0.21141495,0.2029318,0.04213748,-0.06698672,0.0066624763,0.2600003,0.008590465,-0.22392505,-0.5219922,-0.59139985,-0.38664734,-0.47649163,-0.55592483,-0.47225007,-0.37546504,-0.22778104,-0.22816664,-0.35194355,-0.3966729,-0.55168325,-0.62031966,-0.594099,-0.6060526,-0.5728911,-0.4097832,-0.7745589,-0.64384115,-0.75682133,-0.7352278,-0.4194232,-0.33651966,-0.26556963,-0.11518646,-0.13793674,-0.10631771,-0.03613889,-0.26094246,-0.28369275,-0.32919326,-0.28060794,-0.25400168,-0.15953022,-0.26634082,-0.20811556,-0.21197154,-0.2725104,-0.088580206,-0.16608538,-0.21235712,-0.2894767,-0.2701968,-0.33729085,-0.25400168,-0.1791957,-0.15528864,-0.10593211,0.023628784,0.2600003,0.13815136,0.30164486,0.41963786,0.3355775,0.20871577,0.278509,0.24997474,-0.04539324,-0.35001558,-0.1630006,-0.23125143,-0.37430826,-0.5335601,-0.40515605,-0.5088819,-0.24243377,-0.15605983,-0.16878456,-0.10824569,-0.13022478,-0.08279624,-0.04500764,-0.023799757,0.097663574,-0.28099355,-0.2871631,-0.2524593,-0.40592724,-0.44371584,-0.6172349,-0.65386665,-0.6546379,-0.73754144,-0.7433254,-0.38587618,0.003192095,-0.021100571,0.16090162,0.10884592,0.022471989,-0.08395303,0.03326873,0.074142106,0.09959156,0.3664253,0.068743736,0.24380518,0.33789104,0.48364705,0.65523815,0.599712,0.3938028,0.2777378,0.3822348,0.59392804,0.43583295,0.2029318,0.34753102,0.23763561,0.21912691,0.2364788,0.09959156,0.2920049,0.16128723,-0.080868244,-0.15297505,0.0043488885,0.0386671,-0.16030142,0.020544,-0.32263812,-0.24089137,-0.33304927,-0.37700742,-0.51620823,-0.38279137,-0.46068215,-0.485746,-0.5358737,-0.6099085,-0.12829679,-0.2570865,-0.15066147,-0.28754872,-0.39474493,-0.49075878,-0.5825311,-0.32957888,-0.40438485,-0.379321,-0.33690524,-0.37353703,-0.3843338,-0.26711205,-0.11402967,-0.046164434,-0.11711445,-0.9322684,-0.92455643,-0.966201,-1.5037245,-1.2719802,-1.0753253,-1.0213414,-1.039079,-0.7953811,-0.6966681,-0.6692906,-0.5806031,-0.4340759,-0.46453813,-0.5813743,-0.20734435,-0.18729326,-0.1803525,-0.2898623,0.025942372,-0.41980878,-0.6700618,-0.92455643,-1.1042451,-0.9820105,-1.0714693,-1.1975597,-1.4682496,-1.5526953,-1.3128535,-1.7254431,-1.4798174,-1.3182518,-1.1482031,-0.99820566,-1.1443472,-1.3282773,-1.2361196,-1.1748095,-1.317095,-1.4308465,-1.5542377,-1.4586095,-1.6039798,-1.3074552,-1.052575,-1.5241612,-1.691125,-1.7844396,-1.6845697,-1.5307163,-1.5708184,-1.7825117,-1.7562909,-1.7404815,-1.7212017,-1.6456244,-1.8954918,-1.0309814,-0.35502833,-0.5512976,-0.19577642,-0.19384843,-0.22739543,-0.25592968,-0.36042672,-0.48111883,1.413709,0.28737774,0.09033722,0.1130875,0.35948452,0.26655546,0.2225973,0.15087609,-0.028426932,-0.4695509,-0.38279137,-0.601811,-0.85129285,-0.84820807,-1.0475621,-0.84589446,-0.7464102,-0.69396883,-0.56517917,-0.6677482,-0.58175987,-0.44410142,-0.27983677,0.03673911,-0.5181362,-0.40515605,-0.40399924,-0.37238026,-0.11364406,0.035967916,0.31167042,0.44200253,0.57811856,0.43390495,0.28197938,0.22375408,0.4443161,0.25113153,0.39688757,0.3841628,0.5125669,0.6440558,0.46706635,0.47863433,0.28313616,0.3884044,0.27272502,0.18982148,0.1655288,0.123113036,-0.021100571,-0.0025918733,0.17632554,0.03558232,-0.47919086,-0.17765331,-0.26479843,-0.34191802,-0.22508185,0.089566015,-0.47186446,-0.43021992,-0.37585065,-0.3669819,-0.17572533,-0.26556963,-0.038838074,-0.07277069,0.008976063,0.14470652,0.089180425,0.12966819,0.2931617,0.39688757,0.39573076,0.35601416,0.30781442,0.32285276,0.4115403,0.19483425,0.117714666,0.035196718,0.15858805,0.26848343,0.31899676,0.43467614,0.24727555,0.19174947,0.084167644,0.021700796,0.39727315,0.23686442,0.5946993,0.93248296,0.9961066,1.1179556,1.1449474,1.3751494,1.4742479,1.2980298,1.5432701,1.8984057,1.8467357,1.7187171,1.2745084,1.448413,1.5590798,1.8112607,1.8289982,1.9670421,1.7090772,1.4750192,1.1102436,1.1742529,1.0497047,0.8102485,0.5788898,0.7153914,0.04213748,-0.18690766,-0.041922856,0.25190273,0.11617228,0.08455325,-0.014931005,0.24843235,0.38609084,0.30010247,0.33904785,0.72850174,0.66372126,0.9182159,0.96255964,1.1545874,1.0585735,1.1719393,1.5590798,1.5448126,1.8054768,1.6377417,1.8224429,1.7472515,1.2359484,1.3878741,1.2721947,1.2506013,0.6768316,0.8171892,0.51179576,-0.06737232,-0.22431067,-0.31492615,-0.28253594,-0.02148617,0.040209495,0.2908481,0.25151715,-0.3249517,-0.80155075,-0.96118826,-1.0290534,-1.3961427,-1.0518037,-0.8921662,-0.7861268,-0.629574,-0.5000132,-0.9388235,-1.0086168,-0.8859967,-0.7190327,-0.7599061,-0.4460294,-0.79653794,-0.37546504,-0.3974441,-0.6322732,-0.3257229,-0.3808634,-0.25515848,-0.054261994,0.020544,-0.24012019,-0.09783456,-0.2914047,0.47940552,0.34136143,0.351387,0.62361914,0.29894567,0.17285517,0.45781204,0.3837772,0.26771224,0.40691307,0.34020466,0.3930316,0.48750308,0.7616632,0.6452126,0.7874982,0.8769569,0.967958,0.7944389,0.7485528,1.0639719,1.3138393,0.94906366,1.4738624,1.958559,1.9373512,2.3456993,2.5273159,2.3692207,2.1039293,2.1170397,2.0780945,2.3476272,2.3082964,2.4579084,2.820756,2.9838638,3.3177917,3.0995433,3.2144516,2.9333506,3.2364304,3.2954268,3.3517244,3.7708693,3.6401513,3.5672736,3.4327,3.7909203,3.6644442,3.5468366,3.5622606,3.5796125,2018-04-17
WIRE_HUBB,1.8078064,1.9919924,1.8974025,1.4165217,1.4429598,1.4350284,1.3383822,1.2220542,1.5554689,1.3721642,1.2614177,1.2669991,1.2819806,1.1944411,1.0170115,1.1603651,1.1348082,1.3178191,1.3762769,1.3093001,1.0628377,1.25143,1.166534,1.0540249,1.0572562,1.1453835,1.2940248,1.1583089,1.280512,1.2217604,1.0584313,1.2872684,1.2573051,1.0437434,0.9112589,0.9130214,1.0316994,1.1001449,1.0528499,1.1536087,1.1321645,0.9935109,1.0149552,1.127758,1.120414,1.2079539,1.2960812,1.1177703,1.244086,1.1950285,1.0643064,1.2940248,1.0801693,0.93534696,0.9359345,0.73471063,0.8974523,0.8986273,0.7717241,0.9021524,1.1762282,0.5584563,-0.8313099,-0.9326562,-1.2966216,-1.4608319,-1.3656546,-1.3371601,-1.3944428,-1.6511866,-1.6582369,-1.6943691,-1.6688122,-1.5615907,-1.6297424,-1.7055318,-1.4714072,-1.4693508,-1.4058992,-1.3468541,-1.4164746,-1.5040143,-1.3280536,-1.3527292,-1.6282737,-1.6708685,-1.7974778,-1.6414926,-1.4211746,-1.6047729,-1.5524842,-1.4282248,-1.265777,-1.0630845,-0.9367688,-0.8739047,-1.0384089,-1.1209548,-1.0375277,-0.75904566,-0.7182133,-0.7035255,-0.5883726,-0.47321963,-0.66298693,-0.43326864,-0.38803,-0.28257114,-0.108960494,-0.13980503,-0.15743048,0.15542112,0.57314414,0.43919078,0.6950534,0.9697166,0.8246004,0.6956409,0.56110007,0.7159102,1.0792881,1.0825194,1.2082477,1.1177703,0.9846982,0.66391516,2.085701,1.8874147,1.5592878,1.9123842,1.7898872,1.7399484,1.8236694,1.7860683,1.9579165,2.0765944,2.3301072,2.2972064,2.4199967,2.3359823,2.178822,2.1221268,2.1139016,1.9852359,1.9367659,1.9129716,1.9167905,1.8457011,1.8316008,1.8307195,1.7546364,1.7276107,1.6700342,1.7032288,1.5472437,1.5798507,1.264649,1.1392146,0.9703041,0.91037756,0.7223729,0.5663877,0.86220133,1.0073175,0.7746617,0.80961883,0.6636214,0.49706098,0.2658739,0.40540868,0.05054976,-0.03787121,-0.22381964,-0.34132257,-0.6518242,-0.4811511,-0.2537829,-0.37099206,-0.45941305,-0.13569242,-0.24849527,-0.040808786,-0.083991125,0.06553139,0.08785694,0.26969275,0.15483361,0.29495588,0.2218103,0.5088113,0.6233766,0.3343194,0.64893353,0.5140989,0.39101458,0.22269158,0.14895847,0.0032548187,0.027049167,0.11840771,-0.19591269,-0.25348914,-0.041102543,-0.26670823,-0.29079634,-0.68031865,-0.19708772,-0.6970628,-0.62303597,-0.4811511,-0.5181645,-0.6482991,-0.5196333,-0.33133483,-0.23880127,0.0073674223,-0.16565569,-0.07870349,-0.19209385,-0.024064617,-0.35277912,-0.014370624,-0.20678172,-0.5968915,-0.69001263,-0.42445594,-0.228226,0.18068427,0.18626566,-0.029646007,-0.006145417,-0.1909188,0.036449403,-0.17564343,-0.3004903,-0.4705758,-0.7898901,-0.6062917,-0.53960884,-0.7094006,-0.62509227,-0.80957186,-0.54401517,-0.2414451,-0.062253077,-0.23762624,-0.25760174,-0.014664382,-0.33603495,-0.2496703,0.14660843,-0.25231412,0.13309558,-0.19885026,-0.10132281,-0.47674474,-0.2373325,-0.41182435,-0.5578218,-0.5425464,-0.38127357,-0.7267323,-0.6186296,-0.773146,-0.73290116,-0.6503554,-0.7190946,-0.9790699,-0.9156183,-1.0122645,-0.69265646,-0.72937614,-0.4356187,-0.3871487,-0.57985353,-0.4488378,-0.36482316,-0.19003755,-0.18181235,-0.15361163,-0.13187358,-0.16565569,0.033805586,-0.19180009,-0.19591269,-0.28727123,-0.35894802,-0.41623074,-0.2496703,-0.06049053,-0.106022924,-0.07488464,-0.158018,-0.0005640271,-0.5052392,-0.43326864,-0.5625219,-0.63919264,-0.7834275,-0.614517,-0.754933,-0.78401494,-0.7652145,-0.3016653,-0.24085757,-0.007320447,0.12046401,0.16305883,0.2135851,0.5102801,0.56080633,0.5749067,0.6806593,0.66185886,0.77407414,0.6753717,0.9758855,-0.4837949,-0.9235498,-0.91826206,-0.9811262,-0.85716057,-0.7399514,-0.7831337,-0.8266098,-0.7922402,-0.8947615,-0.694419,-0.7666833,-0.59747905,-0.72496974,-0.80487174,-0.7402451,-0.71527576,-0.40683046,-0.32193458,-0.4218121,-0.3936114,-0.3445539,-0.5340274,-0.6095231,-0.6811999,-0.6500616,-0.6424239,-0.5669282,-0.5181645,-0.5437214,-0.8495229,-1.1288861,-1.2613707,-1.4505504,-0.98876387,-1.1570868,-1.263427,-1.2895713,-1.3060218,-1.2810525,-1.3233535,-1.4881513,-1.4255811,-1.4640633,-1.3013216,-1.1964502,-0.9687884,-0.89064896,-0.8119219,-0.69853157,-0.99317026,-1.0463403,-1.2123132,-1.1597307,-1.2578456,-1.3618357,-1.1212485,-1.165312,-1.1426928,-1.3633044,-1.4182371,-1.2408077,-1.5116519,-1.5906726,-1.7122883,-1.7119945,-1.660587,-1.600073,-1.4731697,-1.414712,-1.4646508,-1.3177722,-1.1227173,-0.72878855,-0.18709998,0.08873821,-0.056965444,-0.2373325,-0.25760174,-0.26024556,-0.16741823,-0.17064954,-0.030233521,-0.08810373,0.2761554,0.1351519,0.12046401,0.00031724505,-0.07047828,-0.23762624,0.034099344,0.057012424,0.22651042,0.5320181,0.4239154,0.61045134,0.2679302,0.06758769,0.31728148,0.31111255,0.2943684,0.04026825,0.1783342,-0.010551778,-0.028470978,0.07493162,-0.021714557,0.015886387,-0.15478666,0.18156554,0.328738,0.0056048776,-0.22323212,-0.43532494,-0.2784585,-0.2916776,-0.42915604,-0.43532494,-0.65241164,-0.6659245,-0.874786,-0.7014692,-0.7079319,-0.59924155,-0.34249762,-0.31811574,-0.23175108,-0.5863162,-0.9626195,-0.95733184,-1.0707222,-1.0812974,-1.1688372,-1.1335863,-1.3818111,-1.1089107,-1.0921664,-0.8935865,-0.6300861,-0.61774826,-0.53314614,0.65510243,0.9682478,1.2244043,0.7115038,0.7784805,0.9271217,0.8213691,0.95943505,0.6912345,0.74998605,0.5331932,0.41950902,0.31170008,0.26352385,0.22709793,0.1659964,0.21652266,0.23796695,0.38572693,0.75233614,0.6330706,0.21681643,0.13662067,0.19096577,0.0799255,0.2335606,0.22533539,0.114882626,0.073169075,0.25177357,-0.14744271,-0.12834848,-0.04227757,-0.17270586,-0.055790413,0.025874138,0.08256931,-0.2722896,-0.43414992,-0.65446794,-0.63037986,-0.7082256,-0.60247296,-0.6673933,-0.24291389,0.32139406,0.81755024,0.64717096,0.37015778,0.43948457,0.46856654,0.48589823,0.40423366,0.3158127,0.22651042,-0.14714897,-0.07517841,0.01089251,-0.10220408,-0.13745496,-0.1606618,-0.2834524,-0.62303597,-0.675031,-0.56281567,-0.5675158,-0.90621805,-0.9464628,-0.9555693,-0.87801737,-0.7813712,-0.48526368,-0.36511692,-0.62303597,-0.64683026,-0.57104087,-0.71968216,-0.38332987,-0.595129,-0.59601027,-0.6535867,-0.5199271,-0.38803,-0.3466102,-0.39860526,-0.40066156,-0.29667145,-0.062546834,0.0044298484,0.04261831,0.21593516,-0.12629218,-0.13422363,0.011480026,-0.10778547,-0.026414676,-0.14156757,-0.3451414,-0.5055329,-0.4065367,-0.45265663,-0.42592472,-0.36629194,-0.21206935,-0.33133483,-0.3798048,-0.24056381,-0.25848302,-0.50259537,-0.2743459,-0.25407666,-0.13128605,-0.094272636,-0.022008315,-0.9564506,-1.3865112,-1.2499142,-1.3706484,-1.3292286,-1.1556181,-1.3107219,-1.3776985,-1.4828637,-1.3853363,-1.3424478,-1.2980903,-1.299853,-1.299853,-0.98465127,-0.9755448,-0.6785561,-0.48878878,-0.54548395,-0.50641423,-0.44090635,-0.10132281,-0.07194707,-0.25143284,-0.36482316,-0.37128586,-0.47439468,-0.33750373,-0.45206913,-0.41975582,-0.10572917,0.23179804,0.48677945,0.6451147,-0.002914086,-0.04609642,-0.1503803,0.04584964,-0.22558218,0.056424905,0.12340158,0.14690217,0.37544543,0.27145532,0.19243455,0.30229986,0.37309536,0.438897,0.49353588,0.48266688,0.33343813,0.28849322,0.32198158,0.2555924,0.15072101,0.13250807,-0.1503803,-0.20795675,-0.4223996,-0.8900614,-0.7737335,-0.79664654,-0.8976991,-0.65681803,-0.6297924,-0.29520267,-0.47468844,-0.5589968,-0.79047763,-0.6647495,-0.30430916,-0.42709973,-0.23439491,-0.24673271,-0.3548354,-0.52110213,-0.3466102,-0.32927853,-0.15772423,-0.16242434,-0.17064954,-0.14597394,-0.35894802,-0.2813961,-0.30342788,-0.17887478,-0.42063707,-0.39214262,0.08168804,-0.29197136,-0.5493028,-0.4893763,-0.5836724,-0.2840399,-0.36981702,-0.16712447,-0.2323386,-0.6227422,-0.80046535,-0.7937089,-0.5772098,-0.7760835,-0.57867855,-0.5011266,-0.6015917,-0.2743459,-0.39978027,-0.65769935,-0.72496974,-0.5898413,-0.47703847,-0.396549,-0.0214208,-0.20501918,0.011480026,0.14249583,-0.088691235,0.1612963,0.24090452,0.029692985,-0.032877337,-0.36658573,-0.31694072,-0.33809125,-0.3659982,-0.083991125,0.018236445,-0.09192257,-0.458238,-0.31547192,-0.5595843,-0.8039905,-0.8172096,-0.77079594,-0.8683234,-0.89828664,-1.0507467,-0.71116316,-0.68031865,0.70034105,0.6036949,0.89627725,0.9509161,0.73294806,0.83194435,0.74176085,1.102495,1.1732904,1.4229842,1.7578677,1.8647954,2.3768144,2.6946602,2.5780382,2.3588953,2.5025427,2.8521137,2.8485887,2.8832521,3.0060427,2.8700333,2.734611,2.8870711,2.4599478,2.8377197,2.962273,3.0765445,3.1775973,3.0271933,3.021612,2.872383,2.8744395,2.8650393,3.131771,2.9860673,3.1247208,3.1679032,2.99488,2018-04-17
TGI_IEP,0.63568586,0.517987,0.7137828,0.67590266,0.6286756,0.68291295,0.5874748,0.5139285,0.5406167,1.5534167,1.5831797,1.822144,1.7139152,1.7469988,1.6366792,1.5767844,1.6401229,1.7018625,1.6728375,1.7026004,1.5284505,1.6853822,1.5732177,1.5275894,1.5711269,1.6179851,1.7452769,1.7242461,1.7292886,1.735069,1.7490896,1.8710929,1.9452543,1.9081122,1.9066362,2.1380982,2.0873044,2.1264145,2.0491784,2.1046457,2.1170673,2.0135121,1.9732952,1.8658044,1.8383783,1.8244808,1.8569493,1.9715734,2.1163294,2.0584023,2.243375,2.1716738,2.1823738,2.0488095,1.6714846,1.7677835,1.7532711,1.7091187,1.6616455,1.4352261,1.6174933,1.6919005,1.6317596,1.734454,1.6274551,1.2979722,0.8710835,0.9291335,1.2180306,1.2158167,1.319372,1.3127307,1.2079456,1.349135,1.2664876,1.3186342,1.3635244,1.4566258,1.4851589,1.5173815,1.5262367,1.7264599,1.7973006,1.8114442,1.3950093,1.2631669,1.1018076,0.94192415,1.0522437,1.1308326,1.396608,1.4755659,1.3512259,1.3850473,1.310148,1.290716,1.339173,1.2479165,1.2057319,1.1481738,1.1828562,1.049907,1.0658953,0.8648111,0.8715754,0.8764949,0.81131166,0.75363064,0.8627203,0.8227495,0.3605633,0.15874124,0.087408625,0.19047196,0.18875013,0.12651858,-0.069154166,-0.07124495,-0.09916306,-0.24318114,-0.28118423,-0.5024383,-0.41118175,-0.3838786,-0.26138327,0.08408796,-0.0059387125,-0.06583352,-0.01147314,-0.081698865,0.052234266,0.10708658,-0.05796232,0.10192111,-0.060545057,0.032064352,0.00033363787,-0.11527439,-0.21919861,-0.33296186,-0.2783555,-0.1991517,0.039074626,0.15529759,0.002301434,0.093926944,0.06945248,0.049651533,-0.3189413,-0.36666036,-0.49456707,-0.25191325,-0.32213897,-0.4611146,-0.29323697,0.118770376,-0.0639887,-0.14700511,0.03624592,0.13697249,0.027513823,-0.08305173,0.109177366,0.11618764,0.05641583,0.056169856,0.002301434,-0.008890407,-0.010858203,-0.015408732,0.19760521,1.1353831,0.9509022,1.0100591,0.78413147,0.6354399,0.45846117,0.7029599,0.701853,0.76039493,0.6599144,0.71107703,0.479369,0.5155273,0.9014613,0.8912534,0.9944398,0.80196464,0.8034405,0.8804305,0.81844497,0.43460163,0.21113381,0.08113627,0.1078245,0.37839645,0.34531292,0.547627,0.7089862,0.74010205,1.0243256,0.85952264,0.5755451,0.3819631,0.2681999,0.26451027,0.846363,1.0168233,0.9873064,0.808237,0.7880671,0.28209743,0.09343499,-0.32509065,-0.65900105,-0.31389883,-0.6533436,-0.52568287,-0.5111704,-0.49481302,-0.52187026,-0.55101824,-0.4243414,-0.57500076,-0.8051099,-0.53170925,-0.33419174,-0.3351756,-0.37121087,-0.29372892,-0.39777613,-0.4659111,-0.43504128,-0.2107125,-0.30910233,-0.26347405,-0.2289146,-0.105558395,-0.11502842,0.021979397,0.0019324723,-0.032257985,-0.0008962348,0.11126814,0.28111356,0.38749754,0.33055443,0.2431105,0.25983673,0.3046041,0.41639954,0.32366714,0.4252546,0.5317616,0.5457822,0.48896202,0.26082066,0.2804986,0.4187363,0.81610817,1.0036638,0.8425504,1.0569172,1.1497726,1.2158167,1.1859308,1.3433546,1.3566372,1.126774,1.0055085,0.9828789,0.9588964,1.0523667,1.2031491,1.2725139,1.2069618,1.22418,1.0864341,1.271284,1.252098,1.0936904,1.1770759,1.2361096,1.155922,1.2357408,1.2573864,1.2743587,1.3364673,1.3517177,1.3541774,1.3765612,1.4719993,1.4664648,1.3782829,1.1594887,0.97562265,0.9641849,0.91363704,0.99370176,1.0195291,0.87440413,0.9254439,0.87268233,1.0232186,1.0802848,1.0753654,1.0248176,1.1095558,1.1994596,1.2567716,1.2434889,1.3577441,1.397715,1.5318941,1.4932761,1.5036069,1.5868694,0.36240813,0.48760915,0.06883754,-0.19816779,0.0982315,0.3097696,0.20240171,0.10585671,0.020134587,-0.09965501,0.06859157,-0.06435767,-0.15143263,-0.30688855,-0.1759071,0.3722471,0.56914973,0.86973065,0.8186909,0.88879365,0.91978645,1.0922146,0.85337335,0.67713255,0.62080437,0.81352544,0.9200324,0.87120646,0.9933328,0.8881787,0.7849924,0.94672066,0.85964566,0.73124695,0.75240076,0.4860103,0.38909638,0.3049731,0.25479427,0.2777929,0.19723625,0.29783982,0.39610663,0.3813482,0.32083842,0.31444308,0.36511385,0.35281512,0.4942505,0.38270104,0.30620295,0.4167685,0.2555322,0.3192396,0.32391313,0.37679762,0.3482646,0.2989467,0.170548,0.093926944,0.07990639,0.14508964,-0.0001583112,0.05100439,0.08900745,0.103888914,0.114219844,0.1919478,0.12344389,0.15923318,0.2988237,0.28763187,0.30632594,0.31677985,0.108193465,-0.19128051,-0.3306251,-0.43356544,-0.31156206,-0.42397243,-0.5543389,-0.6058706,-0.5601193,-0.5678675,-0.6740055,-0.582134,-0.5829949,-0.72086364,-0.69269955,-0.6528517,-0.6062395,-0.60439473,-0.7065971,-0.9606888,-1.200022,-1.1242619,-1.1985462,-1.2621306,-1.2013749,-1.2595478,-0.9349845,-0.96720713,-0.8228201,-1.3116945,-1.4227519,-1.1995301,-1.2834074,-1.1269677,-1.124139,-1.2519226,-1.2525376,-1.3290356,-1.3728191,-1.345147,-1.2596709,-1.2605317,-1.3001337,-1.1529179,-0.98959076,-1.0585867,-1.1006484,-1.2577031,-1.2818085,-1.2220367,-1.1559926,-1.3557239,-1.3362919,-1.1823119,-1.0257491,-0.9470372,-0.8963665,-0.80670875,-0.71262354,-0.62013704,-0.6986029,-0.7492737,-0.58791447,-0.6198911,-0.6356335,-0.7145913,-0.6754814,-0.6288692,-0.54302406,-0.64239776,-0.47513512,-0.5114163,-0.47316733,-0.53380007,-0.43245855,-0.3209091,-0.4437734,-0.47119954,-0.51227725,-0.6383392,-0.7373439,-0.7166821,-0.68003184,-0.6227198,-0.6555574,-0.60156596,-0.5515102,-0.5474516,-0.50194633,-0.6027959,-0.5660227,-0.611036,-0.5031762,-0.46517318,-0.4395918,-0.36333972,-0.36395466,-0.4639433,-0.41327253,-0.41253462,-0.2581856,-0.28056926,-0.17344736,-0.027461484,-0.10211475,-0.06509559,-0.018975362,0.035262022,0.08580978,-0.023894854,-0.024140827,-0.10740321,-0.14589821,-0.21120445,-0.43909985,-0.5041601,-0.5639319,-0.5924649,-0.54277813,-0.5795513,-0.6625677,-0.6989719,-0.49001658,-0.8876344,-0.9419947,-1.0871197,-1.2331057,-0.69602025,-0.5999671,-0.7503806,-0.6240727,-0.5366287,-0.45767093,0.4197202,0.7462514,0.6574546,0.6221573,0.7172264,0.7344446,0.7262045,0.7654374,0.7531387,0.78991187,0.9196635,0.6419582,0.66052926,0.566936,0.52438235,0.43976712,0.15775734,0.20879705,0.11249802,0.03181838,-0.026600573,-0.018852375,-0.18906674,0.053095177,0.11741751,0.10708658,0.1088084,0.18973403,0.20387757,0.19760521,0.21580733,0.2257693,0.28394225,0.3066949,0.28996864,0.24298751,0.26463324,0.2952571,0.31702584,0.2440944,0.22601528,0.18370765,0.10573372,-0.68753415,-0.8732449,-0.58963627,-0.8228201,-0.76821375,-0.45816287,-0.43024477,-0.48694193,-0.65900105,-0.82515687,-0.8488934,-0.84594166,-0.6918387,-0.4812845,-0.55852044,-0.52285415,-0.5951707,-0.6189072,-0.62837726,-0.62899214,-0.7122545,-0.6578942,-0.75911266,-0.708442,-0.60746944,-0.6227198,-0.6432587,-0.7502576,-0.7902285,-0.9860242,-0.84926236,-0.9097721,-0.90239286,-0.78912157,-0.8790253,-0.83438087,-0.85910136,-0.80400306,-0.7939181,-0.7818653,-0.8368406,-0.88111603,-0.87312186,-0.6779411,-0.5951707,-0.67425144,-0.69196165,-0.47070757,-0.5192875,-0.53515285,-0.5650388,-0.5893902,-0.4934602,-0.45090663,-0.49505904,-0.42077476,-0.53687465,-0.61398774,-0.6141107,-0.5761076,-0.630222,-0.7295958,-0.6591241,-0.7016776,-0.5619641,-0.49469006,-0.5732789,-0.6291151,-0.57696855,-0.69060874,-0.5813961,-0.9455614,-1.0576028,-0.9144456,-0.56331694,-0.84852445,-0.7861699,-0.7426324,-0.5944328,-0.7339003,-0.5508953,-0.5813961,-0.45373532,-0.524453,-0.68753415,-0.66428953,-0.5934488,-0.53269315,-0.57118815,-0.5217473,-0.6468253,-0.7105327,-0.9308029,-0.90190095,-1.0621532,-0.99118966,-0.9935264,-0.9327707,-0.900179,-0.8576255,-0.7769458,-0.7351302,-0.72664404,-0.8217132,-0.8405303,-0.90841925,-0.9082963,-0.871769,-0.8709081,-0.9390431,-1.0507156,-1.1677994,-1.3051761,-1.1957175,-1.1722269,-1.1767774,-1.3116945,-1.1984233,-1.056004,-1.1315181,-1.1478754,-1.172596,-1.172596,-1.3238702,-1.4375104,-1.383642,-1.4499321,-1.5069983,-1.3025934,-1.2917706,-1.4397242,-1.633921,-1.6754909,-1.5130246,-1.5494288,-1.6906183,-1.5791918,-1.5207728,-1.5836194,-1.5897686,-1.4810479,-1.3859788,-1.3888074,-1.3765088,-1.3886845,-1.3907752,-1.4285324,-1.3825351,-1.3685145,-1.0496087,-1.4950686,-1.537253,-1.8593568,-1.9995623,-2.049987,-2.0171494,-1.8532073,-1.7500211,-1.7102962,-1.846443,-1.8738693,-1.8807565,-1.8657521,-1.9062148,-1.8004458,-1.8407856,-1.8080711,-1.7938045,-1.8431225,-1.9191285,-1.9193746,-2.2210624,-2.0838087,-2.217496,-2.1392758,-2.1831822,-2.1908076,-2.3633587,-2.2295485,-2.3347027,-2.530867,-2.5172157,-2.5169697,2018-04-17
WTS_JCI,-0.6573627,-0.51397496,-0.45545262,-0.57675636,-0.59189963,-0.6743989,-0.6930125,-0.57628316,-0.7051586,-0.6726637,-0.6491601,-0.61729616,-0.61256385,-0.5956855,-0.6226594,-0.584959,-0.6827592,-0.6374872,-0.62045103,-0.72598064,-0.8151049,-0.78671134,-0.80784875,-0.9127473,-0.7753539,-0.75027287,-0.85217434,-0.90643764,-0.8501237,-0.91448253,-0.9389326,-0.88735086,-0.92347383,-0.9376706,-0.9102235,-0.7906549,-0.7952294,-0.72913545,-0.69285476,-0.6639879,-0.662726,-0.73071283,-0.7037389,-0.716516,-0.8494928,-0.8434985,-0.9542335,-0.97048104,-0.9887791,-0.9570729,-0.9652755,-0.9659065,-0.9586504,-0.97663295,-0.8826186,-1.0237979,-1.0465127,-1.0851597,-1.0488789,-1.0504563,-0.9408255,-0.9966662,-1.0118095,-1.0457242,-0.90296733,-0.76872873,-0.059204157,-0.27057874,-0.40481737,-0.46491715,-0.41649032,-0.38210246,-0.28130522,-0.13965268,-0.14201882,-0.015036332,0.0512154,0.104374535,0.044117,-0.028917648,-0.043272194,-0.08270775,0.009413712,-0.03175701,-0.40718353,-0.12561363,-0.14012592,-0.11678007,-0.06772224,-0.32594624,-0.291243,-0.23098545,-0.26521552,-0.21947028,-0.25149193,-0.32263368,-0.35402435,-0.42989835,-0.28193617,-0.114887156,-0.18192762,-0.21221413,-0.14548916,-0.07213902,-0.07103483,-0.03617379,0.027080843,0.05405476,0.015407917,0.040015705,-0.28714168,-0.27089423,-0.075451605,0.0053124144,0.124723285,0.17409658,0.09964228,0.16810238,0.15217042,-0.02339667,0.025345678,0.017143082,0.27473614,0.17346562,0.292561,0.31338298,0.47159845,0.41559997,0.32332075,0.5757083,-0.32515755,-0.22751513,-0.15037917,-0.1281375,-0.08807099,-0.09958616,-0.024343124,-0.13712882,-0.10053262,-0.24407806,-0.31458881,-0.19438925,-0.18240085,-0.20401153,-0.062359005,-0.033492174,0.046009906,0.08165966,0.107056156,0.15926883,0.20390987,0.13686943,0.18151048,0.2595929,0.2657448,0.2562803,0.23104154,0.2305683,0.18482307,0.21432085,0.2655871,0.292561,0.29129907,0.24271446,0.23908639,0.010675651,-0.028602164,-0.04295671,-0.07529387,-0.047688972,-0.09548487,-0.10731553,-0.17593342,-0.22641091,-0.39929637,-0.4516668,-0.4516668,-0.46412843,-0.66256815,-0.5983671,-0.59158415,-0.518234,-0.38304892,-0.51996917,-0.42895195,-0.2936091,-0.37106052,-0.37595052,-1.1291697,-0.8786751,-0.85753757,-0.83182555,-0.72314125,-0.8209414,-0.9446113,-0.8725231,-0.77566934,-0.9452423,-0.8728386,-0.7912858,-0.75989515,-0.59962904,-0.45939615,-0.40860316,-0.4363658,0.044117,-0.06220126,-0.13949496,-0.22751513,-0.35449758,-0.53448147,-0.5207579,-0.48731655,-0.44251776,-0.4322645,-0.44456843,-0.44945842,-0.3731112,-0.40734124,-0.45214003,-0.50498366,-0.51160884,-0.6313352,-0.58527446,-0.55861604,-0.59111094,-0.18744859,-0.20290734,-0.15416497,-0.2338248,-0.26805487,-0.3119072,-0.081130326,-0.19139215,-0.25606647,-0.26600423,-0.27704617,-0.11062811,-0.09311873,-0.1620521,-0.16110565,-0.2136338,-0.17672212,-0.15353401,-0.24754839,-0.18665987,-0.09027938,-0.018822147,0.05342379,-0.44740775,-0.49977818,-0.5832238,-0.47911394,-0.51760304,-0.63228166,-0.47800976,-0.31127626,-0.25038776,-0.27909684,-0.46050036,-0.26269162,-0.4134932,-0.38052505,-0.39771894,-0.46712554,-0.51350176,-0.7684132,-0.8610079,-0.7974378,-0.92931026,-0.936251,-0.8991815,-0.8805679,-0.920319,-0.94950134,-0.9435071,-0.8764667,-1.0006098,-1.0204853,-0.99635077,-0.92284286,-0.84933496,-0.8561179,-0.8815144,-1.075695,-1.1208094,-1.0214318,-0.89855057,-0.8455492,-0.74475193,-0.6755031,-0.68228596,-0.840186,-0.69932216,-0.9340426,-0.9075419,-0.9567575,-0.97868365,-0.81368524,-0.9157444,-0.7963336,-0.8127388,-0.7529545,-0.59300387,-0.46002713,-0.25527775,-0.28209394,-0.30812138,-0.27105197,-0.37689698,-0.43762773,-0.48069137,-0.8053249,-0.95439136,-0.884827,-0.79333645,-0.77724683,-0.7647852,-0.8086375,-0.9149558,-0.8677908,-0.94603103,-0.75058836,-0.71225697,-0.68465215,-0.5985248,-0.4483542,-0.14138786,-0.06504062,-0.11741104,-0.19880603,-0.22909255,-0.2789391,-0.26505777,-0.17530243,-0.29313588,-0.18145439,-0.1038452,-0.030810554,-0.10510714,-0.07718677,-0.13602462,-0.25906357,-0.23019674,-0.51681435,-0.18176986,-0.34203595,-0.35402435,-0.40450186,-0.44456843,-0.43605033,-0.26805487,-0.36601278,-0.26789713,-0.23350933,-0.16410273,0.022979544,-0.08712453,-0.1150449,-0.15889725,-0.19580895,-0.27136746,-0.19628215,-0.16883501,-0.03175701,-0.12766428,-0.033492174,-0.17672212,-0.038539924,-0.22877707,-0.09753551,-0.094222926,-0.15542692,-0.09832423,-0.13507816,-0.21599993,-0.35623273,-0.3133269,-0.33004755,-0.2767307,-0.33525303,-0.49331078,-0.4825843,-0.6990067,-0.9802611,-0.9602278,-0.66840464,-0.54063344,-0.53684765,-0.9310455,-0.7785087,-0.48084915,-0.14312302,-0.18681763,-0.1964399,-0.11646458,-0.21726187,-0.18318956,-0.28966555,-0.3530779,-0.3122227,-0.2969217,-0.24376257,-0.36143824,-0.27105197,-0.32988983,-0.36222696,-0.2461287,-0.054156408,-0.0027324397,0.15327463,0.2950849,0.16936432,0.13923557,0.07093318,0.14286365,0.1598998,-0.0369625,-0.10274101,-0.1803502,-0.19785957,-0.1631563,-0.109208435,-0.18145439,-0.10463391,-0.09911294,-0.23145868,-0.27941233,-0.10747328,-0.37863216,-0.50182885,-0.55546117,-0.6248678,-0.8057981,-0.57943803,-0.6534192,-0.6114597,-0.610671,-0.56902707,-0.73591834,-0.8564334,-0.7493264,-0.79191685,-0.48163784,-0.5161834,-0.48084915,-0.199437,-0.20700863,0.011779847,-0.14075689,-0.000997275,-0.036489278,-0.015351818,-0.5311689,-0.45292875,-0.57013124,-0.60041773,-0.5147637,-0.66761595,-0.559878,-0.3863615,-0.44393742,-0.36900988,-0.32452655,-0.39456412,-0.24155419,-0.43005612,-0.4369968,-0.44393742,-0.502933,-0.5636638,-0.5365321,-0.58779836,-0.559878,-0.57880706,-0.63859135,-0.66998214,-0.7283467,-0.8944493,-0.8611657,-0.99067205,-0.80784875,-0.79475623,-0.8113192,-0.7545319,-0.7941252,-0.707998,-0.71178377,-0.72661155,-0.77109486,-0.78970844,-0.7045277,-0.6277071,-0.6865451,-0.6228171,-0.78339875,-0.8845115,-0.86021924,-0.8949225,-0.8947648,-0.8266201,-0.9058067,-0.85454047,-0.84759986,-0.7811904,-0.6721905,-0.6340169,-0.69790244,-0.6655653,-0.80611366,-0.7875001,-0.15369174,-0.46002713,-0.5336928,-0.5092427,-0.4852659,-0.6013642,-0.6131949,-0.55798507,-0.5453657,-0.60278386,-0.6475827,-0.7520081,-0.59537,-0.7076825,-0.7321325,-0.7255073,-0.77519614,-0.6543656,-0.6242368,-0.5322731,-0.44993165,-0.2950288,-0.29865688,-0.20511572,-0.3339911,-0.25590873,-0.39740348,-0.417279,-0.48510817,-0.56082445,-0.7051586,-0.72140604,-0.8149472,-0.814474,-0.71036404,-0.8149472,-0.8005926,-0.8354537,-0.81415844,-0.82520044,-0.8348227,-0.9696923,-0.89586896,-0.8264623,-0.9271019,-0.849966,-0.9091193,-0.853594,-0.85911506,-0.83009046,-0.85154337,-0.7144654,-0.7001109,-0.76636255,-0.79160136,-0.7485377,-0.7051586,-0.12009265,0.023768254,0.15800688,0.08276385,0.09475226,0.40171865,0.3868909,0.1868737,0.26322097,0.17819789,0.1162052,0.13324137,0.30092135,0.3761644,0.46497327,0.31559137,0.23924412,0.01698534,-0.01629827,-0.07387418,-0.15211432,-0.17498696,-0.37894765,-0.286353,-0.30575526,-0.33525303,-0.33667272,-0.38068283,-0.28146297,-0.20795508,-0.1442272,-0.18902601,-0.28288263,-0.15101014,-0.16568016,-0.028917648,0.4507765,0.77430576,0.5995274,0.61088485,0.6323377,0.5914825,0.4643423,0.74165314,0.8809395,0.6203494,0.79528546,0.57208025,0.46860135,0.43941903,0.51387334,0.48958108,0.26653355,0.21526732,0.19334114,0.12409232,0.1718882,0.13813137,0.28814423,0.13008651,0.09065096,0.01698534,-0.03254572,0.10027324,0.05074217,0.081501916,0.02471471,0.14917332,0.10816035,0.7350279,0.60110486,0.4441513,0.3425653,0.3783728,0.968802,1.4081141,1.6030834,1.5999285,1.606396,1.8021542,1.7652425,1.8543667,1.994284,1.7597215,1.7592483,1.7046695,1.7453668,1.8523161,1.9165171,1.8595722,1.9253508,1.8226607,1.8101989,1.9632089,1.8016809,1.7087708,1.7543582,2.09587,2.0051684,2.060378,2.3704994,2.1594403,2.140511,2.173006,2.0469701,2.0558035,2.0895605,2.1482406,2.016999,2.0024867,1.8521583,1.7425275,2.0356126,1.9539021,1.8986923,1.8337026,1.9769325,2.11196,1.9846618,2.216543,2.2394154,2.5599477,2.3755472,2.1946168,2.1780539,2.3310637,2.3422635,2.1666963,2.2730145,2.4036252,2.3828032,2.3222303,2.2485647,2.0252016,1.9073682,1.7761266,1.8770816,1.852474,2.09587,2.1133795,2.206132,2.1413,2.1595979,2.2236414,2.3285398,2.225692,2.307718,2.3345342,2.1775806,2.2417817,2.2345257,2.1378295,2.2394154,2.4121432,2.2566094,2.5653112,2.5809274,2.541965,2.8919952,2.9162877,3.1060514,3.0932744,3.2352424,2.8946767,2.7467146,2.7279434,2.9880602,2.8214843,2.9331658,2.793722,2.6298277,2.573829,2.6113718,2.838205,2.720687,2.7542863,2.9793844,2.7796826,2.8118622,2.8820574,2.9950008,3.176089,2018-04-17
MRCY_LHX,-1.0112884,-1.0097594,-1.0042989,-1.1724821,-1.1591586,-1.2443422,-1.0665485,-0.94838345,-0.8832944,-0.94794667,-0.8843864,-0.8520604,-0.850313,-0.9263231,-0.957994,-0.949694,-1.0390277,-1.0888274,-1.0822748,-1.1794716,-1.1788162,-1.2474,-1.1305455,-1.1567559,-1.1834031,-1.1025878,-0.9881359,-0.957557,-0.98289376,-0.97787017,-1.0051726,-1.0029883,-0.9925043,-0.9667307,-0.94292295,-0.95209664,-0.9739386,-0.8697524,-0.88045496,-0.94270456,-0.8972732,-0.8577393,-0.79723704,-0.78544235,-0.75945044,-0.7225375,-0.74285054,-0.8319658,-0.75464517,-0.8007317,-0.7992028,-1.00692,-0.9938148,-1.1008404,-1.0040805,-1.1478007,-1.1705164,-1.1740111,-1.1943241,-1.1609058,-1.1932319,-1.2690237,-1.2222818,-1.1471454,-1.2131082,-1.3448154,-1.3801992,-1.4101228,-1.3681862,-1.3889362,-1.1434324,-1.1851505,-1.1004037,-1.3513678,-1.1971636,-1.1397191,-1.0032068,-0.9820201,-1.0549723,-1.0226462,-0.957994,-0.8321842,-0.7470005,-0.60131454,-0.38027373,-0.4650206,-0.540157,-0.519844,-0.4519154,-0.25577444,-0.20794055,-0.30360836,-0.22694305,-0.4123814,-0.39272362,-0.34205025,-0.2907216,-0.28220326,-0.25162446,-0.2662586,-0.27040857,-0.21755101,-0.21492997,-0.1356436,-0.09610962,0.05023161,-0.06356508,0.086926125,-0.03123896,-0.1367357,-0.12799892,-0.20684844,-0.1622908,-0.22366676,-0.22126414,-0.28242165,-0.29749262,-0.42483136,-0.30863202,-0.40517357,-0.39163154,-0.35428175,-0.19418009,-0.28373218,-0.101788536,-0.085407056,-0.12079105,-0.04871254,-0.014639058,-0.1323673,-0.28657165,-0.429855,-0.50237036,-0.66574836,-0.44230497,-0.38049212,-0.2164589,-0.2559929,-0.16687763,-0.17408547,-0.17386706,-0.113146365,-0.2730296,-0.15049614,-0.20095111,-0.4353155,-0.36170805,-0.33877397,-0.29443476,-0.2937795,-0.30885047,-0.32850823,-0.44754702,-0.44558123,-0.43793657,-0.47899947,-0.3680422,-0.4440523,-0.36432907,-0.3566844,-0.39818412,-0.43575233,-0.5012783,-0.4872994,-0.5381912,-0.4872994,-0.56287265,-0.823229,-0.850313,-0.9400835,-0.8304368,-0.90426266,-0.8889733,-0.9540624,-1.0984378,-1.2484922,-1.1478007,-1.0554091,-1.0831485,-1.1855873,-1.4059728,-1.2091765,-1.0945063,-1.0141279,-1.0073568,-0.8651656,-0.86385506,-0.9313467,-1.0228646,-1.0091041,-0.6146381,-0.59192246,-0.8022607,-0.7981107,-0.16076188,-0.15136983,-0.26582175,-0.084096536,0.19897546,0.17669664,0.19744651,0.22125429,0.13323112,0.04215008,0.017905487,-0.069244,-0.082567595,-0.3103794,-0.17386706,-0.16403817,-0.20029585,-0.2795822,-0.54976743,-0.60699344,-0.62577754,-0.6133276,-0.6498037,-0.4586864,-0.51722294,-0.60065925,-0.6803825,-0.65002215,-0.6465274,-0.51023346,-0.5617806,-0.5178782,-0.49996775,-0.53316754,-0.59301454,-0.66247207,-0.07055452,0.11248124,0.24091208,0.18674396,0.28284866,0.4335583,0.36475605,0.36126137,0.2832855,0.2765145,0.36781394,0.5388366,0.6200887,0.4036348,0.4650107,0.48313951,0.3973006,0.36038765,0.27804342,0.31146166,0.260133,0.23916471,0.27498552,0.2655935,0.38812697,0.23414105,0.16206251,0.55740225,0.6893278,0.6002125,0.6404017,0.47352907,0.41673997,0.43246618,0.4139005,0.4868527,0.41193473,0.25292516,0.26275402,0.2966091,0.27301976,0.2867802,0.38572437,0.33374047,0.25773036,0.28743547,0.35558245,0.30621955,0.26384613,0.2599146,0.17145458,0.16424671,0.113573335,0.18914656,0.4728738,0.495371,0.61484665,0.60305196,0.52769715,0.5897284,0.48641583,0.5589312,0.60894936,0.5696338,0.7786615,0.9656288,0.8389453,0.6379992,0.69435143,0.75878525,0.7989745,0.7771326,0.86100566,0.75638264,0.81448233,0.6633358,0.63210183,0.62270975,0.6528517,0.77057993,0.7849957,0.66901475,0.65263325,0.5790258,0.6454254,0.6104783,0.6799357,0.5790258,0.6183414,0.65328854,0.4486292,0.3298089,0.006766078,-0.17736177,-0.21296419,-0.2918137,-0.2839506,-0.23480617,-0.20663002,-0.28198484,-0.26210862,-0.30470046,-0.34532654,-0.40058675,-0.34467128,-0.31278202,-0.30775836,-0.30644783,-0.4805284,-0.60939604,-0.6146381,-0.70287967,-0.6812561,-0.7271243,-0.7489663,-0.76731354,-0.6947982,-0.5978198,-0.73192954,-0.59366983,-0.5644016,-0.5143835,-0.30797675,-0.348166,-0.35187912,-0.3171504,-0.27237433,-0.36847904,-0.3901026,-0.54561746,-0.46982583,-0.19396168,-0.20815895,-0.16010661,0.0032713623,-0.065967694,-0.2749954,-0.3389924,-0.28897426,-0.35493702,-0.394471,-0.3184609,-0.28373218,-0.2007327,-0.19003011,-0.33921078,-0.3081952,-0.30885047,-0.32217407,-0.23436931,0.38026386,0.6393097,0.61703086,0.7260223,0.19067551,-0.03473367,0.0019608438,-0.17976439,-0.05417303,-0.18566173,-0.0128917,0.09063926,0.14043897,0.04979477,0.1762598,0.22278322,-0.11511215,-0.13717255,-0.18697225,-0.050241478,-0.06640454,-0.08103866,-0.08628074,-0.26036128,-0.29552686,-0.38944733,-0.53294915,-0.3852974,-0.36826062,-0.397092,-0.0065575265,-0.10965164,-0.042596783,-0.10855955,-0.059851944,0.119033836,-0.16818814,-0.21471155,-0.03800997,-0.12384893,-0.18282227,-0.1555198,-0.033641577,-0.107904285,-0.09392543,-0.07732552,-0.15027773,0.030792251,-0.2629823,-0.4034262,-0.16403817,0.12056276,0.14786524,0.036471162,0.12274696,0.045426376,0.021181783,0.39577168,0.34575352,0.3606061,0.80246925,0.7465538,0.7489564,0.78761667,0.70439875,0.6633358,0.7638089,0.5820837,0.6150651,0.5298814,0.4394556,0.4947158,0.8085849,0.7413117,0.7834667,0.7627168,0.871053,0.91866857,0.8310822,0.8232191,0.8378532,0.79788244,0.69020146,0.74065644,0.7574747,0.8308638,0.7710168,0.7745115,0.9453158,0.94182104,0.74677217,0.94313157,0.8092402,0.9656288,0.9359237,0.9306817,0.912116,1.0066918,1.0661019,0.9983918,0.8937687,0.8800082,0.8815372,0.7624984,0.9252212,0.89507926,0.86100566,0.94007367,0.59256786,0.7790983,0.70789343,0.86144257,0.98878133,1.0521231,1.1709434,0.9638815,0.8817557,1.0501573,1.0907834,1.1844854,1.20043,1.1604593,1.0475363,0.80006665,0.5980283,0.36694026,0.51481044,0.99052864,1.1508487,1.2017405,1.2157195,1.325803,1.557328,1.4433128,1.5488095,1.6809535,1.5505569,1.4216893,1.4468075,1.2908558,1.1995564,1.2141905,1.2521955,1.1685407,1.1960616,1.2476087,1.2941321,1.1628618,0.95711046,0.7039619,0.7679589,0.7535432,0.8046534,0.92653173,1.0049443,1.0853229,0.8804451,0.8596952,0.8214717,0.9156107,0.80421656,0.8118613,0.7480827,0.83523214,1.2799349,1.426713,1.3334477,1.3151004,1.5566727,1.7045429,1.7667923,1.692093,1.850884,1.6470984,1.7189585,1.5391991,1.5029414,1.5564542,1.6270038,1.6739641,1.785358,1.6907824,1.6840113,1.6901271,1.7150271,1.7150271,1.6027592,1.5483727,1.6481905,1.6335565,1.6337749,1.5394175,1.3760396,1.4446234,1.4856863,1.3959157,1.5352675,1.3395634,1.6503748,1.937815,1.9330099,1.9231809,1.6355221,1.553178,1.6532141,1.6857587,1.7584924,1.8207421,1.9286414,1.7766212,1.8235815,1.9111679,1.7178664,1.7523766,1.751503,1.7316269,1.6604221,1.5503385,1.596425,1.4891809,1.3705791,1.3974446,1.3354135,1.0361784,0.91976064,0.91233444,0.9754577,1.080736,1.1536882,0.9481553,0.99598914,1.4664654,1.4430944,1.6197959,1.7032323,1.6405458,1.6259117,1.6706878,1.4970441,1.3683949,1.1731275,1.22118,1.1574013,1.1246384,1.1652645,1.0136812,1.1890721,1.1770592,1.2449876,1.0835755,1.3052715,0.7271144,0.7415301,0.7271144,0.8155744,0.5569654,0.6906383,1.1711618,0.7196882,0.4582397,0.27192768,0.06901571,0.5209262,0.28219342,0.26603034,0.39751905,0.41892415,0.5632996,0.4938421,0.3763323,0.5897284,0.5792442,0.44884765,0.34007463,0.48292112,0.41193473,0.36104292,0.43639776,0.34990352,0.2854697,0.4503766,0.30469063,0.26231718,-0.13826464,-0.22170097,0.20050439,0.28372234,0.5766232,0.9352685,0.5399287,0.5405839,0.50629205,0.49864733,0.47178173,0.29398805,0.3573298,0.4602055,0.16795985,0.14808366,0.106147066,0.19853862,-0.03080212,0.031447507,0.15004943,0.0910761,-0.0681519,0.025113339,-0.053299353,0.034942225,-0.13520676,-0.14853036,-0.119917385,-0.60939604,-0.9025153,-1.0217725,-0.7802003,-1.7274867,-2.0273771,-1.8152915,-1.9815089,-1.9223171,-1.7731365,-2.0728085,-2.4345114,-2.0559902,-2.17765,-2.1848578,-2.388862,-2.2737546,-2.2294154,-2.3840566,-2.359812,-2.2584653,-2.2584653,-2.0610137,-2.2626152,-2.1547158,-1.8334204,-1.6300714,-1.6394635,-1.6783422,-1.7274867,-1.530909,-1.547072,-1.478925,-1.5564641,-1.8803806,-2.056427,-1.7233367,-1.9996377,-2.1638894,-2.2379339,-2.1942496,-2.5906818,-2.828104,-2.3683305,-2.3100123,-2.2097576,-2.1223898,-2.1879158,-2.3222437,-2.3502016,-2.3521674,-2.9023666,-2.6856942,-2.569495,-2.6415734,-2.6920283,-3.1255918,-3.2806697,2018-04-17
OSK_MGRC,-1.021565,-0.88786894,-0.2120427,-0.17808814,0.12913528,0.076407775,-0.10005796,-0.118341185,-0.13597143,-0.06365476,0.058287796,0.1276661,0.31800747,0.47749597,0.39979225,0.41823876,0.42427874,0.5042678,0.48125055,0.5801758,0.51569486,0.39358905,0.18284224,0.026781889,0.08277427,0.114606656,-0.008152125,-0.055819098,-0.03557696,-0.036882903,-0.15964167,0.020415409,0.04979916,-0.057288285,-0.27440155,-0.8049415,-0.8403652,-1.0147088,-0.9815704,-0.8036355,-0.8658311,-0.903377,-1.0086688,-1.0581315,-1.0076894,-1.1224492,-1.2360663,-1.0235239,-1.0362569,-0.99397695,-0.99920064,-1.0086688,-0.9791218,-0.7855155,-0.8088593,-0.9198646,-1.0506222,-1.0863725,-1.056499,-1.1281626,-1.1931335,-1.1191844,-1.1838286,-1.3093625,-1.073966,-0.9311283,-1.2726328,-0.67189837,-0.4146273,-0.5760747,-0.58668554,-0.5086553,-0.3850803,-0.3132534,-0.36320573,-0.32206854,-0.44107267,-0.50147265,-0.44286838,-0.29415396,-0.09189581,-0.157846,-0.29594964,-0.1722114,0.029883506,0.3392291,0.22267354,0.14399041,0.09109966,-0.00064294477,-0.045534786,-0.14217466,-0.30933556,-0.22542864,-0.3361074,-0.2943172,-0.4111992,-0.42393214,-0.52742827,-0.3826317,-0.58880764,-0.7476431,-0.8612603,-0.9321078,-0.98336613,-1.0963303,-0.9391272,-1.1110222,-1.0837606,-1.0436028,-0.9237824,-0.7450313,-0.7345837,-0.55109847,-0.59517413,-0.64349407,-0.64153516,-0.70373076,-0.7143415,-0.6676541,-0.86974895,-1.0071996,-1.0019758,-1.0364201,-0.95643103,-1.1536286,-0.8573424,-0.66210383,-0.54473203,-0.715321,-1.3720479,-1.3302577,-1.2440653,-1.0798427,-0.9121921,-0.93194455,-0.93586236,-0.9193748,-0.72201395,-0.715321,-0.6106822,-0.71385187,-0.6549211,-0.64610595,-0.59794927,-0.6093763,-0.49167806,-0.6594919,-0.55893415,-0.7789858,-0.78110796,-0.6482281,-0.61133516,-0.61378384,-0.63973945,-0.603826,-0.43095163,-0.39748678,-0.26705563,-0.3553701,-0.39112028,-0.39161003,-0.35749227,-0.30443826,-0.6114984,-0.70373076,-0.79041284,-0.7071588,-0.6012141,-0.5943579,-0.5612196,-0.44890836,-0.44613323,-0.26721886,0.048656456,-0.13384928,-0.21645026,-0.14641899,-0.52546936,-0.52008235,-0.5071861,-0.44433752,-0.54522175,-0.42017755,-0.392916,-0.5713406,-0.6224357,-0.63565844,-0.5430996,-0.43568566,-0.3630425,-0.97161263,-1.0375628,-1.3124642,-1.3341756,-1.1892155,-1.1415486,-1.1392633,-1.4618316,-1.5266391,-1.5139061,-1.5669601,-1.4229797,-1.1761562,-1.3265032,-1.1949291,-1.2256188,-1.1640762,-1.409757,-1.4180825,-1.4626478,-0.94533044,-0.8243674,-0.77947557,-0.7714766,-0.6132941,-0.56187254,-0.39161003,-0.64218813,-0.72789073,-0.6299449,-0.69050807,-0.48743373,-0.45984563,-0.09010013,-0.1062612,-0.08552933,-0.15605032,-0.11785145,-0.09418122,0.14643905,0.11640233,-0.021864543,-0.07769367,0.001642458,-0.043086138,-0.03606669,0.049146187,0.04604457,0.084896415,0.17500658,0.2752378,0.276707,0.32208857,0.10872991,0.0029484022,0.06449103,0.023190541,-0.066919625,-0.14282764,-0.117524974,-0.109689295,-0.19294327,0.1932898,1.0290942,1.3188506,1.2907729,1.0377461,0.40550578,0.3607772,0.44419438,0.3385761,0.38673282,0.30151993,0.15476444,0.14186825,0.16733415,0.20194168,0.09207912,0.02792459,-0.035413716,-0.01060077,-0.15654005,-0.11426011,-0.15229574,-0.2184092,-0.26444373,-0.2799518,-0.20894109,-0.21694,-0.3707149,-0.6017039,-0.5791763,-0.63125086,-0.77947557,-0.85799545,-0.874483,-0.8034723,-0.7974323,-0.252527,-0.31390637,-0.41544354,-0.30264258,-0.4895559,-0.5223677,-0.69442594,-0.5372228,-0.57950276,-0.5737893,-0.53542715,-0.6836519,-0.7739253,-0.6643892,-0.5226942,-0.6596551,-0.6477384,-0.8000442,-0.8655046,-0.80037063,-0.82387763,-0.8904808,-1.1057985,-0.91643643,-0.903377,-0.93700504,-0.8188171,-0.8717079,-0.09075311,0.1064445,0.06024671,0.04473862,0.034454312,-0.012886174,0.02792459,0.10056775,0.12146287,0.07510183,0.04506511,-0.017130492,0.032332152,-0.16698763,0.036739714,0.14186825,0.17157847,0.062042385,0.008008936,-0.007662396,-0.008152125,0.0081721805,0.018456493,-0.027904537,-0.068552054,-0.1297682,-0.14446007,-0.03655642,0.06922508,0.08114182,-0.011580229,0.14872445,0.18186277,0.2683816,0.32061937,0.3922831,0.45170358,0.44141924,0.4260744,0.3836312,-0.46441644,-0.10528173,0.058124553,0.14545959,0.21500112,0.32094586,0.32600638,0.24781297,0.32878155,0.23491678,0.14954066,0.10399586,0.19100438,0.059267256,0.2004725,0.13876663,0.14496987,0.1955752,0.14823472,0.11689206,0.1918206,-0.055329368,0.22740759,0.44321492,0.32094586,0.2982551,0.3289448,0.60645795,-0.039168306,-0.07165368,0.086039126,-0.1495206,-1.0468677,-0.4355224,0.14382716,0.32731238,0.29401076,0.6812233,0.6720817,0.74635726,0.5821348,0.5973164,0.6374742,0.91710955,0.9329441,0.77655727,0.8679733,0.9087841,1.3660278,0.9788154,0.82291824,0.6573898,0.8562198,0.687753,0.34657502,0.22348976,0.27768645,0.02204784,0.0031116453,-0.08471311,-0.16649789,-0.3250069,-0.42850298,-0.24632373,-0.19408597,-0.25464913,-0.31961986,-0.36745006,-0.5620358,0.0034381314,-0.032638583,-0.11866767,0.30609074,0.39505824,0.18023035,0.2342638,0.34249398,0.34037182,0.394895,0.3229048,0.5556894,0.5640148,0.51324624,0.5233673,0.6928136,0.48157707,0.54181373,0.617232,0.38885498,0.3229048,0.13337961,0.09975154,0.15900876,0.2798086,0.36028746,0.3100086,0.22348976,0.24699676,0.30396858,0.2812778,0.08016237,0.052247804,0.16831361,0.2543427,-0.24648699,-0.021538056,0.2724627,0.34216747,1.6474589,1.6068114,1.7991116,1.7633615,1.6229725,1.8712652,1.7646674,1.490419,1.5640417,1.6035465,1.650234,1.6438675,1.5953842,1.7718501,1.7367527,1.8764888,1.7860522,1.7752782,1.6314611,1.5691023,1.5149055,1.7225506,1.6234621,1.5976697,1.6833724,1.6422352,1.6861476,1.8004177,1.8536347,1.7586273,1.650234,1.503152,1.5895077,1.5746524,1.6848415,1.6574167,1.5565325,1.7888274,1.9842292,1.1394466,1.3924732,1.3079133,1.2739588,1.1890724,0.43831763,0.8647085,1.0005268,0.975224,0.51732725,0.50051326,0.52499974,0.41252524,0.42346254,0.45578465,0.4628041,0.55209804,0.8160621,0.71583086,0.7133822,1.0878618,1.0339916,1.2086616,1.2439221,0.858342,0.987957,0.98648787,1.0997785,1.1879297,1.0279515,1.1908681,1.1449968,1.2587773,1.2724897,1.2718366,1.3477446,1.2858756,1.5601238,1.6788015,1.4971119,1.4876438,1.4007987,1.3532948,1.1879297,1.1449968,1.0955342,1.3167285,1.3142797,1.5650212,1.3712516,1.0196261,1.3289716,1.5042948,1.501193,1.3554171,1.3639055,1.4696872,1.1245915,1.1508735,1.3195035,1.354764,1.549513,1.5619195,1.3879024,1.3689661,1.1348758,0.9696738,0.6524925,1.1298152,0.29221508,0.21402167,0.6193542,0.7626816,0.74962217,0.8571993,0.88544035,0.79320806,0.9636338,0.7917388,0.863729,0.7803119,0.71028054,0.6686536,0.6804071,0.5853996,0.6108656,0.56466776,0.5556894,0.72431946,0.46068195,0.7047303,0.63094443,0.63094443,0.27458483,0.20634925,0.38640636,0.61282444,0.42085063,0.5174905,0.7566416,0.9566144,0.8728707,0.85409766,0.88739926,0.8325496,0.8524653,0.69150764,0.6046623,0.62849575,0.6866103,0.7168102,0.45855978,0.47863865,0.5819715,0.38575336,0.4389706,0.3570226,0.42460522,0.62947524,0.8431604,0.959063,0.92951596,0.6204969,0.8168783,0.8447929,0.8761355,1.3588452,1.3317468,1.438018,1.3330528,1.5078862,1.7171637,-0.18445463,-0.28403288,0.0026219164,0.3387394,0.48908624,0.16276336,0.15509093,0.364695,0.30233616,0.38118258,0.2551589,0.27556428,0.3188237,0.4734149,0.41791224,0.29123563,0.15819255,-0.0357402,0.08816128,0.113627195,0.6105391,0.6838352,1.1321006,0.80479825,0.49724838,0.5664635,1.0047711,1.1441805,1.2236799,1.2618788,1.215028,1.0447656,0.9918749,0.9185787,0.8862566,0.9556349,1.0375829,1.0973299,0.98191696,0.92445546,0.98240674,1.0361137,0.7504384,0.44288847,0.2718097,0.4704765,0.6583693,0.59209263,0.43978682,0.40779117,0.2118995,-0.050432075,0.086039126,0.47063974,0.3400453,0.39930257,0.5684224,1.1027169,1.0150553,0.66816384,0.55356723,0.6422082,0.88217545,-0.006029966,-0.25758752,-0.21971512,-0.13368604,-0.14005251,0.37383664,0.16961956,0.10171046,0.16864009,0.108403414,-0.23146862,-0.3873657,-0.2711367,-0.42589107,-0.59223574,-0.8524452,-0.6250476,-1.9734353,-1.8683068,-2.2067096,-1.9027511,-1.9593965,-2.3454661,-2.2661302,-2.3913376,-2.4463503,-2.5594778,-2.6786454,-3.011661,-2.832094,-3.0611238,-2.8226256,-3.1980846,-3.4839232,-3.1034036,-2.9863586,-3.0294547,-3.2377527,-3.1373582,-3.2550566,-3.0684698,-3.0588386,-3.09769,-3.3943026,-3.3009279,-3.18225,-3.451601,-3.3466358,-3.4553556,-3.6721427,-3.7493565,2018-04-17
TDG_MIDD,-0.53710103,-0.6291136,-0.72255635,-0.6132325,-0.49434993,-0.42371282,-0.5582884,-0.43598118,-0.40960047,-0.42506763,-0.40628874,-0.2726164,-0.27713233,-0.5694277,-0.58587337,-0.6227537,-0.540488,-0.6484193,-0.6926004,-0.7146534,-0.7014442,-0.69534767,-0.72398645,-0.62877494,-0.5357462,-0.653274,-0.64157015,-0.63174796,-0.65210736,-0.6232805,-0.622001,-0.6589566,-0.61263037,-0.64657533,-0.59155595,-0.5639333,-0.8605565,-0.84719676,-0.80768216,-0.80376834,-0.7405826,-0.800833,-0.80376834,-0.82405245,-0.81513345,-0.8637929,-0.80771977,-0.9158394,-0.98308945,-0.97315437,-0.9672836,-0.9455694,-1.0073627,-1.1981996,-1.0299802,-1.2219837,-1.308389,-1.226876,-1.2010221,-1.2276664,-1.3469253,-1.3442156,-1.3289742,-1.4869952,-1.5638417,-1.5189456,-1.5219187,-1.3995737,-1.2904382,-1.2966099,-1.0787148,-1.042399,-1.1488628,-1.1737381,-1.0846986,-1.1062999,-0.88415235,-0.7928924,-0.79439765,-0.7668127,-0.74618983,-0.8000803,-0.81261206,-0.58937323,-0.61018425,-0.45822227,-0.3913108,-0.39872453,-0.5132041,-0.52242416,-0.4591631,-0.56690633,-0.58583575,-0.52987546,-0.59065276,-0.628361,-0.68575126,-0.7264702,-0.77411354,-0.8314286,-0.72756153,-0.6908317,-0.69610035,-0.7375342,-0.775807,-0.67920315,-0.6500752,-0.60943156,-0.6867674,-0.819386,-0.68104714,-0.78303254,-0.8787332,-1.036566,-1.1025742,-1.1754316,-1.18627,-1.162486,-1.1552604,-1.3294635,-1.3489951,-1.263794,-1.2489666,-1.2315423,-1.2667294,-1.2950668,-1.2733904,-1.1864958,-1.2668046,-1.3973911,-1.2589768,-1.2618746,-1.1636149,-1.180738,-1.1651579,-1.1676416,-1.2161129,-1.2099411,-1.3521186,-1.0614038,-0.54428893,-0.34942532,-0.22922555,-0.14342235,-0.28432024,-0.14218046,-0.1663032,-0.22008073,-0.23114483,-0.3093462,-0.32488862,-0.46017918,-0.41302508,-0.4362446,-0.43970686,-0.3679031,-0.43353507,-0.46322748,-0.5092902,-0.4207022,-0.4920543,-0.81825703,-0.8845663,-0.9150491,-0.89427567,-0.7083311,-0.53928375,-0.59332466,-0.6083026,-0.62956524,-0.6339306,-0.58421755,-0.54921883,-0.5141449,-0.3897679,-0.5413912,-0.12724017,0.083165854,0.03808154,0.38690168,0.289357,0.13205111,0.25872374,0.11564312,0.20716655,0.19711854,0.30775952,0.42186272,0.59177566,0.68875587,0.49084398,0.4212982,0.35393515,0.47221565,0.35423625,0.48237655,0.5848512,0.59418416,0.55993813,-0.31514165,-0.112412766,-0.08189242,-0.050318338,0.10469192,0.07503714,0.21721455,0.036463324,0.027619572,0.20261295,0.13780895,0.060059205,0.13095975,-0.0863331,-0.13555706,-0.2914705,-0.23423073,-0.30166906,-0.36304846,-0.42122906,-0.38826257,-0.4276643,-0.44629264,-0.44523892,-0.3688063,-0.44550234,-0.25985882,-0.3304583,-0.36861813,-0.48659757,-0.44230354,-0.49901643,-0.51828456,-0.5255477,-0.6173345,-0.68255246,-0.741561,-0.6509784,-0.59238386,-0.52317685,-0.42627186,-0.43353507,-0.37685975,-0.359511,-0.6078133,-0.5861744,-0.55858946,-0.57932526,-0.51512337,-0.48535568,-0.5319453,-0.6139852,-0.67653114,-0.66396177,-0.670811,-0.590427,-0.6291136,-0.7633505,-0.6059693,-0.54906833,-0.5221984,-0.64593554,-0.61820006,-0.093897335,-0.061194275,-0.36647305,-0.47240993,-0.49265644,-0.5005594,-0.54669744,-0.58538413,-0.54793936,-0.5495575,-0.56498706,-0.62147415,-0.6210978,-0.66670895,-0.42924488,-0.37309644,-0.44753453,-0.39217636,-0.45238915,-0.4169765,-0.5175695,-0.4572062,-0.517005,-0.49352202,-0.47289914,-0.5224618,-0.3461136,-0.26847675,-0.3233833,-0.10323032,-0.08972008,-0.09175226,0.0089159785,0.020318773,-0.09250492,-0.03379746,0.07247809,0.052758407,0.08580016,0.16211987,0.12734698,0.23223013,0.1311479,0.090541914,0.21480605,0.23591815,0.24220286,0.26613745,0.36217678,0.20607519,0.1311479,0.20724182,0.2385901,0.31329155,0.36349398,0.35995644,0.23546655,0.22673571,0.31378078,0.3228127,0.10277264,0.17070018,0.13758315,0.37083238,0.31878597,-0.23633818,-0.22869869,-0.1197512,-0.106730185,-0.0085457275,-0.07139281,-0.07018855,-0.0842633,-0.2024685,-0.22467194,-0.2014524,-0.08881688,0.04297383,-0.021980703,-0.03616834,0.03943633,0.020582203,0.16234568,0.25240138,0.1866942,0.2035914,0.24698226,0.24679409,0.20419355,0.22252081,0.16573262,0.10074046,0.055054024,0.048167184,0.08147237,0.23731059,0.31618932,0.29263106,0.31171095,0.2867227,0.3266889,0.38332653,0.24461137,0.27844343,0.39721313,0.29202893,0.48967737,0.34806442,0.3133292,0.3258986,0.29263106,0.48772043,0.45783988,0.41076097,0.6330214,0.79642385,0.8050418,1.2392136,1.2242733,1.2074889,1.3075926,1.2134349,1.0972996,0.91846764,0.90597343,0.9349885,0.87338334,0.90224785,0.95452005,0.67517036,0.7139324,-0.12404136,-0.18888299,-0.29116943,-0.42593318,-0.48674807,-0.5940021,-0.6355112,-0.51459646,-0.6777731,-0.616055,-0.54982096,-0.8198752,-1.0304317,-1.0402917,-1.076758,-1.0269696,-0.97149855,-1.1723834,-1.1710286,-1.0078144,-0.858863,-0.6859771,-0.48178053,-0.5733792,-0.6597093,-0.616055,-0.60548013,-0.5582507,-0.49672085,-0.5013497,-0.4284546,-0.41644967,-0.44204012,-0.3808865,-0.4037297,-0.3823918,-0.2886104,-0.36827946,-0.5086129,-0.58926034,-0.4680445,-0.6817998,-0.60977024,-0.5906904,-0.68033206,-1.3305924,-1.4710388,-1.4101486,-1.7542647,-1.7360127,-1.740491,-1.7634847,-1.7476412,-1.5965447,-1.4265943,-1.4110894,-1.2128766,-1.0414958,-0.99667495,-0.86702937,-0.7758823,-0.8009459,-0.8773408,-0.9060548,-0.83105224,-0.9405642,-0.87508285,-0.74995315,-0.7831454,-0.9485048,-0.8745936,-0.83022434,-1.0148894,-0.9062429,-1.0786773,-1.0886877,-1.1937213,-1.2402734,-1.0522213,-1.4806353,-1.460351,-1.4250513,-1.6709453,-1.4069499,-1.3034967,-1.3063192,-1.4941078,-1.8755182,-1.9843527,-2.0639842,-1.9225216,-1.8920391,-1.8639647,-1.7617159,-1.7575763,-1.7091051,-1.538289,-1.4471796,-1.3874935,-1.3845958,-1.2556276,-1.2358702,-1.1873237,-1.2106185,-1.066296,-1.1192833,-1.1188693,-1.2003071,-1.2090755,-1.0349854,-1.0597103,-0.9530584,-0.893109,-0.9178715,-0.93935996,-0.99415356,-1.014927,-0.9967503,-0.9373655,-0.78909147,-1.1244766,-0.85811037,-0.9317957,-0.94338673,-0.81088096,-0.68887484,-0.6254256,-0.45889968,-0.23103192,-0.31039992,0.047602687,0.14179805,0.13607784,0.059795775,0.1961777,0.17457639,0.07387052,0.077633806,0.0647257,0.0858378,0.018324224,0.15937267,0.08775708,-0.12460586,-0.0066640778,-0.01754001,0.07729511,0.085687265,0.109621845,0.21081696,0.5923778,0.5084186,0.5537287,0.47725847,0.477409,0.42795926,0.54225063,0.57984596,0.47891432,0.48136047,0.39352506,0.57581925,0.76040906,0.6199628,0.71261525,0.73463047,0.86867917,0.7165667,0.67204684,0.73353916,0.58816284,0.6603806,0.68544424,0.67310053,0.6330967,0.51560646,0.578717,0.4806078,0.45065197,0.4716888,0.46875343,0.56234664,0.5908348,0.7061423,0.5609918,0.77896214,0.69285786,1.0931599,1.0874773,1.0385169,0.9999054,1.0137919,0.9462784,0.975745,0.91775256,0.98075026,0.88275397,0.80455256,0.9011564,0.95628875,1.0122113,0.784005,0.8172725,0.73978627,0.9267846,0.8902429,0.8021441,0.8109878,0.6060762,0.8739102,0.9317144,1.1636089,1.1607488,0.86638355,1.1561952,1.0130017,0.9285157,0.7868275,0.4877581,0.43356657,0.48429585,0.6888688,0.72416854,0.689772,0.93656904,0.79017675,0.99791086,1.0965469,1.0403233,1.1374916,0.98150283,1.0587634,1.2417727,1.3533545,1.2663846,1.3118453,1.5033218,1.5128807,1.7443612,1.6292794,1.8334007,1.8816086,1.900651,2.0226948,2.030372,1.89971,1.8597438,1.921236,2.3801706,1.8990327,1.8845816,1.7545221,1.8743454,1.8052514,1.8554537,1.5388098,1.5967646,1.5151386,1.4895859,1.7195987,1.5423473,1.3967453,1.4379157,1.4661404,1.3861327,1.2328159,1.257014,1.22194,1.2957007,1.2641265,1.2908835,1.0019752,1.0347912,1.0507475,1.0408877,0.93596697,0.8482445,0.85185724,0.90315104,0.77305377,0.814149,0.7557802,0.8016172,0.7448666,0.74272156,0.5352509,0.6450263,0.68017554,0.6657245,1.0448016,1.1542759,1.2469659,1.302136,1.4060405,1.4765648,1.4465712,1.4141316,1.2806474,1.493876,1.6563376,1.8535343,2.0547578,2.1221585,2.0729346,2.0930684,2.062548,1.9639872,1.86362,1.6496012,1.4457433,1.2314987,1.227585,1.221827,1.370628,1.3575693,1.6503916,1.5395248,1.6242366,1.465877,1.4726886,1.5564973,1.6507679,1.7070292,2.0219796,2.0199099,1.9375312,1.943515,1.8106328,1.7535436,1.554578,1.5335411,1.3619347,1.3462042,1.6514828,1.7957301,1.8474379,2.0451617,2.2276063,2.2839806,2.2670834,2.376633,2.5582874,2.4497538,2.2631319,2.4514096,2.26475,2.3720794,2.5055635,2.5290465,2.444071,2.3512683,2.3993256,2.4507322,2.5624645,2.603409,2.9101558,2.9287462,2018-04-17
WSO_MIDD,-0.4162897,-0.4550673,-0.479873,-0.46298718,-0.48779288,-0.39492092,-0.46044686,-0.47352213,-0.39776012,-0.3027961,-0.32409015,-0.20260194,-0.23562643,-0.5887342,-0.5826075,-0.5616123,-0.47949946,-0.5759578,-0.6818304,-0.6910204,-0.7346546,-0.7176193,-0.6878077,-0.60576946,-0.41658857,-0.50056934,-0.5087881,-0.5517498,-0.5253003,-0.74055713,-0.7760472,-0.77268505,-0.7538566,-0.75273585,-0.73353386,-0.70499235,-1.1074874,-1.0250757,-1.1059932,-1.1156315,-0.996833,-1.0106555,-1.0202191,-1.0450249,-0.9649293,-0.96844095,-1.0152131,-1.2096989,-1.2522123,-1.2323378,-1.0997916,-1.0321736,-1.0657959,-1.2366713,-1.3090712,-1.4390023,-1.6169758,-1.6238496,-1.4441577,-1.3843101,-1.4556639,-1.4483417,-1.4907057,-1.4236108,-1.5327708,-1.469337,-1.3739246,-1.3395554,-1.3150485,-1.2962201,-1.3408254,-1.385655,-1.3781087,-1.3993281,-1.3312619,-1.1853415,-1.0717732,-1.0394211,-1.011552,-1.0021379,-0.9820393,-0.8452342,-0.8391823,-0.7528853,-0.8454584,-0.7012565,-0.80675554,-0.86667776,-0.76259834,-0.68623865,-0.7381663,-0.7859098,-0.7397353,-0.70065886,-0.71448123,-0.7926342,-0.90134597,-1.0052012,-0.978154,-0.95544034,-0.8676491,-0.8962653,-0.80959475,-0.8779599,-0.8416479,-0.7359248,-0.6526164,-0.6554556,-0.63490874,-0.7838924,-0.7454137,-0.8386593,-0.82834846,-0.6967736,-0.702452,-0.8178882,-0.8651834,-0.8908857,-0.83118767,-0.85614276,-0.95992327,-0.89379966,-0.8583843,-0.7949504,-0.88468426,-0.8698158,-0.6361789,-0.59359074,-1.5235062,-1.5363572,-1.3341011,-1.2373439,-1.3465039,-1.2923348,-1.3994776,-1.3825916,-1.4318295,-1.3523318,-1.4690381,-1.0009425,-0.8815462,-0.62362665,-0.43325022,-0.38214448,-0.51730573,-0.53561115,-0.556158,-0.5110296,-0.46276304,-0.3780351,-0.39753598,-0.53665715,-0.5687103,-0.61899424,-0.591947,-0.59359074,-0.65179455,-0.68056023,-0.7888984,-0.6646457,-0.5752853,-0.7999563,-0.9088923,-1.0764055,-1.051824,-1.0001953,-0.97479177,-0.9054554,-0.92346185,-0.9189042,-0.9233125,-0.95783126,-0.9801714,-1.0027355,-1.009983,-1.0486112,-0.6804108,-0.4625389,-0.37317857,-0.23428153,-0.36697716,-0.4527511,-0.45626274,-0.3131069,-0.2818756,-0.24108069,-0.13528284,-0.075734206,0.14415497,0.22432525,0.046874747,0.10575095,0.14176406,0.10560152,0.06794466,0.2035542,0.28163242,0.30696112,0.40752885,0.2316474,0.32743332,1.1300324,1.1455734,0.98964113,0.9480991,1.0275221,0.9192587,0.8551523,0.9588582,0.87562454,0.82294977,0.9072294,0.6913749,0.6773282,0.39803994,0.46640506,0.22447467,0.23000365,0.14594816,0.13638452,0.072801195,0.03365002,0.13474075,0.19488715,0.11322255,0.24509628,0.26138437,0.21199709,0.09275037,0.23896958,0.3806311,0.29836878,0.2908972,0.18173712,0.2049738,0.0061545316,0.12465409,0.17247234,0.26743636,0.2867131,0.25772327,0.2993401,0.3898959,0.19832408,0.19735277,0.2441997,0.22963007,0.26175797,0.2414352,0.2853682,0.2590682,0.21199709,0.06697335,-0.022312261,0.08893985,0.052926745,0.05285203,0.12480352,0.16193739,0.0994748,0.14310895,0.07885319,-0.00086877187,0.003464756,-0.30802622,-0.61637914,-0.6372996,-0.69453204,-0.8426192,-0.87646556,-0.8560681,-0.8866269,-0.9175593,-1.0020632,-0.95925087,-0.9893614,-0.91479486,-0.9225653,-0.93235314,-0.8281243,-0.89223063,-0.90216786,-0.915019,-0.91845596,-0.94229037,-0.9187548,-0.86667776,-0.9414684,-0.68033606,-0.6423803,-0.6866122,-0.45260167,-0.40896752,-0.3503902,-0.13431154,-0.05354355,-0.31340578,-0.17921585,0.07033557,0.17359307,0.40558624,0.41881096,0.08983644,0.0657779,0.1069464,-0.0121508865,0.017959658,-0.13094932,-0.047640987,-0.030605737,0.026103703,-0.052646954,-0.0034091156,0.12256204,0.053150896,0.07190461,0.09671032,0.17366779,-0.0049034357,-0.06557283,0.023264494,0.015120452,-0.22494203,-0.19296359,-0.16950276,-0.16987634,-0.23854035,-0.8248368,-0.64850706,-0.4839077,-0.56168705,-0.40172008,-0.43108347,-0.48689634,-0.49212644,-0.5714001,-0.4620159,-0.435417,-0.38244334,-0.31617025,-0.2756742,-0.27686965,-0.20805623,-0.20417099,-0.16883032,-0.19057268,-0.19602695,-0.29368076,-0.27388102,-0.27582362,-0.22949971,-0.20065935,-0.3135552,-0.2748523,-0.5657964,-0.5723714,-0.6225806,-0.48465484,-0.5158861,-0.46238947,-0.4634355,-0.44109538,-0.41285276,-0.31938305,-0.31900948,-0.32371658,0.14796549,0.03327644,0.21326728,0.014746871,0.024609383,-0.09710297,0.12413108,0.22686559,0.06958841,-0.0022883757,0.0970839,0.27797133,0.1853982,-0.032324206,0.085502915,0.11367085,0.24203295,0.18031752,-0.013944071,-0.15224338,-0.22449374,-0.1331908,-0.23756905,-0.2327872,0.115538746,-0.043307453,0.062863976,-0.22464317,-0.5022131,-0.4549926,-0.71074545,-0.43571585,-0.62840843,-0.68302584,-0.7688745,-0.96231425,-0.82513565,-0.83813626,-0.7147054,-0.6440988,-0.65216815,-0.70319915,-0.6020337,-0.54233557,-0.44072184,-0.44759572,-0.3050376,-0.31766456,-0.31056657,-0.29891086,-0.31669328,-0.36495984,-0.34695327,-0.3154231,-0.4069502,-0.22001077,-0.27634662,-0.23809205,-0.18168147,-0.23495397,-0.17645136,-0.1962511,-0.22389601,-0.3327572,-0.47673494,-0.5050523,-0.47613722,-0.42264056,-0.42406017,-0.29741654,-0.35278112,-0.4947415,-0.28441596,-0.3285731,-0.043008592,-0.17966413,-0.261254,-0.26431736,-0.2593861,-0.22949971,-0.13229421,-0.06990635,-0.123029426,-0.08514842,-0.44042295,-0.4069502,-0.36294246,-0.21941306,-0.18698631,-0.604574,-0.7727598,-0.52305883,-0.5098341,-0.5181276,-0.43354908,-0.52724296,-0.70379686,-0.68706053,-0.80780154,-0.8598039,-0.63259256,-0.81123847,-0.7515404,-0.7460114,-0.77051824,-0.6741346,-0.7744782,-0.89275366,-0.80585897,-1.0173053,-0.85860837,-0.87287915,-0.80025524,-0.7522128,-0.7952493,-0.7538566,-0.8701147,-0.96089464,-0.9594003,-1.0728192,-0.972102,-0.9810679,-0.85285527,-0.84755045,-0.91195565,-0.8965641,-1.05287,-0.9827117,-1.0353864,-1.1748065,-1.2560976,-1.2100724,-1.1766744,-1.2182165,-1.3731774,-1.2874782,-1.3269283,-1.1795136,-1.2819493,-1.2223259,-1.1708466,-1.3355953,-1.409041,-1.2771674,-1.3641368,-1.4667219,-1.3334286,-1.336492,-1.0942627,-1.0329956,-1.134161,-1.0579507,-0.9343704,-0.8001805,-0.7371949,-0.56781375,-0.6901239,-0.4705335,-0.44894058,-0.50856394,-0.54823816,-0.47852814,-0.5147654,-0.50609833,-0.48771816,-0.56138813,-0.6544096,-0.7507932,-0.59254473,-0.368322,-0.242052,-0.272312,-0.2779904,-0.18541728,-0.15037547,-0.06848674,0.2769253,0.8265361,0.78813213,0.8420771,0.66268396,0.5828873,0.55337447,0.7734878,0.76541847,0.84865206,0.76467127,0.766315,0.9191092,0.8721129,0.7595906,0.6091873,0.6180038,0.4867278,0.21042806,0.31764552,0.2465159,0.16627091,0.09312395,-0.02941028,0.0032406081,-0.09665468,0.03454661,0.077209435,0.025879554,-0.06370492,0.003539472,0.15648313,0.25772327,0.13944787,0.18375446,0.21095107,0.50077444,0.33923844,0.74053806,0.67150044,0.6032848,0.6620115,0.6307055,0.5376094,0.5804964,0.5024929,0.5237122,0.4492951,0.2680341,0.26257983,0.4642383,0.39579844,0.32810575,0.3586646,0.4579622,0.57840437,0.8885504,0.7211866,0.92874765,0.5778066,0.7876091,0.96901953,0.8725612,0.85971,0.9008038,1.0764611,1.1234576,1.1320498,1.0468736,0.8054662,0.83624923,0.849997,1.1298084,1.036488,0.9503405,0.9819454,0.9363686,1.1183769,1.077283,1.0816165,1.1856959,1.0300626,1.1883856,1.3341566,1.5097392,1.3881763,1.3429731,1.700788,1.7946312,2.0064511,1.9021477,1.9613227,1.9927781,2.0899088,2.0231128,2.0091407,1.834156,1.7970968,1.9508624,2.2910442,2.4330795,2.3889222,2.390118,2.2804346,2.3125625,2.3567197,2.1248012,2.0408952,1.9056592,1.7826767,1.8145057,1.6717235,1.455346,1.4684958,1.3886993,1.352462,1.5271479,1.6106057,1.4515355,1.5914037,1.6415381,1.6020881,1.473203,1.3791356,1.1419123,1.0311085,1.1041061,1.178822,1.2311232,1.240388,1.1442286,1.1623845,1.1400445,1.1747873,1.0665239,1.0336488,1.0095155,1.036488,1.0624145,1.1375041,1.3066611,1.3932569,1.47268,1.3673304,1.3785379,1.4583346,1.4374888,1.3411051,1.215134,1.4063323,1.5193028,1.8333342,1.8726348,1.7138633,1.6381012,1.6934658,1.728657,1.7045238,1.6840515,1.5541953,1.3704685,1.0757886,1.0709321,0.871814,1.1079166,1.019154,1.2485319,1.0931228,1.0566614,1.1015657,1.0899848,1.0840821,1.2802117,1.4223962,1.8042697,1.9607997,2.0225897,2.0837822,2.093794,2.0172102,1.9041649,1.7864125,2.101191,1.9948701,2.1891317,2.2747562,2.1339915,2.0768335,2.021992,2.0805695,2.0733967,2.1415377,2.408199,2.2978435,2.2911937,2.5870693,2.4583337,2.7811067,3.011232,3.0589757,2.9205267,2.8384137,2.9563904,2.8311663,3.1173286,2.9271762,3.063309,3.103805,2018-04-17
TREX_MLI,-0.95137125,-1.043898,-1.0249677,-0.98710704,-0.9382359,-0.9262596,-0.91524905,-0.9216236,-0.8289036,-0.78930455,-0.8845356,-0.9272255,-0.9428719,-1.0014013,-0.9463489,-0.8841493,-0.8175068,-0.8903307,-0.8936144,-0.93669057,-0.8366303,-0.83489186,-0.80668956,-0.79548585,-0.81769997,-0.8642531,-0.88047916,-0.84512967,-0.86174196,-0.8818313,-0.8853083,-0.88801265,-0.89825046,-0.88955796,-0.8379825,-0.81460935,-0.79587215,-0.7647724,-0.7624544,-0.76728356,-0.8758431,-0.8540153,-0.87217295,-0.881445,-0.84706134,-0.8329601,-0.84223217,-0.88801265,-0.87101394,-0.9187261,-0.8851151,-0.8113255,-0.8642531,-0.8916828,-0.9013411,-0.8916828,-0.91853297,-0.90462494,-0.9225894,-0.7636134,-0.71087897,-0.6730183,-0.67398417,-0.64056635,-0.7062429,-0.6975505,-0.7359906,-0.7240142,-0.9844027,-0.8858878,-0.9869139,-0.97880083,-0.8936144,-0.90868145,-0.8379825,-0.81499565,-0.8393346,-0.9011479,-0.9484737,-0.93669057,-0.8951597,-0.95137125,-0.9196919,-0.862901,-0.8654121,-0.88955796,-0.92394155,-0.94113344,-0.9677904,-0.8920691,-0.8698549,-0.83122164,-0.83991414,-0.83353966,-0.83991414,-0.84397066,-0.81325716,-0.82214284,-0.87816113,-0.92394155,-0.8679233,-0.8358577,-0.9104199,-0.8951597,-0.92336214,-0.89148957,-0.91602176,-0.87854743,-0.93437254,-0.95137125,-0.78698653,-0.75395507,-0.84860665,-0.85247,-0.8482203,-0.93379307,-0.9231689,-0.95214385,-0.88685364,-0.87024134,-0.8831835,-0.81499565,-0.8016672,-0.79741746,-0.8936144,-0.94345134,-0.81499565,-0.8260062,-0.8627078,-0.9216236,-0.9492464,-0.9262596,-0.9202714,-0.966245,-0.91891927,-0.89689827,-0.8665711,-0.8557538,-0.862901,-0.8391415,-0.80668956,-0.76206803,-0.7460352,-0.7638066,-0.7543414,-0.7566594,-0.7572389,-0.7267186,-0.7431377,-0.7392744,-0.7680562,-0.7296161,-0.73174095,-0.6502246,-0.70508397,-0.6809381,-0.5403129,-0.4043237,-0.43812785,-0.4725115,-0.44566134,-0.46188733,-0.4922145,-0.4680687,-0.38404125,-0.38462076,-0.48487413,-0.48410147,-0.5262118,-0.48371515,-0.4966573,-0.48487413,-0.46188733,-0.40818703,-0.38597292,-0.44160485,-0.38230273,-0.3836549,-0.34347627,-0.300207,-0.272391,-0.27316368,-0.27818602,-0.21869071,-0.31759197,-0.34019244,-0.270073,-0.26118734,-0.122686975,-0.18546608,-0.14181046,-0.19377224,-0.21560007,-0.20632805,-0.3173988,-0.24843836,-0.21424788,-0.28089032,-0.44894516,-0.4091529,-0.42924216,-0.42673105,-0.39485854,-0.37689406,-0.38809773,-0.3952449,-0.40161937,-0.40007406,-0.16441093,-0.080769844,-0.07149785,-0.04638621,-0.049863204,-0.15803644,-0.18797724,-0.22409937,-0.2903555,-0.2662097,-0.2366552,-0.31990996,-0.28262883,-0.31450132,-0.25771034,-0.2090324,-0.24689303,-0.29499146,-0.33787444,-0.29170766,-0.24051854,-0.2407117,-0.24747252,-0.21675906,-0.26408485,-0.2880375,-0.24476819,-0.30252498,-0.19242008,-0.1686606,-0.11206281,-0.06010103,-0.18198907,-0.23086022,-0.25848302,-0.29885483,-0.24109803,-0.3299546,-0.37592825,-0.42924216,-0.40065354,-0.41842484,-0.4643985,-0.4466272,-0.5596296,-0.5254391,-0.5119175,-0.54900545,-0.57585555,-0.52080315,-0.5016796,-0.41803855,-0.54321045,-0.45319483,-0.6028989,-0.60231936,-0.6282037,-0.61719316,-0.6461682,-0.5669699,-0.57991207,-0.60483056,-0.59382004,-0.5808779,-0.61390936,-0.64230484,-0.63921416,-0.6577582,-0.61101186,-0.7062429,-0.7699879,-0.75878423,-0.784089,-0.7697947,-0.800315,-0.8167342,-0.8712072,-0.88685364,-0.8976709,-0.88723993,-0.9129311,-0.853629,-0.88086545,-0.8520836,-0.84242535,-0.86908233,-0.80301934,-0.7547277,-0.7060498,-0.68924433,-0.7265254,-0.7607159,-0.70682245,-0.70566344,-0.7271049,-0.78679335,-0.7576252,-0.7920089,-0.80591685,-0.8683096,-0.99309516,-0.9301229,-0.84281164,-0.8358577,-0.88917166,-0.8996026,-0.83334655,-0.84397066,-0.83122164,-0.825813,-0.83875513,-0.8005082,-0.34695327,-0.33092046,-0.3220348,-0.33941978,-0.31469446,-0.35332775,-0.27316368,-0.2973095,-0.27625433,-0.3110243,-0.29112816,-0.27045932,-0.28494683,-0.26814133,-0.23028071,-0.26002833,-0.25597185,-0.2845605,-0.25500602,-0.16769476,-0.20014673,-0.2706525,-0.25693768,-0.33149993,-0.29460514,-0.38732508,-0.41842484,-0.3398061,-0.30117282,-0.21405473,-0.14857128,-0.20111257,-0.1997604,-0.21927021,-0.18083009,-0.17368293,-0.24187069,-0.18739775,-0.1358223,-0.06995252,-0.12906146,-0.1300273,-0.1439353,-0.11496032,-0.08811017,-0.05604453,-0.0120025715,0.030880386,0.041504547,0.063911855,0.022767397,-0.0009920822,0.016392902,0.0515492,0.028755557,-0.0035032467,-0.09235983,-0.1201758,-0.14876445,-0.22545156,-0.16016127,-0.11998264,-0.11998264,-0.10047282,-0.04522721,-0.10433616,-0.16672893,-0.13331112,-0.19879457,0.052128702,-0.09989333,-0.12056214,-0.23337136,-0.11805098,-0.2424502,-0.34772593,-0.25944886,-0.30716097,-0.21154356,-0.37206492,-0.4039374,-0.3589296,-0.4350372,-0.40741438,-0.55055076,-0.5161671,-0.46343264,-0.47289783,-0.5057361,-0.6044442,-0.6797792,-0.6461682,-0.7732717,-0.7035386,-0.6958119,-0.82774466,-0.81171185,-0.8592308,-0.92336214,-0.91563535,-0.89786404,-0.8858878,-0.90462494,-0.8227223,-0.8561402,-0.87758166,-0.8627078,-0.82349503,-0.7400471,-0.72478694,-0.5735376,-0.55557305,-0.5766282,-0.5225416,-0.5561526,-0.50032747,-0.47057983,-0.54475576,-0.61159134,-0.53606325,-0.5578911,-0.6805518,-0.7255596,-0.7286503,-0.6708935,-0.7576252,-0.7284571,-0.7560799,-0.75279605,-0.7448762,-1.0205249,-1.0089349,-1.0663053,-1.0962461,-1.0865878,-1.084656,-1.0070032,-0.9884592,-0.9490532,-0.92529374,-1.1267664,-0.9956063,-1.0456365,-1.084656,-0.95059854,-1.0319216,-0.86328727,-0.90501124,-0.8843425,-0.8012808,-0.64964515,-0.53857446,-0.049863204,-0.025524227,-0.010650407,-0.042716045,0.005575578,-0.068986684,-0.08772384,-0.11322182,-0.11766465,-0.11013115,-0.097382165,-0.08811017,-0.110903814,-0.20729388,-0.25828984,-0.26814133,-0.2314397,-0.25326753,-0.22429255,-0.2279627,-0.2861058,-0.24187069,-0.30117282,-0.1796711,-0.11476714,-0.115153484,-0.1622861,-0.10337033,-0.17194442,-0.17658041,-0.20652123,-0.2061349,0.14523494,0.23177356,0.2290692,0.34574175,0.26403233,0.38862476,0.47091365,0.07395651,-0.009298242,0.041890875,0.07337701,0.090182506,0.15972245,0.2037644,0.22597854,0.28547382,0.32294813,0.27060002,0.25186285,0.23795487,0.24471569,0.2423977,0.20743456,0.29126883,0.3248798,0.32468662,0.30459732,0.3749099,0.34805977,0.2872123,0.09945449,-0.006980243,-0.012968405,0.102931485,0.12108913,0.18116392,0.15315478,0.19256073,0.26441866,0.3374356,0.28122416,0.32256177,0.33260643,0.2642255,0.22868288,0.22076304,0.17691426,0.14716662,0.21361588,0.2400797,0.23756854,0.26441866,0.2702137,0.3403331,0.34825292,0.28759864,0.2130364,0.2221152,0.31638047,0.36061558,0.4604827,0.5070358,0.6206177,0.52673876,0.5018203,0.44155234,0.38785204,0.53407913,0.4533355,0.58449554,0.652297,0.66060317,0.67451113,0.68590796,0.6517175,0.69170296,0.6779881,0.7208711,0.67547697,0.7189394,0.71198547,0.68455577,0.6590578,0.61829966,0.61057305,0.63761634,0.7191326,0.7297568,0.7739919,0.6532628,0.5922222,0.7040656,0.73651755,0.90824264,0.93547904,0.8377368,0.8452703,0.7811391,0.75680006,0.5437374,0.44020018,0.45372182,0.43749586,0.5224891,0.55764544,0.5698149,0.5705876,0.5350449,0.5657584,0.59087,0.36872858,0.4123842,0.49332094,0.3847614,0.40060103,0.4235879,0.34979826,0.36486527,0.45913053,0.45082435,0.4417455,0.5375561,0.47439066,0.5674969,0.612891,0.7121786,0.75409573,0.5530094,0.59202904,0.56826955,0.6217767,1.5553504,1.4253494,1.4315306,1.3231642,1.4493018,1.3836254,1.4493018,1.3930905,1.4178158,1.544533,1.6003582,1.6619784,1.6581149,1.6364803,1.6770453,1.6758863,1.6158115,1.6445934,1.6965551,1.7313251,1.6805223,1.7038954,1.4744135,1.3666266,1.4185884,1.4757657,1.4620509,1.5507144,1.4160773,1.3861365,1.346151,1.3550366,1.4044873,1.3654677,1.26251,1.3420945,1.333402,1.2588398,1.2806677,1.3453784,1.3874887,1.3932836,1.3896134,1.611755,1.3135059,1.3851707,1.2553627,1.431917,1.4910259,1.6187091,1.6024829,1.2594193,1.2484088,1.3051997,1.4842651,1.5993923,1.65232,1.8006718,1.9521143,1.7910136,1.7545052,1.7744012,1.8862447,1.927389,1.9747148,2.0579698,2.4682553,2.8352716,2.807842,2.712804,2.7854347,2.868303,2.8845289,2.9023004,2.7933545,2.8005016,2.785821,2.5300684,2.6932943,2.6832495,2.4902763,2.4483593,2.5194445,2.5445561,2.494719,2.4846745,2.5775874,2.542431,2.4827428,2.4363828,2.4464273,2.4601424,2.3481057,2.3598888,2.4609149,2.557305,2.6706939,2.8457026,2.7831166,2.8279314,2.7060432,2.6701143,2.7413929,2.7157016,2.8030128,2.8955395,2.9138904,2.8128643,2.7773218,2.761289,2.679,2.7522101,2.751051,2.8779614,2.8061035,2018-04-17
VICR_MLI,0.12134048,0.05246341,0.06865708,-0.00842479,-0.02569804,-0.117894,-0.18007769,-0.18655516,-0.18223685,-0.27464873,-0.33013907,-0.3443895,-0.34287807,-0.45169953,-0.41564164,-0.27162594,-0.1913053,-0.2683872,-0.28911507,-0.37137893,-0.3307868,-0.35907173,-0.33186635,-0.3459009,-0.39491373,-0.42708516,-0.4434947,-0.2906265,-0.29408115,-0.28198987,-0.35604894,-0.31092256,-0.36058316,-0.33596876,-0.389084,-0.3141613,-0.28630817,-0.2951607,-0.41995996,-0.45364276,-0.514315,-0.5872945,-0.61881816,-0.8222107,-0.73713994,-0.64040977,-0.72699195,-0.7725501,-0.8021305,-0.8256653,-0.8148695,-0.7539814,-0.7634817,-0.8403476,-0.8394839,-0.7833459,-0.7712546,-0.8133581,-0.77945936,-0.70669585,-0.675604,-0.68575203,-0.72785556,-0.6840247,-0.68208146,-0.72785556,-0.8694962,-0.7563564,-0.71727574,-0.6928773,-0.65681934,-0.62615937,-0.6080224,-0.63242084,-0.6315572,-0.54842967,-0.49509853,-0.5056784,-0.62443197,-0.70842314,-0.7576519,-0.8619392,-0.79478943,-0.74836755,-0.77945936,-0.8107672,-0.84812057,-0.8828831,-0.83279055,-0.70367306,-0.71965075,-0.7973804,-0.77837986,-0.77837986,-0.86755306,-0.7507426,-0.73282164,-0.62659115,-0.5877263,-0.5382817,-0.5151787,-0.56937355,-0.6108293,-0.5268382,-0.6037041,-0.6486145,-0.6358755,-0.55749816,-0.48970065,-0.49099615,-0.6084543,-0.6501259,-0.70129794,-0.7479357,-0.76931137,-0.79953957,-0.78831196,-0.68057007,-0.6965478,-0.6818656,-0.66113764,-0.69071805,-0.72288954,-0.72785556,-0.82501763,-0.9282253,-0.73152614,-0.813574,-0.74189013,-0.77578884,-0.81011945,-0.8297677,-0.7451288,-0.7582997,-0.711446,-0.71317333,-0.75246996,-0.80817616,-0.8450978,-0.8345179,-0.7731979,-0.78723234,-0.8330065,-0.8224266,-0.7880961,-0.84552956,-0.86841667,-0.8409954,-0.8394839,-0.8502797,-0.90231544,-0.921532,-0.9111679,-0.8710077,-0.795869,-0.7567883,-0.63652325,-0.64904636,-0.6458076,-0.5305087,-0.43701723,-0.40765277,-0.44975626,-0.45126766,-0.41456205,-0.41348246,-0.4797685,-0.46335894,-0.5106445,-0.4843028,-0.45515418,-0.49488264,-0.5095649,-0.44759712,-0.33812794,-0.40894827,-0.33229822,-0.39707288,-0.43248302,-0.3955615,-0.44522205,-0.44263104,-0.41477796,-0.37526542,-0.48127997,-0.49207574,-0.4970418,-0.4640067,-0.40657318,-0.43097165,-0.40743682,-0.4519154,-0.4136984,-0.4514836,-0.53007686,-0.54130447,-0.5108604,-0.57088494,-0.61946595,-0.5901014,-0.58513534,-0.5909651,-0.6047837,-0.609102,-0.6803541,-0.6719334,-0.71446884,-0.69417274,-0.6620013,-0.62313646,-0.5570663,-0.55685043,-0.52381533,-0.5840558,-0.53158826,-0.53374743,-0.48775744,-0.42989206,-0.38476568,-0.36231047,-0.30811566,-0.2727055,-0.2960244,-0.29170606,-0.307252,-0.38843626,-0.39059544,-0.35971949,-0.37483358,-0.5160424,-0.5056784,-0.5123718,-0.53784984,-0.57218045,-0.4292443,-0.54929334,-0.578442,-0.532452,-0.5831921,-0.5980903,-0.6894226,-0.72137815,-0.78075486,-0.7619702,-0.78982335,-0.6632968,-0.71403694,-0.7647771,-0.72634417,-0.69330907,-0.683161,-0.70324117,-0.78291404,-0.7539814,-0.79845995,-0.86798483,-0.86453027,-0.8267449,-0.8269608,-0.7965167,-0.88266706,-0.7846414,-0.7647771,-0.69071805,-0.71554834,-0.78442544,-0.7706069,-0.81897193,-0.76175433,-0.81314224,-0.6816496,-0.6952523,-0.69330907,-0.7233213,-0.72699195,-0.6952523,-0.7028094,-0.72936696,-0.7323898,-0.71101415,-0.6697743,-0.6635127,-0.688343,-0.6706379,-0.7099346,-0.67495626,-0.69071805,-0.731958,-0.6516373,-0.6846725,-0.76218617,-0.7198667,-0.64623946,-0.6706379,-0.6622172,-0.72159404,-0.6773313,-0.70410484,-0.813574,-0.85243887,-0.8487683,-0.85956407,-0.8651779,-0.8513593,-0.86560977,-0.87316686,-0.8310632,-0.87057585,-0.97680634,-0.9506805,-0.9014518,-0.87726927,-0.91224754,-0.84768873,-0.84445,-0.8442341,-0.9241229,-0.8913037,-0.9483055,-0.96795374,-0.97119254,-0.98760206,-1.0372627,-1.0934007,-1.1048443,-1.1350725,-1.1326973,-1.1400386,-1.11564,-1.1521298,-1.077639,-1.0959917,-1.1050602,-1.0089777,-0.96536285,-1.0346717,-0.97680634,-1.0102732,-0.9772382,-0.97896546,-0.97810185,-0.9524078,-0.85265476,-0.80752844,-0.8599959,-0.89259917,-0.87726927,-0.7654249,-0.68639976,-0.5903173,-0.5719645,-0.5026556,-0.47912082,-0.56462336,-0.5594414,-0.55361164,-0.5147469,-0.5274859,-0.5153946,-0.5818966,-0.5825444,-0.5717486,-0.5566345,-0.5380658,-0.5188493,-0.44004008,-0.45882472,-0.44263104,-0.45472232,-0.38368613,-0.39081132,-0.4041981,-0.4108915,-0.42708516,-0.37440175,-0.37591317,-0.38001555,-0.4057095,-0.38822034,-0.23794308,-0.015981836,0.098021604,0.027633116,-0.061755944,-0.022027472,-0.07579046,-0.08399525,-0.088529475,-0.0472896,-0.096086524,-0.066722,-0.13840598,-0.23038605,-0.38973173,-0.39469782,-0.46983644,-0.41348246,-0.60413593,-0.48365504,-0.4752343,-0.5741236,-0.529861,-0.3955615,-0.48171178,-0.5657029,-0.6242161,-0.64537585,-0.6121248,-0.38152695,-0.39383414,-0.56527114,-0.61514765,-0.79284614,-0.62637526,-0.5825444,-0.5806011,-0.5872945,-0.57520324,-0.5972266,-0.6445121,-0.6114771,-0.5803852,-0.5769305,-0.5613846,-0.66955835,-0.6853202,-0.7226736,-0.7043208,-0.5935561,-0.56095284,-0.45580193,-0.5318042,-0.47696167,-0.5084853,-0.5566345,-0.5380658,-0.54756606,-0.64192116,-0.711446,-0.6637286,-0.6108293,-0.6507737,-0.6855361,-0.6382506,-0.59701073,-0.6775472,-0.7043208,-0.749879,-0.79522127,-0.8150855,-1.0506495,-1.1154242,-1.179551,-1.2637582,-1.220575,-1.1529934,-1.0612293,-1.0761275,-0.97680634,-0.9813406,-0.9632036,-0.8248017,-0.8494161,-0.79392576,-0.6535806,-0.8198356,-0.6766836,-0.7656408,-0.7544132,-0.6514214,-0.57326,-0.4264374,-0.122212306,-0.1468267,-0.09349553,-0.0861544,-0.053767066,-0.04772143,0.021371564,-0.0196524,-0.08010877,-0.034550577,-0.10623456,-0.052039742,0.06649793,-0.080756515,-0.12329189,-0.14639485,-0.11422343,-0.11184836,-0.088313565,-0.0196524,-0.04988059,-0.08313159,-0.117894,-0.02872086,0.00042774976,0.07535047,0.061747786,0.09003273,0.1118402,0.08614624,0.110112876,0.18352419,0.5706608,0.50610214,0.5389213,0.5322279,0.5350348,0.60628694,0.5941957,0.5531717,0.5995936,0.6483905,0.65551573,0.6816415,0.6606977,0.67257303,0.7038808,0.7012898,0.8161569,0.73907506,0.7669282,0.8085998,0.88978404,0.89129543,0.8561013,0.80147463,0.7742693,0.8718631,1.1652924,1.1564399,1.2626704,1.2982965,1.2158166,1.1555762,1.0918812,1.1300982,1.0791421,1.1467236,0.9994693,1.0318565,0.9420357,0.9090006,0.88568175,1.0558232,0.9679455,0.9236828,0.89712524,0.81378186,0.7053922,0.72914296,0.8673289,0.8705676,0.8444419,0.831271,0.974423,1.0476185,0.93944466,0.90101165,0.8396917,0.93555826,1.0504253,1.0722328,1.11995,1.1579512,1.1417576,1.015447,0.9476495,0.7762125,0.539569,0.5438874,0.60348004,0.5818885,0.7438252,0.7656327,0.71316516,0.7701669,0.66825473,0.6874712,0.7615303,0.764769,0.73238164,0.73993874,0.79802,0.7669282,0.8148614,0.93663776,0.9893211,1.0014125,0.99990106,1.0294815,1.0562551,1.1054838,0.9685933,0.9210918,0.9696729,0.8431464,0.89690924,0.94937676,0.88287485,0.81680465,0.7710306,0.6140599,0.7781558,0.7565642,0.7565642,0.82306623,0.83062327,0.87747693,0.94441074,1.276489,1.353139,1.3503321,1.3859582,1.5681909,1.6133173,1.3861741,1.337809,1.358321,1.4135953,1.3678212,1.3732191,1.4351869,1.4947796,1.46304,1.5165871,1.3904924,1.3738669,1.358321,1.3039103,1.0430841,0.9662182,1.0886424,0.9847869,0.9336149,0.73497266,0.86991984,0.75829154,0.8232821,0.8319187,0.8779087,0.99968517,1.0186857,0.9174213,1.0081059,0.9951509,1.1847248,1.0549595,1.1139045,1.2330899,1.1773837,1.235465,1.1845089,1.102461,1.0502094,0.92735344,0.88676125,0.92864895,0.90792096,1.0253791,1.035743,1.0631642,0.93102396,0.6896304,0.8362371,0.8476806,1.1743609,1.1141204,0.94872904,0.85523766,0.9033868,0.8308392,0.82436174,0.7565642,0.69330096,0.6950283,0.713597,0.55964917,0.35927948,0.3482678,0.2694586,0.13710232,0.14465939,0.122420065,0.13861375,0.10514682,0.100828506,0.07146399,0.13882966,0.15718248,0.3376879,0.2573673,0.31436902,0.36424553,0.30897114,0.44175926,0.43074754,0.4605439,0.5102045,0.457737,0.8535103,1.0022762,1.0875628,1.0882106,1.0556073,1.0871309,0.992128,1.1646447,1.1734972,1.1631333,1.2330899,1.3289565,2.8021486,2.982438,2.9180954,2.880094,2.7509766,3.0325305,2.9714265,3.0180643,2.8295698,2.8256834,2.8151035,2.8712416,2.6823156,2.5367882,2.4409218,2.491878,2.67627,2.6147337,2.545641,2.511742,2.644746,2.7937279,2.6445303,3.0048933,3.5146701,3.6180937,3.4039054,3.5926156,3.3924618,3.3594267,3.2365708,3.4306788,3.889284,3.8687716,3.9957302,3.972843,3.8506348,2018-04-17
WIRE_MTZ,2.2318726,2.4352183,2.32758,1.8718681,1.943454,1.9665378,1.8259597,1.6776004,1.9857312,1.8378906,1.7476301,1.9016955,1.9094766,1.9546069,1.8337408,1.8975457,1.8959894,1.9963654,1.9556444,1.9102547,1.6752661,1.8721274,1.7331055,1.5546594,1.586043,1.6612602,1.7771983,1.6529603,1.7688985,1.7061311,1.6838253,1.8952113,1.8609746,1.6329889,1.482814,1.482036,1.6285795,1.6581477,1.4983761,1.5383191,1.5536218,1.4436492,1.4773673,1.6143143,1.4872234,1.5315754,1.6062738,1.4605082,1.5341691,1.52146,1.3313422,1.5380596,1.3554636,1.3137052,1.312927,1.1598991,1.2797278,1.2550877,1.1835018,1.1692364,1.3609104,1.0125773,-0.3602649,-0.5400078,-0.8273891,-0.8966408,-0.8561792,-0.9015688,-0.939696,-1.1225514,-1.0333284,-1.0893521,-1.0774211,-0.9371024,-1.1051737,-1.2447144,-1.0711963,-1.0058353,-0.9262089,-0.8177925,-0.9814545,-1.1012831,-1.0776806,-1.3009975,-1.5935662,-1.5095305,-1.4695876,-1.3767334,-1.2275959,-1.452988,-1.4270511,-1.3108536,-1.3080006,-1.0986894,-1.0807929,-1.1350012,-1.2343396,-1.4164169,-1.263389,-0.9900137,-1.0291785,-1.3712867,-1.4535068,-1.4581754,-1.6210594,-1.5256114,-1.4374259,-1.4260136,-1.2125527,-1.1142516,-1.1072487,-0.7851119,-0.34029344,-0.46712506,-0.2134618,0.10452506,-0.0080412505,-0.19245288,-0.34989008,-0.24380802,0.106600024,0.099078305,0.27804318,0.20671658,0.035014067,0.21008839,1.5388378,1.3702477,1.1033566,1.5315754,1.4317182,1.4037064,1.4822953,1.4052626,1.4568771,1.512901,1.7621548,1.6698194,1.751002,1.7424427,1.5118634,1.6259859,1.6698194,1.4781454,1.5624404,1.4618051,1.4226403,1.3842536,1.4029282,1.506676,1.4680299,1.3386046,1.310074,1.2747997,1.063673,1.1847986,0.91868556,0.70418704,0.50525075,0.49695092,0.3530009,0.19322939,0.35766956,0.5610152,0.2728558,0.22461309,0.29957083,0.34418237,0.31902355,0.54130304,0.2777838,0.2871211,0.15510209,-0.103489175,-0.31850642,-0.27130118,-0.14887883,-0.49409947,-0.56127614,-0.4557128,-0.5213333,-0.55868244,-0.48139036,-0.44300368,-0.42121667,-0.40513578,-0.45856586,-0.26092643,-0.44352245,-0.15432559,-0.17948441,-0.2806385,0.08974101,-0.052393418,-0.28530714,-0.27130118,-0.20957127,-0.45467535,-0.33692163,-0.226949,-0.502918,-0.57476336,-0.38257065,-0.435482,-0.4769811,-0.8128645,-0.3260281,-0.6289715,-0.49176514,-0.31487522,-0.23006146,-0.40202332,-0.30968785,-0.09959864,0.07936623,0.21449769,0.016080102,0.11956849,-0.08429584,-0.032162603,-0.2575546,0.034495328,-0.17585324,-0.43081334,-0.47490612,-0.20308703,0.003889741,0.327064,0.25884983,-0.014784855,0.0046678493,-0.046946656,0.2572936,0.21579452,0.14265236,0.17559226,-0.18000315,-0.10271107,-0.00026016915,-0.1270918,-0.04564981,-0.2448455,-0.07132738,0.34677607,0.46738282,0.37375048,0.34807292,0.47205147,0.15717705,0.28374928,0.53819066,0.16807055,0.43988967,0.032939114,0.06250722,-0.22150224,0.036570285,-0.14369145,-0.35040882,-0.27493232,-0.12735116,-0.5228895,-0.26300138,-0.4118794,-0.32395315,-0.39009234,-0.44170684,-0.6639864,-0.60900015,-0.7705872,-0.45882526,-0.47672173,-0.21735235,-0.1652191,-0.27986038,-0.14369145,-0.05965576,0.08351614,0.08429425,-0.0054475563,0.066138394,-0.0038913405,0.19037633,0.013745777,-0.15017568,-0.23939873,-0.3711584,-0.43989128,-0.32291567,-0.23913936,-0.22331785,-0.24692047,-0.2591108,-0.045131072,-0.5449359,-0.60848135,-0.67695487,-0.5830631,-0.43781632,-0.31617206,-0.5682791,-0.5809882,-0.59136295,-0.1185326,-0.024122152,0.09440966,0.24432515,0.31798604,0.3794566,0.6147046,0.65853804,0.6564631,0.7168961,0.70314956,0.6868093,0.7669545,0.9703,-0.2897164,-0.5451952,-0.68032664,-0.8297234,-0.73349744,-0.64245874,-0.8963814,-1.0213975,-1.068862,-1.0494093,-0.85669786,-0.90779364,-0.7890025,-0.9228371,-1.0118008,-0.8709632,-0.823758,-0.5750227,-0.4769811,-0.64271814,-0.5327455,-0.47827792,-0.5869537,-0.6266372,-0.6458306,-0.6261185,-0.5869537,-0.60095966,-0.5516795,-0.637012,-1.0618589,-1.1845406,-1.3928143,-1.6358435,-1.1962123,-1.3741397,-1.4662158,-1.4711438,-1.3775115,-1.200881,-1.3201909,-1.4861873,-1.4130452,-1.375696,-1.3637649,-1.1697567,-1.0426656,-1.0372189,-0.9869013,-0.9477365,-1.263389,-1.3196721,-1.53858,-1.5240552,-1.6827892,-1.6099064,-1.4299041,-1.5012307,-1.4153794,-1.5878601,-1.5710012,-1.4363884,-1.6034223,-1.6179469,-1.6910892,-1.7535971,-1.742963,-1.7203978,-1.6799363,-1.6578898,-1.7468536,-1.4016328,-1.2242242,-0.8803005,-0.36700848,-0.2235772,-0.36804596,-0.64660865,-0.4800935,-0.53507984,-0.5021399,-0.47283116,-0.19815901,-0.35767117,-0.023084676,-0.1737783,-0.20308703,-0.35507748,-0.3742708,-0.4507848,-0.2933476,-0.28426963,-0.112307735,0.15639892,0.18233587,0.45467374,0.2041229,-0.049540352,0.07703191,0.26870587,0.23654407,0.073919475,0.16703308,-0.017897287,0.011411453,0.0957065,-0.034237556,0.03397659,-0.15899423,0.37219423,0.5135506,0.28893667,0.107378125,-0.10997341,-0.0033726017,0.05005749,-0.03527504,0.015301993,-0.30009115,-0.28867894,-0.5542732,-0.48113102,-0.4295165,-0.5488264,-0.3379591,-0.4074701,-0.12916675,-0.46141896,-0.35559624,-0.2899758,-0.3050192,-0.29697874,-0.37504894,-0.4380757,-0.67306435,-0.5013618,-0.53663605,-0.33847782,-0.1390228,-0.16573784,-0.13746656,1.0395517,1.3321204,1.5020074,1.0117991,0.8665523,1.0027212,0.8341311,1.1038754,0.8517682,0.82297826,0.73219895,0.5425999,0.48968858,0.4531175,0.44196463,0.44352084,0.36908183,0.55608714,0.638826,0.9142763,0.76280457,0.3304358,0.25599676,0.33069515,0.19711992,0.2990521,0.31720796,0.25703424,0.3099456,0.38308778,0.16547686,0.014783255,-0.09830179,-0.10686098,0.03734839,0.08688795,0.12268092,-0.2227991,-0.5887693,-0.67773294,-0.72623503,-0.83698577,-0.7534689,-0.79730225,-0.25262657,-0.15717866,0.0010366777,-0.07755224,-0.4074701,-0.41706678,-0.35715243,-0.3304374,-0.40280145,-0.7277913,-0.7078199,-0.89326894,-0.7249382,-0.7596937,-0.9415117,-0.8823754,-0.8590322,-0.9210215,-1.1557506,-1.0271035,-0.9256901,-0.9918293,-1.0167288,-0.9632987,-0.96303934,-1.035144,-1.0001291,-0.7324599,-0.6001815,-0.7488002,-0.83698577,-0.84839803,-0.99156994,-0.6341589,-0.7410191,-0.7864088,-0.8157175,-0.6909608,-0.7047074,-0.7814807,-0.9350274,-1.007132,-0.970561,-0.7752559,-0.7669561,-0.7565813,-0.6421994,-0.8507324,-0.8748537,-0.7513939,-0.8170144,-0.8170144,-0.85254794,-1.0226942,-1.0769024,-1.0138757,-1.0600433,-0.9658924,-0.9373618,-0.71897274,-0.8076771,-0.8063802,-0.7392035,-0.86447895,-0.6839579,-0.658799,-0.579432,-0.43418515,-0.464272,-0.51536775,-1.1238483,-1.5354675,-1.1739066,-1.4465038,-1.3513153,-1.2200743,-1.3930737,-1.4254948,-1.5144587,-1.4960433,-1.3430154,-1.5092711,-1.5844884,-1.6859018,-1.3606524,-1.4620659,-1.2286335,-0.9684861,-1.0374782,-0.9409929,-0.7659186,-0.46608758,-0.5332642,-0.694592,-0.7506158,-0.82531416,-0.8131238,-0.6686551,-0.79885846,-0.75165325,-0.70366997,-0.33925596,-0.1558818,-0.23421136,-0.71222913,-0.77136534,-0.82661104,-0.6313059,-0.8621446,-0.5726884,-0.49176514,-0.4336664,-0.15717866,-0.19374973,-0.18233748,-0.11723576,-0.10426729,-0.0736617,0.025936138,-0.040721793,0.028789202,0.1947856,0.23810028,0.15276776,0.15769577,0.30968624,0.16807055,0.018155057,0.1768891,-0.25625774,-0.22046478,-0.2998318,-0.40695137,-0.10478603,0.007780282,0.3947594,0.055504248,-0.15302873,-0.33069676,-0.2806385,0.009336498,-0.11464206,0.023083076,0.089222275,-0.05602459,-0.17274082,-0.08429584,-0.10037675,-0.029828278,0.039163973,-0.00855999,0.12657146,0.24925318,0.22513181,0.16366127,0.1532865,0.19452623,0.15147091,0.5202942,0.49591345,0.14783974,0.24821569,0.16469875,0.3293983,0.2269474,0.43055236,0.4800919,0.24432515,0.1346119,0.040979564,0.2692246,0.3143549,0.3574102,0.4474114,0.36130074,0.46686408,0.3013864,0.2508094,0.24095336,0.3099456,0.37634417,0.3675256,0.6554256,0.6735814,0.80845356,0.8517682,0.82660943,0.93035716,0.9767843,0.7529485,0.6621692,0.49772903,0.5869521,0.4175839,0.47672012,0.5099194,0.5952519,0.33251074,-0.20360577,-0.053171523,-0.06717747,-0.31798765,-0.101932965,-0.007781881,-0.0038913405,0.05887605,-0.08844575,0.10997182,0.01763632,1.2613125,1.0478516,1.3134458,1.3484607,1.2226666,1.1723489,1.0737884,1.3225237,1.3980001,1.6428449,1.5336504,1.6462168,2.095185,2.2500286,2.177146,2.1348686,2.277003,2.6499763,2.5843556,2.7275276,2.7381618,2.4938357,2.2570314,2.4085033,2.0536861,2.4505212,2.59499,2.3252459,2.425103,2.3698573,2.466602,2.1893363,2.2500286,2.3553326,2.4663427,2.4193969,2.609774,2.6860285,2.5703497,2018-04-17
SPXC_PWR,0.08038495,0.18430276,-0.5082212,-0.36744198,0.15959777,0.18116562,0.027837828,-0.008631442,-0.118823536,-0.3960684,-0.5415534,-0.337247,-0.41293055,-0.47841838,-0.6964497,-0.81252396,-0.656059,-0.738409,-0.85056174,-0.7148804,-0.6384126,-0.84232676,-0.84781677,-0.7991911,-0.86938465,-1.0525153,-1.0176146,-0.73370326,-0.8395818,-0.683509,-0.7517418,-0.88938385,-0.9152654,-1.1132973,-1.0874159,-1.2658409,-1.2560374,-1.2321166,-1.3074081,-1.5105379,-1.3387794,-1.1027095,-1.0866317,-1.2576059,-1.1227088,-0.7462518,-0.74468327,-0.713704,-0.7442911,-0.93369603,-0.634099,-0.7599768,-0.9827139,-1.0478095,-1.1517273,-0.99839956,-1.0658481,-0.9729103,-0.97604746,-1.1281989,-1.0670245,-0.9470289,-0.8674239,-0.8172297,-0.9536953,-0.80821043,-0.9807531,-0.95016605,-1.0129088,-1.0544759,0.7144797,0.6705597,0.586249,0.48742905,0.38625625,0.2435163,0.42664695,0.32586625,0.28782845,0.21292917,0.15998991,0.20155704,0.2250856,0.44625407,0.36704123,0.12430493,-0.12352925,-0.035689287,-0.2333292,-0.112157114,-0.32077703,-0.45332125,-0.43802768,-0.57017976,-0.56900334,-0.6901754,-0.6952733,-0.636844,-0.6482161,-0.67017615,-0.6858618,-0.81644535,-0.936441,-0.87683535,-0.81526893,-1.1991767,-1.208588,-1.1070231,-1.2764288,-1.3462301,-1.6340628,-1.4509323,-1.7724892,-1.8564079,-2.1105163,-2.1807096,-2.0618904,-1.9826778,-1.8532705,-1.8909163,-2.208944,0.7682032,0.4788019,0.32312128,0.45448908,0.6670304,0.6835004,0.6709518,0.6984018,0.605464,0.4878212,0.45135194,0.68036324,0.67408895,0.6152676,0.18430276,-0.16705708,-0.40195054,-0.37175557,-0.57449335,-0.35959914,-0.38351983,-0.57331693,-0.55723906,-0.6191976,-0.66272545,-0.64625543,-0.6211583,-0.77683896,-0.68115616,-0.67409754,-0.8140925,-1.1572174,-1.2834873,-1.5293608,-1.0744753,-1.0336924,-1.0889845,-1.1725109,-1.1427081,-0.8372289,-0.82193536,-0.9329117,-1.0623189,-0.6772347,-0.6027276,-0.69880253,-0.719194,-0.944676,-0.8850703,-0.9701653,-0.9258532,-0.8191904,-0.7513497,-0.61135477,-0.36312842,-0.44900766,-0.45096838,-0.5525333,-0.60664904,-0.64233404,-0.3325413,-0.18235065,-0.40783268,-0.09490283,-0.11607853,-0.1360778,-0.1717628,-0.23725063,-0.015297868,0.28547555,-0.09960855,-0.13294066,-0.2827392,-0.30234632,0.038425677,0.07097352,0.037249252,0.33096412,0.28194627,0.13018706,0.28312272,0.09528637,0.07607138,-0.00039644595,-0.07921713,-0.17568423,-0.0882364,-0.015297868,0.13763778,-0.5607683,-0.01725858,0.19685131,0.21645845,0.24194773,0.13763778,0.081953526,0.35527697,-0.21685919,-0.063139275,-0.15646923,-0.19254635,-0.14744994,-0.042747855,0.053719245,0.03960211,0.032935683,0.15489206,0.075287096,0.118030645,0.2792013,0.30272985,0.4227255,0.4454698,0.54076046,0.7505568,0.8231032,0.87212104,0.71526396,0.98231316,1.0195667,1.1646595,1.0227039,0.98780316,1.1281903,1.2654401,1.2415193,1.1187787,1.0870153,1.1176023,1.0497617,1.0470167,0.83761245,0.60115045,0.48938978,0.49056622,0.50664407,0.48272333,0.4807626,0.31723914,0.6101697,0.65369755,0.59762114,0.5513483,0.5870333,0.7744775,0.64193326,0.76467395,0.7082054,0.5446819,0.53958404,0.55056405,0.79408467,0.72820467,0.6152676,0.60938543,0.5513483,0.56115186,0.60624826,0.41841194,0.38900122,0.4713512,0.31292555,0.2792013,0.3584141,0.33959126,0.31370986,0.30351412,0.30312198,0.36743337,0.5627204,0.42429408,0.44272476,0.37723696,0.2768484,0.49840906,0.47095904,0.33566985,0.24743773,0.18391062,0.07646352,-0.08470712,-0.21019278,-0.15725352,-0.123921394,-0.33018845,-0.3584227,-0.34156057,-0.2333292,-0.33959985,-0.35489342,-0.45096838,-0.38587272,-0.4521448,-0.5623369,-0.5607683,-0.6486083,-0.5650819,-0.647824,-0.61645263,-0.67880327,-0.5897869,0.2490063,0.6842847,0.87643456,0.7638896,0.88270885,0.8329068,0.86388606,0.7168325,0.6619325,0.61409116,0.4356662,0.57683754,0.52860403,0.5137026,0.5270355,0.6811475,0.7089897,0.74192965,0.7607525,0.7885946,0.95721596,1.0352525,1.0419189,1.2262259,1.2085794,1.0983874,1.2674009,1.3583779,1.3387709,1.3572015,1.3101444,1.1987759,1.3270066,1.2164223,1.2983801,0.9164331,0.65683466,0.55448544,0.34782627,0.35213983,0.34076768,0.35057124,0.2325363,0.24116345,0.18783204,0.17332277,0.117638506,0.4215491,0.43448982,0.26037842,0.22390917,0.308612,0.22469346,0.1717542,0.07881638,0.16665635,0.14626491,0.19881205,0.006662123,-0.11803925,-0.36861843,-0.411362,-0.35254055,-0.6929204,-0.5360633,-0.5082212,-0.6952733,-0.7497811,-0.9709496,-1.1250616,-0.7889954,-0.49841765,-0.79723036,-0.54233766,-0.30744416,-0.057649273,-0.04510071,0.15998991,0.49409547,0.3352777,0.25292772,0.18861634,-0.3086206,-0.44116482,-0.3297963,-0.2305842,-0.23489776,-0.40391126,-0.74350685,-0.93722534,-1.068201,-0.8642868,-0.9956546,-0.99173313,-1.5132829,-1.0662403,-0.94389176,-0.9733025,-0.8650711,-0.89056027,-0.9148732,-0.8752668,-0.9019325,-1.0442803,-0.83762103,-0.6219426,-0.8995796,-0.7313504,-0.65096116,-0.54861194,-0.5360633,-0.4866534,-0.6254719,-0.7717411,-0.645079,-0.8368368,-0.8172297,-0.94859743,-1.7022957,-1.5881822,-1.6207299,-1.3430929,-1.5015186,-0.9862432,-0.97840023,-1.0027131,-1.0666324,-1.3544651,-1.3462301,-1.3877972,-1.5513208,-1.5089693,-1.4815193,-1.6430821,-1.5803394,-1.5438701,-1.5772021,-1.7152364,-1.6717086,-1.7520977,-0.97565526,-0.81017107,-1.0062424,-0.98545885,-1.0964352,-1.2478023,-1.1583937,-1.2928987,-1.6058285,-1.5042636,-1.7160207,-1.8368006,-1.8477806,-1.7736655,-1.8211149,-1.6285728,-1.4532851,-1.5670065,-1.7238635,-1.6438664,-1.7124914,-1.6858256,-1.840722,-1.7317064,-1.8379769,-1.7591563,-1.609358,-1.5677907,-1.1866281,-1.1725109,-1.1842752,-1.3921108,-1.3258387,-1.2987809,-1.3603473,-1.6368078,-1.6462193,-1.6050442,-1.0787888,-1.1454531,-1.1713345,-1.4274037,-1.3627001,-1.3438773,-1.1540803,-1.1885887,-1.2968202,-0.9736946,-0.9682046,0.88388526,0.41841194,0.51919264,1.163091,1.1093674,1.4881772,1.4611194,1.6540534,1.5513122,1.3795536,1.3713187,1.2505387,1.1975994,1.3195559,1.3285751,1.045056,1.0238802,0.8019275,0.8783953,0.885846,0.8297696,0.79879034,0.58781755,0.6423254,0.2721427,0.3160627,0.3329248,0.28076985,0.57644546,0.5552697,0.5250747,0.7176168,0.7246754,0.8658467,0.7521254,0.50742835,0.57291615,0.60232687,0.613699,0.30312198,0.42978406,0.49252692,0.37684482,0.42978406,0.61958116,0.7211461,0.7497725,0.51801616,0.7168325,0.97996026,1.3430843,1.4081801,1.8748299,1.5552336,1.2230887,0.9532946,0.97290164,0.86741525,0.9332953,0.89917886,0.6497761,0.850161,0.36272767,-0.4803791,-0.6686076,-0.7360561,-0.89173675,-0.5309655,-0.61606044,-0.6827247,-0.6223347,-0.28391558,-0.3105813,-0.5541019,-0.658804,-0.7748782,-0.8556596,-0.89056027,-0.9258532,-1.0529073,-1.197608,-1.1881967,-1.3360344,-1.1850595,-1.1760402,-1.1721188,-1.0376137,-1.1674131,-0.8584046,-0.9125203,-0.719194,-0.76585895,-0.61802113,-0.22666277,-0.6074333,-0.5525333,-0.7580161,-0.6184133,-0.4219498,-0.33959985,-0.023532864,0.14273563,0.13371634,0.32116055,0.39017767,0.20077276,-0.041179284,-0.018435009,0.07881638,0.039994247,0.009407122,0.037249252,0.12352064,0.054111388,0.19489062,0.07450281,0.05528782,0.18704776,-0.08784427,-0.07215855,0.17685205,0.14038278,0.16508777,-0.2874449,-0.034120716,-0.12039211,0.34978697,1.6654258,1.1623065,1.2230887,1.0595652,1.4093565,1.2423037,0.68781394,1.1419152,0.9889796,0.9101589,0.93682456,0.77879107,0.8685917,1.0807409,1.185443,1.27093,1.2928901,0.97133315,0.9156489,0.9999595,0.3490027,0.34861055,0.56664187,0.47723335,-0.050982848,-0.026670007,-0.13568567,0.2058706,0.46978262,0.51919264,0.5925233,0.627424,0.36978626,0.12548135,0.18783204,0.0882278,0.0964628,0.21292917,0.22939916,0.4933112,0.40115768,0.4850762,0.49958548,0.613699,0.76781106,0.95407885,0.82624036,0.6972254,0.8725131,0.9580003,0.9423146,0.929766,0.71996963,1.1164259,0.7693796,0.75918394,0.59330755,0.50076187,0.5607597,0.42547053,0.5909547,1.3038701,1.4152386,1.2195594,1.7399327,1.7622849,1.6952285,1.7293448,1.8795357,1.7795392,1.9363964,1.696405,2.3261862,2.5481389,2.0450199,1.9512976,2.222268,2.1516826,2.0654113,2.1356049,1.8418899,1.8893391,1.6920913,1.5611157,1.7336586,1.701895,1.5693506,1.8179692,1.9160049,1.7877742,1.7689514,1.847772,1.919142,1.8505169,2.297952,2.5991173,2.5791183,2.603431,2.5744123,2.592843,2.5030425,2.3218725,2.5034344,2.438731,2.526571,2.433633,2.6787224,2.6351945,2.6955845,2.7144072,2.5810788,2.6293123,2018-04-17
ROLL_ROK,1.3520727,1.766382,1.7825465,0.2337364,-0.27557045,-0.48247635,-0.36186415,-0.2315532,-0.060457934,-0.2218545,-0.26313618,-0.36783257,-0.6670006,-0.65456635,-0.81820107,-0.63119,-0.790597,-0.81869847,-1.0452505,-1.0375413,-1.1086652,-1.3008987,-1.1536771,-1.2553892,-1.2407168,-1.5433664,-1.523223,-1.4874123,-1.2262932,-1.1626298,-1.2315155,-1.2200761,-1.25713,-1.1404969,-0.9778568,-0.8744039,-0.8560012,-0.7739352,-0.703806,-0.90573823,-0.89827764,-0.9751213,-0.9803437,-0.9395594,-0.9338396,-1.1084164,-1.0967282,-1.170339,-1.070119,-1.0830506,-0.5747385,-0.67396384,-0.55161077,-0.7117639,-1.074844,-0.8699276,-0.91643167,-1.0191386,-1.2044089,-1.22878,-1.3956476,-1.1233376,-1.4192727,-1.2158483,-1.8487517,-1.0745953,-1.1976944,-0.88360524,-0.7530457,-1.1539258,-1.4195215,-0.5466371,-0.36261016,-0.61502546,-0.90051585,-0.9388133,-0.861721,-0.9604489,-1.1673547,-1.1109034,-1.0081964,-0.90573823,-0.65357167,-0.5075935,-0.75155354,-1.0104346,-1.6177233,-1.6060351,-1.6786511,-1.4565754,-1.5734575,-1.7313724,-1.6522906,-1.8940123,-1.1912285,-1.0537058,-1.1114006,-1.4811952,-1.4933809,-1.4650307,-1.2613578,-1.4225055,-1.0962309,-1.1270679,-1.0042175,-0.8579907,-0.7070389,-0.54066867,-0.56056345,-0.58717275,-0.65506375,-0.80228525,-0.6249729,-0.58965963,-0.05946319,0.25761017,0.17280857,0.10715575,-0.0676698,-0.29447052,-0.1106923,-0.1522227,-0.034346007,-0.20046757,-0.12113707,0.026333127,0.15142168,0.11163208,0.27974313,0.4326844,0.5600111,0.36404732,0.49460694,0.48167533,0.49162272,0.8591791,1.2324553,1.1242772,1.6768553,1.6213986,1.5032732,1.178242,1.0382323,1.1200497,0.9109056,0.71146023,0.98004,1.0822496,1.3433688,1.2411593,0.9549228,1.2292223,1.0737942,1.1446695,1.3647556,1.1419339,1.1312404,1.3528188,0.82685006,0.7181747,0.731355,0.59010196,0.6522732,0.5896046,0.8748462,0.64779687,0.5030622,0.35932234,0.42472646,0.61372703,0.8392843,0.57169926,0.4789398,0.33246434,-0.10770808,0.09447281,0.37200525,0.7994947,0.540365,0.7708959,0.8574383,0.6527706,0.6301402,0.4438752,0.18549152,0.49634776,0.24592197,0.20464027,-0.101739645,-0.2725862,-0.35838252,-0.29521656,0.1327703,-0.21290183,-0.33898512,-0.056230288,-0.19176361,-0.4536289,-0.006741977,-0.17584777,0.0004698877,0.3329617,0.10019257,-0.24896117,-0.3683299,-0.3757905,-0.28029546,-0.7910944,-0.54017127,-0.2892481,-0.35340884,-0.21588604,-0.24796641,-0.44890386,-0.508837,-0.2066847,-0.016192004,0.043741073,0.490628,0.48838982,0.341417,0.6388442,0.5212162,0.54608476,0.459045,0.42870542,0.40532905,0.48590297,0.50331086,0.3580789,0.6773904,0.65177584,1.041714,0.5950756,0.59855723,0.72464055,0.66495615,0.7149418,0.62839943,0.44288048,0.72240233,0.70947075,0.5015701,0.622431,0.45481735,0.42497516,0.43641466,0.52395177,0.753488,0.80223024,1.0907049,0.7917855,0.7288682,0.76741433,0.6875865,0.6520245,0.75771564,0.61994416,0.70822734,0.4901306,0.6793799,0.6154678,0.6045257,0.3578302,0.28247866,0.25885358,0.33967623,0.110139966,0.5249465,0.66644824,0.64605606,0.54931766,0.68485093,0.39737114,0.42895412,0.4555634,0.5227083,0.6980312,0.5682177,0.2852142,0.19046521,0.22030741,0.29093394,0.24244039,0.20339684,0.063387185,0.12406633,0.09621361,0.1178492,-0.17211749,-0.076125085,-0.27755994,-0.5245041,-0.4240354,0.2705418,0.3948843,0.14172296,0.15614669,0.12257422,0.025835758,0.23000613,0.17305726,0.092980705,0.09123991,0.25263646,0.3513644,0.4142817,0.3710105,0.5485716,0.3846882,0.37498948,0.41552514,0.23522851,0.15714143,0.06388456,0.3543486,0.9464675,0.9837703,1.0673283,1.1061233,1.1844591,0.8367975,1.523914,1.1277589,0.8930003,0.6821154,0.5662282,0.5963191,0.67913115,0.767663,0.58662033,0.559265,0.5338992,0.622431,0.66769165,0.97606105,1.0829955,1.1767498,0.9837703,0.9755637,1.3254634,1.4709442,1.3664964,1.4508007,1.2339474,1.4542823,1.3088015,1.1983854,1.0143585,0.5612545,0.3946356,0.43939888,0.6157165,0.55777293,0.47446346,0.440891,0.5376294,0.76741433,0.8101881,0.7007668,0.5881125,0.4836648,-0.20718208,-0.048023682,0.34067094,0.22577848,0.40508035,0.16236381,0.46650556,0.34216306,0.27775365,-0.023652554,-0.6078136,-0.60358596,-0.44940126,-0.5906544,-0.862467,-1.6498036,-0.993524,-1.0594256,-1.4578189,-1.2954276,-1.2225629,-1.0624098,-1.377245,-1.6100141,-0.99974114,-0.9718884,-1.8676518,-1.9691153,-1.7296315,-1.1882443,-0.37355232,-0.5536003,-0.70281124,-0.9452792,-0.8659486,-0.8542604,-0.4680526,-0.08259089,0.459045,0.22727059,0.16211513,-0.07040533,-0.10472386,-0.7823904,-0.9537344,-0.5608122,-0.6418835,-0.81844974,0.4786911,0.4190067,0.97059,1.0305231,0.87683576,1.4107623,1.6922737,1.5400785,1.7198778,1.9213126,1.6577065,1.6345788,1.6733737,1.6440289,1.7427568,1.7852819,1.2963673,1.3883808,1.1906762,0.8596765,0.4421344,0.653268,0.51226354,0.11635709,0.21632846,0.1675862,0.6798772,0.992723,0.27576417,-0.085326426,0.2638273,-0.78711545,-1.1084164,-0.6045807,-0.6180097,-0.4546236,-0.27930072,-0.58195037,-0.3956853,-0.6100518,-0.8306353,-0.63392556,-0.20394917,-0.07413561,-0.17435564,-0.48546058,-0.5354463,-0.76970756,-0.87216574,-0.78064966,-1.0745953,-1.0089425,-0.658794,-0.48720136,-0.9127014,-1.1713338,-1.3197987,-1.3051263,-1.4359347,-1.658259,-1.8882926,-2.0302916,-2.003931,-2.069584,-2.085251,-2.2943952,-2.1844764,-1.8935149,-1.8383069,-1.9885126,-2.0153706,-1.6052891,-1.5488377,-1.5386415,-1.589622,-1.1785456,-0.93359095,-0.71922445,-0.8532657,-1.0268478,-1.6572642,-1.445136,-1.3004013,-1.280009,-1.0328162,-0.74459034,-0.8823618,-1.0226202,-0.9191672,-0.9681581,-1.0912572,-0.8942987,-0.90648425,-0.92041063,-0.45636442,-0.20767944,-0.18803333,0.0004698877,0.10715575,0.12680186,0.37747633,0.44138837,0.3710105,0.38767242,0.05841349,-0.08656985,-0.35042462,-0.38126156,-0.28402573,-0.20245706,-0.21290183,-0.5016251,-0.43423146,-0.33401144,-0.32481006,-0.7799036,-0.8007932,-0.8545091,-0.2810415,0.3657881,0.34564465,-0.054240808,0.49286616,0.69653916,0.4672516,0.48838982,0.34042224,0.07383195,-0.33525485,-0.16092667,-0.2862639,-0.13083579,-0.047277626,-0.66525984,-0.7886076,-0.7930839,-0.5533516,-0.8052695,-0.4653171,-0.6279571,-0.7005731,-0.5595687,-0.7408601,-0.89056844,-0.97387785,-1.183768,-0.88584346,-1.0897651,-0.8196932,-0.9214054,-0.59488195,-0.5056041,-0.52102256,-0.5797122,-0.6873928,-0.6145281,-0.051007904,-0.7072876,-1.0422662,-0.8915632,-0.8077563,-0.44268674,-0.930358,-1.0231175,-0.7107692,-1.0146623,-0.093284346,0.13998216,0.017380467,-0.09626857,0.30983403,-0.28253362,-0.0045038117,0.21483634,0.3267446,0.62267965,0.6236744,1.0049084,0.776367,1.035248,1.0374862,1.1377063,0.9526847,0.9499491,1.1250234,0.9099108,1.0611113,0.63088626,0.7005181,0.18648626,0.7778591,1.0668311,0.82685006,0.97158474,0.89101076,1.1474049,0.9439807,1.2441434,1.2155447,1.4542823,1.600509,2.3731732,2.3219442,2.3308969,1.9153442,2.073259,1.7862767,1.7437516,1.7661333,1.7385292,1.9469272,1.6390553,1.4443349,1.410265,1.6318433,1.2182803,1.6129433,1.3528188,1.0377349,1.1033877,1.0014269,1.3993229,1.6524842,1.2344447,0.3332104,-1.7060065,-0.7458338,-0.5836911,-1.4269819,-1.572214,-2.6477766,-0.8557525,-0.3658431,-0.7861208,-0.6640164,-0.64611113,-0.6145281,-0.5747385,-0.5011278,0.14719403,1.2312119,0.57493216,0.2901879,0.092980705,-0.48769873,2.2597728,1.8188545,1.8158703,1.6166736,1.2349421,0.7738801,0.12207685,-0.5347003,-1.0509702,-1.1581535,-0.93732125,-1.2839881,-0.8139735,-0.86445653,-1.4160397,-0.5635477,-0.21140972,-0.21215577,-0.3360009,-0.3673352,-0.33401144,-0.47402105,-0.6615296,-1.63538,-1.0564413,-1.2635958,-1.738833,-2.322248,-1.4973598,-1.2553892,-1.3091053,-1.3406882,-1.6871064,-1.9377809,-0.8470485,-1.2290287,-1.6619892,-1.0813098,0.24442986,-0.6744612,-0.67844015,-0.6883875,-0.7269337,-0.90175927,-1.0295833,-1.4438926,-0.65456635,-0.7983063,-0.097263314,-0.27457568,-0.45014727,-0.48894215,-0.8336196,-0.012213046,0.3834448,0.1989205,0.74577874,0.7027562,0.67142195,0.5816467,0.2091166,0.48664904,0.6925602,0.4306949,0.21806924,0.4356686,1.0277874,0.9686005,0.9745689,0.75647223,1.2774673,1.3806715,1.5139666,1.0834929,1.6141868,1.9854734,2.08445,2.1891465,1.5885721,1.6057314,1.8133833,1.7668793,2.4970186,1.9461812,1.9775155,2.1100645,2.21874,2.5504856,2.2799165,2.3299022,2.44753,2.2490795,2.558941,3.04512,3.2119877,2018-04-17
WIRE_ROK,2.1812942,2.4702463,2.4010646,1.6570128,1.6606246,1.6625695,1.5694937,1.3955666,1.7634249,1.6231164,1.5019788,1.4386315,1.4505787,1.4650261,1.3133265,1.396678,1.3733394,1.5625476,1.5103139,1.4444661,1.2144158,1.4066802,1.3005458,1.1335647,1.1532913,1.2063586,1.3869536,1.2747067,1.4208498,1.3352757,1.2722063,1.479196,1.4400208,1.2619262,1.153847,1.150235,1.2944334,1.351668,1.2883209,1.351668,1.3488897,1.2013574,1.2608149,1.3911211,1.2608149,1.2435888,1.2738733,1.0871658,1.1794081,1.2033023,1.0816089,1.2791523,1.0846652,0.9760303,0.9846433,0.78070974,0.8999025,0.85600406,0.7287539,0.83183205,1.0343764,0.7145842,-0.78435504,-0.92327434,-1.3286409,-1.257792,-1.2430665,-1.2325087,-1.2961338,-1.4600586,-1.4611698,-1.5987,-1.5598025,-1.4219947,-1.509236,-1.5964773,-1.4269958,-1.4339416,-1.3861535,-1.3183608,-1.4275514,-1.5400761,-1.4483893,-1.60898,-1.8898748,-1.9107127,-1.9340512,-1.8181925,-1.6039789,-1.7809621,-1.7265058,-1.5703604,-1.5081246,-1.3011348,-1.1836092,-1.1941669,-1.349201,-1.4792293,-1.3564247,-1.0677505,-1.0446898,-1.3914324,-1.4486672,-1.4942327,-1.6720494,-1.5134035,-1.3964335,-1.4589472,-1.29919,-1.2075033,-1.163049,-0.85214764,-0.31591916,-0.44233575,-0.10003858,0.20308332,0.11445282,-0.09781587,-0.27674395,-0.19894913,0.16140753,0.028878529,0.21808662,0.16251889,-0.015019973,0.077222444,1.4539126,1.2883209,1.0310423,1.4455775,1.3369426,1.3199944,1.4102921,1.3297188,1.4769733,1.6103358,1.797599,1.7006333,1.9048448,1.894009,1.6745166,1.7742606,1.8587235,1.6806289,1.7206377,1.6489553,1.6347855,1.6108915,1.6953545,1.7695373,1.6689597,1.6322851,1.6108915,1.6067239,1.4041796,1.381119,1.0271527,0.8787868,0.6681851,0.6026152,0.45813918,0.19196977,0.46758565,0.6687408,0.44007966,0.37506542,0.3909022,0.4189639,0.39701468,0.6484586,0.3483929,0.32477665,0.20697306,-0.050861154,-0.2289557,-0.17977828,-0.0077961683,-0.28841317,-0.38121125,-0.3225873,-0.4317779,-0.4678969,-0.35537228,-0.31980893,-0.33397868,-0.25812876,-0.3362014,-0.15282792,-0.3362014,-0.1030948,-0.10003858,-0.17033175,0.2194758,0.09972737,-0.14032519,-0.2253438,-0.23173408,-0.51874137,-0.47706556,-0.37843287,-0.6332109,-0.69711375,-0.52457595,-0.6601612,-0.6926683,-1.0621936,-0.5406906,-0.94439006,-0.7646285,-0.5701415,-0.50734997,-0.5712528,-0.38121125,-0.16810904,0.008596309,0.20919578,-0.0094632,0.08944734,-0.068364985,0.025822304,-0.2556282,0.116119854,-0.16810904,-0.46678552,-0.5562496,-0.31980893,-0.10670671,0.24170288,0.22503257,-0.08031204,-0.006406975,-0.10865158,0.21558607,0.118342556,0.0661089,0.10834037,-0.2772996,-0.18033394,-0.048360605,-0.17033175,-0.034468673,-0.30897322,-0.06753147,0.3339453,0.40034872,0.28254515,0.27615488,0.48258895,0.18724653,0.3389464,0.6376229,0.19891575,0.4942582,0.16279674,0.20836225,-0.10531752,0.16057402,0.00081682845,-0.2058951,-0.15477279,0.0094298255,-0.3914913,-0.17477718,-0.35342738,-0.33064464,-0.41649675,-0.43872383,-0.6887786,-0.6001481,-0.71600676,-0.33897978,-0.37621015,-0.121987835,-0.077533655,-0.28091154,-0.1333792,-0.012519425,0.12000959,0.07638893,-0.044470865,0.07555542,0.041936938,0.2389245,0.01443092,-0.1814453,-0.2145081,-0.33703494,-0.40232697,-0.30730617,-0.22312108,-0.20228319,-0.19311452,-0.26035145,-0.06697579,-0.481511,-0.5067943,-0.62570924,-0.53735656,-0.4356676,-0.3045278,-0.464285,-0.4506709,-0.4014935,0.040825587,0.08611328,0.20224981,0.3475594,0.43424502,0.48675653,0.7479248,0.7865444,0.7779314,0.8490581,0.8190515,0.8168288,0.8401672,1.1999681,-0.13532408,-0.35203817,-0.48790127,-0.61542916,-0.533189,-0.48484504,-0.4904018,-0.55486035,-0.56903017,-0.5801437,-0.3887129,-0.41455188,-0.25507253,-0.41093996,-0.519297,-0.34231386,-0.30758402,-0.006406975,0.10361711,-0.034468673,0.039714232,0.06416403,-0.04780493,-0.071421206,-0.10170561,-0.09864938,-0.062252536,-0.048360605,-0.046415735,-0.11393051,-0.5395793,-0.78602207,-1.0402443,-1.3166938,-0.8301984,-0.9638388,-1.027186,-1.1222068,-1.0305201,-0.8518698,-0.89660186,-1.0346876,-0.9329987,-0.9193846,-0.87493044,-0.85270333,-0.69628024,-0.66377306,-0.6379341,-0.5215197,-0.8807651,-0.8390893,-1.0552477,-1.0491352,-1.2422332,-1.189166,-0.94077814,-0.99745727,-0.9638388,-1.2022244,-1.3550355,-1.0519136,-1.2780743,-1.3867092,-1.4450552,-1.4922878,-1.48173,-1.4836749,-1.4622812,-1.3369759,-1.3397545,-1.2330644,-1.064972,-0.5323554,0.011374695,0.25420564,0.25059372,0.013597404,-0.008074006,-0.0014058802,0.037769362,0.07361054,0.33755723,0.3044944,0.6273428,0.48647872,0.44424722,0.32283175,0.18030055,0.068887286,0.3909022,0.39868167,0.5887233,0.9082377,0.8701738,1.1655163,0.87350786,0.60456014,0.80515957,0.985199,0.94907993,0.8407229,0.91018254,0.72958744,0.7287539,0.8529478,0.6881895,0.7401453,0.5356561,0.7962687,1.0404888,0.70374846,0.4831446,0.13140097,0.31282958,0.32422096,0.2158639,0.27143162,-0.021688098,-0.046415735,-0.22812217,-0.1080959,-0.10392833,0.033879623,-0.058640633,-0.069476336,0.059718613,-0.27813315,-0.21978703,-0.19811562,-0.30563915,-0.0728104,-0.27257636,-0.2953591,-0.58597827,-0.36870852,-0.39204696,-0.23312327,-0.017520519,0.00081682845,0.0344353,1.1641271,1.5672708,1.6011672,1.0846652,1.2044137,1.3808411,1.0974457,1.3463892,1.0980015,1.1549584,1.0129828,0.80515957,0.6845776,0.6053936,0.6165072,0.5698303,0.5403794,0.6656846,0.72208583,1.0263191,0.82182986,0.31616363,0.2728208,0.3881238,0.23809098,0.37395406,0.3936806,0.36117348,0.3995152,0.527321,0.18252327,0.0074849552,-0.04363735,-0.011963748,0.18919139,0.2850457,0.33866856,0.029434204,-0.14560412,-0.28591263,-0.25229415,-0.32092026,-0.31453,-0.36204037,0.14612642,0.18835787,0.4028493,0.3289442,-0.020298904,0.050549936,0.124177165,0.14445937,0.0074849552,-0.07086553,-0.1706096,-0.39899293,-0.30508348,-0.3464814,-0.60931677,-0.64682496,-0.64293516,-0.73712254,-1.0005136,-0.94355655,-0.84214544,-0.80491513,-0.9935675,-1.0224627,-0.95355874,-1.0124606,-0.87882024,-0.5726421,-0.4370568,-0.6793321,-0.6912791,-0.5626399,-0.67683154,-0.3475928,-0.45539418,-0.45956174,-0.50373805,-0.4656742,-0.5504149,-0.54958147,-0.74823606,-0.84297895,-0.78768915,-0.5831999,-0.4854007,-0.44539198,-0.33203384,-0.5793102,-0.61681837,-0.47984394,-0.5937578,-0.5701415,-0.6120951,-0.8293649,-0.87798667,-0.8510363,-0.8768753,-0.849925,-0.7451798,-0.5787545,-0.641546,-0.66599584,-0.56486255,-0.52679867,-0.34731495,-0.3225873,-0.28591263,-0.1439371,-0.19061397,-0.18255666,-0.9555036,-1.393933,-1.2366763,-1.4039351,-1.4242173,-1.2891878,-1.5564686,-1.6462104,-1.7942984,-1.8273612,-1.7687373,-1.8131914,-1.8590348,-1.9662805,-1.6976106,-1.658991,-1.3742064,-1.1341538,-1.2022244,-1.0660833,-0.9899556,-0.65293735,-0.63543355,-0.90577054,-0.9935675,-1.0991462,-1.078864,-1.0246854,-0.97856426,-0.9632831,-0.91605055,-0.58347774,-0.3714869,-0.39704806,-0.9766194,-1.0096822,-1.0588596,-0.8713185,-1.0252411,-0.69294614,-0.6212638,-0.617374,-0.3803777,-0.45317146,-0.5201305,-0.464285,-0.44344708,-0.5040159,-0.4442806,-0.5762539,-0.58792317,-0.56569606,-0.40316048,-0.53735656,-0.47901043,-0.48762342,-0.6273762,-0.80769354,-0.6890564,-1.0202401,-0.9279976,-0.99579024,-1.1013689,-1.2850202,-1.035799,-0.85548174,-1.0902554,-1.0794196,-1.5189604,-1.2500125,-0.82519734,-1.1002575,-0.9891221,-0.99801296,-1.161382,-1.4261622,-1.326696,-1.2527909,-1.075252,-0.9371663,-1.0085708,-0.89576834,-0.88298774,-0.5340225,-0.6493255,-0.5706971,-0.4592839,-0.46400714,-0.038636252,-0.1656085,-0.4334449,-0.3303668,-0.41649675,-0.26035145,-0.41344053,-0.17255446,-0.11587538,-0.4117735,-0.32981113,-0.31064025,-0.11976512,-0.10476184,-0.113097,-0.082534745,-0.19505939,-0.03141245,-0.3253657,-0.34481442,-0.38315612,-0.31453,-0.3117516,-0.3045278,0.013041726,0.04943858,0.1769665,0.23503476,0.27309865,0.5453805,0.62817633,0.31060687,0.31949767,0.16474159,0.19030274,0.17613298,0.21780877,0.31755283,0.46036184,0.2353126,-0.22589949,-0.085868806,-0.120876476,-0.28702396,-0.22951137,-0.1886691,-0.19394805,-0.11837593,-0.23256761,0.055551033,-0.077811494,1.3141599,1.2121931,1.4950328,1.4366868,1.3197167,1.353335,1.2908214,1.4422435,1.4675268,1.7295285,1.7086908,1.7731493,2.102388,2.3363283,2.3527207,2.2857616,2.3566103,2.735582,2.7203012,2.739472,2.8811696,2.59833,2.3552213,2.4216244,2.12656,2.4613554,2.7672558,2.6591766,2.708354,2.577492,2.6397278,2.4702463,2.458855,2.5030313,2.6066651,2.4919176,2.6683452,2.808098,2.694462,2018-04-17
URI_RUSHB,0.9776567,0.7583096,0.88704914,0.9279504,1.0981592,0.81859636,0.89258784,0.7653395,0.7803225,0.85118955,0.84330755,1.11229,1.2807236,1.3125356,1.362597,1.4520686,1.3799943,1.4140077,1.5184622,1.4847327,1.5011358,1.2783803,0.5919353,0.25449994,0.07626708,0.19144386,0.077758275,0.30001676,0.2728203,0.1731945,0.11106154,0.055674434,0.3369415,0.558774,0.7037036,0.4931616,0.83492845,0.84330755,0.7341665,0.7158462,0.7678248,0.6503758,0.53889143,0.66216326,0.45169225,0.4537515,0.21814328,0.21239153,0.15586828,0.3679015,0.31514174,0.40887374,0.26479626,0.3296276,0.32252666,0.23767078,0.32991162,0.42598695,0.2589025,0.25748232,-0.02712219,-0.51744014,-0.6113851,-0.5884492,-0.5376067,-0.6616596,-0.7024188,-0.79508567,-0.8168145,-0.7180408,-0.9570575,-0.9061439,-0.97104627,-0.86069816,-0.98063254,-0.81716955,-0.8607691,-0.87561005,-0.93263036,-0.8586389,-0.8550884,-0.85615355,-0.88271093,-0.82306325,-0.8502598,-0.6848796,-0.39040482,-0.43691579,-0.4751897,-0.65462965,-0.5236889,-0.5110493,-0.5813483,-0.5662234,-0.453887,-0.5042324,-0.44586292,-0.55436486,-0.81369007,-0.62722015,-0.9422166,-1.0593816,-1.0502925,-1.0110244,-1.2067256,-1.3374532,-1.3295003,-1.5361369,-1.5034727,-1.3211212,-1.3277252,-1.5033306,-1.3814081,-1.2377566,-1.1210885,-0.9468321,-0.99696463,-1.1140586,-0.9878754,-0.97026515,-1.0861521,-1.1969264,-1.2369754,-1.1829376,-0.89655775,-0.25037485,-0.1838393,-0.1916503,-0.17482114,-0.13612118,-0.10430909,-0.103314966,-0.21060975,-0.2111068,-0.2236044,-0.20940258,-0.06134858,0.0010684277,0.054112237,0.03962638,-0.12163532,0.053331133,-0.011358167,0.08230285,0.08954579,0.029543081,-0.018956142,0.054112237,0.1567204,0.12774868,0.08493019,0.18384588,0.19037871,0.100623205,0.22006051,0.1738336,-0.025133936,-0.10920872,0.09295422,0.12824574,0.059792966,-0.220409,-0.19640791,-0.066745274,-0.23219651,-0.13335182,0.0035537467,0.121002816,0.20138513,0.20649777,0.03032418,-0.013204404,-0.033726037,-0.06028344,-0.09940946,-0.11659367,-0.24639833,-0.1432221,-0.14904484,-0.17617032,-0.13683127,-0.321668,-0.4058138,-0.45686933,-0.30050728,-0.43350735,-0.38202575,-0.25520346,-0.383943,-0.34879348,-0.28623447,-1.031404,-0.9823367,-0.9751648,-1.0684708,-0.8539523,-0.9858162,-1.0282086,-1.0746486,-1.1505573,-0.37641603,-0.2804827,-0.1846204,-0.33402357,-0.43954313,-0.34446192,-0.34084046,-0.18767379,-0.24476512,-0.37456977,-0.20578112,-0.20585212,-0.33182228,-0.3551843,-0.33672193,-0.15614574,-0.12752907,0.002701637,-0.12383659,-0.099196434,-0.04295722,-0.02399779,0.15530021,0.16346626,0.3959501,0.45623684,0.27395645,0.26884377,0.31428963,0.3429773,0.27928212,0.23646362,0.26990893,0.25712729,0.16886295,0.2744535,0.26238194,0.2128886,0.26642948,0.30818284,0.3767066,0.34915507,0.3179821,0.3359474,0.19989394,0.22978878,0.3221006,0.2362506,0.1894556,0.5627505,0.56062025,0.4054653,0.4700126,0.33289403,0.16446039,0.23113795,0.23191905,0.19882879,0.21260457,0.14947747,0.032596473,0.15224682,-0.13115054,-0.06532509,-0.074485265,-0.18575655,-0.17340095,-0.08584672,-0.011429176,-0.052898496,0.009376493,-0.025062924,-0.18092793,-0.110344864,-0.09003626,-0.12987237,-0.047998868,-0.038696673,0.14010428,0.2027343,0.15295692,0.31436062,0.25002635,0.3587413,0.24889024,-0.010861103,-0.06610619,-0.011003122,-0.26180732,-0.14783768,-0.21842074,-0.1440742,-0.17794555,-0.007452666,-0.1371153,-0.24519119,-0.28687352,-0.21600644,-0.15153016,-0.27153555,-0.3054069,-0.37499586,-0.368463,-0.38919765,-0.5927097,-0.54832906,-0.51481277,-0.6229596,-0.37336263,-0.5897274,-0.649375,-0.6037872,-0.08769296,0.05219499,0.10225642,0.08585331,0.15530021,0.04672729,0.067888,-0.0677394,-0.14542338,-0.14592044,-0.0934447,-0.13058247,-0.23304862,-0.2071303,-0.25179502,-0.39473638,-0.25293118,-0.16693914,-0.2212611,-0.22729687,-0.021512471,-0.016967887,-0.13626319,-0.0032631282,-0.0981313,-0.072070956,0.014986213,0.121996954,0.12952392,0.10161733,-0.013275414,0.118304476,0.0061100745,0.12867181,0.18817744,0.16659066,0.05787572,-0.0046123015,0.08556928,0.058940854,-0.18426536,-0.045868594,-0.34027237,-0.4495554,-0.48953354,-0.3700962,-0.3590898,-0.47320142,-0.43663177,-0.24753448,-0.27771336,-0.30874434,-0.27579612,-0.2539253,0.049141597,-0.03337099,-0.17510518,-0.03976181,0.00021631834,-0.014979632,-0.11986008,-0.0104350485,-0.011855231,-0.2765772,0.046159215,0.033093534,-0.14805071,-0.14961292,-0.087763965,-0.83009315,-0.89258116,-0.7653329,-0.7859255,-0.92744666,-0.8883207,-0.95158976,-0.67522234,-0.69645405,0.038987298,0.05531939,0.07633809,0.27431148,0.1521048,-0.016257796,0.016477404,-0.08272232,0.12391419,-0.15273732,0.01441814,0.14386775,0.18136054,0.21409576,0.45176324,0.6111077,0.58021873,0.45495868,0.58703566,0.7255034,0.59662193,0.5795087,0.39012733,0.4379875,0.46561003,0.5765973,0.5582059,0.26138783,0.106587976,-0.0014168912,0.19939688,0.11837549,-0.023358706,-0.050413176,0.030111155,-0.09095938,0.26529333,0.08066965,0.38309744,0.22872363,0.008382366,-0.07128985,-0.083148375,-0.3676819,-0.35639146,-0.23560496,0.0044058557,-0.036069337,0.14947747,0.18917157,0.41270822,0.28851333,1.2306621,1.4073329,1.5349362,1.4284936,1.6685044,1.4779868,1.4640691,1.3478273,1.401013,1.4418433,1.2569356,1.3097663,1.3358266,1.5197403,1.572358,1.5243558,1.0993664,0.9936338,1.019126,0.5190089,0.71655625,0.91346455,1.2081523,1.3996639,1.2985469,1.3568454,1.1080295,1.1543274,0.9474069,0.9780118,1.159085,1.1480786,1.2289579,1.2508997,1.1042659,1.0937567,1.2790194,1.2079393,1.3589046,1.306997,1.3809174,1.2923691,1.3417205,1.3701241,1.3204887,1.2084363,1.2215729,1.2879666,1.0996504,1.088218,1.0047822,1.198282,1.1171896,0.90103793,0.94904006,0.85914254,0.6155103,0.60720223,0.07065736,-0.17624134,-0.30966747,-0.51928633,-0.59945565,-0.8749709,-0.79856515,-0.8165304,-0.8100686,-0.9211269,-0.7291893,-0.7443852,-0.48058638,-0.45005244,-0.29120508,-0.38919765,-0.32599956,-0.34865144,-0.6189831,-0.6112431,-0.5159489,-0.42654845,-0.48662215,-0.5366126,-0.5423643,-0.4340044,-0.3630663,-0.32514745,-0.42413414,-0.5687797,-0.6613756,-0.8234183,-0.6284983,-0.8990431,-0.83726513,-0.6008758,-0.5204935,-0.664855,-0.92687863,-1.0538429,-1.0113795,-1.1031942,-1.3481048,-1.2447865,-1.0594527,-1.0818915,-1.536776,-1.4106637,-1.218229,-1.132308,-1.0514996,-1.3567679,-1.0571094,-1.2183712,-1.2290934,-0.9718274,-1.0483752,-1.0203977,-1.0320431,-0.7527643,-0.6160007,-0.6130893,-0.7093067,-0.31193975,-0.44991043,-0.6689735,-0.5123985,-0.60073376,-1.0027164,-1.2760304,-1.7379448,-1.6549351,-1.4892708,-1.4482986,-1.3310626,-1.2173059,-1.1271243,-1.1577294,-1.2244779,-1.2509643,-1.6944162,-1.4600152,-1.3160087,-1.0565412,-1.0412033,-1.4282031,-1.1662503,-1.4823829,-1.4261438,-1.4634235,-1.27248,-1.1923817,-0.8822139,-1.2325729,-0.9968936,-0.9101205,-0.7714397,-0.5679276,-0.44522384,-0.60882884,-0.47810104,-0.41035837,-0.4891075,-0.60279304,-0.5373937,-0.6626537,-0.7726468,-0.9537911,-0.9603239,-1.1087329,-0.9900767,-1.3020908,-1.2191522,-1.1146266,-1.2897352,-0.9241093,-1.0757847,-1.0507185,-0.9366779,-0.7610724,-0.9732476,-0.9963965,-0.79856515,-0.73451495,-0.7718657,-0.7879848,-0.7640547,-1.0576063,-1.2279572,-1.4477305,-1.3686264,-1.8006458,-2.8527167,-1.8374996,-1.9254088,-1.9713516,-1.716074,-1.8671813,-1.700452,-1.5630492,-1.4696723,-1.3353231,-1.6235491,-1.2876049,-1.4166286,-1.5145501,-1.412581,-1.1129935,-1.0483042,-0.9939112,-1.1126385,-1.0177703,-1.0006571,-0.77037454,-0.7023478,-0.5727562,-0.2693343,-0.48058638,-0.7529773,-0.99632555,-0.5623179,-0.24206677,-0.05225941,-0.06915958,-0.08123113,0.0049029193,0.08755753,-0.30590397,-0.09337369,0.025353543,0.10765311,0.11212668,0.21707813,0.13456556,-0.12014413,-0.02548898,0.02322327,0.3412731,0.5055171,0.07534396,0.15182076,-0.2500198,-0.18497545,-0.4211518,-0.32131296,-0.016399814,0.01761355,-0.30022326,0.3367285,0.23916197,0.37194902,0.37464735,0.2542159,-0.37194243,-0.20521306,-0.0420341,-0.08137315,-0.013275414,-0.13356484,0.13030502,0.42691007,0.83876294,1.1017097,0.8147619,0.535483,0.5594131,0.5702775,0.23426235,1.682067,1.8371509,2.6652594,2.6529038,3.0630524,2.4320652,3.1190073,2.6504893,2.476304,2.5901318,2.5129447,3.0000672,3.1751757,3.0953615,3.3045542,3.6669848,3.3747113,3.5547905,3.1880283,2.8612442,2.968255,3.1045218,3.0335126,3.054531,3.0096533,2.7981882,2.9153533,3.067242,2.2387075,2.1591773,2.243252,2.4325624,2.7751105,2.7202911,3.0231452,2.967332,3.083929,3.0076652,3.3199635,2.989203,2.8153725,3.0034757,2018-04-17
TDG_SWK,-0.2657931,-0.33552876,-0.60361844,-0.57367676,-0.2399309,-0.27095017,-0.5979996,-0.40880504,-0.33398935,-0.43343574,-0.41303846,-0.35038415,-0.30674163,-0.07313492,-0.1703492,-0.14471787,-0.059434105,-0.10022869,-0.076290734,-0.15349256,-0.058510453,-0.032263376,-0.10892639,-0.11085068,-0.0660536,-0.22515248,-0.21637781,-0.2658701,-0.25147653,-0.32544556,-0.31089807,-0.49462762,-0.45421788,-0.53503734,-0.50963694,-0.46945813,-0.36585528,-0.37778577,-0.27264354,-0.3120526,-0.3883308,-0.4268932,-0.31590116,-0.33991608,-0.43066478,-0.49508944,-0.5378083,-0.54211867,-0.53819317,-0.5461211,-0.71768934,-0.6082367,-0.691981,-0.676202,-0.3036628,-0.44636685,-0.30558708,-0.17181166,-0.18335727,-0.37493783,-0.53111184,-0.53311306,-0.48877782,-0.89118177,-1.0214165,-0.97561884,-0.7116856,-0.4231986,-0.086989686,-0.16465335,0.3097184,0.2900908,0.14846432,0.14892614,0.27354205,0.116136536,0.40393078,0.55540955,0.5984363,0.48421142,0.42317352,0.037472267,0.060024746,0.11621351,0.26538312,0.34851173,0.55864227,0.65408623,0.1458473,0.01368826,0.30571586,0.27931485,0.23975182,0.3297308,0.21873875,0.18725766,0.1881813,0.25060472,0.094738625,0.09635501,0.29978913,0.265768,0.21766117,0.20180514,0.15446804,0.098433234,0.043937825,-0.092685536,-0.3142078,-0.49532035,-0.2758763,-0.23816057,-0.3846362,-0.7146874,-0.62186056,-0.51710314,-0.4612992,-0.37555364,-0.38948536,-0.6660418,-0.5031714,-0.41388512,-0.36439285,-0.446059,-0.3753227,-0.9001873,-1.0326543,-1.0686766,-1.0610565,-1.1355644,-0.77441686,-0.8971085,-0.58999455,-0.7350848,-0.5422726,-0.5636705,-0.6615005,-0.7698756,-0.77918905,-1.0528976,-0.25401658,-0.18289545,-0.2112977,-0.15457015,-0.2656392,-0.093609184,-0.10884943,-0.139099,-0.108310625,-0.15634048,-0.17681475,-0.33552876,-0.21891785,-0.3036628,-0.31928787,-0.27479872,-0.33422023,-0.5161025,-0.5407332,-0.5576668,-0.8370712,-1.303361,-1.213459,-1.1770517,-1.1010814,-0.811055,-0.45829734,-0.55743587,-0.6023869,-0.63432986,-0.72823435,-0.6329443,-0.5971528,-0.51733404,-0.26256034,-0.19397926,0.08319299,0.1876425,0.035624966,0.4578104,0.3512827,0.03146854,0.20026574,-0.0829872,0.06864549,0.073417686,0.078651704,0.34150735,0.22050908,0.2887823,0.04563119,0.33796668,0.4184013,0.65816563,0.3099493,0.23790452,0.40616292,0.3314242,0.1984954,-1.4029614,-1.1382583,-1.189521,-1.0569001,-0.5824514,-0.46368533,-0.34060884,-0.36670196,-0.43189633,-0.2764151,-0.12924671,-0.1978278,-0.13109401,-0.24708919,-0.3478441,-0.23546658,-0.22361305,-0.14818156,-0.22800039,-0.4091899,-0.34330282,-0.37401423,-0.36770257,-0.4759237,-0.47115147,-0.41673306,-0.2018303,-0.30704954,-0.53788525,-0.52603173,-0.65588164,-0.7816521,-0.80543613,-0.7671046,-0.8494635,-0.90288126,-0.97330976,-0.93744123,-0.90272737,-0.77687997,-0.6374087,-0.7416273,-0.74493706,-0.8368403,-0.9968628,-0.97554183,-0.8866404,-0.9921676,-0.8748639,-0.6544192,-1.0929995,-1.1331782,-1.255716,-0.9990949,-0.9366715,-1.0225711,-1.0936922,-1.2462486,-1.0492799,-1.0236486,-0.97538793,-1.2564857,-1.1229411,0.057253797,-0.07844592,-0.14864339,0.0003722919,-0.032802172,-0.02510508,-0.051275186,0.01715195,0.08242328,0.019615017,0.21796905,0.3003279,0.30371463,0.3625974,0.80056185,0.91517156,0.8590598,0.83458304,0.85136265,0.88399833,0.8048722,0.84505105,0.68256545,0.60798067,0.7528399,0.702347,0.6734829,0.620296,0.57157344,0.67140466,0.66001296,0.7299796,1.0186205,0.9648948,1.0840456,1.1266106,0.99368185,0.8337363,0.75307083,0.8314272,0.75791997,0.9950674,0.82588524,0.802871,0.8571355,0.93179727,0.8686041,0.89808404,1.099209,1.0507944,1.0589533,0.72897893,0.6179099,0.7301335,0.7845519,0.8507469,0.9261014,0.8605222,0.7924799,0.82696295,0.74953014,0.8242689,0.7295947,1.1929595,1.2657739,1.1346925,0.9910649,1.0879712,1.1423897,1.1206839,1.2047361,1.2269037,1.2953309,1.2794747,1.2109708,1.2010415,1.1285349,1.3047212,1.112448,1.0071518,1.152242,1.1841079,1.3733793,1.4920684,1.3287362,1.2846318,1.3271198,1.1928827,1.1383872,1.1793357,1.1631719,1.0860469,0.8580591,0.97859555,1.1552438,1.4453471,1.5644212,1.4591249,1.3845402,1.3070304,1.3067995,1.3706853,0.9418035,0.85582703,0.98544604,0.8975452,1.0905113,1.0906652,0.81172264,0.9048574,0.80056185,1.0404032,1.1807212,1.1924207,1.2944071,1.5124657,1.7887144,2.099138,2.310808,2.382314,2.5709698,2.6736488,2.5509572,2.2865622,2.2731693,2.287024,2.223061,2.3052661,2.072891,1.4211783,1.5364807,0.6797945,0.98198235,0.7520702,1.0390947,0.5261606,0.652085,0.7374458,1.2046591,1.154782,1.2426827,1.226211,0.8366612,0.4110891,0.48559693,0.5320873,0.79640543,0.94688356,0.5097658,0.5346274,0.4136291,0.70665735,0.8371231,1.0429432,1.0168501,0.9281796,0.8652944,0.855673,0.94803816,0.93633854,1.0068439,1.0511022,1.0565671,1.0537962,1.0532573,1.0802741,0.8828438,1.1724083,1.176026,1.0366317,0.9578904,0.9627396,0.82188284,0.7584588,0.65347046,0.760691,-0.8436907,-1.0856103,-1.2047613,-1.5833042,-1.6762081,-1.8213753,-1.9760867,-1.8885708,-1.5542092,-1.3935709,-1.2887366,-0.8359936,0.15585352,0.25129744,0.42609838,0.46035045,0.14923403,0.07957536,0.0440148,0.16493608,-0.030570015,0.22027817,0.2707711,0.23420991,-0.058125596,0.046862725,0.14923403,-0.08922185,-0.2943493,-0.27449083,-0.4289714,-0.65996116,-0.7973542,-0.6915192,-1.4897076,-1.4196641,-1.5148771,-1.6434954,-1.3098266,-1.1442621,-1.2659532,-1.9414499,-2.668825,-2.9318345,-2.9922566,-2.7085419,-2.6410384,-2.5458255,-2.5356653,-2.549982,-2.5928547,-2.2544906,-2.110016,-2.1067064,-1.9507633,-1.7029171,-1.4890149,-1.512029,-1.4695412,-1.1802075,-1.3598577,-1.2842722,-1.282117,-1.7274708,-1.1998351,-1.1587327,-0.94344497,-1.0319614,-1.1811311,-0.97762007,-1.0008653,-1.1374117,-1.1646594,-0.89364475,-0.89472234,-1.710845,-1.5732981,-1.5930796,-1.4780849,-1.1939853,-1.1149361,-1.2661071,-1.0003265,-0.6607308,-0.522722,-0.060665637,-0.00039741717,0.08480938,-0.12393573,-0.0077866246,0.027619991,-0.017407987,0.10120419,0.05756168,0.18071513,0.095508344,0.27384993,-0.13440377,-0.46145314,-0.3276777,-0.24531886,-0.14002265,-0.23084833,-0.26225245,-0.66096175,-0.5388859,-0.49470457,-0.5425805,-0.47915646,-0.47099754,-0.42704713,-0.4111142,-0.27295142,-0.6129319,-0.52718633,-0.75555897,-0.8123635,-0.6554968,-0.5917649,-0.43104964,-0.40588012,0.03993534,0.0043747793,-0.061974145,0.16231908,0.10797762,0.26261216,0.59127796,0.76646376,0.8574434,0.5500215,0.681103,0.57095766,0.74745196,0.5009911,0.29178414,0.3144906,0.5754219,0.76977354,0.323958,0.24598646,0.22566614,0.34951234,0.48836786,0.4609662,0.34497106,0.30402252,0.23928998,0.33050054,0.25768605,0.23097712,0.022001117,0.06425814,0.26376674,0.24052152,0.2575321,0.12729733,0.027389081,-0.30412462,-0.28272673,-0.49139482,-0.46306953,-0.52418447,-0.6019251,-0.5071739,-0.44051707,-0.027183294,-0.1277073,-0.6370238,-0.26002032,-0.45406395,-0.525262,-0.50725085,-0.6150871,-0.76117784,-0.75655967,-0.92481804,-0.7261561,-0.81182474,-0.3864065,-0.5496618,-0.5652099,-0.4748461,-0.6745856,-0.73670113,-0.824371,-0.94667774,-0.58984065,-0.63140494,-0.7427818,-0.7462455,-0.6306352,-1.3394604,-0.7977391,-0.8835616,-0.57513916,-0.29935244,-0.27125806,0.014534939,0.05094218,-0.077907115,-0.08629695,-0.22161181,-0.15826476,-1.2154602,-1.1301764,-1.5689106,-1.1690466,-1.3017447,-1.0349634,-1.4275922,-1.3020525,-1.4087342,-1.2825019,-0.82452494,-0.92989814,-1.0273433,-0.7294659,-0.67674077,-0.8590079,-1.2978191,-1.366631,-1.2382436,-1.1485724,-1.1173222,-1.0605947,-1.2703404,-1.1010814,-0.8649347,-0.7961996,-1.0590553,-1.46754,-1.4670781,-1.3730197,-1.3708645,-1.2357806,-1.2720338,-1.2670308,-1.3133672,-1.1661988,-1.5619063,-1.4450644,-1.3784077,-1.5034084,-1.1559616,-0.9888578,-0.70121753,-0.4448274,-0.118316844,-0.3429949,-0.46229982,-0.22561431,-0.31967273,0.051711887,0.6125989,0.953734,1.4000882,1.7336032,1.9461199,1.927031,1.7581568,1.4953781,1.3291979,0.56780183,0.8485917,0.88661534,0.72305214,0.60682607,0.6724823,0.77647,1.2469162,1.2750105,1.3565997,0.83281267,0.9083981,1.1226852,0.7444501,0.6139074,0.6405393,0.98429143,1.0634176,1.1248404,0.9000853,0.7988685,0.6403854,0.7556109,0.6903395,0.90855205,1.2765498,1.2409123,1.3432837,1.7319098,2.0057724,1.9221818,2.0281708,2.3376708,2.290103,2.392782,2.2455366,2.4399652,2.3197367,2.4749868,2.4546666,2.6089163,2.7411523,2.5375643,2.5252488,2.667799,2.712827,2.7258353,3.3595366,3.427117,2018-04-17
TDG_SXI,-1.1120973,-1.1632003,-1.341979,-1.1883428,-0.78600895,-0.5274944,-0.7312519,-0.6500979,-0.57608855,-0.60652125,-0.6707136,-0.42190695,-0.49068058,-0.645353,-0.5370932,-0.5920685,-0.4981524,-0.6610602,-0.57434326,-0.56539893,-0.33998948,-0.38225716,-0.44546777,-0.5110781,-0.2998488,-0.5979587,-0.61350226,-0.5661079,-0.636245,-0.73403335,-0.6931291,-0.82315,-0.70310974,-0.69514704,-0.6905658,-0.94869864,-0.77870077,-0.92590135,-0.74488664,-0.76653856,-0.8663448,-0.913521,-0.843493,-0.6408263,-0.52078605,-0.5564,-0.64709824,-0.6222285,-0.69651055,-0.721653,-0.40172756,-0.5504553,-0.76119375,-0.7655569,-0.56970745,-0.5085148,-0.34151655,-0.12799658,0.040637836,-0.078966066,-0.16061087,-0.102036044,0.10532102,-0.1217246,-0.080656774,0.05247279,0.06098086,0.24886751,0.44902545,0.5788827,1.0505354,1.1320713,1.1650127,0.9550923,0.98170733,0.8078371,0.8290528,0.80870974,0.8960812,0.9400941,0.9915789,0.8214174,0.6874697,0.6468927,-0.38198447,-0.09260081,0.1810211,0.03114806,-0.37729412,-0.18149927,-0.107489936,-0.11599801,-0.20386025,-0.15493882,-0.12423339,-0.19791551,-0.05496893,0.15784203,0.06441681,-0.21765861,-0.022191027,0.21827117,0.27870032,0.34414706,0.542887,0.3164958,0.10423024,-0.122106366,-0.59801316,-0.41236264,-0.10705362,-0.35024276,-0.5890143,-0.7442321,-0.96669644,-1.2134851,-0.9705688,-1.0473596,-0.7807732,-0.8502013,-0.7660477,-0.6787854,-0.7062185,-0.8133329,-0.8142601,-0.95082563,-1.0327431,-0.8892512,-0.87218046,-1.5249571,-1.8323385,-2.1946409,-2.114741,-2.2064211,-2.0629838,-2.1680803,-2.1374295,-2.1056876,-2.3571668,-2.539327,-1.7280601,-1.7884346,-1.6566141,-1.5919855,-1.8846413,-1.5889858,-1.565534,-1.66065,-1.6370347,-1.5787325,-1.5850589,-1.5577896,-1.4275506,-1.423351,-1.206995,-1.0540133,-0.81862324,-0.6258281,-0.5724344,-0.41039923,-0.7182171,-1.080192,-1.1042982,-0.9373,-0.870817,-0.88477904,-0.8422386,-1.0844461,-0.9606972,-0.9597155,-1.2237384,-1.2585343,-1.1007532,-0.9055038,-0.5877054,-0.6793853,-0.39523742,-0.22305797,-0.2008606,0.13362673,0.17245847,0.20010972,0.37218007,0.18816568,0.47760382,0.4097574,0.5261981,0.7038859,0.70612204,0.7036132,0.69030577,0.6253499,0.53116107,0.6549645,0.75782496,1.3269389,1.2731088,1.1372523,0.80843705,-0.30928403,-0.09767293,-0.077384435,-0.12995999,0.171095,0.07232496,0.119283006,-0.04177051,0.20883594,0.29446205,0.31393248,0.3589271,0.37577963,0.31191453,0.21532609,0.28938994,0.3372206,0.42857334,0.34698308,0.27128303,0.16667734,0.12086462,0.0383472,0.060053702,0.22252521,0.0723795,-0.062168077,-0.05720503,-0.1764817,-0.093527965,-0.120524734,-0.24869126,-0.15804753,-0.34904292,-0.38771105,-0.48604476,-0.630682,-0.528367,-0.43575987,-0.32204616,-0.11534353,-0.27803323,-0.2921588,-0.39076522,-0.43292382,-0.40369093,-0.37718502,-0.54052913,-0.38760194,-0.4636838,-0.3994369,-0.43668702,-0.4424136,-0.35945988,-0.15335718,0.009768795,-0.013355718,-0.4075632,-0.44612223,-0.46193853,-0.5307122,-0.7563943,-0.59135944,0.19716461,0.062398873,0.07145234,0.08334183,-0.020282164,0.09834004,0.07837878,0.24690412,0.13924426,-0.021154787,-0.1204702,-0.16726463,-0.18831664,-0.2614534,-0.028517546,0.08394176,0.04723705,0.09403147,-0.02000947,-0.019518618,-0.19246161,-0.17059149,-0.31713766,-0.35776916,-0.29264966,-0.2620533,-0.30175766,-0.086110674,-0.101217955,0.19721915,0.29118973,0.24063213,0.57173806,0.47378612,0.7067765,0.8472143,0.56710225,0.3957409,0.39137778,0.46756867,0.4813125,0.55641264,0.30035228,0.25661206,0.28742656,0.2746099,0.11028407,0.2356691,0.37845206,0.29707995,0.34943733,0.43042764,0.5045461,0.30689695,0.2211072,0.35603654,0.31595042,0.35407317,0.3313304,0.41253892,0.37141654,0.22143443,0.20758155,0.5343789,0.6036979,0.44902545,0.3667262,0.40964833,0.43751773,0.47018656,0.51469034,0.37130746,0.16754997,0.10504833,0.037638195,1.2223877,1.255002,1.4047114,1.340519,1.2013903,1.266128,1.1315258,1.092585,0.99321496,0.7903302,0.8946086,0.84928674,0.94042134,0.9833981,0.724338,0.71653897,0.55264944,0.35145527,0.41482952,0.4570972,0.68387014,0.55630356,0.60462505,0.39634082,0.15271537,0.09326792,0.30798772,0.23316032,0.24652235,0.36432645,0.49751058,0.5187262,0.5129451,0.45109797,0.5023645,0.4131388,0.5796462,0.5383057,0.4635873,0.7008318,0.9152244,1.0118128,1.1802291,1.5470035,1.4970458,2.2968595,2.8606286,2.8952608,2.7237904,2.7872736,2.8680458,2.8263235,2.8860984,2.3245652,1.7988099,1.4431068,-0.032226194,0.39650443,0.3878873,0.5685748,0.13711724,0.15429701,0.03578387,0.35036448,0.26353848,0.27471897,0.44384426,0.17813052,-0.16971886,0.07085241,-0.15559329,-0.27525172,-0.2505456,-0.90201336,-1.1931422,-1.3688667,-0.9161389,-0.7292339,-0.5940864,-0.63935375,-0.10792625,-0.2190221,-0.11517992,0.0008789464,0.0970311,0.10363032,0.10592095,-0.017664293,0.10455748,0.1383171,0.14715241,-0.04962412,0.09561309,0.37490702,0.23937774,0.16187792,0.3939411,0.17136769,0.086777784,-0.07334856,-0.018591456,-0.99407506,-1.0387424,-1.0404876,-1.5443184,-1.5429004,-1.5244662,-1.4493116,-1.2604978,-1.091536,-1.8773332,-2.6490593,-2.1176317,-1.3472693,-1.057722,-0.9356638,-0.9484805,-1.0337248,-1.1536559,-1.154256,-1.0961175,-0.9980018,-0.985676,-0.8803613,-0.8746893,-1.1321677,-1.2565709,-0.8055339,-1.1369671,-1.1441116,-1.1182601,-1.0686297,-1.2531896,-1.2907124,-1.2296833,-1.762147,-1.7147526,-1.7546206,-2.1192133,-1.7089169,-1.8205581,-1.7106076,-2.0726917,-2.4439929,-2.651677,-2.5423265,-2.591248,-2.70518,-2.7828434,-2.9906366,-3.0140338,-2.5181112,-2.1265762,-1.8888953,-1.8137952,-1.7051538,-1.5497723,-1.7095169,-1.182289,-0.92791927,-0.88832396,-1.0204173,-0.94842595,-1.0325795,-0.9916753,-0.83318514,-1.0977535,-0.9455353,-0.85794586,-0.9129211,-0.8815612,-0.7719379,-0.50633323,-0.44890377,-0.17637262,-0.079784155,-0.5705256,-0.23014805,-0.13388678,-0.060804605,0.11110216,0.24384992,0.16035081,0.35456398,0.15778749,0.29118973,0.59175384,0.91015226,1.0171577,0.7600611,0.94494814,0.91086125,0.8840281,0.94642055,0.9644184,1.1733572,1.0930759,1.0606251,0.36852595,0.010695957,0.3535823,0.5156175,0.54059637,0.4560064,0.4142296,0.3100057,0.62474996,0.5024191,0.5813369,0.59508073,0.68610626,0.4198471,0.4051216,0.5346516,0.22421592,0.5451776,0.2830089,0.24352272,0.5012192,0.4729135,0.58417296,0.7638242,0.8635214,0.742445,0.7193204,0.67378044,0.65409184,0.82348984,0.8918271,0.7998745,0.84050596,0.73949987,0.5196534,0.35745457,0.54643196,0.55368567,0.73584574,0.558976,0.80963695,0.84634167,0.41428414,0.492493,0.3674352,0.34191096,0.46053314,0.5248891,0.41777462,0.31742296,0.07347028,0.5509042,0.48867524,0.53001577,0.41466594,-0.08262018,0.31835014,0.25661206,0.45387942,0.26124787,0.24412262,0.014731838,0.28606308,0.197001,-0.028953858,-0.061568145,-0.45779362,-0.40314558,-0.48866266,-0.41416243,-0.44568595,-0.84518373,-0.38727474,-0.6125751,-0.91853863,-1.0648121,-1.6088926,-1.4771811,-1.3746477,-1.6336532,-1.3297077,-0.65451556,-0.48871717,-0.58966875,-0.4889353,-0.43957758,-0.52787614,-0.46531996,-0.41601676,-0.5813788,-0.39867336,-0.6563699,-0.59714055,-0.37582156,-0.513696,-0.61208427,-0.20173323,-0.34566152,-0.014991886,0.3602906,0.08094212,-0.24476446,0.14895219,0.24325001,0.2821908,0.5843366,0.71244854,-0.10678093,-0.14893954,-0.3179012,-0.07613004,-0.0021752345,-0.16126533,-0.5085148,-0.519259,-0.6721316,-0.57494324,-0.20713258,-0.24351008,-0.469574,-0.4713738,-0.14953946,-0.04482469,-0.17168227,-0.23909242,-0.12532416,0.10881151,0.18685675,0.2553031,0.108647905,0.28622672,0.59917116,0.5158902,0.41641116,0.27870032,0.19334689,0.15227905,0.14802502,0.2757007,0.35287327,0.3740344,0.16362317,0.32020447,0.0019151864,-0.114961766,0.081869274,-0.040570654,0.39568636,0.63396704,0.47411337,0.6363667,0.9313679,0.8271985,0.98672485,1.1749933,1.3653889,1.6031785,1.9142689,1.807536,2.2425387,2.4561677,2.2237227,1.7665229,1.8089541,1.8282609,1.8302243,1.7865386,1.5195159,1.3500088,1.2461666,1.5431311,1.4337261,1.5320053,1.8142444,1.7573059,1.9920412,1.6021423,1.4449611,1.6412467,1.3434097,1.313795,1.6518819,1.5434585,1.498082,1.4599593,1.0841315,0.94691145,0.94887483,0.7748411,0.6172781,0.7492078,1.0750234,1.1320713,1.0600798,1.397294,1.6876595,1.7150924,1.808027,2.322002,2.4869277,2.553629,2.4828372,2.670833,2.4299347,2.436861,2.4103005,2.422899,2.4645123,2.251865,2.3408723,2.3576705,2.4146636,2.2940235,2.719809,2.8551202,2018-04-17
WSO_SXI,-1.1245961,-1.0812277,-1.1747338,-1.1680793,-0.9277173,-0.6039455,-0.7164969,-0.84752005,-0.68620783,-0.5488745,-0.6895351,-0.44848466,-0.56906724,-0.75183415,-0.5897188,-0.55782354,-0.46385866,-0.6107147,-0.58903044,-0.5577088,-0.38354674,-0.41222957,-0.39341363,-0.5212243,-0.14364365,-0.41681883,-0.466268,-0.50022846,-0.5028673,-1.0038989,-1.0102091,-1.0896031,-0.9991948,-0.9328801,-0.9989654,-1.3071336,-1.184027,-1.2514889,-1.2272806,-1.2746646,-1.3277853,-1.301856,-1.2261333,-0.9866892,-0.74896586,-0.71041614,-0.98244405,-1.0555279,-1.0879968,-1.1042887,-0.5488745,-0.6560335,-0.8448812,-0.7622747,-0.9286351,-0.71741474,-0.63044846,-0.52948487,-0.09958683,-0.1148461,-0.1130104,-0.03923818,0.10933883,0.20881085,0.22900356,0.41337672,0.5718207,0.6432982,0.7280847,0.9185385,1.0411862,1.0014893,1.2353116,1.0060785,0.9826733,1.0315489,0.8422423,0.7143169,0.8664506,0.877809,0.9287497,1.0114709,0.8712693,0.53453296,-0.78487676,-0.47865894,-0.41590098,-0.6676214,-0.8026601,-0.45835155,-0.5452031,-0.43414325,-0.44125658,-0.40913182,-0.2949742,-0.43678206,-0.3261811,-0.16188592,-0.14192268,-0.33386812,-0.14983913,0.01881585,0.23221603,0.27133942,0.62631804,0.3424728,0.16509824,-0.19412541,-0.602454,-0.3719589,-0.19389595,-0.43379906,-0.5231747,-0.23428136,-0.3789575,-0.7045648,-0.469251,-0.6383649,-0.25137633,-0.07847628,-0.093965,-0.040270764,-0.043827433,-0.106700175,-0.18047239,-0.2599812,-0.04095915,0.035337154,-1.2278543,-1.7793676,-2.0673428,-2.3487787,-2.5790446,-2.5795033,-2.5943036,-2.6896455,-2.644556,-2.505731,-2.7232618,-2.7576811,-2.5229409,-2.5500174,-2.3152773,-2.3157363,-2.6103663,-2.5370529,-2.496323,-2.44217,-2.3210137,-1.9794588,-1.986228,-1.9302391,-1.9009826,-1.9364346,-1.6391659,-1.5809971,-1.2765003,-1.052086,-1.0790478,-0.8561249,-0.973495,-1.1703739,-1.2471291,-1.2419662,-1.1680793,-1.441025,-1.6403133,-1.7213136,-1.5721629,-1.5276471,-1.8422401,-2.0173202,-1.9302391,-1.7964625,-1.6538515,-1.5533469,-1.3949031,-1.2458671,-1.0172076,-1.0205349,-0.9999979,-0.83765316,-0.8538302,-0.61553335,-0.38457933,-0.39261052,-0.29646572,-0.18391433,-0.15844399,-0.19871466,-0.14111955,-0.006769226,0.074575245,-0.037631944,0.21649784,0.8721872,0.75401396,0.5993562,0.40855804,0.32618093,0.37195873,1.5653936,1.4840491,1.347863,1.2272804,1.1514431,1.118171,1.337652,1.2865964,1.3066745,1.4223236,1.4489412,1.4249624,1.3861833,1.3323742,1.3938702,1.260782,1.2825809,1.1585563,0.9655784,0.880792,0.7649134,0.9373545,1.0836368,0.9224394,0.6496085,0.80334836,0.652362,0.77971375,0.88503706,1.05025,1.065624,0.85279757,0.79921806,0.8345553,0.4684478,0.60348654,0.67783237,0.844078,0.9445825,0.721086,0.66681814,0.66016376,0.7654871,0.7590621,0.8159688,0.6346934,0.7537845,0.5859326,0.81046176,0.8698925,0.8973133,0.7680111,0.89123255,1.1014203,1.0830631,0.8542891,0.63721746,0.57285327,0.34958613,0.36496013,0.41521242,0.34166968,0.12345078,0.20754881,-0.054956365,-0.1706055,-0.10624125,-0.27604353,-0.060234003,-0.2175306,-0.45399177,-0.57400066,-0.6538536,-0.61610705,-0.6628027,-0.6817333,-0.6554598,-0.57973725,-0.46879208,-0.5902925,-0.6650973,-0.7116782,-0.79680884,-0.91245794,-0.9731509,-0.8521093,-0.84052145,-0.8058726,-0.6336609,-0.6143861,-0.29784247,-0.14674139,-0.103028774,0.4155566,0.38698852,0.48164186,0.75780004,0.62631804,0.61564803,0.89880484,0.8780384,0.45238537,0.33501527,0.27489606,0.11714056,-0.02053698,-0.29784247,-0.37872806,-0.24667235,-0.15844399,-0.093391344,0.17060533,0.33111438,0.2543592,-0.07537854,-0.22693856,0.059201255,-0.03556678,-0.06941251,-0.12264782,-0.05346486,-0.072969176,-0.3157406,-0.24059157,-0.25504774,-0.18299648,-0.2659472,-0.11427244,-0.0020652437,-0.11668179,-0.009178583,0.1154196,-0.14100483,-0.36255094,-0.34166983,-0.22005469,1.1764544,1.0935037,1.1458212,1.2443753,1.0983225,1.1499515,1.0338434,0.790728,0.4821008,0.34396428,0.2720278,0.17909545,0.27053627,0.4684478,0.18230793,0.09591527,0.08111493,-0.5282229,-0.44263336,-0.5184707,-0.31746155,-0.65282106,-0.4699394,-0.7494248,-0.96924996,-1.0625265,-0.76617557,-0.62184364,-0.67278427,-0.019504398,0.13871004,0.089375585,0.01525918,0.02237252,-0.12333622,0.16808125,0.17645663,-0.054038513,-0.16865507,-0.13044955,0.112780765,0.08180332,-0.8357027,-0.18609422,-0.17588314,0.7896953,1.5325804,1.4781977,1.3735628,1.3620896,1.5481839,1.4593818,1.4920802,1.2677805,0.9012142,0.58340853,-0.14192268,0.073198475,0.3109217,0.38446444,0.38079304,0.30334944,0.15832908,0.19882923,0.09763624,0.20513944,0.26525864,0.6077315,0.66681814,0.9569735,0.68402785,0.61863106,0.65545976,0.3868738,0.02971532,-0.26147267,-0.006883957,-0.08593381,-0.26835656,-0.19102766,0.5166349,0.33019656,0.47957668,0.39043048,0.68311,0.6151891,0.5403843,0.4605313,0.5666578,0.5905218,0.6163364,0.30231684,0.1502979,0.40029737,0.44446892,0.5406137,0.6810448,0.7986444,0.7553907,0.4506644,0.4620228,0.73416543,0.8580752,1.1887307,0.9963263,0.8342111,0.8565837,0.98703307,1.2263626,1.311608,0.1796691,-0.829622,-0.48554283,-0.38641503,-0.06987143,-0.07996779,-0.03487839,-0.043024313,-0.69389486,-0.89823127,-0.5774426,-0.25172052,-0.35337242,-0.32308337,-0.4027069,-0.6896498,-0.93723994,-0.668195,-0.8064462,-0.6780619,-0.60933787,-0.44619003,-0.4795768,-0.48233035,-0.6002741,-0.63893855,-0.79107225,-0.77776337,-1.087538,-0.8209024,-1.1527053,-0.91291684,-0.9670701,-0.8117238,-0.8064462,-0.7166116,-1.1556883,-1.3336365,-1.645935,-1.9179628,-1.9663794,-1.2765003,-1.1013057,-1.0814571,-1.0710167,-1.1812733,-1.1103696,-1.4046552,-1.0873085,-0.8757439,-1.002522,-1.0197316,-0.996556,-1.1785198,-0.98209995,-1.145592,-1.1870099,-1.3496989,-1.2628473,-1.2167253,-1.384233,-1.2654861,-0.7222335,-0.81344485,-0.74173784,-0.6911413,-0.70685947,-0.4075256,-0.07216606,-0.119894266,-0.023978919,0.103258066,0.07721407,0.11714056,-0.24311566,-0.124368794,-0.062184438,0.18276685,0.2327897,-0.0014915873,0.08295064,0.031436287,0.19848503,0.30116954,0.22934775,0.29348254,0.17255576,0.13194089,-0.22062834,-0.0866222,0.07801719,0.28407457,0.2863692,0.22189023,0.25780112,0.46649733,0.9974737,0.9446973,1.0404979,0.92003006,0.8958218,0.63228405,0.7385252,0.8228527,0.7553907,1.010553,0.8482083,0.7158084,0.6260885,0.6739315,0.41876912,0.60658425,0.30128425,0.009522616,0.22234914,-0.03373108,0.07491945,0.039926402,-0.11140416,-0.14570881,-0.18357013,0.10027506,-0.20697531,-0.30128443,-0.15890291,-0.08708113,0.36071506,0.13974263,0.21397376,0.12069723,-0.10910953,0.020422088,-0.21638328,-0.340752,-0.29612154,-0.23187199,-0.21569489,-0.41211486,-0.72579014,-0.13813655,-0.23714963,-0.2711101,-0.34648857,-1.0686073,-0.7675523,-0.62494135,-0.57790154,-0.5090627,-0.55162805,-0.5418759,-0.36404246,0.07423106,-0.28671357,-0.02512623,-0.6667035,-0.75676763,-0.67875034,-1.1301032,-1.1800113,-1.0754911,-0.77317417,-0.72062725,-0.92278385,-0.97533077,-1.4537601,-1.1561472,-1.0987816,-1.3362753,-1.1710622,-0.44297758,-0.62723595,-0.56252754,-0.53522146,-0.7181031,-0.7205125,-0.6572956,-0.5582825,-0.65614825,-0.5398107,-0.777075,-0.7404758,-0.6173691,-0.5803109,-0.568723,-0.16223012,-0.28269795,-0.1559199,0.24667218,0.033042524,-0.6628027,-0.2285448,-0.14983913,-0.086851664,0.39547867,0.24437757,0.30151373,0.21489161,0.23588744,0.1561492,0.40809909,0.20835193,-0.0024094374,-0.23680544,-0.4754465,-0.49724543,-0.4083287,-0.35532284,-0.6807008,-0.72946155,-0.5086038,-0.30908614,0.07055966,0.065167286,0.025470264,0.38675907,0.6111735,0.58214647,0.71913564,0.73347706,0.71569365,0.47211915,0.65282094,0.748851,0.72361016,0.60142136,0.67668504,0.78900695,0.953761,0.9555968,0.639971,0.77971375,0.72613424,0.4401091,0.655345,0.6560334,0.7660607,0.9781988,0.7649134,0.7113339,0.89306825,0.7670933,0.9763631,1.1260874,1.3908873,1.5909785,1.8493534,1.8588762,2.092584,1.9894404,1.6883854,1.1960735,1.3496987,1.4871467,1.6046317,1.7200513,1.4965547,1.2012365,1.0769825,1.1441003,1.1070421,1.1256285,1.3080512,1.2023836,1.271452,1.146739,0.93219155,1.0192726,0.78981006,0.85876364,1.2638797,1.3674821,1.5598863,1.5994687,1.4069495,1.2407039,1.425995,1.0979782,1.6925157,1.7183304,1.8674811,1.8082796,1.4245036,1.3877895,1.3348984,1.3592215,1.4662657,1.9791147,2.276613,2.367939,2.5970573,2.9532979,2.789347,3.1139219,3.2032974,3.258483,3.233357,3.0136466,3.223146,2.9592638,3.2686942,2.7638767,2.9571989,3.156487,2018-04-17
WIRE_TEX,1.4393777,1.6323452,1.4969839,1.0759169,1.1128571,1.1459224,1.0020363,0.8320597,1.1774379,1.029677,0.91265655,0.9134315,0.93848884,0.95605487,0.8589253,0.9470135,0.9795623,1.0947745,1.0273521,0.96199626,0.7690288,0.9756874,1.072817,1.0224439,1.0433681,1.1172485,1.3218406,1.1787295,1.3158991,1.2719842,1.2097284,1.4019208,1.3809967,1.20947,1.0994242,1.1792462,1.330107,1.4194868,1.2691427,1.3502562,1.2972999,1.1619385,1.2675928,1.4042457,1.2954916,1.3259737,1.476318,1.2399522,1.3391483,1.3120244,1.1435976,1.3569726,1.2001703,1.0769502,1.0637757,0.86202514,0.97775406,0.9787873,0.8788162,0.87545794,1.0710087,0.75637096,-0.59078497,-0.67241514,-1.0420758,-1.1231893,-1.1270641,-1.1004568,-1.1265475,-1.2737918,-1.2448595,-1.3623967,-1.2991074,-1.1823454,-1.8480444,-1.9152085,-1.6661848,-1.6708347,-1.543998,-1.4794172,-1.5659553,-1.6473272,-1.5155823,-1.6705763,-1.9728146,-2.0022633,-1.9859891,-1.8658687,-1.7041584,-1.8968675,-1.83332,-1.6486188,-1.603154,-1.3456056,-1.2779249,-1.2833498,-1.3691131,-1.4863919,-1.3461223,-1.0599002,-1.0035856,-1.3461223,-1.3368226,-1.3326894,-1.5049912,-1.2665586,-1.2159272,-1.2709502,-1.1764039,-1.0854741,-1.0498255,-0.76231164,-0.32187045,-0.45826516,-0.17669278,0.07181423,-0.006974368,-0.18005098,-0.31386244,-0.23869036,0.2389494,0.07543076,0.25005728,0.13484511,-0.117020085,0.15421936,1.3678222,1.2626846,1.072042,1.4714098,1.3564559,1.2753423,1.3011748,1.0937412,1.1717547,1.3543893,1.5323741,1.5432236,1.5181663,1.5424488,1.5031835,1.5582064,1.628212,1.4497106,1.493884,1.4910424,1.4634018,1.4954339,1.5455486,1.6052213,1.577064,1.4559104,1.4117372,1.2859337,1.0937412,1.140756,0.79744434,0.71193933,0.6037019,0.49107295,0.37689403,0.21673359,0.4541327,0.6533,0.34486195,0.31928793,0.34512028,0.33917883,0.3198046,0.53524625,0.3621696,0.32161286,0.21337537,-0.015499036,-0.22448258,-0.14285241,-0.12011997,-0.39058444,-0.436566,-0.33530325,-0.40685883,-0.43940753,-0.33969477,-0.28751346,-0.20381671,-0.20743324,-0.29061332,-0.13303614,-0.281572,-0.52491254,-0.787369,-0.78581905,-0.39187604,-0.48952225,-0.7235632,-0.650716,-0.5931099,-0.8519499,-0.8124264,-0.6439996,-0.95011264,-1.0198599,-0.8421335,-0.8372254,-0.8943148,-1.333206,-0.9452045,-1.2484761,-1.0805659,-0.88501525,-0.7140052,-0.8080349,-0.6633738,-0.4735062,-0.3182539,-0.08679626,-0.19968355,-0.027123582,-0.19968355,-0.17307626,-0.41150865,-0.038489807,-0.30378783,-0.7641199,-0.84704167,-0.5595278,-0.39988407,-0.030998431,-0.015240713,-0.25883955,-0.37301844,-0.47402287,-0.14466068,-0.14698559,-0.22086605,-0.113403566,-0.46343163,-0.33426997,-0.24876498,-0.35571077,-0.23946533,-0.5065716,-0.26297274,0.14440307,0.23429957,0.13329516,0.17333528,0.3420204,0.02014958,0.11340429,0.3916185,-0.0020662253,0.36371955,0.040815443,0.06380621,-0.28493023,-0.036681548,-0.16894308,-0.39239272,-0.29629642,-0.108237095,-0.5677942,-0.41615844,-0.5755439,-0.36604375,-0.43630767,-0.6486494,-0.8945732,-0.813718,-1.0201182,-0.63134176,-0.64451617,-0.3748267,-0.30352947,-0.3694019,0.12192895,0.18986797,0.3164464,0.29293895,0.2730481,0.35596988,0.3143798,0.4908146,0.29603887,0.053989932,0.0010336542,-0.09196273,-0.18625075,-0.08033818,-0.003616165,0.015499758,-0.021182148,-0.07568836,0.13122858,-0.33246168,-0.32884517,-0.36656037,-0.28777176,-0.15783517,-0.06303052,-0.21285804,-0.1813426,-0.10100404,0.32574603,0.36914435,0.4673072,0.5931106,0.6481335,0.6899819,0.9325474,0.9862787,0.98834527,0.97387916,0.9211812,0.882691,0.93616396,1.1322314,-0.17669278,-0.4977886,-0.59595144,-0.7005724,-0.5975014,-0.5876851,-0.57967705,-0.6153257,-0.5789021,-0.51793784,-0.33246168,-0.38180146,-0.25832292,-0.39135942,-0.48435578,-0.30637103,-0.32703692,-0.02454035,0.06380621,-0.050631,0.014983111,0.024541074,-0.1072038,-0.15680188,-0.21776618,-0.17281793,-0.15551026,-0.17746773,-0.23119898,-0.31205416,-0.7140052,-0.93228835,-1.0691997,-1.2967825,-0.916789,-1.0653249,-1.0901239,-1.1428218,-1.0369093,-0.8718407,-0.82999235,-1.0165018,-0.9211805,-0.9229887,-0.90103126,-0.8359338,-0.7008307,-0.6656987,-0.62591696,-0.5267208,-0.8395503,-0.9123975,-1.1361054,-1.0728163,-1.225227,-1.2926494,-1.0521504,-1.0764327,-1.0113353,-1.2019778,-1.2136024,-0.95372915,-1.1575463,-1.1950032,-1.3264898,-1.3714379,-1.3404392,-1.2265186,-1.2174772,-1.1327473,-1.165296,-0.9382298,-0.7674781,-0.5623694,0.008266706,0.23946604,0.22112508,0.009041676,-0.019890532,-0.07982153,-0.04804777,0.004391857,0.16171072,-0.03642322,0.30249694,0.16971876,0.20924221,0.08550537,0.13045362,0.033324063,0.29913872,0.18005168,0.3285876,0.55875367,0.6393505,1.0123693,0.43346682,0.25599873,0.46265736,0.68326545,0.59672713,0.47454023,0.51690525,0.36449453,0.35054508,0.46007416,0.2988804,0.34382865,0.19787598,0.5262049,0.6749991,0.4474163,0.2890641,-0.0284152,0.12012069,0.17281865,0.11521255,0.14207816,-0.14931051,-0.19348378,-0.26865584,-0.21337467,-0.19270882,-0.13122788,0.0924801,0.061739624,0.098938175,-0.119345,-0.10772045,-0.12606141,-0.1924505,-0.006974368,-0.08576296,-0.056314114,-0.33530325,-0.12089493,-0.23869036,-0.059930637,0.14776129,0.14905289,0.2534155,1.3047913,1.663344,1.8038719,1.4393777,1.493109,1.5817139,1.2975582,1.5248827,1.2991081,1.3003998,1.1828626,1.0444015,0.9767207,1.0258021,1.0485346,1.0154692,0.9428804,1.072817,1.1756296,1.3864214,1.2309108,0.8057107,0.7966694,0.8635751,0.69049853,0.849884,0.90129036,0.7602458,0.7599875,0.8878575,0.64400035,0.488748,0.37276086,0.28699753,0.44018325,0.5215551,0.55307055,0.2123421,0.06871436,-0.06509711,-0.08188812,-0.16971804,-0.06716369,-0.11882835,0.3918768,0.25754866,0.45464936,0.3663028,0.048565138,0.06948932,0.16687721,0.3130882,0.1779851,0.14750294,0.09609663,-0.09480429,-0.0328067,0.0054251496,-0.26943082,-0.3257453,-0.31954554,-0.38205975,-0.6029262,-0.5445451,-0.4611067,-0.49158883,-0.6799065,-0.5675359,-0.51302963,-0.659499,-0.4479322,-0.20278344,-0.004649458,-0.22499922,-0.34615284,-0.31722063,-0.42364982,-0.20794989,-0.40505055,-0.46498153,-0.43630767,-0.24979827,-0.26633096,-0.41383353,-0.5520365,-0.57270235,-0.52697915,-0.3456362,-0.37276012,-0.3236787,-0.28338027,-0.56288606,-0.6145507,-0.42494142,-0.56391937,-0.44870716,-0.50063014,-0.6899811,-0.8222427,-0.7574035,-0.84265023,-0.7896939,-0.7261464,-0.538862,-0.61041754,-0.63030845,-0.5667609,-0.61041754,-0.5021801,-0.38541797,-0.3412447,-0.22164102,-0.32006216,-0.30869597,-0.8364504,-1.3840958,-1.3045323,-1.4231026,-1.4388604,-1.2655255,-1.5070577,-1.6269196,-1.8074877,-1.7999963,-1.7325739,-1.7555647,-1.7754556,-1.8878262,-1.6948587,-1.6801343,-1.3735045,-1.1926782,-1.2505426,-1.1606462,-1.0689414,-0.6786149,-0.7062555,-0.90619767,-1.0170184,-1.097357,-1.1826036,-1.0320011,-1.1603879,-1.2288435,-1.1203477,-0.8328339,-0.67164016,-0.6439996,-1.1115648,-1.1089816,-1.0983902,-0.9984191,-1.1805371,-0.93616325,-0.9051644,-0.8870818,-0.6122258,-0.66104895,-0.65381587,-0.65278256,-0.66802365,-0.63573325,-0.63495827,-0.75895345,-0.74810386,-0.67009026,-0.5747689,-0.6649237,-0.66104895,-0.5830353,-0.6576907,-0.8715824,-0.8212093,-1.1177645,-1.0506004,-1.1182811,-1.2319434,-1.0126269,-0.71943,-0.47376454,-0.8075182,-0.89534813,-1.1950032,-0.99351096,-0.64115804,-0.8095848,-0.71555513,-0.5634027,-0.77600276,-1.0239931,-0.992736,-1.0162435,-0.8349005,-0.7884023,-0.8689992,-0.75068706,-0.55177814,-0.5931099,-0.6127425,-0.5202627,-0.4623983,-0.5311123,0.030999156,-0.097387515,-0.37069353,-0.37611833,-0.4458656,-0.4388909,-0.4523237,-0.14853553,-0.1759178,-0.39859244,-0.3970425,-0.4001424,-0.2593562,-0.23300725,-0.21673287,-0.12916128,-0.24204856,-0.087571226,-0.25160652,-0.20407505,-0.16506822,-0.07181351,-0.060447287,-0.09015447,0.2642651,0.2931973,0.3412454,0.39549333,0.40272638,0.5073473,0.64916676,0.37456915,0.27356473,0.19968425,0.21027552,0.23610783,0.31386316,0.39265177,0.58639425,0.4019514,-0.14026919,0.059931364,0.12347889,-0.16842642,-0.08240477,-0.021957118,-0.05734741,0.20924221,-0.022990411,0.4437998,0.16171072,1.2962667,1.3171908,1.493109,1.6581776,1.3936545,1.445319,1.3983043,1.7186252,1.7826893,1.9289004,2.0642617,2.098877,2.4468384,2.7490766,2.7012868,2.655047,2.6891456,3.1107292,3.0487316,3.0590646,3.1412113,2.9402359,2.6604717,2.7932498,2.4055068,2.7937665,2.9784677,2.8784964,2.9549603,2.8224404,2.8784964,2.6739044,2.6762295,2.6643467,2.766126,2.633348,2.7144613,2.8201156,2.6824293,2018-04-17
WIRE_TRN,1.0446374,1.2658203,1.1872071,0.854367,0.5820191,0.67422295,0.4431802,0.30913812,0.4346527,0.24091789,0.069567874,0.09701585,0.08369159,0.20867318,0.024265377,0.052512813,0.11087309,0.25743997,0.13618918,0.046650138,0.01733676,0.122864924,0.11193902,-0.048751585,0.053045783,0.03039454,0.16417013,0.06503762,0.1647031,0.20041212,0.29954463,0.47755682,0.35710546,0.12606274,-0.001317208,0.15644206,0.27955827,0.30141005,0.23772007,0.3600368,0.17856035,0.16310419,0.47276008,0.7808171,0.67235756,0.7920094,0.89727116,0.8114629,0.9732194,0.9796151,0.90739757,0.96868914,0.7464405,0.6230578,0.65610194,0.39174855,0.45543852,0.48715025,0.3635011,0.28382203,0.49407887,0.14151889,-1.5677176,-1.9282721,-2.245656,-2.5329273,-2.4703033,-2.391157,-2.2920244,-2.4250007,-2.3298655,-2.4527152,-2.263777,-2.3317308,-2.4676383,-2.5891554,-2.3695717,-2.4183385,-2.3306649,-2.2592468,-2.321338,-2.1992877,-2.0282042,-2.0180776,-2.3096125,-2.3930223,-2.5523806,-2.610741,-2.447652,-2.5838258,-2.5318613,-2.3932889,-2.4132752,-2.1697078,-2.082034,-2.1339989,-2.2403262,-2.325335,-2.3503847,-2.281898,-2.2539172,-2.4007504,-2.2461889,-2.0964243,-2.2568483,-2.1345317,-2.052987,-1.9762394,-1.7260098,-1.5591899,-1.4941676,-1.2487346,-0.98464775,-1.1725199,-1.0531344,-0.9124303,-1.0302168,-1.225817,-1.4411371,-1.5112227,-1.1192228,-1.0579313,-0.88604826,-0.9843813,-0.99077696,-0.8391468,0.2334563,0.17083226,0.1647031,0.57269204,0.48874918,0.23825304,0.2896847,0.12632923,0.4034739,0.5385819,0.6185276,0.6209259,0.6875472,0.58974713,0.64464307,0.7677593,0.8386444,0.66196465,0.68115157,0.555637,0.5868158,0.59214544,0.4847519,0.5849504,0.5444446,0.4594358,0.43198785,0.45836988,0.43545213,0.49061456,0.43332025,0.2622367,0.08875481,-0.079397395,-0.15134841,-0.37359712,-0.2256978,0.056243606,-0.2403545,-0.25794253,-0.22942859,-0.330693,-0.46313617,-0.2403545,-0.3504129,-0.34375077,-0.40211102,-0.67046165,-0.935881,-0.7400143,-0.57452697,-0.75360507,-0.7623991,-0.6747255,-0.65713745,-0.61103547,-0.5436147,-0.51909804,-0.33682218,-0.33495674,-0.49404845,-0.38718787,-0.51643324,-0.37226468,-0.3280281,-0.4407514,-0.15507922,-0.32962704,-0.5228289,-0.5974447,-0.7029729,-0.8993725,-0.8380809,-0.7064372,-0.96039766,-0.9566668,-0.8244902,-0.87085855,-0.91482866,-1.0995029,0.29954463,0.034924787,0.25450864,0.4519742,0.5385819,0.48821622,0.64544255,0.8503697,1.0462364,1.0217198,0.88794416,0.7347151,0.5431122,0.57135963,0.401875,0.59107953,0.44371316,0.24331626,0.10927417,0.3531082,0.55537057,0.8786171,0.8469054,0.7371135,0.7229898,0.7141958,0.9606946,0.96895564,0.9026008,0.953233,0.62385726,0.67315704,0.73684704,0.65476954,0.7221903,0.43305376,0.5734915,0.891142,1.0227857,0.92738396,0.9908074,1.2119902,0.8887436,1.1309787,1.1586932,0.85676533,1.0688877,0.7248552,0.7443086,0.47302654,0.7904106,0.7645615,0.6070687,0.755501,0.90952945,0.58841467,0.7336492,0.6070687,0.73098433,0.6696927,0.6963412,0.33178937,0.48928216,0.35150927,0.6417118,0.6481074,0.9265845,0.88048255,0.7403113,0.8418422,0.9524335,1.0704865,1.0990005,1.027849,1.008129,0.9513676,1.1141902,0.90926296,0.77655333,0.74910533,0.62758803,0.5063372,0.6678273,0.6004065,0.68381643,0.63291776,0.59614277,0.77388847,0.28035772,0.37709185,0.22972551,0.24758004,0.40613878,0.44904286,0.22466229,0.30354196,0.2625032,0.66942626,0.6758219,0.69953907,0.8770182,0.8970046,1.0019999,1.1976,1.2434355,1.2101249,1.2636884,1.0441045,1.2775457,1.2650208,1.5293741,0.25157732,-0.45487514,-0.5417493,-0.655805,-0.5790573,-0.510837,-0.54761195,-0.66779685,-0.5422823,-0.51936454,-0.32216546,-0.39145163,-0.28832185,-0.47592747,-0.5958458,-0.4969798,-0.5484114,-0.24968147,-0.21370596,-0.29338503,-0.21717027,-0.16893645,-0.2654041,-0.32829463,-0.38052574,-0.2891213,-0.2744646,-0.27020085,-0.29231912,-0.38638842,-0.79704213,-0.98118347,-1.1442724,-1.3625239,-0.89857304,-1.1530665,-1.1575967,-1.2074295,-1.1663907,-1.0371454,-1.0656593,-1.2047646,-1.0741869,-1.0859121,-1.0049007,-0.8474079,-0.78265196,-0.7264236,-0.79411083,-0.69764316,-0.99104345,-1.0046341,-1.1349454,-1.0760523,-1.206097,-1.1458714,-0.9233562,-1.0075655,-1.0320822,-1.1538659,-1.1850448,-0.97585374,-1.0520686,-1.0667253,-1.1208217,-0.9734554,-0.99983746,-1.0392773,-0.9601311,-0.8793861,-0.9681257,-0.8250231,-0.68298644,-0.5604032,-0.21050815,-0.0005177523,-0.06314179,-0.20864274,-0.058345053,-0.079397395,-0.059677485,-0.06287531,0.13325785,-0.032762468,0.28568742,0.0852905,0.14151889,-0.06314179,-0.14095548,-0.28299215,0.04238637,-0.06793852,0.075697035,0.4756914,0.5433787,0.7914765,0.5612332,0.33392125,0.44584507,0.5351176,0.46609792,0.2880858,0.4434467,0.26383564,0.2137364,0.35897085,0.26676697,0.320064,0.16976634,0.4996751,0.6331842,0.4706282,0.06557059,-0.15774406,0.039455038,0.09728234,0.011474085,0.06370519,-0.17639802,-0.19585146,-0.54015034,-0.41650122,-0.30297852,-0.23875558,-0.10231513,0.011207599,0.07063381,-0.14761762,-0.093254626,-0.12736474,-0.19585146,-0.03835866,-0.089257345,-0.08179576,-0.37626195,-0.22303295,-0.25740954,-0.09618596,0.123397894,0.07063381,0.15884043,1.1293797,1.7915957,1.8678104,1.4059914,1.4371703,1.5437645,1.4345053,1.6921966,1.5618854,1.5485611,1.4275768,1.298065,1.2279793,1.197067,1.2516966,1.2117237,1.1848087,1.216787,1.3289772,1.4174503,1.3279113,0.93617797,0.9348455,0.97748315,0.87035614,1.0446374,1.008129,0.9548319,0.93910927,1.0944701,0.7760203,0.6166621,0.55163974,0.4847519,0.63265127,0.74990475,0.7333827,0.43891644,0.36749837,0.27236316,0.26596752,0.18309058,0.1972143,0.20414291,0.67422295,0.818125,0.85676533,0.90899646,0.49940857,0.5076696,0.50393885,0.54364514,0.4682298,0.37815782,0.31233597,0.081293225,0.14365077,0.13219191,-0.094853535,-0.108710766,-0.068205014,-0.14548574,-0.3160363,-0.29178616,-0.1713348,-0.1660051,-0.3088412,-0.20704384,-0.108710766,-0.11137562,0.023732407,0.28328905,0.41546574,0.23585467,0.19268405,0.29075062,0.16283771,0.43571863,0.23239036,0.16523609,0.16443662,0.2734291,0.26383564,0.21320343,0.03918855,-0.03569381,-0.035427324,0.1612388,0.15191181,0.10314501,0.040520974,-0.22729671,-0.122568004,-0.022902515,-0.088724375,0.022133494,-0.0055809724,-0.17080183,-0.21237354,-0.13829063,-0.15561217,-0.069270946,-0.06287531,0.0799608,-0.0055809724,-0.010644192,0.045051225,0.022932952,0.12259844,0.3765589,0.35337466,0.50500476,0.48448542,0.3874848,-0.23982151,-0.6944453,-0.6843189,-0.9097654,-0.93321615,-0.83115226,-1.1146926,-1.2314131,-1.3169549,-1.3436034,-1.2617925,-1.335076,-1.368653,-1.4829752,-1.2282153,-1.3518645,-1.0526016,-0.8964412,-0.90603465,-0.73601705,-0.5990436,-0.25394523,-0.36986634,-0.58731824,-0.6472774,-0.6643325,-0.64221424,-0.53615314,-0.56520003,-0.48711982,-0.34188536,-0.012776074,0.2156018,0.25237677,-0.44368273,-0.44874597,-0.47299612,-0.3269622,-0.49751276,-0.26860192,-0.25874197,-0.36986634,-0.74454457,-0.7637315,-0.69790965,-0.7152312,-0.6355521,-0.61476624,-0.60330737,-0.69657725,-0.6198295,-0.5151008,-0.36107233,-0.45620754,-0.46819937,-0.46313617,-0.6121014,-0.7802536,-0.61476624,-0.88684773,-0.29525048,-0.44608113,-0.52682614,-0.4173007,-0.32936054,0.03412533,-0.23156048,-0.34455022,-0.56839776,-0.6176976,-0.29311857,-0.49085063,-0.43435577,-0.5441477,-0.7312203,-0.9478728,-0.862864,-0.81223184,-0.7005745,-0.68138754,-0.7346846,-0.6350191,-0.6182305,-0.5777248,-0.6637995,-0.6302224,-0.62995595,-0.7493413,-0.15054895,-0.2995142,-0.5241613,-0.4391525,-0.76426446,-0.68911564,-0.72509116,-0.48951823,-0.47033125,-0.6608682,-0.63581854,-0.67126113,-0.43302333,-0.47352907,-0.43675414,-0.42316338,-0.4841885,-0.3413524,-0.49618033,-0.42716068,-0.37146527,-0.26353872,-0.21157409,-0.17426614,0.13938701,0.16603555,0.40480635,0.5020734,0.49807617,0.59481037,0.71979195,0.56016725,0.5119334,0.27209666,0.28835228,0.34884444,0.5028729,0.6142638,0.8522351,0.6081346,0.12313141,0.28835228,0.3219294,-0.029031673,0.14285132,0.18788733,0.061306827,0.05651009,-0.14761762,-0.068737976,-0.21024165,1.0059972,1.1490996,1.5653497,1.614916,1.4664836,1.461687,1.2295783,1.3452328,1.4011947,1.7441612,1.7377657,1.8515549,2.2342277,2.4655368,2.4620726,2.3346925,2.4399543,2.864199,2.7842534,2.7666652,2.8732593,2.6224966,2.282195,2.435424,2.084996,2.4079762,2.6027768,2.5188339,2.587587,2.455677,2.478861,2.340822,2.3725336,2.385325,2.488188,2.4197013,2.5055099,2.5929167,2.7309563,2018-04-17
VICR_TXT,1.3115245,1.1267457,1.0978317,0.7219493,0.637466,0.39124495,0.22950706,0.20736973,0.19562341,-0.052856587,-0.20555885,-0.34561118,-0.45584595,-0.75266665,-0.68851364,-0.42467302,-0.18342152,-0.350129,-0.37091097,-0.5584004,-0.4305462,-0.45855665,-0.43913004,-0.3736217,-0.37497702,-0.35690576,-0.3429005,0.05060145,0.054215703,0.0058750473,-0.11791317,-0.31940788,-0.39621076,-0.33973804,-0.4251248,-0.45855665,-0.46623692,-0.5999643,-0.7454381,-0.7752557,-0.6510157,-0.83669806,-0.8479926,-1.3011298,-1.0381929,-0.8570282,-1.0165073,-1.1000869,-1.1832148,-1.2559516,-1.0070199,-1.077046,-0.91124207,-1.0960209,-1.1470722,-0.913501,-0.97494334,-1.008827,-0.9622935,-0.85612464,-0.5895734,-0.64017296,-0.6239088,-0.4450032,-1.1154475,-1.5080459,-1.7664651,-1.3869684,-1.2708604,-1.2184538,-1.0960209,-0.9107903,-0.86380494,-1.1380366,-1.0250912,-0.797393,-0.81094646,-0.8918154,-1.0738837,-1.2125806,-1.2658908,-1.0951173,-0.39621076,-0.12468989,0.084936865,-0.20736596,-0.5118669,-0.6252641,-0.23808713,0.22679634,-0.17257877,-0.4007286,-0.410216,-0.8073322,-1.0512944,-0.8850387,-0.9464811,-0.7047777,-0.6713459,-0.5769235,-0.46714053,-0.4553942,-0.399825,-0.0822224,-0.16038066,-0.22001585,-0.11294357,0.112043776,0.22905529,0.2977261,-0.13643622,-0.26474229,-0.32934704,-0.5127705,-0.6026751,-0.74001676,-0.8010073,-0.5466541,-0.5561415,-0.39801788,-0.18071085,-0.10164902,-0.044724517,-0.16399492,-0.14502008,-0.3831091,-0.051953025,-0.21549805,-0.68761003,-1.0038574,-1.108219,-1.2817031,-1.290287,-1.0336751,-0.95913094,-1.0323197,-1.0490355,-1.0616854,-1.0291572,-1.0711728,-1.0643961,-1.1692096,-1.597047,-1.412268,-1.4764211,-1.7886025,-1.9114869,-1.7944756,-1.5889148,-1.6562302,-1.6923729,-1.6083415,-1.5871077,-1.356699,-1.126742,-1.3047441,-1.2645355,-1.2473677,-1.3982629,-1.1899915,-0.96816653,-1.0571675,-1.0612336,-1.3481151,-1.161981,-1.1574632,-1.2826067,-1.4520249,-1.6110522,-1.5437367,-1.541026,-1.6752051,-1.6106004,-1.4841015,-1.3169421,-1.474614,-1.0675585,-1.0128931,-1.0865334,-0.9785575,-1.1615293,-0.94512576,-0.8985921,-0.74227566,-0.7002599,-0.5181918,-0.59860903,-0.6952903,-0.64152825,-0.6898689,0.6501159,0.3799504,0.48882982,0.594095,0.9044691,0.6772228,0.7752595,0.612618,0.63114107,0.7924272,0.8059807,0.9731399,0.7097511,0.55388635,0.29953322,0.14547563,0.21956785,0.14547563,0.17619678,0.30134034,0.2850762,0.2597764,0.46443358,0.4820531,0.7702899,0.99753606,1.3964595,1.5780758,1.6205431,1.5279279,1.6327413,1.5089531,1.4380234,1.4461554,1.3413421,1.1705686,0.8972406,0.8448339,0.7160761,0.33838648,0.5249723,0.51864743,0.65463376,0.5407847,0.76080245,0.529942,0.32167053,0.3948592,0.12830792,-0.022587208,0.085388646,0.01671781,-0.10571506,-0.14366473,-0.21775694,0.14908989,0.112043776,-0.009937317,-0.49786168,-0.2959152,-0.23763536,-0.0700243,-0.23808713,-0.23582824,-0.31624538,-0.29681876,-0.310824,-0.33025062,-0.26293513,-0.30901688,-0.33883446,-0.23131041,-0.17619301,-0.05330837,-0.05556728,-0.12468989,-0.24486385,-0.46849585,-0.3361238,-0.23266575,-0.0027088071,-0.004967716,0.04834254,-0.0054194983,0.04337294,0.11882051,0.14547563,0.13372931,0.07454589,-0.3410934,-0.22001585,-0.16218778,-0.052404806,0.07273876,0.15496305,0.3921485,0.49018517,0.24622299,0.43054995,0.28914225,0.030271268,0.12604901,0.32844725,0.43868205,0.896337,1.0662069,1.0910549,0.9794648,0.53988117,0.5891254,0.6907763,0.6758675,0.73911697,0.6090038,0.2981779,0.36639693,0.4626265,0.40299127,0.38085395,0.24486762,0.271071,0.15225236,0.102104574,0.07861192,0.18794313,0.16083622,0.102556355,0.13237396,0.060992435,0.0840333,0.094876066,-0.057374407,-0.093968734,-0.20872132,-0.27919927,-0.35419506,-0.3632307,-0.40750533,-0.3632307,-0.64740145,-0.55568975,-0.69077253,-0.7111027,-0.5665325,-0.5163847,-0.57285744,-0.5231615,-0.43461224,-0.46894765,-0.53310066,-0.5376185,-0.34741834,-0.14140582,-0.014003353,-0.075445674,-0.03433353,-0.05059768,0.06505846,0.10029745,0.21550182,0.42106253,0.4838602,0.6103591,0.434616,0.42512858,0.409768,0.54530257,0.4992208,0.46533716,0.19562341,0.15812552,0.27197453,0.28326908,0.22634457,0.43506777,0.46353003,0.36052376,0.66954255,0.6162323,0.8543213,0.9013066,0.8168234,0.87058544,0.8104985,0.84302676,0.88820493,0.4513319,0.5787344,0.6108109,0.7842951,0.88594604,1.0598819,0.8976924,0.70749223,0.7946861,0.82314837,0.83986425,0.8895603,0.59816104,0.558856,0.35329527,0.20194836,0.15225236,-0.26926008,-0.10842575,0.111591995,0.28462443,0.086292215,0.15180057,0.20691796,-0.07318677,-0.010840881,0.22182676,-0.11023288,-0.21549805,-0.7865503,-0.7833878,-0.5864109,-0.17890371,-0.36910385,-0.28462067,-0.5349078,-0.71878296,-0.49108496,-0.4721101,-0.5163847,-0.46217093,-0.33928627,-0.36684495,-0.4919885,-0.50418663,-0.54078096,-0.4576531,-0.4382265,-0.61396956,-0.743631,-0.81094646,-0.9659077,-1.0576195,-0.9247955,-0.85205865,-1.0390964,-0.84754086,-1.0110859,-0.8597389,-0.8231446,-0.92434376,-1.2229716,-1.2247787,-1.087437,-0.89497787,-0.00090168,-0.66095495,-0.3532915,-0.3478701,-0.30178836,-0.33115417,-0.623457,-0.75944334,-0.8633532,-0.9103386,-0.98623794,-1.1348741,-1.2740228,-1.2704086,-1.1601739,-0.9677148,-0.9455775,-0.6812851,-0.5715021,-0.69890463,-0.23131041,-0.19697498,-0.04111026,0.1486381,-0.52542037,-0.34967723,-0.3008848,-0.37181455,-0.19607142,-0.34018984,-0.09939011,-0.24938168,-0.17483768,-0.14411652,-0.15405571,-0.029815715,0.0790637,0.20240015,0.20691796,-0.09758299,0.14592741,0.25661397,0.26158357,0.37046298,0.09216537,0.04608363,-0.011744444,0.0072303927,-0.03117106,-0.021231862,0.038855124,-0.013099789,-0.31398648,-0.13101484,-0.10842575,0.07228697,0.25390327,0.13056684,0.59183604,0.8927227,0.6239126,0.6984566,0.9912111,1.2261376,1.0666587,1.1208725,1.256407,1.3693525,1.1362332,1.0851817,0.9970843,0.9988914,0.908535,0.9004031,0.37678793,0.31941164,0.38537177,0.32573658,0.6284304,0.8498035,0.651923,0.7038779,0.7156243,0.71517247,0.49605834,0.4540426,0.27875125,0.30992422,0.7400205,1.4990139,1.552776,1.8161649,1.855018,1.9684153,1.969319,1.8938713,1.7398137,1.6652696,1.8111951,1.4953996,1.3467634,1.3910381,1.3905863,1.6575893,1.896582,1.7786669,1.4032362,1.3612205,1.2112288,0.9415152,0.95687574,1.00612,1.0689176,0.8976924,0.70207083,0.9103422,0.999795,0.7056851,0.6193948,0.6781264,0.85251415,1.2898389,1.3015853,1.3661901,1.2993263,1.1276493,1.0684658,1.1823149,0.59725744,0.27152276,0.12921149,0.24848188,0.25345147,0.55704886,0.51051533,0.47346923,0.49741364,0.37904683,0.28462443,0.37046298,0.1933645,0.1359882,0.25661397,0.494703,0.47437277,0.59048074,0.78926474,0.8719408,0.79649323,0.8981442,0.98985577,0.8615498,1.05175,0.8741997,0.6708979,0.7571882,0.4418445,0.44229627,0.024849882,-0.40343928,-0.24983345,-0.17348233,-0.08357775,0.11791694,-0.010840881,-0.10164902,-0.060988665,0.06551024,0.27468523,0.50554574,1.2550517,1.5717508,1.5048871,1.5473546,1.9300138,1.7642099,1.1606293,1.0955727,1.0978317,1.4850086,1.5152781,1.6481019,1.8130023,1.9336282,1.8107435,1.8681198,1.5988578,1.4560946,1.3097173,1.0499427,0.7874576,0.6144252,1.1678579,0.79920393,0.9153118,0.35736132,0.3691076,-0.004967716,0.09849032,0.030271268,-0.07183142,0.24260873,0.30405104,0.27061918,0.46759605,0.63430357,1.0485874,0.8240519,0.9008548,1.2677016,1.2704123,1.4714552,1.2396911,1.0345821,0.96997744,0.48792627,0.66141045,0.6681872,0.7657721,1.018318,0.8945299,0.8344429,0.5809933,0.10165279,0.47075856,0.42332143,0.8538695,0.6099073,0.11023665,-0.21594982,-0.08899913,-0.1671574,-0.27061543,-0.38762692,-0.53219706,-0.52270967,-0.6216499,-1.0137966,-1.292546,-1.541026,-1.5188886,-1.8197752,-1.940401,-2.1324081,-2.346101,-2.0763874,-2.124728,-2.1757793,-2.0217216,-2.19114,-2.0587678,-2.5539205,-2.7305675,-2.7161105,-2.9781437,-2.4906712,-2.3144765,-2.637952,-2.5439816,-2.2607143,-2.2110183,-2.5173264,-1.9747363,-2.0461178,-2.458143,-2.4807322,-2.940646,-2.793365,-2.8290558,-2.8615842,-2.5195854,-2.3388727,0.8918192,0.8958852,0.8769104,0.7025226,0.8181788,1.6657214,1.3860685,1.5496135,1.1186136,0.88684964,0.70749223,1.3702561,0.99347,0.57512015,0.4441034,0.6754157,0.8005592,0.5434954,0.3998288,0.57963794,0.86832654,0.94648474,0.7675792,1.4682927,2.2146363,2.6280167,2.2019866,2.6239507,1.900648,2.2037935,1.9973294,2.2778857,3.1940994,3.0721183,3.5008593,3.1620228,2.8999896,2018-04-17
ECL_ASH,-2.1977048,-2.9293985,-2.492869,-2.9199586,-2.7868817,-2.7765212,-2.9158146,-3.0926366,-2.9878786,-2.8520386,-3.2409093,-2.4327772,-2.3915644,-2.1917188,-2.1698463,-2.3321633,-2.3517337,-2.4300141,-2.3227236,-2.5059924,-2.5962455,-2.7014637,-2.5379953,-2.5354626,-2.5352325,-2.3719945,-2.2916417,-2.5495074,-2.5225694,-2.6305506,-2.6715329,-2.3595614,-2.3155863,-2.4327772,-2.382125,-2.3155863,-2.2324705,-1.8903384,-1.8785962,-1.8753729,-1.9283276,-1.9345438,-1.9350042,-1.994866,-2.1677742,-2.094098,-2.1631694,-2.1493552,-2.223261,-2.1051495,-2.0282505,-1.8820498,-1.8136693,-1.6543453,-1.5081447,-1.4793651,-1.3333946,-1.6209608,-1.5737623,-1.5417594,-1.7192721,-1.8709984,-1.9630934,-2.230629,-1.4469016,-1.2203484,-0.46332854,-0.5282554,-0.5333206,-0.61735713,-0.4131368,-0.42879295,-0.7633275,-0.46793327,-0.38412696,-0.43247673,-0.48105678,-0.49694312,-0.64982057,-0.61528504,-0.63784826,-0.7554995,-0.8747623,-1.131707,-1.000702,-0.9166655,-0.6307109,-0.46977514,-0.7937188,-1.0980923,-0.71313584,-0.53999746,-0.81490064,-0.84690356,-0.40876234,-0.54414177,-0.6219619,-0.8696971,-0.5641724,-0.01436612,-0.040382914,-0.04245505,-0.052355245,-0.81121683,-0.9360054,-0.92104,-0.7361595,-0.4787544,-0.18842539,-0.038080543,0.421703,0.5660617,0.716867,1.1791831,1.1379707,1.364524,1.6523205,1.5629884,1.5724281,1.8220053,1.8406544,1.8696643,1.2841713,1.3021299,1.1266891,1.4916149,1.2494055,1.2151002,1.3127208,1.1531663,1.0988303,1.0661367,0.4023631,1.1306031,0.2999076,0.30612397,0.1389718,-0.14352915,0.023853246,0.28908643,0.16498862,0.29346094,0.32707554,0.29553306,0.3514807,0.17074454,0.24603207,0.57435024,0.59553206,0.4748878,0.36161113,0.3825627,0.41433543,0.35930875,0.19814277,0.3404293,0.43920103,0.20620105,0.54027516,0.421703,0.052632887,0.54027516,0.86053497,1.2643709,0.8411951,0.55178696,0.5612267,0.64134926,0.9098057,0.77005184,0.7995221,0.965523,0.7640656,0.7246951,0.38716745,0.43390557,-0.41751134,-0.66524655,-0.82549155,-0.83493125,-0.723036,-1.0587218,-0.7736882,-1.0911852,-1.0241863,-1.0308632,-1.2302485,-0.6493602,-0.76033443,-0.59134036,-0.68619806,-0.1469827,0.3514807,0.41502616,0.041581508,0.28586313,0.591618,0.21541055,-0.18405089,0.63398165,0.5538591,0.084866084,0.45416644,0.41755873,0.8259994,0.7573888,0.54925436,0.43482652,-1.0451378,-0.84414077,-0.594794,-0.19326036,-0.91229093,-0.5503582,-0.8413779,-0.93439376,-0.8073028,-0.8680854,-1.0453681,-0.96962,-0.7432969,-0.8089144,-1.682204,-1.395789,-1.3575696,-1.0538869,-1.1409165,-1.1367723,-0.8227287,-0.8020073,-0.67238384,-0.7518157,-0.67307454,-0.71336603,-0.8135192,-0.6406111,-0.78404886,-0.81536114,-0.611371,-0.88189965,-0.67998165,-0.77553004,-0.66478604,-0.46770304,-0.25634533,-0.36685917,-0.35626826,-0.3620242,-0.4750706,-0.47023565,-0.48428014,-0.36754987,-0.5208878,-0.062485687,-0.22019811,-0.20477222,-0.5165133,-0.55887693,-0.060643785,-0.12395898,0.26744413,0.0291487,0.09775936,0.070591375,0.076117076,-0.008379955,0.32569414,0.17534928,-0.028180348,0.0012900053,0.07082162,0.08394513,0.32937792,0.2989866,0.2386645,0.18709137,0.05539573,0.35723662,0.20620105,0.2225479,0.40489572,0.4009817,0.3056635,0.26813486,0.26652318,0.33950835,0.34756663,0.07634731,0.2911586,0.2250805,0.2814886,0.32016844,0.24395995,0.3756556,-0.036468882,-0.18336017,0.07726826,0.09361509,0.1903147,0.16107458,0.2540904,0.2540904,0.03835818,-0.089193195,-0.12395898,-0.17898567,-0.21398172,-0.17622282,-0.19579297,-0.25657558,-0.28627616,-0.49510124,-0.48704293,-0.49740362,-0.41705087,-0.46470997,0.48386705,0.57918525,0.34273168,0.1394323,1.2521683,0.92845494,1.102284,1.149943,1.0573877,1.194609,1.1478709,1.3870873,1.2933807,1.1844786,1.0695902,1.033443,0.8570814,0.89645195,0.829453,0.90773356,0.7477188,0.8713561,0.99499345,1.000519,0.99292123,0.80182457,0.74357456,0.8575419,0.80481756,0.44380578,0.4645271,-0.06801137,-0.29594612,-0.41336706,-0.4792149,-0.48773366,-0.7149777,-0.9912624,-1.1623285,-0.9277169,-0.6539649,-0.14099653,-0.13201728,0.14610916,0.43620798,0.40512592,0.7408117,0.7792613,0.73505574,0.36782753,0.22669217,-0.020352285,0.10765956,0.1394323,-0.034166515,-0.050052874,-0.09955386,-0.115900695,-0.113598324,0.05700739,0.06805877,-0.019431336,0.02016945,0.09016154,-0.11958448,-0.20246986,-0.17553212,-0.34890068,-0.7700044,-0.73823166,-1.0670104,-1.2822821,-0.8761437,-0.8984767,0.15854198,0.5504056,0.52853304,0.06967043,0.09269415,0.12009238,0.111113116,-0.2473661,-0.24667539,-0.11129595,-0.17714377,-0.25588486,-0.095409594,-0.26854792,0.02753704,0.72377414,0.4000607,0.6116486,0.1320647,0.21909434,0.35032952,0.3137218,0.79330575,0.9860142,1.0507108,1.1828669,1.2231584,1.2811782,1.2873946,1.0944558,1.0843254,0.90566146,0.87066543,0.8184016,0.6636822,0.6632218,0.8660607,0.78731954,0.68164074,0.70719707,0.81402713,0.58816445,0.6894688,0.74979097,0.6982178,0.7647564,0.9141803,0.95608336,0.8301437,0.9033591,1.0355152,0.8672119,0.5630686,0.28425145,0.4097307,0.016485658,0.1097317,0.22139671,0.19607063,0.10282458,0.23405977,0.24326923,0.2708977,0.2980657,0.16084434,0.41594708,0.5025162,0.4718947,0.48524848,0.3231615,0.14726035,0.12607853,0.814948,0.5154095,0.58885515,0.75877017,0.6553937,0.6461842,0.8727375,0.9388156,0.6864757,0.62592334,0.6604589,0.58908546,0.36437398,0.49906272,0.54142636,0.49560913,0.62270004,0.69108045,0.5727386,0.4389708,0.47995305,0.4431151,0.52669114,0.48271585,0.5262307,0.55224746,0.6632218,0.498372,0.3514807,0.37611607,0.36782753,0.34365264,0.32085916,0.44910124,0.5708967,0.45140362,0.5250795,0.55662197,0.5543196,0.57803404,0.61003697,0.6972969,1.178032,1.4538561,1.4172484,1.5857819,0.74887,0.90013576,1.0281476,0.85040456,0.78778005,0.69959927,0.8220854,1.0799509,1.0840952,0.33812696,0.26145798,0.01947874,-0.09748173,-0.26325247,0.3086566,0.044804826,-0.13040562,-0.0049263975,0.26698366,0.25754395,0.52369803,0.5474125,0.60312986,0.61901623,0.6599984,0.64434236,0.43091252,0.5573127,0.6901595,0.8444184,0.7196299,0.9167128,0.9512484,0.8681328,0.7309115,0.3657554,0.31671488,0.1518651,0.29668424,0.3194777,0.6268443,0.45831072,0.7578492,0.6972969,0.8619164,0.7417326,0.78317535,0.65009826,0.57826424,0.7762682,0.7019016,0.83244604,0.7161763,0.55984527,0.5573127,0.50458837,0.6155627,0.444036,0.49008346,0.5075815,0.52093524,0.69591546,0.7716635,0.7617633,1.4685912,1.5784143,1.4483303,1.2590754,1.4055063,1.9053509,1.5164806,1.4913847,1.750862,1.6958352,1.8613757,1.5804864,1.5121061,1.6028194,1.6857048,1.4906939,1.4702029,1.5860121,1.7333639,1.7094193,1.6967562,1.8620664,1.6960655,2.0230024,1.5247691,1.6709696,1.4879311,0.6862455,0.69522476,0.5708967,0.95286006,0.83106464,0.60359037,0.8011338,0.8586931,0.833367,0.93305963,0.94365054,0.46107358,0.08072181,0.08924059,0.0024411909,0.36690658,-0.021503469,0.036746524,0.25316942,0.35055974,0.4709738,0.69798756,0.7101902,1.0263057,0.9199361,0.8635281,0.5481032,0.46245497,0.4746576,0.5586941,0.48294607,0.19768228,0.23544116,0.076577544,-0.014826593,-0.08297679,-0.25128013,-0.30768824,-0.32910025,-0.27867833,-0.088502474,0.30842635,0.43735915,0.44841054,0.2064313,0.20412892,0.26767436,-0.124189235,-0.71382654,-0.83354986,-0.5206576,-0.48151726,-0.32956076,-0.53723466,-0.42925343,-0.31850937,-0.85450137,-0.78888386,-0.8835113,-0.30538586,0.19514968,0.40167236,0.14610916,0.13068327,-0.17161807,-0.2169748,-0.17599258,-0.05788094,-0.0063078203,0.08878011,0.0102692535,-0.25381273,-0.5231902,-0.43984434,-0.450205,-0.37445697,-0.3238048,-0.32104197,-0.7769115,-0.7110637,-0.4960222,-0.44444907,-0.36110324,-0.2070746,-0.41382754,-0.38343623,-0.34544712,-0.062485687,0.027306803,0.11871094,0.054474786,0.31671488,-0.28351334,-0.5165133,-0.6366971,0.22116646,0.087168455,0.026846327,0.0738147,0.79814076,-0.41152516,-1.2125202,-1.5523503,-0.9548848,-1.5406082,-1.1832801,-0.9500499,-1.1784451,-1.4475924,-1.3854283,-1.2028502,-0.8056911,-1.121116,-1.1356211,-1.1213462,-0.8768344,-1.3106012,-1.1038483,-1.2903404,-1.4121357,-1.5843532,-1.3582604,-0.98274356,-0.5894985,-0.6083779,-0.2231912,0.0738147,0.09845007,-0.10461908,-0.4858918,-0.2176655,0.07957063,0.5082722,0.5186329,0.16544908,0.2722791,0.4854787,0.54165655,0.73505574,0.43114275,0.9899282,1.2876248,1.4501722,1.6619904,1.6258432,1.8086514,1.6108778,1.7662878,1.7137938,2.7777195,2.9301364,2018-04-17
SMG_BCPC,0.780255,0.7375184,0.87398195,1.0363076,1.1137102,0.87398195,0.81198645,0.13205338,0.07079153,0.3081353,0.26154697,0.29052714,0.2529263,0.12398295,-0.030639015,-0.29329458,-0.017983124,0.13058603,-0.28210604,-0.1992008,-0.27110094,-0.3954588,-0.3002645,-0.23900265,-0.40371263,-0.55081445,-0.73808503,-0.6652677,-0.82429177,-0.9431471,-1.0698894,-1.2699991,-1.3272258,-1.4664406,-1.6236304,-1.87363,-1.8851854,-1.9125148,-2.0009227,-1.9381936,-2.0095434,-0.8934406,-0.71277314,-0.73460007,-0.32612655,-0.39252412,-0.5328394,-0.4591051,-0.44406477,-0.19296457,0.15021183,0.050982308,-0.14839382,-0.06787301,-0.14637621,-0.2835734,-0.32447577,-0.3002645,-0.36886308,-0.19296457,-0.38610446,-0.23771873,-0.18085892,-0.38720497,-0.45947194,-0.28687495,-0.08584804,-0.41270018,-0.35694087,-0.18581124,-0.71552444,-0.66655165,-0.6661848,-0.5256861,-0.7723843,-0.65591335,-0.51963323,-0.34391814,-0.44901705,-0.37216464,-0.41013232,-0.21570848,-0.21552505,-0.28100553,0.039243508,-0.13372032,-0.17370561,-0.26193,-0.4589217,-0.45782116,-0.63243574,-0.10198889,-0.28522417,-0.16251706,-0.20195207,-0.21515822,-0.29035988,-0.1236323,-0.45598698,-0.8186058,-0.90041053,-0.9048126,-0.89362407,-0.80906796,-0.8002639,-1.2412025,-1.4059124,-1.2393683,-1.0143136,-1.1394051,-1.0095447,-1.1931468,-1.2276294,-1.3250248,-1.2019509,-1.4451641,-1.5917156,-1.5700722,-1.5955673,-1.5851125,-1.7380836,-2.025134,-2.1043706,-1.7032342,-1.6067559,-1.5843787,-1.7245108,-1.7705487,-1.6656333,-1.9939528,-2.1878264,-1.9126983,-1.9702916,-1.0724573,-0.8532719,-0.9635065,-1.1394051,-1.1781064,-1.1784734,-0.9890018,-0.7212104,-0.8160379,-0.8725309,-1.1773728,-1.1826919,-0.8009976,-0.8908727,-0.8987598,-1.3420827,-1.1271161,-1.1832422,-1.324658,-1.069706,-1.202868,-1.3629925,-1.3778495,-0.8754656,-0.6839764,-0.7054364,-0.3835366,-0.54843,-0.39802667,-0.4956054,-0.5656714,-0.6379383,-0.67150396,-0.7589947,-0.6839764,-0.84997034,-0.85143775,-0.8851868,-0.95635325,-0.76027864,-0.58841527,-0.11684581,-0.44883364,-0.5922671,-0.4697434,-0.4748791,-0.25844505,0.11921406,0.50659436,0.24045382,0.25365996,0.99522173,0.6551635,0.8261097,0.7072544,0.8829695,0.8393159,1.0075108,0.89562535,1.0379583,0.9207537,-0.7788039,-1.2722002,-0.8373145,-0.71882594,-0.9407627,-1.0880479,-0.80356544,-0.72634614,-0.9323254,-1.1348196,-0.8200732,-0.8228244,-0.6814085,-0.37143096,-0.3257597,-0.36556157,-0.18049209,-0.28283975,-0.3431845,-0.08401386,-0.16967039,-0.18764542,-0.45598698,-0.5317389,0.7811721,0.9746789,1.1564467,0.9299247,1.2921766,1.3066667,1.5447443,1.0181491,0.49467215,1.1296676,0.9921036,0.9928373,0.8299615,0.82354176,0.95890486,0.8185895,0.50145864,0.5990374,0.38113597,0.36536196,0.29199448,0.63095224,0.6131606,0.5803287,0.42974192,0.25347656,0.19936804,0.31143686,0.117013045,0.21532547,0.069874436,-0.039076276,-0.10143863,0.049148124,-0.13298665,0.12324928,0.2567781,0.3323466,0.25567758,-0.028621411,0.007145238,-0.42608973,-0.5885987,-0.6087748,-0.7089214,-0.66086566,-0.45653725,-0.32741046,-0.34080005,0.44569936,0.1448927,0.55575055,0.5647381,0.51741606,0.3774676,0.36792982,0.52787095,0.51503164,0.5053105,0.67332196,0.6052736,0.66195,0.4453325,0.26668268,-0.09208427,-0.16306731,0.08234691,-0.061820194,-0.27550298,0.0062281447,0.15222943,0.3774676,0.36591223,0.424973,0.40773168,0.2767707,0.29437894,0.48109913,0.80685073,0.75531006,0.6324196,0.2589791,0.31125346,0.6344372,0.96312344,0.7987803,0.90553,0.5267704,0.3578418,0.5973866,0.5779442,0.7054202,0.58528095,0.4992576,0.524386,0.5273207,0.87416536,0.9658747,0.54511225,0.60472333,0.33748233,0.26741636,0.28777584,0.85985875,1.0893155,0.955053,1.4046123,1.3061163,1.2666814,1.2377013,1.2199097,1.178457,1.0638204,0.95431936,0.7288978,0.8618763,0.79015964,0.6320528,0.60655755,0.46018943,0.5887659,0.49063691,0.56528836,0.5196171,0.5348408,0.5640044,0.62013054,0.47706395,0.5671225,0.71367407,0.6628671,0.84756964,0.84261733,0.7918104,0.79492855,0.8510546,0.6790079,0.5550169,0.42442277,0.24357194,0.5563008,0.34170094,-0.7619294,-0.9433305,-0.9928536,-1.2025012,-1.2056192,-1.2899919,-1.2766023,-1.1054727,-1.1933302,-0.98148155,-0.50807786,-0.36904654,-0.23386693,-0.2953122,-0.13225298,0.0049442137,0.2540268,0.18175983,0.068040244,0.12379953,0.37545,0.34995478,0.20523743,0.104173735,0.36407804,0.34261805,1.0693228,1.1505773,1.7433867,1.8310608,1.2285303,-0.2718346,-0.80906796,-0.7316653,-0.58034486,-0.4484668,-0.16508491,-0.41453436,-0.3934412,-0.3637274,0.06510554,-0.091900855,-0.22506283,0.2046872,-0.15261245,-0.3101691,-0.33896586,-0.26669887,-1.1216134,-0.9369108,-0.8690459,-1.0372409,-0.9785469,-0.99138623,-0.95085067,-0.7984298,-0.32997835,-0.071541384,-0.19351481,-0.06768959,0.24962474,-0.22231156,-0.41178304,-0.37840086,-0.35584038,-0.42022032,-0.39839348,-0.5203669,-0.3747325,-0.14949434,-0.36060923,-0.27311853,-0.745972,-0.70928824,-0.7158913,-0.40022767,-0.19479875,-0.22726385,-0.011013214,-0.20231892,-0.55686724,-0.8692293,-0.76266307,-0.9757956,-1.0799774,-1.2655972,-1.7268951,-1.3050321,-1.4367268,-1.3169544,-0.9194861,-0.82979435,-1.3162208,-1.346118,-1.4020606,-0.7025017,-0.94351393,-0.6898458,-0.6660014,-0.85437244,-0.6819588,-0.92847353,-1.1317015,-1.3651935,-1.8098003,-1.9845983,-1.9244369,-1.5832783,-1.456536,-1.5075263,-1.3363967,-1.3176881,-1.0020244,-0.8422668,-0.8727143,-1.1682018,-1.0794272,-1.2677982,-0.92205393,-0.6298679,-0.4970728,-0.47322834,-0.17884132,-0.3886723,-0.28228948,-0.21240695,-0.45617038,-0.36519474,0.136272,-0.06053626,0.3081353,0.46569198,0.5724417,0.6212311,0.6845105,0.8347304,1.0973859,1.0306215,1.1204967,1.2155075,1.142507,1.042177,0.84922045,0.4990742,0.32996216,0.31125346,0.41231713,0.271635,-0.32832757,-0.57484233,-0.7564269,-0.55539995,-0.57759356,-1.0163311,-0.5838298,-1.0399922,-0.7780703,-0.6599486,-0.6711371,-0.5871313,-0.48625106,-0.4825827,-0.60749084,-0.5412767,-0.54769635,-0.42535606,-0.61079234,-0.68709457,-0.5708071,-0.6162949,-1.2938436,-1.1903955,-1.6217961,-1.3173213,-1.6936964,-2.13115,-2.0827272,-0.9497501,-1.1175783,-0.87161374,-0.7401025,-0.5609025,-0.24413837,-0.13867262,-0.19755003,0.034291204,0.29364523,0.071158364,-0.08603146,-0.16636886,0.09518621,0.15498072,0.24155435,0.5207176,0.51228034,0.650578,0.5810624,0.51539844,0.6113264,0.5040265,0.31822336,0.60087156,0.70340264,0.59023327,0.6580982,0.91946983,0.7620966,0.8967259,0.99522173,1.0124631,1.1590146,0.6470931,1.2703497,1.2290806,1.2246785,1.9123152,2.0075095,1.923137,1.612976,1.7244947,1.62178,1.862242,1.7753016,1.9091972,1.8479353,1.9042449,1.8042817,1.7769523,1.6573634,1.6978989,1.573541,1.5794104,1.7184418,1.7397182,1.507327,1.4379945,1.442213,1.5315381,1.5533649,1.406263,1.4379945,1.2815384,1.3530716,1.3442675,1.197716,1.1735047,1.0249355,1.0124631,0.81180304,0.87361515,0.77071726,0.4970566,0.5485972,0.6757064,0.5157653,0.696983,0.919103,0.85142154,0.6133441,0.44459885,0.5326398,0.7433879,0.8195066,0.8026321,0.8479365,0.8242755,0.83418006,0.5552003,0.35288948,0.40919903,0.50457674,0.4924711,0.47743076,0.3158389,0.7562272,0.40186226,0.8048331,0.6670857,0.6127938,0.5018255,0.83197904,0.285208,0.37691736,0.5570345,0.534474,0.39305815,0.3332637,0.3402336,0.28465775,0.03337411,-0.3180561,-0.30264893,-0.30650073,-0.24028657,-0.3004479,-0.43746167,-0.25972897,-0.10712461,0.2527429,0.66250026,0.52310205,0.7261466,1.145625,1.505676,1.4634897,1.3075838,1.595001,1.0563002,1.0706068,1.5157641,1.5460281,1.5064098,1.6373707,1.9115816,1.999806,2.1503928,2.3682942,2.4068122,2.6160927,2.2883236,2.507142,2.5441928,2.6846914,2.68139,2.4856822,2.4007592,2.1782725,2.103254,2.3567388,1.9524841,2.2461374,2.3501358,2.5219991,2.2101874,2.4777951,2.4757776,0.005127632,0.022552408,0.15314652,0.29896438,0.6454423,0.9754125,0.9717441,1.4203863,1.4359769,1.4024112,1.3591244,1.1995502,1.1366376,1.092617,1.1129766,1.0630866,0.7567774,1.0304382,0.9534023,1.0597851,0.83894897,0.7180761,0.6184798,0.45688787,0.14874448,0.17827488,0.17864172,-0.14344151,-0.3061339,-0.3354809,-0.338599,-0.7441378,-0.7692661,-0.61464417,-0.6782904,-0.6925971,-0.9556196,-0.93727773,-1.1223471,-1.0014743,-1.2843058,-1.2118554,-1.3857363,-1.3771157,-1.5266019,-1.6342686,-2.0260508,-2.3459332,-2.522382,-2.7054338,-2.7166224,-2.6797552,-2.8356612,-3.007708,2018-04-17
DD_CE,0.44138727,0.5211299,0.33296537,-0.013984833,0.07345221,0.10982603,0.06505826,-0.16437654,-0.19795237,0.10632854,0.33436432,0.11891948,-0.16507605,-0.05595461,0.039176892,-0.2909854,-0.28538942,-0.26300552,-0.27909395,-0.25880858,-0.39241236,-0.40360433,-0.33645266,-0.18046497,-0.16157857,-0.12660374,-0.22523274,-0.0041918834,-0.4966373,-0.67221093,-0.7351656,-0.73796356,-0.6848018,-0.6889988,-0.5477006,-0.30217734,-0.051757634,-0.16647504,-0.26440454,-0.30707383,-0.2881874,-0.41969275,-0.39311185,-0.7645445,-1.2318081,-1.1219871,-1.0590324,-1.4822276,-1.5892506,-1.244399,-0.9044437,-0.467958,-0.14758863,-0.21823779,-0.045462165,-0.02587627,-0.029373752,0.36654118,-0.026575767,-0.061550584,0.08114667,-0.7687414,-0.99957526,-1.035949,-1.1184896,-1.14577,-1.2814722,-1.4598436,-1.5514777,-1.5186014,-1.3891946,-1.4444549,-1.8781425,-1.8949306,-1.9571857,-1.6571016,-2.0313323,-1.9054229,-1.8186853,-2.0215394,-1.9921606,-1.9103193,-1.6340183,-1.7984,-1.8592561,-1.6619982,-1.2835708,-1.2786742,-1.5416849,-1.81239,-1.7431399,-1.7844101,-1.8361728,-1.3381314,-1.7130613,-1.7123619,-1.6298213,-1.8256803,-1.9599837,-1.5130055,-1.6934755,-1.7249529,-1.60394,-1.5186014,-1.8585567,-1.9362007,-2.0341303,-1.8459657,-1.6969731,-1.5724626,-1.5514777,-1.2513939,-0.91563565,-0.93452203,-0.97229487,-1.1765478,-1.0296535,-1.0422446,-0.91563565,-0.70508724,-0.6127537,-0.6400341,-0.64772856,-0.9694969,-1.2171186,-0.7372641,-0.7393626,-0.8044157,-0.47914994,-0.47495297,-0.75195354,-0.65122604,-0.85617846,-0.62744313,-1.0198606,-0.5973648,-0.68130434,-0.5784784,-0.62814265,-0.47775096,-0.35533908,-0.6617185,-0.7813323,-0.76174647,-0.276296,-0.13989417,-0.016782818,0.0070000584,-0.005590876,-0.44207662,-0.43228364,-0.37982142,0.20146003,0.12031847,-0.04476267,0.29029608,0.24412932,0.10702804,2.571354,1.9502012,1.4451647,0.6715216,0.0007045912,-0.11820979,0.012596028,-0.061550584,0.50714,0.50434196,0.5351198,0.46656916,0.57149357,0.8596861,0.43089485,0.37913212,0.0146945175,-0.3448466,-0.37912193,-0.47495297,-0.56728643,-0.97229487,-1.4801291,-1.8445668,-1.6389147,-1.9208119,-1.9802691,-1.9431958,-1.6724906,-1.596945,-1.6850815,-2.019441,-2.5090883,-2.5643485,-2.752513,-1.9676781,-0.48334688,0.045472357,0.2294399,0.3882256,0.8303073,0.7106934,0.6708221,0.29729104,0.43928882,0.44768274,0.75056463,0.6505367,0.48055908,0.29449305,0.5162334,0.47286463,0.6792161,0.6771176,0.8009284,1.168164,0.86108506,0.6078674,0.7197869,0.3476548,0.5225288,0.45257923,0.56240016,0.52952385,0.61835986,0.700201,0.53861725,0.43649083,0.45048073,0.4036145,0.32876837,0.6554332,0.8072239,0.91984284,0.7344762,0.8100219,0.6757186,0.5148344,0.587582,0.5281248,0.301488,0.46866766,0.27071017,0.25322276,0.301488,0.34135932,0.37073815,0.3798316,0.31617743,0.5672966,-0.35394007,-0.13779569,-0.24831611,0.08114667,0.4218014,0.3679402,0.36933917,0.053866316,-0.06574756,-0.37632394,-0.42039225,-0.656822,-0.6022613,-0.47565246,-0.4805489,-0.4686575,-0.41619527,-0.6463296,-0.4441751,-0.5022333,-0.5791779,-0.43997812,-0.36723047,0.068555735,0.18047515,-0.087431945,-0.25950804,-0.20424785,-0.43158415,-0.28119245,-0.08463396,0.29379356,0.30638447,0.23363687,0.123116456,0.41760442,0.3826296,0.29589206,0.1720812,0.0035025764,0.10423006,0.34975326,0.46517017,0.6897085,0.74986523,0.783441,0.9044539,1.2038383,0.48405656,0.43299335,0.3119805,0.08674265,0.08114667,-0.19515441,-0.3140688,-0.24411915,-0.014684329,0.072053224,0.050368834,0.14829832,0.056664303,0.25672027,0.27560666,0.32107392,0.43019536,0.595976,0.7176884,1.8998374,2.0194511,1.751544,2.4426465,2.5664573,2.4461439,2.2565806,2.2090147,2.0873022,2.0306432,1.7550416,1.847375,1.7235641,1.2856795,1.2304192,1.2297198,1.4353718,1.5032228,1.6151422,1.8040063,1.7697309,1.7774254,1.9522995,1.9774814,2.04883,2.2747674,2.176838,2.4146667,2.3691995,2.305545,2.2999492,2.653195,2.7951927,2.3768938,2.348914,2.3810909,2.4356515,2.5587628,2.4916112,2.3810909,2.2055173,2.0271456,1.9998653,1.9005368,1.8830494,1.3955003,1.2479066,1.061141,1.5570841,1.4045938,1.6123444,1.8249911,1.6941853,1.8368826,2.0649183,2.093598,2.2607775,2.530783,2.3160377,1.1702625,0.98139846,0.84289825,1.0268658,0.81561786,0.7540621,0.75126415,0.8743755,0.4406878,0.24342981,0.35255125,0.42669788,0.27071017,0.15879077,0.089890376,0.07904819,-0.40255508,-0.45361832,-0.8474348,-1.3091024,-1.4825773,-1.4874737,-1.3986379,-1.3119003,-1.0293038,-0.84113926,-1.09016,-0.69494456,-0.45851478,-0.7418108,-0.5291639,-0.22977947,-0.60610855,-0.6452803,-0.6452803,-0.59421706,-0.7606972,-0.5291639,-0.36548173,-0.46830773,-0.28993616,-0.2801432,0.061211027,0.1633375,0.13186017,0.44173706,0.5522575,0.51448464,0.538967,0.6606794,0.42285064,0.4697169,0.44103757,0.3137292,0.22139569,-0.009438106,0.26196647,0.016443258,-0.13814543,-0.2031986,-0.223484,-0.17312026,-0.27664572,-0.4599138,-0.45921427,-0.8523312,-0.20459759,-0.17941573,0.2934438,0.67327034,0.4088607,0.10807728,0.0017538357,-0.6186995,-0.1850117,-0.6354874,-0.6781566,-0.66346717,-0.48299718,-0.17102176,-0.052107383,0.029034192,-0.40885055,-0.36198428,-0.58232564,-0.6977425,0.3158277,0.34240854,0.64389145,0.39976725,-0.021329544,0.22699165,0.59003025,0.21230222,0.2766559,0.10178182,0.47741136,0.5697449,0.30253726,0.18362287,0.2018098,0.109476276,0.09758484,0.05911254,0.30463576,0.26686296,-0.033220984,0.38577735,0.26686296,0.5564544,0.9950387,1.2615469,0.8460459,0.5676464,0.38577735,-0.058402847,0.15494354,0.17662792,-0.18221372,-0.16962278,-0.5130755,-0.3396004,-0.35708782,-0.39556012,-0.15493335,0.20950423,-0.0493094,0.32212317,0.38927484,1.3217034,1.2398624,0.7886873,0.8383515,0.55295694,0.7152401,0.70754564,0.6627779,1.126544,0.86423284,0.5060907,0.47811085,0.6816643,0.9327835,0.76630336,0.47181538,0.48440632,0.6746693,0.8271595,0.4893028,-0.10247113,0.096885346,-0.1864107,0.045822106,0.11157477,0.5872323,0.633399,0.69215673,1.0705843,1.0076296,1.0488999,1.0649884,0.91809404,0.75231344,0.9894427,0.84324795,0.640394,0.6571819,-0.26720253,0.0038523248,-0.66206825,-0.422141,-0.51797193,-0.52636594,-0.49628758,-0.37317625,-0.6592702,-0.8393906,-0.77014035,-0.67990535,-0.6561225,-0.7806329,-0.50013477,-0.54490256,-0.12730324,-0.43088466,-0.3714275,-0.47215497,-0.64493054,-0.41689476,-0.20704584,-0.15668209,-0.14688914,0.5169329,0.593178,1.0055311,0.50644046,-0.54700106,-0.33295518,-0.68410236,-1.0786183,-0.97789085,-1.3738058,-1.508109,-1.2681818,-1.0485399,-1.1247851,-1.2814722,-1.2639849,-1.1863407,-1.1289821,-0.8240016,-0.849883,-0.6155517,-0.86597145,-1.1219871,-0.8778629,-0.70368826,-0.81700665,0.11122502,0.31897542,0.30008903,-0.35114208,-0.4875439,-0.5518975,-0.43018517,0.09653559,0.63864523,1.0317622,1.0870224,0.98279744,0.56659716,0.46586967,0.25182378,0.22174543,-0.015383826,0.43019536,-0.02797476,-0.57008445,-0.46026352,-0.366531,-0.12520476,-0.5777789,-0.53091264,-0.58757186,-0.40010685,-0.0958259,0.017492503,0.12871243,-0.09302792,-0.16017957,-0.31966475,0.37843263,0.39452103,0.12451545,0.1727807,0.45257923,0.44418526,0.42529887,0.9009564,0.81561786,0.47496313,0.89605993,1.0786285,0.14689933,-0.08603296,-0.5442031,-0.28399044,-0.28259146,-0.19795237,-0.5183217,-0.3168668,-0.77014035,-0.13779569,0.35534924,0.2658137,0.04057588,-0.11261382,-0.11611129,-0.06574756,-0.55889255,-0.34624562,0.17487918,0.16648524,-0.07344202,0.35534924,0.3266699,0.18467213,0.25252327,-0.21054332,0.048270345,-0.29798037,-0.7407616,-0.18885894,-0.5428041,-0.41689476,-0.2686015,-0.2713995,0.22384392,0.41200843,0.1329094,0.015394014,-0.29378337,-0.13010123,0.26161674,0.6736201,1.2926744,1.469647,1.2311187,1.3759145,0.93942875,0.60646844,0.6771176,0.89256245,0.9897924,1.0352597,0.5358193,1.0828254,1.2409117,1.2660935,0.97929996,1.3989979,0.9450246,0.9429262,1.568276,0.9716056,0.2287404,-0.018881308,1.1506766,0.9219413,0.8988579,0.8401002,1.6941853,1.1730605,1.0184717,1.1688635,1.2563006,1.1373862,0.8226128,1.2353157,1.4759424,1.841779,1.5263062,1.0954164,-0.22803073,-0.7253726,-0.5742814,-0.37632394,-0.63164014,-0.29518238,-0.00489138,-0.16717453,-0.5728824,-0.8393906,-1.2597879,-1.4759321,-1.8522612,-0.8323956,-1.037348,-0.91143864,-1.1324795,-0.93941855,-1.3933916,-2.2076054,-1.7368443,-2.0705042,-1.4059825,-1.3940911,-1.4899222,-1.6612986,-1.9396982,-1.8235819,-2.0019534,-1.5500789,-1.6305209,-1.8312763,-2.6049192,2018-04-17
ECL_CE,0.31084773,-0.4632241,-0.17453966,-0.80031997,-0.4367253,-0.40513054,-0.74222636,-0.72693855,-0.5095971,-0.25556496,-0.43239376,-0.37047818,-0.33939302,0.074141756,0.096054256,-0.030834422,0.0027987207,-0.089692414,-0.061155204,-0.21377832,-0.4805503,-0.4632241,-0.42474988,-0.4866654,-0.42220187,-0.34296015,-0.31034622,-0.75471133,-0.80286795,-0.84694767,-0.8928111,-0.53584117,-0.52157253,-0.71903986,-0.7378948,-0.633683,-0.5271781,-0.121541984,-0.11950362,-0.044338636,-0.18167396,-0.3773577,-0.46042138,-0.6810752,-1.1802216,-1.172068,-1.1537226,-1.4678868,-1.560378,-1.373612,-1.2752607,-1.2102876,-0.900455,-0.7091028,-0.6293515,-0.4367253,-0.4430952,-0.4578734,-0.52361095,-0.49864084,-0.5725319,-0.6736861,-0.8074542,-1.0232668,-0.013763053,0.16816168,0.2843489,0.20077562,0.1579698,0.1360573,0.44563508,0.42754453,-0.02140695,0.25046095,0.3574755,0.21351545,0.23287998,0.59902257,0.48920527,0.43340486,0.33734655,-0.048924975,-0.31951886,-0.9891242,-1.0036476,-0.7995556,-0.3475465,-0.30142832,-0.7012041,-1.2645591,-0.781465,-0.69891095,-1.1037825,-0.79598844,-0.47035843,-0.48233387,-0.47086805,-0.67419565,-0.55622494,0.18421385,0.24205266,0.19083856,0.13936965,-0.16766015,-0.3184997,-0.21912906,-0.251743,-0.48335305,-0.27722266,-0.29811597,0.20638114,0.4825806,0.61456513,0.7781445,0.92414296,1.2885021,1.5259724,1.6332417,1.620502,1.8798847,1.8816684,1.9802746,1.381248,1.1567723,0.7126618,1.0545988,0.83114225,0.6701108,0.5378714,0.6418284,0.68081224,0.6645053,0.012990582,0.533285,-0.14498326,0.06089233,-0.090456806,-0.3467821,-0.28308296,0.06522387,-0.14294489,-0.15823269,-0.26652122,-0.24588269,0.04942649,-0.010705494,0.10471734,0.51799726,0.4728983,0.4013005,0.36257142,0.42117462,0.56411546,0.52615076,0.3567111,0.5299727,0.5816964,0.28536808,0.37454686,0.2693159,-0.42398548,-0.073130645,0.07618012,0.653549,0.2099483,-0.3327683,-0.1870247,-0.02064256,0.26498434,0.10599132,0.10548172,0.24842258,0.045349743,-0.19110143,-0.4866654,-0.49379972,-1.4197303,-1.7321107,-1.9191315,-1.8714844,-1.7397547,-2.2888412,-1.9140356,-2.312792,-2.1925282,-1.9907293,-2.1413143,-1.6238223,-1.8518652,-1.883205,-2.2261615,-1.9958253,-1.2729675,-1.096903,-1.4587141,-1.0023736,-0.5997951,-1.0767741,-1.3486421,-0.6403077,-0.80108434,-1.3855876,-0.7880897,-0.48564622,-0.27187195,-0.5162218,-0.73407286,-0.9348525,-2.5107691,-2.1071715,-1.8332651,-1.3537381,-2.1504867,-1.4954048,-1.8358129,-1.8322458,-1.6676474,-1.8322458,-1.9339097,-2.034809,-1.7466342,-1.7491821,-2.4198067,-2.1171086,-1.8707201,-1.6179619,-1.597833,-1.393741,-0.9891242,-0.9363813,-0.76057166,-0.7394236,-0.6357214,-0.44742677,-0.5926608,-0.52513975,-0.5539317,-0.69585335,-0.6038718,-0.7942049,-0.7592977,-0.8049063,-0.7045165,-0.36385348,-0.06039082,-0.16715057,-0.19823574,0.024201628,-0.31951886,-0.28410217,-0.25581974,-0.18880826,-0.20919198,-0.055294886,-0.3404122,-0.4005442,-0.6431105,-0.7710184,-0.29531324,-0.3618151,0.07872809,-0.16307381,0.073377356,0.013754972,0.112106435,-0.054020904,0.32995746,0.04713332,-0.08001015,0.037705846,0.07872809,0.13427374,0.47850385,0.3212944,0.3490672,0.3689413,0.16994524,0.50755066,0.5462797,0.5169781,0.7383963,0.84846836,0.97255427,0.9638912,0.86579454,0.75521284,0.8191667,0.6104884,0.76311153,0.6359681,0.7952159,0.9358636,0.9809625,1.2576716,0.6953357,0.7554676,0.7959803,0.9350992,1.2357591,1.2191974,1.0892512,1.1376625,1.0084805,1.1611038,1.153205,1.239836,1.2362688,1.3190776,1.1340954,0.97026116,0.98733246,0.84923273,0.9149703,0.9524253,0.9272005,1.4770515,1.3894014,1.2194521,1.4008673,1.542789,2.5933151,2.0870342,2.246282,2.2666657,2.1339169,2.1695883,2.216216,2.1802897,2.0796452,1.9996392,1.9919952,2.0426996,1.9749238,2.0814285,2.039642,2.0569682,1.8676546,2.1300948,2.2618246,2.4175053,2.5874546,2.3925354,2.4934347,2.6126795,2.559427,2.3245046,2.3331676,1.7183437,1.9438387,1.5234245,1.4581965,1.5129778,1.5099202,1.480109,1.4446924,1.5996085,1.7061136,1.7379631,1.6859846,1.8131281,1.8416654,1.7642071,1.8819232,1.8602655,1.6793599,1.5601152,1.5937483,1.2956363,1.2586908,0.92057574,1.0021107,1.126961,1.1009718,0.9728091,0.27797896,0.17758915,0.036431864,-0.08943763,-0.008921919,-0.19543298,-0.2614253,-0.4718872,-0.5195342,-0.82146806,-1.248507,-1.2051916,-1.4041877,-1.5557916,-1.1812408,-0.95905817,-1.0321847,-0.78936374,-0.9949845,-1.6006358,-1.5873864,-1.4388399,-1.4217687,-1.4796075,-1.3519545,-0.9819899,-0.9493759,-0.8015939,-0.7845226,-0.8400682,-1.0482368,-0.55367696,-0.98071593,-0.7427359,-1.1845531,-0.85000527,-0.86452866,-0.59342515,-0.40156338,-0.24690187,-0.32436,-0.2374744,-0.41201,-0.3689494,-0.42933616,-0.58323336,-0.6367406,-0.64871603,-0.5246301,-0.63266385,-0.7187851,-0.76821566,-0.67062855,-0.6601819,-0.69585335,-0.65610516,-0.6148281,-0.9529431,-1.059448,-1.0227573,-0.93663615,-0.7748403,-0.8227421,-0.8293668,-1.0039024,-0.9256798,-0.60641986,-0.5213178,-0.9241511,-0.6196692,-0.44207603,-0.8074542,-0.85943276,-1.2212439,-0.9447896,-1.3917027,-1.228378,-1.1848079,-1.1450596,-1.0551164,-0.9422416,-0.6764888,-0.6252748,-0.70273286,-0.6204336,-0.65151876,-0.91344965,-0.9114112,-0.13300782,-0.51494783,-0.55214816,-0.24027717,-0.21479751,-0.35264242,-0.42322108,-0.5121451,-0.4000346,-0.60641986,-0.6810752,-0.67852724,-0.83497226,-0.6489708,-0.5646332,-0.48080507,-0.52896166,-0.44666237,-0.52845204,-0.5618304,-0.5383891,-0.53405756,-0.34372455,-0.19950972,-0.22728255,-0.22269621,-0.07567861,-0.5383891,-0.5577536,-0.47494477,-0.5557153,-0.41710594,-0.46653646,-0.4143032,-0.34321496,-0.28741452,-0.13071465,0.1431916,0.07133899,0.17835353,0.32689992,0.58373475,0.78527886,0.95217055,1.0018559,0.9565021,0.073377356,0.33199582,0.53252065,0.44996664,0.35186997,0.20714554,0.47672027,0.56640863,0.6023349,0.6143104,0.5116273,0.7638759,0.8622274,0.8612082,0.93407995,0.72744,0.98198175,1.2607292,1.5267369,1.6650913,1.9759431,2.0424447,2.139777,2.1364648,1.9086769,1.9142823,1.7333767,1.7392372,1.6699324,1.8184788,1.7647167,1.7496837,1.8888026,1.2885021,1.3404806,0.8398053,0.8186572,0.84566563,0.90860033,0.97765017,1.1679833,0.79037476,0.9300033,0.80846536,1.0576564,0.7722842,0.7368675,0.5977486,0.5264056,0.6201707,0.38193595,0.42499655,0.26651314,0.33097667,0.35722068,0.4102184,0.64055437,0.38270032,0.7911391,0.8222243,0.8527999,0.7129166,0.44053915,0.39034423,0.6545682,0.5844991,0.5444961,0.16026297,0.026494797,0.40486765,0.09427068,-0.08230332,0.19899206,0.07363216,0.3559467,0.035667475,0.11363521,0.0631855,0.23033202,-0.023954915,-0.21275914,0.042801775,0.20485237,0.10904887,0.46423525,0.72361803,0.47748464,0.7493525,0.13452853,0.30040106,0.2244717,-0.28410217,-0.35850275,-0.52106297,-0.22753733,-0.23339766,-0.46730086,-0.53507674,-0.7162371,-0.67878205,-0.6227268,-0.4382541,-0.7536922,-1.2161478,-1.1450596,-1.2969184,-0.95396227,-1.1988217,-1.1460788,-1.0591931,-0.9633897,-0.89179194,-0.64871603,-0.6413269,-0.370733,-0.3699686,-0.24690187,-0.32869154,-0.5103615,-0.66731614,-0.45252267,-0.4423308,-0.5939348,-0.37404534,-0.54323024,-0.63266385,-0.8701342,-0.8635095,-0.85408205,-1.0492561,-0.9312854,-0.82325166,-1.1338485,-1.1937257,-1.0449245,-1.1379253,-0.8235065,-0.7603169,-0.80949265,-0.5256493,-0.7198043,-0.6978918,-0.7962432,-0.50985193,-0.6484613,-0.6759793,-0.44029245,-0.14676683,0.029042762,-0.12103239,0.41633347,0.5806772,0.48207098,0.21529904,-0.019878171,-0.06293878,-0.19568777,-0.33888343,-0.14574766,-0.05554968,-0.059626427,-0.17250128,-0.38449198,-0.35315204,-0.251743,-0.30474067,-0.26957875,-0.34550813,-0.2739103,-0.15109839,0.0033083137,0.26600355,0.30294904,0.12102431,0.14472039,-0.18982746,-0.13759416,0.011461804,0.07388695,0.028023576,0.21810178,0.30142024,0.6930425,0.15516706,0.08815555,0.034393493,0.12331748,0.000505552,0.19389611,0.43824598,0.81763804,0.69864804,0.0631855,-0.36079592,0.16433972,-0.59342515,-0.738914,-0.4502295,-0.666297,-0.77025396,-0.3327683,-0.37939605,-0.30881745,-0.7618457,-0.88618636,-0.73407286,-0.45073912,-0.5218274,-0.4143032,-1.1667173,-1.5575751,-1.259718,-1.1654433,-0.71266997,-0.25632936,-0.35824797,0.22803885,0.21147707,0.3202752,0.4599037,0.6652697,0.50882465,1.1193172,0.7134262,0.64666957,0.68081224,1.0561275,1.0765113,1.0247875,1.3947521,0.85585743,1.6184636,2.0190036,2.138503,2.0992646,2.0717463,1.952247,1.890841,1.8918602,1.8727504,2.9867208,2.7281022,2018-04-17
MGA_BWA,-3.690318,-3.5888035,-3.8441548,-3.7632117,-3.5570529,-3.787808,-3.9836814,-3.3088567,-2.4354749,-2.045069,-1.9390826,-2.2060611,-2.3751028,-2.389413,-2.6286652,-2.3415627,-2.3308299,-2.2109802,-1.8845243,-1.6090488,-1.6877561,-1.3747159,-1.3161328,-1.3863431,-1.0607815,-1.2450279,-1.3514615,-1.2128295,-1.1757119,-1.2146183,-1.075539,-1.0513903,-1.0715142,-1.1792896,-1.2481582,-1.2624687,-1.2955616,-1.5571736,-1.5540432,-1.6448249,-1.2937727,-1.1935998,-1.024111,-1.0098006,-1.2584438,-0.9015782,-0.6453326,-0.7709958,-0.48881254,-0.43380693,-0.29204446,-0.25984603,-0.20931241,-0.22943644,-0.27505085,-0.082754776,-0.25537404,-0.23882763,-0.059053168,-0.20349883,-0.12658039,-0.19231881,0.072423674,-0.1292636,-0.09661798,-0.13820758,0.6171134,0.6269518,1.0280905,1.2002624,1.7722315,1.2727089,1.1913185,1.3299505,1.3630433,0.8076207,0.8648623,0.93507284,0.9605632,1.0482144,0.88319755,0.70476466,0.1609693,-0.18292761,-0.034009963,0.10149168,0.6350014,0.41453177,0.6019086,0.27679414,0.35460696,0.470879,0.20479491,0.1819877,0.26695573,0.4726678,0.96906,0.591623,0.76737267,0.86888707,0.95519674,1.0732577,1.0240656,1.0991952,0.9373088,1.2150201,0.95698565,0.42123976,0.41542616,0.7933103,0.77095026,0.8147759,0.7754223,0.35147655,0.30004853,0.24996212,0.6663055,0.7727391,0.7794471,0.993656,0.8970608,0.9909728,1.2060761,1.5709914,1.643885,2.265046,2.1112092,1.9010249,1.8840313,1.7677594,2.5405214,2.1787364,2.46405,2.4336402,2.3236291,0.32822216,0.8518935,0.35192373,0.032175656,-0.07604677,-0.27236766,-0.4051861,-0.51564455,-0.46242774,-0.6922886,-0.55455095,-0.8555166,-1.0862718,-1.0111423,-0.688711,-0.72314537,-0.4597445,-0.50222856,-0.59345734,-0.71733177,-0.87608784,-1.2123823,-0.9758134,-1.1251783,-0.93780136,-1.0473654,-1.1900223,-1.4221191,-1.4167527,-1.605024,-1.6188872,-1.6461664,-1.8402513,-2.044622,-2.0589323,-2.2360234,-2.2946067,-2.435922,-2.4564931,-2.3791277,-2.5995975,-2.8039677,-2.748515,-2.3572147,-2.3254635,-2.59915,-1.2799095,-1.2472639,-1.3447535,-0.92572695,-0.945851,-0.44051492,-0.141338,-0.28041723,-0.042953968,-0.16727561,-0.24374685,-0.4414093,-0.3676213,-0.5281661,-0.88995105,-1.0907438,-1.1842086,-1.5191616,-1.7284513,-1.8505371,-1.816997,-1.7378424,-1.7204016,-1.5902665,-1.3845544,-1.479808,-1.1743703,-1.1520103,-1.3036112,-1.088955,-0.24732444,0.09836128,-0.06039477,-0.23525006,-0.09169878,0.21508051,0.27724132,-0.04966197,0.1730437,0.06839887,0.21955252,0.1524725,0.1873541,0.10417488,0.1533669,0.04067246,0.103280485,0.04201406,0.116249286,-0.1534124,-0.08499078,0.10998849,0.20077011,-0.017910758,-0.20573482,0.18332931,0.28081894,0.35058215,0.018312452,0.07018767,-0.054581173,0.1269821,-0.034904364,-0.08677958,-0.26744846,-0.05860597,-0.27549806,0.09478368,-0.0022587536,-0.04518997,0.066610076,-0.27102605,-0.05950037,0.4601462,0.38725257,0.4860838,0.1377149,-0.013885957,0.40648216,0.60146147,0.6600446,0.6801687,0.5093382,0.508891,0.5370646,0.49502778,0.43555015,0.34387416,0.35952616,0.41810936,0.33224693,0.39172456,0.5281206,0.596095,0.66764706,0.46282938,0.5817846,0.32285574,0.5272262,0.45477977,0.584915,0.6837463,0.513363,0.5209654,0.40782377,0.43152535,0.31346452,0.1426341,0.17751572,-0.09706518,0.10685808,0.1412925,0.40871817,-0.10064278,-0.1842692,-0.36538526,-0.20305161,-0.21691483,-0.4695829,-0.34257805,-0.4262045,-0.6243142,-0.56394213,-0.46824133,-0.23122525,0.011604452,0.15470849,-0.025065962,0.116249286,0.18511811,0.1645469,0.06616287,0.1524725,0.07600127,0.016076451,-0.012544357,-0.08141317,-0.016121957,-0.00046995303,-0.1565428,-0.09751238,0.06571567,0.46953738,0.526779,0.5527166,0.57507664,0.6739078,0.53974783,0.56389666,0.43912777,0.5308038,0.41587338,0.39887977,0.27142772,0.36936453,0.47177336,0.504419,0.57775986,0.51738775,0.32017255,0.32106695,0.22134133,0.40290457,0.34297976,0.26248372,0.1556029,0.2262605,0.061690867,-0.1623564,-0.25447965,-0.06352517,-0.091251574,0.060796473,0.34074375,0.6233743,0.76066464,0.589387,0.5862566,0.6390262,0.7803415,0.93417835,1.085332,1.0598416,1.0549225,1.045084,0.9739792,0.65512544,0.6282934,0.93417835,0.8702287,0.9708488,0.8984024,0.8760423,0.48205897,0.28797412,0.24146533,0.17662132,0.22715491,0.23162691,0.34968776,0.14934209,0.06437407,0.1556029,0.002660448,0.07957888,-0.046978768,-0.13686599,-0.19366041,-0.1623564,-0.4324653,-0.5044645,-0.31932366,-0.29830524,-0.016121957,0.21418612,0.06213807,0.037094858,0.03843646,0.1927205,0.38993576,0.36802295,0.31838375,0.49323902,0.052299663,0.40245736,0.531251,0.29557654,0.06213807,0.29647094,0.47311497,0.59341186,0.7713975,0.5920702,0.46595982,0.5384062,0.43957496,0.36533973,0.23341572,0.11714368,0.1520253,0.20166452,0.1301125,0.08762848,0.07108207,-0.008966755,0.1403981,0.29334053,0.25667012,0.10954129,-0.10466758,0.34611014,0.6282934,0.45477977,0.2741109,0.015629252,-0.39221728,-0.4508005,-0.4342541,-0.53174376,-0.44230372,-0.33229247,-0.5201165,-0.55723417,-0.48747092,-0.4928373,-0.48255172,-0.4646637,-0.30456606,-0.4418565,-0.35286367,-0.6046374,-0.46600533,-0.30501324,-0.21154842,0.04111966,-0.07649398,0.056324467,-0.120766796,-0.159226,-0.1690644,-0.28265327,-0.79782784,-0.85685825,-1.1189175,-1.1260726,-1.2870647,-1.151563,-1.0254526,-1.0142726,-1.0035398,-1.0402102,-0.94674546,-1.010695,-1.0209806,-0.97223586,-0.86624944,-0.73656136,-0.71554303,-0.7517662,-0.8461254,-0.84120625,-0.80364144,-0.57422775,-0.5930101,-0.66456217,-0.6354942,-0.77233744,-0.79559183,-0.7575798,-0.9489814,-0.8698271,-0.82957906,-0.7209094,-0.8175046,-0.999515,-0.974919,-1.0250055,-1.2383199,-1.2732015,-1.0379742,-1.0545206,-1.0759863,-1.1184702,-1.441796,-1.5611984,-1.4628143,-1.5397328,-1.1189175,-1.0536262,-1.003987,-1.0871663,-0.99146545,-0.9047086,-1.0335023,-0.1999212,-0.02104116,0.18914291,0.07287087,0.19942851,0.21731652,0.46730137,0.23788771,0.27903014,0.20255892,0.36757576,0.29155174,-0.080071576,-0.30456606,-0.39400607,-0.24151085,-0.3904285,-0.3390005,-0.2012628,-0.04787317,-0.1856108,-0.28712526,-0.26163483,-0.31440446,-0.3966893,-0.34794447,-0.046978768,0.12787649,0.048722062,0.28797412,0.22223572,0.25622293,0.10685808,0.46059337,0.42302856,0.34253255,0.07376528,0.03798926,0.0022132478,-0.28623086,-0.30680206,-0.18784681,-0.05502837,-0.22541164,-0.17979722,-0.3407893,-0.34257805,-0.23882763,0.07376528,0.03933086,0.03843646,-0.09482918,0.027256455,-0.3837205,-0.53711015,-0.5049117,-0.65025175,-0.46779412,-0.5031229,-0.4879181,-0.30903804,-0.27281487,-0.20752361,-0.25313804,-0.6565126,-0.58004135,-0.56394213,-0.28399485,-0.25358522,-0.36941007,-0.31977084,-0.11584759,0.01071005,0.32911655,0.33716616,-0.06486677,-0.27683967,-0.24240524,-0.1739836,0.14531729,-0.024618762,-0.04787317,0.085392475,0.09657248,-0.059053168,-0.09930118,-0.148046,0.37786138,0.57731265,0.39261898,0.43018377,0.44807178,0.6528895,0.6305294,0.58893985,0.46595982,0.69671506,0.59475344,0.37786138,0.35729015,0.38412216,0.28081894,0.43063098,0.40379897,0.41229576,0.8805143,0.69045424,0.87514794,0.95877445,-0.028196363,0.15470849,0.6645166,0.63992065,0.8603903,0.72444147,0.7441183,0.8581543,0.40603498,0.31748933,0.43644458,0.36533973,0.6001198,0.5755238,0.5102326,0.30407333,0.36623415,0.08583968,-0.07917718,-0.028643563,-0.009413956,-0.10466758,0.08092047,0.11580209,0.21821092,0.23565172,0.28752694,0.25219813,0.28707975,0.1864597,0.1511309,0.06258527,0.059902072,0.41587338,0.30452052,0.23341572,0.5030774,0.5549526,0.7324911,0.7445654,0.8563655,1.0531336,1.0848849,1.3563353,1.5548922,1.6273385,1.4743961,1.9439563,1.8527274,1.8361809,1.7543435,1.6537234,1.7749147,1.7521074,1.6653506,1.503017,1.5781466,1.4158128,1.3093793,0.7736335,0.6819574,1.0026001,0.66272783,0.80404305,0.9766624,0.5585302,0.584915,1.0142272,1.1152945,0.89482474,0.76737267,0.546903,0.32598612,0.33135253,0.11580209,-0.18203321,-0.34347248,0.10506928,-0.3989253,0.25622293,-0.103325985,0.15470849,0.23833491,0.2678501,0.47982296,0.43107817,0.47535098,0.91494876,1.1801385,1.3214537,1.791461,2.142513,1.6859218,1.3786952,1.0397177,0.8272975,0.8644151,0.7772111,0.60682786,0.37473094,0.6426039,0.5460086,0.67837983,1.9354594,1.3424722,1.4238626,1.8227651,2.278462,1.3836145,1.2727089,1.6076618,1.675189,1.737797,2.0074584,1.608109,1.9721297,2.0481539,2.3871315,2.560198,2.571378,2.461814,2.6152036,2.613862,2.6442716,2.6952524,2.5906076,2018-04-17
LEA_GM,-1.439988,-1.5794063,-1.5283943,-1.4277754,-1.5216936,-1.3915699,-1.30392,-1.261338,-1.3543916,-1.3994595,-1.2912751,-1.020112,-0.99849683,-0.9004717,-1.0184909,-0.9626155,-0.9706131,-0.83530176,-1.0149244,-1.1142464,-1.0679898,-1.1558557,-1.5254762,-1.3543916,-1.4501472,-1.4536055,-1.2205933,-1.1930338,-1.1035469,-1.2548535,-1.3268323,-1.3074865,-1.2737669,-1.3873549,-1.3248868,-1.2705245,-1.459874,-1.5328254,-1.5392019,-1.4718705,-1.4725189,-1.0358912,-0.8041758,-0.720741,-0.6155829,-0.63633347,-0.4223427,-0.4815684,-0.3342606,-0.62347245,-0.51247823,-0.4309888,-0.5251231,-0.51744974,-0.7009631,-0.58791536,-0.6563276,-0.6272551,-0.58878,-0.50599366,-0.53765994,-1.0883081,-0.8249264,-0.81044424,-0.6889666,-0.8250345,-0.7125272,-0.59050924,-0.72171366,-0.6763217,-0.68464357,-0.7507862,-0.55311483,-0.4301242,-0.3143746,-0.4479567,-0.39586404,-0.5230697,-0.3366383,-0.28811207,-0.36127964,-0.33534136,-0.19916539,0.32457173,0.502249,0.56958044,0.8253968,0.53013265,0.27972013,0.30890068,0.13597883,0.37180102,0.37331408,0.20298606,0.43448523,0.21671173,0.085183024,-0.11940517,-0.12221515,-0.015868196,0.07221389,0.00012707751,0.041736405,0.044762537,0.18536964,0.32435557,0.49641287,0.63140005,0.5214865,0.42562297,0.20655257,-0.32518223,0.07815807,-0.18857393,-0.42115387,-0.41585812,-0.24477355,-0.24304433,-0.52458274,-0.50102216,-0.41964078,-0.27038762,-0.3738165,-0.32237223,-1.2962466,-1.1525053,-1.1857928,-1.1328355,-0.5619771,-0.37197918,-0.34679747,-0.28205982,-0.46913967,-0.7972589,-0.61428595,-0.7048538,-0.842867,-0.7934762,-0.6610829,-0.5465222,-0.49270025,-0.37489727,-0.69772077,-0.683887,-1.1235409,-0.92770684,-0.9020929,-0.882423,-0.88815105,-0.915062,-0.90555125,-0.8153077,-0.835734,-0.7297113,-0.61493444,-0.82892525,-0.8418944,-0.6953431,-0.72646904,-0.7835332,-0.456819,-0.515072,-0.32129148,-0.5285815,-0.344744,-0.08309157,-0.10049184,-0.18349433,-0.29697433,-0.3134019,-0.1932212,-0.16685061,-0.21289106,-0.22240178,-0.09530418,-0.020623548,0.13986957,0.2948508,0.3724495,0.31689832,0.5248369,-0.009924007,-0.1614468,-0.015111662,-0.02645966,-0.031215014,-0.20986493,-0.077363536,-0.18435894,-0.18295395,0.0149335135,0.007584333,-0.009599779,-0.05953097,-0.23699206,-0.22250985,-0.022568919,-0.007330179,-0.43023226,0.16116059,0.35904804,0.71580756,0.6065425,0.503762,0.41373459,0.38758016,0.3532119,0.20114875,-0.23742436,-0.16112258,-0.26109302,-0.21386375,-0.13367122,-0.029161567,0.07210581,-0.0734728,-0.2957855,-0.45800778,-0.29448858,-0.16782328,-0.5151801,-0.38440794,-0.23385786,-0.18165705,-0.32183185,-0.43412298,-0.48383805,-0.515072,-0.42018119,-0.28281638,-0.1360489,-0.21926758,-0.1478292,-0.037915736,-0.30108124,-0.33707058,-0.42212653,-0.15539452,-0.061368264,-0.058342133,0.05729937,0.12484698,0.009421628,-0.1632841,-0.08871153,-0.12761895,-0.43844604,-0.46913967,-0.48545918,-0.7007469,-0.50231904,-0.35382238,-0.17203827,-0.17333518,-0.36354926,-0.08611771,0.15921521,0.28134125,0.53629297,0.4536147,0.31679025,0.41168115,0.25421414,0.28328666,0.16386248,0.42810872,0.43059447,0.34326893,0.29366195,0.3033888,0.42421797,0.27907166,0.3738545,0.17229243,0.3384055,0.4215161,0.5322942,0.92439455,0.8978078,1.0669469,0.9183422,0.82453215,1.0416571,1.2114447,1.1099613,0.885379,1.0152866,1.0465205,0.9394171,0.93401325,1.0478175,0.77146673,0.81858796,0.7982696,0.4165446,0.12236123,0.3138722,0.32457173,0.13727574,-0.048074897,-0.0299181,-0.03726728,-0.07498586,-0.06688015,-0.20154306,-0.3027024,-0.16955252,-0.115838654,-0.07087897,-0.021704309,-0.26649687,-0.24682698,-0.37435687,-0.59288687,-0.5383084,-0.4466598,-0.22910248,-0.35987467,-0.2885444,-0.15150379,0.06929583,0.12646812,0.10863556,0.10290752,0.14365223,-0.0007375319,-0.12599781,-0.25612152,-0.2259683,-0.3215076,-0.44179636,-0.4587643,-0.27924985,-0.3044316,-0.32193995,-0.23461439,-0.18608817,-0.08860346,-0.086441934,-0.20197536,-0.09541226,-0.16620214,-0.15723184,-0.20705494,-0.20759532,-0.27038762,-0.31912994,0.038602192,-0.05337063,-0.05131718,0.14624608,0.115228206,0.22557396,-0.22661673,-0.12686242,-0.21570104,-0.14253347,-0.082118884,-0.0014940652,0.05254402,0.043681774,0.11728165,0.21692787,0.061406273,0.022174617,0.08788493,-0.10438258,-0.089035764,-0.06277325,-0.12448474,0.04638368,-0.13907503,-0.35317394,-0.2109457,-0.43747333,-0.3641977,-0.35717276,-0.5016706,-0.78882897,-0.410022,0.24967495,0.420003,0.45285818,0.46107194,0.5258096,0.31376413,0.44983208,0.4409698,0.23292314,0.3360278,0.18882808,-0.45962894,-1.1246217,-0.39402673,-0.19743617,-0.013058216,-0.07055474,0.17261665,0.15716176,-0.03521383,-0.075742394,-0.1750644,-0.1700929,-0.49496984,-0.32572258,-1.0537237,-0.64422303,-0.5532229,-0.445471,-0.66789174,-0.57159585,-1.1279721,-1.2805756,-1.2941933,-0.74235624,-0.87755954,-0.88869137,-0.80525655,-0.82514256,-0.7845059,-0.65956986,-0.6649737,-0.45952085,-0.48416224,-0.4707608,-0.35274163,-0.45498168,-1.0953331,-0.72311866,-0.48037958,-0.58488923,-0.57656735,-0.7573788,-0.63395584,-0.5145317,-0.6495188,-0.69102,-0.6631364,-0.47962305,-0.33685446,-0.27492678,-0.6179605,-0.48848528,-0.5541956,-0.23969395,-0.27287337,0.022174617,0.03190147,-0.2613092,-0.45282015,0.23627351,0.23929964,0.33764896,0.38077134,0.45123705,-0.36592692,-0.3525255,-0.50534517,-0.547711,-0.90436244,-0.7963943,-0.5133428,-0.4920518,-0.44503868,-0.3933783,-0.47692114,-0.60434294,-0.79455703,-0.8735608,-0.6808609,-0.5627336,-0.32680336,-0.27816907,-0.10805717,-0.116811335,-0.037159204,-0.1750644,0.032117624,0.2635087,0.12884581,0.35526538,0.32684132,0.21163215,0.16191712,-0.032511927,-0.01435513,0.12862965,0.17456202,0.30274037,0.033522613,0.014068903,0.05459747,0.29085198,0.093072586,0.16829361,0.019796941,0.22384475,0.20806563,0.2902035,0.47490573,0.73158664,0.74098927,0.839879,0.80886114,0.62264585,0.69667804,0.65074563,0.8746795,0.59800446,0.5964914,1.0832664,0.9098042,1.02577,1.0055597,1.07127,1.1461667,1.3382181,1.4322444,1.610246,1.6512067,1.6830893,1.7116213,1.8028376,1.4675853,1.5836592,1.9259363,1.9518746,1.6989764,1.6560701,1.68979,1.7570133,1.6021402,1.5384833,1.6918434,1.2052845,0.9590869,0.8610619,1.0867249,0.9381202,0.7148348,0.25497067,0.2507557,0.023147304,0.34780812,0.24805382,0.2584291,0.2757213,0.2703175,0.2498911,0.076104626,0.29625577,0.09707141,0.38077134,0.23022126,0.58330613,0.68749154,0.6513941,0.60438097,0.5232158,0.10150253,0.19034114,0.18072237,0.21833286,0.16959052,-0.045697223,0.033738766,0.35861576,0.80442995,0.6477195,0.58276576,0.3737464,0.8039977,0.6971103,0.47069076,0.5181362,0.654096,0.66587627,0.4550197,0.30003846,0.363263,0.25432223,0.17618316,0.21357752,0.2839351,0.34651121,0.34251237,0.45415512,0.38217634,0.4212999,0.20212145,0.19585304,0.26999328,0.44118592,0.2716144,0.061730497,0.07502387,-0.15355724,-0.1878174,-0.2095407,-0.18803354,-0.20867608,-0.19938155,0.12236123,0.4486432,0.5439664,0.45329046,0.408655,0.46074775,0.48528102,0.24513574,0.27269518,0.11241822,0.23454429,0.2572403,-0.47011232,-1.2353997,-1.2383178,-1.361957,-2.0631552,-2.2820094,-2.309785,-2.3832767,-2.1927385,-2.6031039,-2.4666035,-2.1879833,-2.2394276,-2.40781,-2.4254265,-2.326645,-2.7739723,-2.395057,-1.8862344,-1.7906952,-1.2951659,-0.8508647,-0.774671,-0.52739275,-0.49940097,-0.52847344,-0.2976228,-0.46676195,-0.50458866,-0.70398915,-1.2908429,-0.9295442,-1.0433484,-1.3673608,-1.4009725,-1.7264979,-1.7936133,-1.48257,-1.4737077,-1.4465806,-1.5022398,-0.93116534,-0.37089843,-0.4730304,-0.749057,-0.5339854,-0.5749462,-0.46254703,-0.34582478,-0.34096134,-0.16295987,-0.32982948,-0.23569514,-0.25741845,-0.4730304,-0.56608397,-0.32853258,-0.12329591,-0.28314057,-0.23904549,0.17186013,0.24816188,0.15964751,-0.05315448,-0.46524888,-0.5451172,0.052868247,-0.2512581,-0.16987674,-0.31577957,-0.7006388,-0.20532572,-0.47584036,0.121604696,0.091235295,0.49154943,0.320681,0.090370685,0.07448349,0.53326684,1.0048032,0.9613566,1.391824,1.0817534,1.0203661,1.11677,1.1371965,0.49327868,0.90105003,1.0331191,0.9250429,0.8827852,0.9886998,1.3016883,1.2480826,1.4166814,1.6044098,1.9031322,1.4746103,1.4713681,1.6306723,1.7839243,2.0370386,2.3250618,2.622163,2.7097049,2.8891113,2.953957,2.7696872,3.087431,3.0068061,3.0983467,2.9830294,2.9637918,3.0770557,3.3911252,3.4271142,3.460618,3.610952,3.757503,3.8663359,4.1464696,3.369618,3.458997,3.3196867,3.2888849,3.034798,3.317093,3.0612767,2.975464,2.9078085,2.9410958,3.1235282,2.961306,2.9645483,3.1008325,2018-04-17
IMOS_ASX,-0.40893486,-0.25578558,-0.18157923,-0.18236867,-0.1184249,-0.08526886,-0.117635466,-0.048955113,-0.13105576,-0.22657669,0.014988657,-0.2992042,-0.108162306,0.061564986,0.045776397,-0.20210439,0.003147218,0.059986122,0.019725233,-0.03000881,-0.037113674,-0.056849405,-0.103425734,-0.021325089,0.101036444,0.015778085,0.3283921,0.42628133,0.17603223,0.19339967,0.23839714,0.4444382,0.6686361,0.519434,0.28102633,0.8131016,0.1973468,0.34181237,0.43891218,0.22260857,0.25734344,0.4444382,0.052091833,-0.047376253,-0.17131665,-0.004747075,-0.047376253,-0.09553144,-0.26604816,-0.41761857,0.018935803,-0.37972596,-0.5660313,-0.59760845,-0.17684266,-0.7412846,-0.5052452,-0.70497084,-1.0144271,-1.2828331,-1.1565244,-1.2433617,-0.7207594,-1.004954,-1.3175681,-0.37577882,-0.8612778,-0.97100854,-1.0365311,-0.8368055,-0.8194381,-0.8360161,-0.70497084,-0.37262112,-0.536033,-0.78391373,-0.95522,-0.90390706,-0.35288537,-0.78628206,-0.6007661,-0.53840125,-0.59760845,-0.44998518,-0.37577882,-0.14052892,-0.25341728,0.4957511,0.49417222,0.8044179,0.7515262,0.791787,0.97651345,0.6710044,0.4665422,0.20287283,-0.08369,-0.1294769,-0.26920587,0.03472439,-0.26604816,-0.26920587,-0.36867398,-0.5652419,-0.3449911,-0.3947251,-0.50919235,-0.74049515,-0.89522326,-1.1991537,-1.3570395,-0.9923231,-0.9291688,-0.7499683,-0.7791772,-0.73417974,-0.876277,-0.7894398,-0.7136545,-0.55418986,-1.177839,-1.289938,-1.0625823,-1.0152166,-1.0231109,-1.0554775,-1.251256,-1.4162467,-1.3175681,-1.0973172,-1.0333735,-0.9189062,-0.9346948,-0.3457805,-0.64339536,-0.77523005,-0.45235348,-0.5399801,-0.6094499,-0.39551455,-0.5218232,-0.65128964,-0.51471835,-0.37183166,-0.27710018,-0.3891991,-0.11921432,-0.0189568,0.28102633,0.14445505,0.10340473,0.22892399,0.023672378,0.03314553,0.15708593,0.026040668,-0.19815722,-0.06632256,-0.052902263,-0.17842151,0.40575615,0.54311687,0.050512977,-0.026851095,-0.035534818,-0.13184519,-0.06948027,-0.08211114,-0.1428972,0.2502386,0.21392484,0.06788042,0.17366393,0.045776397,-0.21789296,-0.37814713,-0.49498263,-0.09395258,-0.047376253,-0.08526886,0.07893243,-0.13816063,-0.20052554,-0.3023619,-0.28657332,0.11998274,0.022093521,-0.14368662,-0.017377943,-0.11368831,-0.108162306,-0.0134307975,-0.278679,-0.18000038,-0.1184249,-0.09395258,-0.278679,-0.2613116,-0.50287694,-0.6126076,-0.6260279,-0.5991873,-1.3641443,-0.5297175,-1.0081117,-0.92364275,-0.79812354,-0.8589096,-1.0033752,-0.84548926,-1.0002174,-0.99469143,-0.9575883,-0.9204851,-1.0641612,-0.9907443,-1.0089011,-0.7712829,-0.8028601,-0.7026025,-0.90548587,-1.2180998,-1.2536242,-1.1249472,-1.122579,-1.1399465,-0.97653455,-1.1320521,-1.2725705,-1.2741493,-1.2544136,-1.1359992,-1.1904699,-1.1707342,-1.227573,-0.99784917,-0.960746,-0.91338015,-0.79338694,-0.64655304,-0.50050867,-0.6552368,-0.7483894,-0.85022587,-0.8446999,-0.7744406,-0.70339197,-1.0081117,-0.84548926,-0.67576194,-0.37341052,-0.08842658,-0.273153,-0.19499953,-0.0323771,-0.4752469,-0.14921263,0.029987812,0.2557646,0.27313203,0.34970665,0.3181295,0.29444662,0.26286945,0.38444155,0.6560052,0.48154137,0.70573926,0.68600357,0.6662678,0.7515262,0.58100945,0.38917813,0.4523325,-0.58497757,-0.46814203,-0.31341392,-0.18236867,-0.40577713,-0.35446423,-0.36077964,-0.41367143,-0.46893147,-0.6370799,-0.8707511,-0.67813027,-0.39235684,-0.43577543,-0.24473357,-0.22499783,-0.42946005,-0.38762027,0.020514663,-0.15315978,-0.08526886,-0.16105407,-0.25815386,-0.23604985,-0.54866385,-0.56129473,-0.41209257,-0.3891991,-0.4752469,-0.53840125,-0.75470483,-0.90864366,-0.89522326,-0.8944339,-0.8960127,-0.88180304,-0.96864027,-1.0317947,-1.1415253,-1.1470512,-1.0120589,-1.1194212,-1.1296839,-1.0917913,-1.0941595,-1.6112356,-1.6972835,-1.634129,-1.7501752,-1.6988623,-1.5615016,-1.6254454,-1.3570395,-0.9725874,-0.7318114,-0.85180473,-0.85180473,-0.78707147,-0.75944144,-0.6055028,-0.5605053,-0.7136545,-0.84548926,-0.8494364,-0.7744406,-0.8297007,-0.85338354,-0.8691721,-0.82812184,-0.81864864,-0.92995816,-0.82338524,-0.78786093,-0.45787945,-0.39709342,-0.36867398,-0.23447098,-0.37183166,-0.31893992,-0.5052452,-0.48945665,-0.5770833,-0.5502427,-0.44209087,-0.44840634,-0.5589264,-0.54866385,-0.5210338,-0.55497926,-0.75707316,-0.6939188,-0.7215488,-0.73575854,-0.78865033,-0.79575527,-0.9149591,-0.926011,-0.78865033,-0.7949658,-0.79101866,-0.8691721,-0.73575854,-0.58418816,-0.7444423,-0.78707147,-0.82022756,-0.92364275,-0.89285505,-0.68760335,2.075399,0.6694255,0.6125866,0.11050959,0.071038134,-0.101846874,-0.33867565,-0.46735263,-0.07737456,0.8178382,1.126505,0.7823139,0.76968306,0.65442634,1.058614,1.233078,1.0838759,1.1470301,0.97651345,0.8999388,0.94493634,0.8596779,1.3033372,1.1849228,0.99309146,0.62916464,0.51075023,0.558116,0.68600357,0.53759086,0.4333862,0.45391133,0.24944916,0.32918152,0.38207328,0.50364536,0.547064,0.71442294,0.51548684,0.49259338,0.41365042,0.23997599,0.35760096,0.72942215,0.5833778,0.63548005,0.9678297,0.8502048,0.65679467,1.0254581,0.9133591,0.8052073,0.6133761,0.74757904,0.75468385,1.0033541,0.92835826,0.6528475,0.6394272,0.23129229,0.10182586,0.045776397,0.12077217,0.15866478,0.15866478,0.15392819,0.048144687,0.11050959,-0.09789973,-0.050533973,-0.17447437,-0.18473695,-0.32288706,-0.40025115,-0.23368156,0.011041511,-0.101057455,-0.12079318,-0.12631918,-0.19973609,-0.35288537,-0.40656656,-0.32999194,-0.40104058,-0.33630735,-0.3378862,-0.37656826,-0.31341392,-0.071848564,-0.11684604,-0.28973106,-0.19973609,-0.4310389,-0.45314288,-0.052902263,-0.07421685,-0.13816063,-0.14763378,-0.052902263,-0.15315978,-0.07737456,0.09787873,0.32523435,0.38444155,0.40101957,0.24944916,0.3181295,0.34418067,0.256554,0.418387,0.40023017,0.28734174,0.31102464,0.50759256,0.22734512,0.41049272,0.42786017,0.37338954,0.2155037,0.2889206,0.29602548,0.56206316,0.62442803,0.54548514,0.7120547,0.60785,0.58653545,0.70416045,0.8778348,0.99388087,1.0672978,1.010459,0.8612568,1.255182,1.2259731,1.0601931,1.0972961,1.2591292,1.2022902,1.6262137,1.920671,2.047769,1.8756733,1.9490904,1.8590955,1.9830358,2.2964392,2.230127,1.9561951,1.7840996,2.1590784,2.6327362,2.7929902,3.2461226,2.6761549,2.485902,2.8229885,2.8371983,2.663524,2.542741,2.5687923,2.4803762,2.3635406,2.248284,2.2656515,1.9388278,1.8243606,1.8085718,2.1125023,2.0082974,2.0311909,2.0098765,1.7714686,1.4130678,1.7169981,1.7233136,1.834623,1.7312078,1.7706794,1.6925259,1.4967474,1.5283245,1.6941046,1.6325293,1.5267457,1.4991157,1.3017584,1.2133422,1.2070268,1.0388783,1.0546669,1.0625613,0.85652024,1.4422767,1.087823,0.43891218,0.68442464,0.06866985,-0.07658514,0.009462653,0.03630325,0.22339799,0.107351884,0.23208171,0.13577133,0.14129734,0.25418574,0.2889206,0.13577133,0.77047247,0.841521,0.8067861,1.1336099,1.317547,0.92362165,0.86204624,0.98677605,1.2117634,1.6451601,1.3996476,1.277286,1.159661,1.1186107,1.1896594,1.1683447,1.2015008,1.5796374,1.6996307,1.7327867,1.591479,1.4067523,1.6830527,1.6080568,1.5804269,1.661738,2.4219584,2.4203796,2.3556464,2.5016906,2.346173,2.4069593,2.04619,1.9404066,1.9325123,2.0761886,2.1132917,2.128291,2.001982,2.0927665,2.2972286,1.4714856,1.6475283,1.819624,1.7888362,1.8369913,2.2222328,1.9317229,1.7517331,1.6317397,0.63469064,1.0238793,0.5186445,0.5368014,0.8170487,0.90546477,0.80915445,0.63548005,0.6733727,0.5178551,-0.42314458,-0.37972596,0.21866143,0.29049948,0.18629481,0.48390964,0.5660103,0.38917813,0.27392146,0.20050454,0.33076036,0.59364027,0.17997937,0.07182756,-0.06395427,0.14998105,0.023672378,0.037092675,0.14919162,0.08840558,-0.045007966,0.011041511,-0.016588513,0.19892569,0.010252082,-0.15473863,-0.06790142,0.039460965,0.0063049356,0.029198384,-0.30394074,-0.26920587,-0.24710184,-0.27078474,-0.18236867,-0.45314288,-0.63786936,-0.7373374,-0.926011,-0.79101866,-0.7965446,-0.569189,-0.725496,-0.68681395,-0.7081286,-0.6947082,-0.5952402,-0.91180134,-0.9449574,-1.3002005,-0.90548587,-0.837595,-0.92364275,-1.1659975,-1.1328415,-1.133631,-1.1288943,-1.1509984,-1.1075798,-1.144683,-0.8691721,-0.77601945,-0.78391373,-0.8060178,-0.8020707,-0.75233656,-0.95837766,-0.9046965,-1.1525773,-1.1738919,-1.30099,-1.2765176,-1.2346779,-1.1628399,-1.1928382,-0.9804817,-1.1952065,-1.5093993,-1.4857163,-1.8038565,-1.9080611,-1.8670107,-1.935691,-2.170941,-2.2427793,-2.17252,-1.9877933,-1.8551693,-1.9088504,-1.8891147,-1.8875359,-2.0612104,-1.9830569,-1.9143765,-2.1993604,-2.5790758,-2.956423,-2.8135364,2018-04-17
IMOS_CAMT,1.2162243,1.1046451,1.1432687,1.0376977,1.2042081,1.144127,0.98791623,1.0128069,1.1484185,0.8342802,1.2608559,0.89178646,1.0033656,1.5192046,1.4857309,1.3724351,1.4771478,1.4428158,1.3226537,1.2763054,1.3612772,1.3741517,1.4977471,1.4634151,1.5664113,1.3612772,1.5509619,1.3956093,1.258281,1.2419734,1.0874791,1.192192,1.2677224,1.1166613,1.0102321,1.3887429,1.1389772,1.3775849,1.2634308,1.5389456,1.4205,1.5054718,1.2299571,0.99049115,0.5424578,0.91839385,0.98705786,0.83342195,0.58193964,0.49267632,0.60511374,0.25149372,0.26780143,0.30299175,0.73643386,0.09184966,0.16308866,-0.25404572,-0.5106779,-0.7415609,-1.101189,-1.2119099,-1.420477,-1.7457732,-1.7732389,-1.4050276,-1.6127365,-1.6436354,-1.7311821,-1.8599274,-1.7826802,-1.9303081,-1.6891254,-1.1818693,-1.6204613,-1.8522027,-2.0135632,-1.8255954,-1.582696,-1.9852393,-2.172349,-2.075361,-1.750923,-1.6273277,-1.6865505,-1.3466632,-1.1724281,-0.576767,-0.5269856,-0.40081525,-0.32356814,-0.23602141,-0.21113068,-0.17164882,-0.20855577,-0.17679863,-0.28065306,-0.27979478,-0.45145506,-0.14332487,-0.21284726,-0.44373035,-0.72353655,-1.0771565,-1.0239419,-1.1964605,-1.1114886,-1.5097404,-1.5603801,-1.448801,-1.6616597,-1.3689791,-1.3492382,-1.3054647,-1.2393756,-1.1174968,-1.2479585,-1.1775779,-1.2616913,-0.8256744,-0.8145165,-0.7836176,-0.7913423,-0.72353655,-0.72353655,-0.57848364,-0.51668596,-0.8436987,-0.7346945,-0.59564966,-0.8454153,-0.6823381,-0.7158118,0.08841646,-0.12444224,-0.27121177,-0.098693214,-0.28666118,-0.45832142,-0.39824033,-0.5355686,-0.88747203,-0.65658903,-0.34760058,-0.26949516,-0.24632102,-0.121867344,-0.09526001,0.24720217,-0.060069658,-0.012863089,0.030910274,0.16652188,0.15793887,0.24376899,0.21887824,-0.09440171,-0.053203244,-0.07122757,-0.15619938,0.28754234,0.3175829,0.1905543,0.14077283,-0.022304403,-0.084102094,0.13218983,0.3210161,0.44289482,0.8359968,0.69008565,0.5699234,0.5081257,0.46521068,-0.016296294,-0.22314689,-0.4832122,-0.23602141,-0.32356814,-0.32614303,-0.07981059,-0.2772199,-0.19138974,-0.6213987,-0.57161725,0.042926494,-0.03346232,-0.20168936,-0.10899283,-0.11328433,-0.19739786,-0.13903336,-0.15534109,-0.17250712,-0.3759245,-0.28151137,-0.18023182,-0.3673415,-0.6068076,-0.8660144,-0.9166542,-1.0024843,-1.7371901,-0.58535004,-0.4669045,-0.42398936,-0.45746315,-0.44973844,-0.55530953,-0.48063728,-0.434289,-0.5098195,-0.51496935,-0.25061253,-0.31498513,-0.27035347,-0.34416735,-0.3596168,-0.3613334,-0.37935773,-0.4849288,-0.57762533,-0.64628947,-0.7424192,-0.63427323,-0.6136739,-0.5261272,-0.605091,-0.8703061,-0.7269697,-0.7158118,-0.6153906,-0.54500985,-0.4935118,-0.5123944,-0.4754875,-0.4840705,-0.4935118,-0.44373035,-0.45832142,-0.26863685,-0.33558434,-0.4840705,-0.49007857,-0.5827752,-0.5664674,-0.55015963,-0.5518763,-0.67633,-0.648006,-0.5020948,-0.45059672,-0.4875037,-0.5029531,-0.6188238,-0.93210363,-0.77331805,-0.6522975,-0.7724597,-0.62569016,-0.51496935,-0.4754875,-0.6153906,-0.60938245,-0.6282651,-0.5415767,-0.49007857,-0.46261293,-0.32785964,-0.46518785,-0.30897704,-0.1647824,-0.15362449,-0.077235684,0.11244889,0.24977711,0.22316974,0.21544503,0.19312921,0.21801996,0.13562304,0.12704001,-0.02659591,-0.18109012,-0.60337436,-0.5329937,-0.3759245,-0.32700133,-0.25662065,-0.1639241,-0.28151137,-0.23087159,0.17939639,0.051509503,-0.20769747,-0.28666118,-0.13216695,-0.12959205,-0.26692024,-0.3098353,-0.32957625,-0.4952284,-0.52011913,-0.5604593,-0.7535771,-0.85828984,-0.8934801,-0.8728809,-0.8634396,-0.77675116,-0.878889,-0.8703061,-0.96214426,-0.93467855,-1.0419662,-0.98875153,-0.96386087,-1.0050592,-1.0728651,-1.1689948,-1.1621284,-1.0196503,-0.9947597,-0.932962,-0.87459755,-0.80850834,-0.4840705,-0.013721392,0.18540451,0.109873995,0.097857766,0.12532341,0.14506434,0.24977711,0.13133152,0.18111299,0.09528287,0.16223036,0.2454856,0.16137207,0.12704001,0.14248943,0.119315304,0.09528287,0.069533825,0.23175278,0.31672457,0.3158663,0.29955858,0.22145315,0.27380952,0.1828296,0.15793887,0.1175987,0.09442456,0.1836879,0.069533825,0.068675525,-0.05062834,-0.044620235,-0.10985113,-0.07809398,-0.13560016,-0.21370557,-0.11242603,-0.12015074,-0.18709823,-0.18709823,-0.1673573,-0.3733496,-0.24546273,-0.23945463,-0.3064021,-0.3081187,-0.20683916,-0.12959205,-0.077235684,-0.39909863,-0.27292836,-0.25747895,-0.46261293,-0.6076659,-0.4291392,2.7010856,0.9535841,0.97589993,0.44117823,0.3982632,0.315008,0.0489346,-0.3106936,0.05494271,0.5467493,0.5312999,0.35963964,0.31672457,0.3330323,0.76990765,1.0479972,0.9621672,1.0308312,0.7467335,0.72956747,0.7733408,0.59309757,0.91839385,0.96388376,0.59223926,0.34504855,0.260935,0.26780143,0.31071648,-0.0077132815,-0.1596326,-0.28322798,-0.33558434,-0.380216,-0.47806236,-0.50552803,-0.52183574,-0.46003807,-0.4789207,-0.39480713,-0.5046697,-0.7346945,-0.69092107,-0.2343048,-0.41969785,-0.08152719,0.38023886,0.3982632,0.12103191,0.4806601,0.48323503,0.36650604,0.20171222,0.28668404,0.1939875,0.3484817,0.34161532,0.16308866,0.27981764,0.21115354,0.15278906,0.07210873,0.08326665,0.00086973084,0.029193675,0.08498325,0.1175987,0.12103191,0.005161237,-0.008571583,-0.0858187,-0.019729499,-0.25747895,-0.0875353,0.0068778396,0.23604427,0.24291068,0.30041686,0.28325087,0.27209294,0.08584155,0.05751761,0.09184966,0.014602551,0.008594441,0.06695893,0.109015696,0.03949329,0.13562304,0.050651204,-0.11328433,-0.012863089,-0.012004789,-0.14418317,0.5072675,0.6591868,0.43173695,0.6840775,0.6368709,0.6789277,0.9329849,1.0883374,1.3956093,1.429083,1.209358,1.1570016,1.2230906,1.1664429,1.0522888,1.1243861,1.1321108,0.89951116,0.99049115,1.0179567,0.71926785,0.9115274,0.79394007,0.8111061,0.7244176,0.9226853,1.0952039,1.2170826,1.192192,1.0857625,1.02139,1.0042238,0.96130884,0.9964992,1.1037868,1.115803,1.0170984,0.8282721,0.7467335,0.9964992,0.8840617,0.7321423,0.8377134,0.93384326,0.8626042,0.92440194,1.3183621,1.3217953,0.86775404,1.0334061,0.86432076,0.9166771,1.1552849,0.81196433,0.4780852,-0.0935434,0.94671774,2.0625095,2.0573597,2.6873527,1.7209055,1.6728406,1.9337642,1.9595132,1.8316263,1.6874317,1.8221849,1.7492294,1.3835931,1.295188,1.9002904,1.7415047,1.6470915,1.7320633,2.0565012,1.913165,1.796436,1.7166139,1.5054718,1.1166613,1.4205,1.4668483,1.7938609,1.5320791,1.5509619,1.4282248,1.3346698,1.235107,1.4599818,1.3741517,1.3621355,1.4436742,1.3466861,1.2170826,1.1140864,1.0239648,1.0170984,1.1956251,1.1767426,1.37501,1.3106374,0.58193964,0.8274138,0.13819793,0.050651204,0.07125043,0.16480528,0.29440877,0.30642498,0.5064091,0.34676516,0.37251416,0.49181804,0.4514779,0.33904043,0.9750417,1.0033656,0.95444244,1.1827506,1.3835931,0.9098107,0.82398057,0.9861996,1.0866208,1.02139,0.91839385,0.8402883,0.97589993,0.9012277,1.1003536,1.3020544,1.2007749,1.4222165,1.5011803,1.2745888,1.1887586,1.2368236,1.3260869,1.1286776,1.0110903,1.2145077,2.1792383,2.1483395,2.1088576,2.2899592,2.1620724,2.271935,1.9088734,1.6273507,1.5054718,1.6307838,1.6136178,1.765537,1.6196258,1.7569541,1.8951405,1.0746046,1.0136652,1.2110745,1.1552849,1.4831561,1.8273348,1.4565487,0.9776166,0.813681,-0.31584343,0.18111299,-0.4334307,-0.31927663,-0.045478534,-0.15534109,-0.2978191,-0.4952284,-0.30897704,-0.5338519,-0.47462916,-0.35189208,-0.3879407,-0.34845886,-0.40596503,0.030910274,0.02146896,0.012885948,-0.17851523,-0.2952442,-0.082385495,0.34161532,0.0068778396,-0.02831251,-0.2300133,-0.16993222,-0.41283146,-0.46432957,-0.53213537,-0.41025653,-0.4952284,-0.6926377,-0.7166701,-0.3922322,-0.41883957,-0.3922322,-0.31412682,-0.25232914,-0.3106936,-0.37849942,-1.1526872,-1.2462419,-1.2393756,-1.1681365,-0.756152,-0.71323687,-0.9209457,-1.0488327,-0.8651562,-1.0170754,-0.9690106,-0.94411993,-0.932962,-1.0565573,-1.0342416,-0.89862996,-1.0213671,-1.1647034,-1.4110358,-1.9878142,-1.921725,-1.8513443,-1.5475056,-1.8144374,-1.7895466,-1.7071496,-1.6032953,-1.5809795,-1.759506,-1.5878458,-1.4908577,-1.1998937,-1.2488168,-1.3526713,-1.3870034,-1.2230678,-1.3595377,-1.1810111,-1.2822906,-1.386145,-1.1853026,-0.87116426,-0.96729404,-1.0737234,-1.291732,-1.1818693,-1.4333515,-1.8667936,-1.7114412,-1.8779516,-2.0830858,-2.1388752,-2.0908105,-2.4264061,-2.2504544,-2.32341,-2.2341466,-2.135442,-2.172349,-2.2384381,-2.3079605,-2.5500014,-2.4796207,-2.511378,-2.7216618,-2.9576948,-3.0933063,-3.1104722,2018-04-17
UCTT_CAMT,-1.4854028,-1.4951046,-1.3970388,-1.3257184,-1.3700315,-1.3674093,-1.3836663,-1.3660983,-1.3036929,-1.3742268,-1.3186387,-1.31523,-1.3309625,-0.8555799,-0.8697391,-0.802614,-0.8644949,-0.84614044,-0.830408,-0.7341777,-0.7200185,-0.8041872,-0.62719697,-0.6500091,-0.6350632,-0.67019904,-0.6791141,-0.67727864,-0.6510579,-0.70454824,-0.73155564,-0.7999919,-0.77875304,-0.8776053,-0.75698984,-0.614611,-0.5768531,-0.55299217,-0.51838076,-0.52546036,-0.59494543,-0.57554203,-0.52467376,-0.6174953,-0.6206418,-0.5773775,-0.59835416,-0.6379475,-0.57187116,-0.4748543,-0.5335888,-0.46672586,-0.42818132,-0.4431272,-0.566627,-0.61198896,-0.69012684,-0.8149377,-0.9156255,-0.9166743,-0.96229845,-0.5333266,-0.48036066,-0.46567702,-0.40772912,-0.36734915,-0.24463592,-0.35895848,-0.2920955,-0.18196829,-0.16623582,-0.13975284,-0.16964452,-0.17672414,-0.25879514,-0.26403928,-0.3290668,-0.34375045,-0.41244885,-0.51654536,-0.5980919,-0.5270336,-0.42188832,-0.38911235,-0.4575486,-0.30389488,-0.36210498,-0.44522482,-0.35659862,-0.36970899,-0.3094012,-0.35345215,-0.35502535,-0.4541399,-0.45728636,-0.4066803,-0.4134977,-0.41533315,-0.37600198,-0.37495315,-0.3731177,-0.4606951,-0.57868856,-0.57895076,-0.6127755,-0.60622036,-0.41559535,-0.5406684,-0.53909516,-0.5207406,-0.60071397,-0.5920611,-0.6662659,-0.6961576,-0.60569596,-0.39776522,-0.37652642,-0.47642756,-0.5834083,-0.5498457,-0.57999957,-0.5015995,-0.5071058,-0.45885962,-0.46226832,-0.5128744,-0.66443044,-0.65367997,-0.620904,-0.6185441,-0.62981904,-0.59835416,-0.5364731,-0.45964625,-0.51785636,-0.5089413,-0.5459126,-0.58629256,-0.62300164,-0.63086784,-0.63873416,-0.61513543,-0.56505376,-0.59914076,-0.6046471,-0.5015995,-0.67832744,-0.7388975,-0.6775409,-0.68304724,-0.5459126,-0.5731822,-0.450469,-0.42162615,-0.46174392,-0.49425766,-0.48980016,-0.43526092,-0.39042342,-0.43526092,-0.36210498,-0.2850159,-0.29261994,-0.26403928,-0.26928344,-0.21920179,-0.2168419,-0.22392151,-0.2608928,-0.20818906,-0.1932432,-0.17751074,-0.20268269,-0.23939176,-0.18065724,-0.20110945,-0.14473478,-0.14080167,-0.13188662,-0.037754036,0.23048446,0.16493253,0.15968838,0.106460206,0.1059358,0.24464369,0.24280822,0.17306097,0.19613525,0.09020333,0.038286198,0.087581255,0.09177657,0.07683074,-0.008386774,-0.039065078,0.023340361,-0.075774156,0.11039332,0.12822345,0.08522138,0.0957097,-0.003667035,-0.017301835,0.06450697,0.063720345,0.08364814,0.08207489,0.10777125,0.07761736,0.22733796,0.19298875,0.073159836,0.1644081,0.04379256,0.0007904964,-0.09701298,-0.14473478,-0.16859569,-0.124807,-0.035918582,-0.09229324,-0.048504557,-0.054273125,0.056378532,-0.04824235,-0.060828317,-0.011533267,-0.0702678,-0.035656378,-0.10173272,-0.02254599,-0.022808196,-0.014155344,0.03330425,-0.030936636,-0.06318819,-0.06476143,-0.037491832,-0.10959895,-0.13765517,-0.1764619,-0.09465311,-0.118776225,-0.19376764,-0.1796084,-0.07865844,-0.009173397,-0.15024115,-0.1935054,-0.16807127,-0.1935054,-0.088097915,-0.12244713,0.05428087,-0.12690465,-0.010484436,-0.06423702,-0.3429638,0.10541138,0.11249098,0.22366706,0.03251763,0.10724683,0.14002278,0.11537527,0.11091774,0.008394521,0.07525749,0.09623411,0.13871175,0.1977085,0.21553862,0.19639745,0.24438146,0.22681355,0.19639745,0.21108109,0.11091774,0.17043889,0.08155047,0.07184879,0.052445415,0.022815945,0.020456076,0.030682176,-0.068956755,0.004461405,-0.07315208,-0.028838975,-0.07682299,-0.045095857,0.0026259504,0.009181143,0.0010527042,0.0023637426,0.0031503658,-0.05060222,-0.01572859,-0.0112710595,0.046939056,-0.104879215,-0.1250692,-0.20163386,-0.27583864,-0.23100112,-0.24489814,-0.30494368,-0.2572219,-0.31779188,-0.35371432,-0.3117611,-0.38570365,-0.43840745,-0.53018016,-0.5763287,-0.5543032,-0.5781641,-0.5354243,-0.498453,-0.5086791,-0.43159002,-0.38596588,-0.39068562,-0.34847018,-0.30258384,-0.27950954,-0.21448204,-0.18065724,-0.24489814,-0.16204049,-0.172791,-0.21264657,-0.17882179,-0.19140776,-0.06528585,-0.13083778,-0.05269988,0.008918935,-0.017564043,-0.01677742,0.0036747814,-0.046669103,-0.052962087,-0.07131663,-0.11667856,-0.096488565,-0.14080167,-0.15417427,-0.14866789,-0.19691412,-0.25171554,-0.27033228,-0.34978122,-0.41140002,-0.49950182,-0.6206418,-0.6117267,-0.68881583,-0.6041227,-0.64869803,-0.5763287,-0.55168116,-0.5367353,-0.5055326,-0.50422156,-0.46174392,-0.48272052,-0.5356865,-0.6012384,-0.53018016,-0.506057,-0.49687976,-0.48953792,-0.42949235,-0.40143615,-0.43945625,-0.57763976,-0.49661756,-0.39488095,-0.37495315,-0.4512556,-0.27085668,-0.15469867,-0.22733021,-0.08914675,-0.07551194,-0.03880287,-0.060303904,-0.025430275,0.014687506,0.12455254,0.14421812,0.17542085,-0.03355872,0.1229793,0.17987837,0.20190382,0.10829566,0.23939952,0.26824236,0.2220938,0.2186851,0.13713852,0.16257267,0.07447087,0.28554806,0.14080942,0.14579137,0.15418202,0.20085499,0.0959719,-0.16335154,-0.2236593,-0.16151607,-0.089671165,0.06109827,-0.089671165,-0.04535806,-0.056370787,-0.11169661,-0.05374871,-0.054010917,-0.09884843,-0.21054891,-0.25958177,-0.27295434,-0.31648085,-0.065548055,-0.04693131,0.27637082,0.16860344,0.2116055,0.43474427,0.35372207,0.44837907,0.4835149,0.4124566,0.44392154,0.2616872,0.30940896,0.493741,0.44733024,0.44523257,0.49478984,0.4454948,0.1334676,0.106722414,0.011278805,-0.0073379427,0.1675546,0.033828665,-0.059779488,-0.06502364,-0.15155219,-0.21264657,-0.13634413,-0.13424648,-0.07524974,0.023864776,0.13792515,0.5252059,0.7722056,0.6597185,0.5448715,0.6751888,0.51262,0.337203,0.54041404,0.54224944,0.3432338,0.23336874,0.25591862,0.18722019,0.21737407,0.31858626,0.29026783,0.42189607,0.5857759,0.47119117,0.6279914,0.6007217,0.69878745,0.78269386,0.7577842,0.8747288,0.97095907,1.05303,1.0199919,1.070598,0.7357587,0.8065548,0.7155688,0.80917686,0.78085846,0.7824317,0.6911834,0.6733533,0.8246471,0.85480106,0.9623062,0.977252,1.175481,1.3598131,1.2580764,1.8336225,1.7733147,2.0266073,1.9138579,2.1105137,2.112087,1.9967155,1.7793454,1.5210708,1.464434,1.4161878,1.3582398,1.3139268,1.273809,1.0105524,1.1193687,0.99560654,0.6977386,0.7069159,0.57738525,0.08679463,0.50921124,0.031468797,-0.14447257,-0.295242,-0.6460759,-0.86056185,-1.3160167,0.028584514,1.2323802,0.5815806,0.8039327,0.31963506,0.48849687,0.13399202,0.092825405,0.16519473,0.16676798,0.31150663,0.17410979,-0.11694077,-0.28318048,0.35949066,0.37705857,0.3684057,0.42373157,0.42845127,0.4934788,0.3710278,0.41088337,0.5936421,0.5600795,0.5952154,0.39593753,0.7979019,0.83382446,0.98275834,1.0199919,1.1825607,1.0357244,1.0519812,1.0283825,1.341983,1.3744967,1.3889182,1.1872804,0.69852525,0.76093066,0.6529011,0.8464104,1.189378,1.1149111,1.326775,1.4358532,1.6052396,1.7533869,1.7764611,2.0520415,2.0612187,2.1834073,2.0785244,2.2127748,1.9917338,1.9445363,1.9298527,1.9623665,2.1548269,2.4081194,1.9880627,2.0242474,1.6996343,1.7366056,1.6461439,1.3078959,1.8026819,1.6028796,1.6739379,2.0155945,2.3050718,2.5719993,2.6344047,2.6409597,2.6745224,2.8672452,2.6142147,2.5255885,2.724342,3.0502663,3.215457,3.1438742,2.689206,2.596909,2.502252,2.7382388,2.7718015,2.7649841,2.9002833,3.01985,3.3924472,3.4952326,3.5141118,3.482909,3.379599,3.180321,3.2500684,3.3242733,3.1538382,1.3401475,0.84981906,0.87184453,1.1872804,1.0021617,1.2315935,1.1781032,1.1786275,0.60386825,0.4221583,0.5973131,0.43054894,0.5545732,0.39593753,0.35319766,0.28712133,0.12481475,0.30128056,0.68462825,0.011278805,-0.079707265,-0.043522608,-0.0534865,-0.4853426,-0.60753137,-0.4979286,-0.40510702,-0.35712302,-0.114318684,-0.06685909,-0.043784816,0.07971502,-0.14053947,0.04064607,0.050085545,0.2152764,0.16519473,0.1843359,-0.05374871,-0.016253006,-0.030674428,-0.24489814,-0.23650749,-0.24227606,0.3036404,0.42373157,0.46463594,0.12429033,0.01285205,-0.17698634,-0.90146625,-0.96282285,-1.043845,-0.7724601,-0.6447649,-0.31097448,0.002101535,-0.28737578,-0.21789072,-0.5839327,-0.8034005,-0.898582,-0.817822,-1.2761611,-1.4421386,-1.2599041,-1.5339112,-1.640892,-1.6870406,-2.0415454,-2.1346292,-2.1802533,-1.8388588,-1.8021498,-1.9078195,-1.7497082,-1.6854674,-1.5577722,-1.5346979,-1.4051673,-1.81762,-1.5622298,-1.5766511,-1.63591,-1.6752412,-1.6623931,-1.8094916,-1.5695715,-1.3495792,-1.6589844,-1.567736,-1.1877972,-1.3778977,-1.3973011,-1.7384334,-1.712737,-1.6904492,-1.9377111,-1.6880895,-1.6951691,-1.7528547,-1.8359746,-1.6096892,-2.0176845,-2.0517714,-1.8873672,-2.049936,-2.0567534,-2.0344658,-2.2028034,-2.1684542,-2.4366927,-2.5735648,-2.5898218,-2.637806,-2.748982,-2.7405913,-2.6461966,2018-04-17
TER_ENTG,-0.9030123,-1.0828141,-0.66927004,-0.68125683,0.5194192,0.6146475,0.32163733,0.4408392,0.3749119,0.70321655,0.8097657,0.5007731,0.41287005,0.48945227,0.5547136,0.5826828,0.5587092,0.4861226,0.49145004,0.50809836,0.51608956,0.6013289,0.5940037,0.65993094,0.28434512,0.36359105,0.27635393,0.07457642,0.18378933,0.18911679,0.19377832,0.13650812,0.2590397,0.2324024,0.06192371,-0.16049771,-0.13918787,-0.13252854,-0.1711526,-0.3256489,-0.5154396,-0.78447634,-0.9176628,-1.0002384,-1.0455219,-1.0375307,-0.70123476,-0.4934639,-0.384251,-0.3129962,-0.35028845,-0.31565994,-0.32631487,-0.33364013,-0.33364013,-0.777817,-0.7072282,-0.5760395,-0.57737136,-0.4361937,-0.58935815,-0.3389676,-0.49679354,-0.53475165,-0.42087728,-0.5061166,-1.2333148,-1.260618,-1.4490768,-1.3511847,-1.3352023,-1.4111185,-1.3571781,-1.1900291,-1.3804857,-1.3971341,-1.3804857,-1.3352023,-1.495692,-1.4790437,-1.495026,-1.3911406,-1.6128961,-1.5309864,-1.3938043,-1.2559564,-1.1194403,-1.1161107,-1.1287634,-1.0961326,-1.0062318,-0.97293514,-1.0328691,-1.0654998,-1.1940247,-1.0361987,-0.94296825,-0.9496276,-0.50278693,-0.30633688,-0.60267675,-0.6899139,-0.97626483,-1.043524,-1.0415262,-0.9689396,-0.88702995,-1.0708272,-1.0322031,-0.6592811,-0.6233207,-0.6193251,-0.67592937,-0.60933614,-0.5960175,-0.5227649,-0.8497377,-0.85173553,-0.9662759,-0.8031224,-1.014223,-1.1687193,-1.1567326,-1.172715,-0.8710475,-0.07126276,0.304989,0.28101546,0.34294713,1.0668156,0.57935315,0.5893421,0.7764691,0.74650216,0.7265242,0.6253025,0.67724514,0.6812408,0.75915486,1.0475036,1.0801343,1.0202003,1.0861276,1.02353,1.0221981,0.9915652,0.96559393,0.9469478,0.7977789,0.6619288,0.66991997,0.77580315,0.85504913,0.73584723,0.79444927,0.7251923,0.8237503,0.8850161,0.5846806,0.5700301,0.7724735,0.717867,0.5620389,0.4015492,0.6932276,1.0281916,0.9429522,0.9036622,1.0954506,1.1240858,1.0561607,1.02353,1.1280814,0.9908993,1.1826879,1.3065512,1.3118787,1.4703707,1.497008,1.4443992,1.7300843,1.7886864,1.852616,1.8845806,2.2381907,2.2681575,2.3613882,2.1516194,1.9744815,2.0277562,2.226204,1.7047788,1.535632,1.7740359,1.5849111,1.1560506,1.1966724,1.3325226,0.944284,0.44949633,0.6932276,0.44550073,0.4588194,0.4967775,0.79444927,0.747834,0.78312844,0.807768,0.69522536,0.82641405,0.95560485,0.7911196,0.77114165,0.92497206,0.8770249,0.8583788,0.63529146,0.8543832,0.865704,0.7598208,0.9602665,0.9995565,1.0275255,1.2945645,1.438406,1.2872392,1.5562758,1.4603817,1.3518348,1.4197599,1.5329684,1.6328582,1.350503,1.349171,1.3351865,1.5622693,1.6721481,1.4337445,1.3538325,1.172033,1.3351865,1.1360725,1.092121,1.0255278,0.87835675,0.82707995,0.73851097,0.7371791,0.8124295,0.7458362,0.71187365,0.5354016,0.65593535,0.71187365,-0.09790006,-0.10455939,-0.30766875,-0.36227524,-0.35894555,-0.018654112,-0.13119668,-0.098565996,-0.10389346,-0.04129581,-0.051284794,-0.11987583,-0.19446024,-0.08524735,-0.305005,-0.26038754,-0.31632587,-0.34163132,-0.27104247,-0.34829065,-0.28635892,-0.33696976,-0.29701382,-0.41222015,-0.5234309,-0.46749255,-0.49479574,-0.4881364,-0.4954617,-0.38025537,-0.305005,-0.29568195,-0.37426198,-0.46815845,-0.7098919,-0.77182364,-0.57670546,-0.42021132,-0.34296316,-0.39557183,-0.52209896,-0.73253363,-0.49745947,-0.47548372,-0.5400792,-0.718549,-0.6186592,-0.5640527,-0.48414084,-0.59335375,-0.41421792,-0.20444924,-0.026645299,-0.2836952,-0.2876908,-0.18780093,-0.17448227,0.1072071,-0.065935306,-0.017988179,-0.14118567,-0.23974365,-1.6581795,-2.0364292,-2.6690648,-2.567843,-2.5964782,-2.551195,-2.3753886,-2.4293292,-2.4945905,-2.6231153,-2.4386523,-2.3753886,-2.412015,-2.1216686,-2.0424223,-1.9891479,-2.0790486,-2.1549652,-1.978493,-2.2402043,-2.2561867,-2.095031,-2.06573,-2.1423123,-1.9611787,-1.7946956,-1.8892579,-1.8013549,-1.7653946,-1.780711,-1.5809314,-1.7287683,-1.7620649,-1.5329843,-1.4497427,-1.2912508,-1.3724946,-1.3618397,-1.6734959,-1.6288786,-1.7147838,-1.7094562,-1.6695004,-1.6661707,-1.6635069,-1.742753,-1.7347617,-1.6222192,-1.7081245,-1.7760496,-1.6362038,-1.3445253,-1.3791538,-1.2219939,-1.2293191,-1.2686092,-1.1360886,-1.0774866,-1.0348669,-1.0062318,-0.9130013,-0.79912686,-0.48414084,-0.6359734,0.044609465,0.07391049,0.35959548,0.6179772,0.8324074,0.4961116,0.4961116,0.5300741,0.31431207,0.3809053,0.004653521,-0.38358504,-0.728538,-0.43486184,-0.6899139,-0.5700461,-0.51344186,-0.56471866,-0.6073383,-0.41688165,-0.24840076,-0.20045364,-0.22376126,-0.3722642,-0.33563793,-0.49279797,-0.28502706,-0.2836952,0.16247949,0.39688766,0.5387313,0.27235833,0.39422393,-0.003337667,0.17779593,0.14316745,0.36758664,0.35093835,0.17446627,0.12385541,0.31630987,0.35360208,0.4022151,0.51209396,0.34494495,0.36558887,0.18312341,-0.0119947875,0.10387744,0.22907273,0.39622176,0.64861006,0.019304032,0.4408392,0.22574306,0.40421292,0.45016226,0.55071807,0.63529146,0.21642001,0.17646407,0.44150513,0.8850161,1.4324126,1.7194294,1.5735902,1.6774757,1.1953405,1.1367385,1.1780263,1.1473935,1.0661496,0.6033267,0.0845654,-0.24573703,-0.4155498,-0.58536255,-0.5560615,-0.5640527,-0.5474044,-0.6992369,-0.42287505,-0.50278693,-0.5560615,-0.3715983,-0.46549472,-0.46016726,-0.078588024,-0.036634285,-0.11255058,0.2284068,0.11186863,0.3402834,-0.0026717351,0.17380035,0.2630353,0.1564861,-0.6060065,-0.49745947,-0.5007891,-0.33963352,-0.334972,-0.21310635,-0.26238534,-0.3389676,-0.2617194,-0.26504907,-0.47548372,-0.5793692,-0.34429505,0.26103747,-0.009331059,0.040613867,0.07790608,0.05526438,0.09988185,0.1544883,0.14849491,-0.07259463,0.27835172,-0.069930896,-0.023315638,0.20243543,0.41486785,0.3356219,1.2566063,1.0554948,0.9669258,1.1826879,0.9456159,1.170701,1.3112128,1.4950101,1.4836893,1.5995616,1.6681527,1.732748,1.8199852,1.4244213,1.4723685,1.5695947,1.9778112,1.2379602,1.2805799,1.3485051,1.6361879,1.9658242,1.861939,1.3671511,0.816425,0.19577612,-0.011328856,-0.3389676,-0.19312838,-0.0965682,-0.51211,-0.19446024,-0.26105347,-0.38358504,-0.36760268,-0.04395954,0.011312845,0.12185761,0.3089846,0.053932518,0.42352495,0.3649229,0.29233631,-0.3822532,0.16381136,0.07524235,-0.14451532,0.4514941,0.40487882,0.5034368,1.2206459,0.6972232,0.45216006,0.31364614,0.4801292,0.226409,0.27235833,-0.06127378,0.23573205,0.14516523,0.5267445,0.9316314,1.2239757,-0.95961654,-0.7744873,-0.41355202,-0.6339756,-0.52875835,-0.4088905,0.057262182,-0.07792209,0.05459845,0.088561,0.1791278,0.27435613,0.6013289,0.9576027,0.9908993,1.2286372,1.0188684,1.0248619,1.1953405,1.1134309,0.85504913,0.95360714,1.0814661,1.0208663,1.0308553,0.7884559,0.4861226,0.42752057,0.08922693,-0.13652414,0.48878634,-8.005428e-06,-0.13186261,-0.34762472,-0.58602846,0.07990388,-0.98691976,-0.85972667,-0.70456445,-0.8976849,-0.6086702,-0.65794915,-0.73253363,-0.80378836,-0.67326564,-0.89302325,-0.85706294,-0.91433316,-0.74585223,-0.4501783,-0.5760395,-0.4668266,0.033954542,-0.15916583,-0.3869147,-0.70123476,-0.9336451,-0.6539536,-0.96361214,-0.86438817,-0.78847194,-0.8950211,-0.8983508,-0.7398588,-0.43086627,-0.21710195,-0.08125175,-0.5560615,0.14916085,0.011978776,-0.27503806,-0.23241839,0.025963357,0.30165938,1.1334089,0.9276357,0.94228625,1.2346306,1.0115433,1.1327429,1.1287473,1.3152084,0.30365714,0.35759765,0.38756463,0.045941327,0.05659625,0.59200585,-0.04062988,0.05659625,0.39688766,0.43085024,0.57535756,-0.23907772,0.6466123,0.32563293,0.8843501,0.85305136,0.5580433,0.08323354,0.23373426,0.65993094,0.97025543,1.2872392,1.0002223,0.9396225,0.84772384,0.90898967,0.73784506,1.2446195,1.3218677,0.99755865,1.2552744,1.0941188,1.249281,0.7265242,0.76781195,0.807768,1.428417,1.417762,1.2825776,0.9356269,1.1453956,1.2173163,0.4468326,-0.3469588,1.1580483,1.0268598,1.170701,1.5116584,1.1520549,0.7624845,1.0268598,-0.31765774,-0.19712397,-0.07725615,0.012644709,0.24438919,-0.79712903,-0.30100942,-0.48414084,-0.54141104,-0.00067393784,0.14982677,-8.005428e-06,-0.3389676,-0.12586921,-0.076590225,0.75116366,0.55071807,0.5453906,0.54805434,0.42485684,0.39821953,0.5393972,0.56936413,1.0275255,0.80110854,0.86636996,0.73318344,0.8290778,0.1584839,0.54872024,-0.4401893,-0.649958,-1.2852575,-1.4091208,-0.8031224,-0.3602774,-0.37892354,-0.5061166,-0.84041464,-1.1540688,-1.486369,-1.4284328,-2.3540788,-2.8082447,-3.0379913,-3.3316674,-3.4914913,-3.0353277,-3.4248981,2018-04-17
MKSI_FORM,-1.1522725,-1.2042685,-1.1654397,-0.35599387,-0.6562442,-0.844141,-0.49189463,-0.6317359,-0.5996349,-0.6874803,-0.6965147,-0.6845008,-0.732364,-0.9469796,-0.9444807,-0.9406363,-0.7677328,-0.81367385,-0.8278983,-0.8254955,-0.87518483,-0.9657213,-0.92612356,-1.0546237,-0.98676956,-0.959378,-1.0511638,-0.8111749,-0.8917159,-0.78589785,-0.7814767,-0.81386614,-0.81069446,-0.8061772,-0.78166896,-0.77090454,-0.85721207,-0.93871415,-0.9758129,-1.0849948,-1.0725965,-1.0379004,-1.0549121,-1.0114701,-0.9523619,-0.9534191,-0.9263158,-0.93112135,-0.9143981,-0.6920936,-0.6154932,-0.58665997,-0.6509581,-0.60434437,-0.02123973,-0.013358639,-0.05689686,0.19827749,0.52236336,0.5943504,0.45729628,0.53293556,0.70612735,0.7358256,0.7701371,0.82607365,0.063145615,0.25901955,0.39703476,0.34100214,0.47911346,0.5043906,0.476134,0.307075,0.5346655,0.46690735,0.65259355,0.6677791,0.75129944,0.78993595,0.84568024,1.0081077,1.000611,0.920839,0.8784541,0.78810984,0.71785283,0.6142453,0.5337044,0.54273885,0.6347169,0.49237677,0.491704,0.4537402,0.51217556,0.51794225,0.54360384,0.5234206,0.5325511,0.5138095,0.55100435,0.535915,0.5091,0.4991045,0.5138095,0.5070817,0.55013937,0.5222672,0.4920884,0.4238497,0.45960295,0.33783048,0.18309197,-0.020663064,-0.034214698,0.015859066,-0.015569189,0.26593953,0.2309552,0.21394357,0.09159443,0.106587715,0.074486695,0.081118345,0.14128375,-0.09053566,-0.14445387,-0.057185195,-0.051706873,-0.09553343,-0.73082626,-0.48218745,-0.66720086,-0.7694628,-0.81895995,-0.776479,-0.9070936,-0.9209336,-0.65778196,-0.65163094,-0.5576345,-0.5958866,-0.6373104,-0.61049545,-0.7957972,-0.7092974,-0.67758083,-0.62529653,-0.6967069,-0.7016086,-0.6839242,-0.6615303,-0.8147311,-0.9189153,-0.84635156,-0.81665325,-0.85058045,-0.7209268,-0.6082849,-0.7692706,-0.5930033,-0.5833922,-0.6117449,-0.7009358,-0.6961302,-0.6903636,-0.75648785,-0.74533904,-0.87018704,-0.93410075,-0.93986744,-1.0941254,-1.0012823,-0.95120853,-0.6867114,-0.685558,-0.5968477,-0.490453,-0.2801624,-0.3803099,-0.26747575,-0.18770376,-0.26507297,-0.22355309,-0.2518097,-0.5681105,-0.6710453,-0.82213163,-0.69776416,-0.64480704,-0.3219706,-0.44989422,-0.5003524,-0.5153457,-0.2960207,-0.29371402,0.42048582,0.20058414,0.45729628,0.5666704,0.631353,0.618282,0.6361586,0.5412972,0.36329985,0.25507903,0.3291805,0.2922739,-0.03757858,-0.069775715,-0.00096033723,-0.07477348,-0.19933315,-0.23969972,-0.24450526,-0.28256518,-0.17049992,-0.04324912,-0.08582623,-0.087748446,0.06727838,-0.09928176,-0.14080165,-0.14118609,0.113219365,-0.054205757,-0.032484703,-0.26468855,-0.07160182,0.08265612,0.1223499,0.1878014,0.0016346562,0.43990022,0.47498068,0.47786403,0.5441805,0.57445544,0.52986,0.48612955,0.48276564,0.5124639,0.5314939,0.43230748,0.34705713,0.4192364,0.40135977,0.51073396,0.49574062,0.3856937,0.39607364,0.470079,0.36416486,0.352151,-0.2714163,-0.0010564481,0.32946882,0.46133295,0.61981976,0.6272203,0.64990246,0.5148667,0.52851444,0.46296683,0.6519208,0.5764738,0.6447125,0.7040129,0.7243884,0.87201464,0.71170175,0.61693645,0.6520169,0.68825066,0.72410005,0.6777746,0.8687468,0.7225623,0.77215546,0.77080995,0.7393817,0.673738,0.65153635,0.49372232,0.47055957,0.47055957,0.38290647,0.3266816,0.21086802,0.1781903,-0.07410071,-0.20212036,-0.26564965,-0.35637832,-0.42115703,-0.41625538,-0.42855757,-0.3561861,-0.262478,-0.28487182,-0.14983608,-0.26353523,-0.48141855,-0.5841611,-0.6261615,-0.7204463,-0.63634926,-0.6392326,-0.7525473,-0.6771003,-0.6050171,-0.5295701,-0.41020042,-0.40030098,-0.43970641,-0.44595364,-0.43422812,-0.38751826,-0.28400683,-0.312744,-0.6826747,-1.1639018,-1.0725005,-1.0132961,-1.157943,-0.8544249,-0.74034125,-0.6610497,-0.7829184,-0.96091574,-1.114597,-1.0454932,-0.8550977,-0.9716801,-1.0956631,-0.93419695,-0.80492777,-0.7997378,-0.73716956,-0.9122836,-0.903057,-0.7141991,-0.77619064,-0.8672076,-0.8733587,-0.91113025,-0.75965947,-0.46027416,-0.48401353,-0.19914094,-0.1508933,-0.25680745,-0.22172698,0.028834032,-0.028159715,-0.20173593,-0.86691934,-0.8289555,-0.6824825,-0.8476971,-0.93832964,-0.9624535,-0.98552006,-0.97408295,-0.95697516,-1.195234,-1.0489532,-0.9463068,-0.9474602,-0.8217472,-0.78349507,-0.8392394,-0.786859,-0.67229474,-0.57772166,-0.6599926,-0.5729161,-0.5947333,-0.68911415,-0.8053122,-0.6309671,-0.74476236,0.19933471,0.440573,0.5109261,0.5882954,0.3095739,0.32773885,0.16684923,-0.07929069,-0.09255399,-0.15685217,-0.30813068,-0.48728132,-0.40693265,-0.5171718,-0.6613381,-0.6880569,-0.49650794,-0.56618834,-0.5392773,-0.51140517,-0.4616197,-0.29304126,-0.5029474,-0.1625227,-0.05583964,-0.24969526,-0.31264788,-0.35118833,-0.48574352,-0.42759645,-0.31005287,-0.53187674,-0.31851062,-0.47594026,-0.6191454,-0.6301021,-0.7851289,-0.3996282,-0.4082782,-0.57176274,-0.752259,-0.46286917,-0.3766577,-0.33187005,-0.3996282,-0.37540826,-0.35359108,-0.08947844,0.0064401994,-0.054205757,-0.07698403,0.11427659,-0.26737967,-0.19731483,-0.49535462,-0.44201308,-0.41414094,-0.57272387,-0.41250706,-0.41971537,-0.5482156,-0.692478,-0.5833922,-0.6391365,-0.7325563,-0.6923819,-0.70083964,-0.7325563,-0.60021156,-0.55186784,-0.36051106,-0.36031887,-0.19183652,-0.19673815,-0.1810721,0.004421871,-0.06352851,0.010476856,0.10629938,0.27045676,0.3965542,0.3372538,0.65730304,0.5057362,0.39059535,0.30217335,0.47180903,0.42087027,0.29852113,0.45720017,0.42211974,0.59290874,0.61001647,0.7445717,0.76398605,0.6015587,0.35551485,0.47296235,0.4972784,0.29852113,0.20269859,0.13974597,0.36272317,0.29006335,0.24642903,0.07775447,0.22095966,0.31293777,0.41962084,0.32985327,0.32639328,0.46681124,0.41962084,0.5033334,0.5516771,0.67662126,0.7637938,0.8995984,0.64019525,0.94083,0.885278,0.7834004,0.8718224,1.1022002,1.5045203,1.1942743,1.3033602,1.585734,-0.21394202,-0.6380793,-0.302364,-0.2879474,-0.21874756,-0.104856186,-0.12311725,-0.41644764,-0.24200638,-0.068526275,0.074486695,-0.0031708875,-0.21413423,-0.6140515,-0.6169349,-0.69449633,-0.6789264,-0.82309276,-0.77215403,-0.7164096,-0.45835194,-0.38934436,-0.53370285,-0.8959447,-0.78705114,-0.63154376,-0.7417829,-0.47526747,-0.6022299,-0.517364,-0.48583964,-0.5696483,-0.3731016,-0.4082782,-0.2738191,-0.23499028,-0.04584411,-0.39732152,-0.54514,-0.88806367,-0.44326255,-0.18876098,-0.2190359,-0.0008642264,-0.11600505,0.13224933,0.25209957,0.29323503,0.40347418,0.37204596,0.33571604,0.24479516,0.020376276,0.0070168646,0.06891227,-0.07044849,0.16704145,0.1948175,0.5475444,0.5403361,0.5682082,0.393767,0.28477728,-0.97321796,-0.35397556,-0.431537,-0.2897735,-0.32129785,-0.17703545,-0.22201532,-0.25353968,-0.36377886,-0.25594246,-0.20375425,-0.5224579,-0.61568546,-0.60626656,-0.5817583,-0.59098494,-0.69276637,-0.959474,-0.9775429,-1.0857637,-0.99003726,-0.97321796,-0.80579275,-0.9790807,-0.82530326,-0.7438973,-0.91132253,-0.94544184,-0.9770624,-1.0715393,-1.1030637,-0.9615885,-0.99090236,-1.0548161,-0.795509,-0.80540836,-1.0476077,-0.95043963,-1.0307883,-0.8808554,-1.1352608,-1.1341075,-1.248095,-1.208209,-1.2153212,-1.3003793,-1.2360811,-0.98638505,-1.1343958,-1.1464097,-0.9852318,-1.2798116,-1.3502609,-1.2982649,-1.1758196,-0.951593,-1.0584682,-0.68651915,-0.7372657,-0.5401423,-0.56071,-0.93640745,-0.7925295,0.6682596,-0.20567648,-0.6723908,-0.7183318,-0.29775068,-0.28573683,-0.5896394,-0.6889219,-0.63077486,-0.5918499,-0.23181863,-0.40414542,-0.14589553,-0.17761213,-0.39213154,-0.038251355,-0.15550663,-0.053148534,-0.16848159,-0.4019349,-0.8060811,-0.30409402,-0.2731463,-0.12801892,-0.2192281,-0.084961236,-0.01576141,0.00874686,0.21346301,0.1868403,0.27516618,-0.6814253,-0.40895098,-0.515634,-0.5737811,-0.7686939,-0.6061705,-0.33206227,-0.5127507,-0.38924825,-0.24239084,-0.48776186,-0.14964385,-0.2200931,-0.056704637,-0.46632916,-0.50698406,-0.65816647,-0.9019998,-0.7746529,-0.67546636,0.9066145,0.8095426,1.0334809,1.3740016,1.3992789,1.1657294,0.98811656,0.99023104,1.0133936,0.9117084,1.431476,2.0294778,2.2006512,2.2893615,2.434393,2.3792253,2.4684162,2.5892274,2.9283066,2.8387313,2.9760737,3.1985703,3.2411475,3.429717,3.228653,3.3901193,3.5878196,3.099288,3.2134676,3.202607,3.3504257,3.2689238,3.2785347,3.5444736,2.5371354,2.6544867,2.7555954,2.8925536,2.7195537,2.861125,2.9702108,3.0345092,2.8975513,3.1398466,3.0668025,3.16695,3.1862683,3.3428326,3.0202847,2.9116795,3.2043371,3.1046703,2.9418583,2.8183558,3.0034654,3.076798,3.2304792,3.3787782,3.0188432,2.9774194,2.930325,2.7748177,2.8396924,2018-04-17
KLIC_IMOS,-1.1872526,-1.0564077,-1.0781004,-1.0295501,-1.0653603,-1.0236964,-1.513332,-1.6317811,-1.6799872,-1.4007365,-1.6951376,-1.5708349,-1.7333581,-1.848364,-1.8332134,-1.6782656,-1.8328692,-1.7994692,-1.6672469,-1.5529299,-1.6679356,-1.6638036,-1.7068447,-1.6741335,-1.7977477,-1.6093997,-1.7230283,-1.6328142,-1.561538,-1.6235173,-1.4850972,-1.5797874,-1.6761996,-1.6259276,-1.5319257,-1.8545619,-1.6572615,-1.8438877,-1.7295704,-1.9761099,-1.8917494,-1.9719781,-1.7526406,-1.5825422,-1.264038,-1.6173193,-1.6634593,-1.5271051,-1.3105223,-1.1800218,-1.330149,-1.0071687,-1.0178429,-1.0209417,-1.4895734,-1.0391912,-1.1975825,-0.90524733,-0.7544313,-0.5746917,-0.34812337,-0.24207008,-0.1108808,0.20968933,0.28544167,-0.14118174,0.17112449,0.12050816,0.1294607,0.25858402,0.2224295,0.40630105,0.16148329,-0.19386405,0.10501336,0.34122294,0.41215464,0.25582936,0.0051580095,0.32125187,0.47688845,0.47757712,0.2403346,0.18007705,0.16148329,-0.012058431,-0.13739412,-0.6676605,-0.68281096,-0.7354932,-0.7819776,-0.85910726,-0.91488856,-0.9923625,-1.1738238,-1.3446109,-1.3191305,-1.3094894,-1.104958,-1.3556294,-1.2988151,-1.1669372,-1.000282,-0.72963965,-0.7595963,-0.602238,-0.46898276,-0.2413814,-0.20798151,-0.2568762,-0.1418704,-0.35879758,-0.3632738,-0.3536326,-0.27271533,-0.22726394,-0.09641899,-0.17527027,-0.1886991,-0.44005916,-0.40906954,-0.4934301,-0.51512283,-0.5361269,-0.52510834,-0.6170442,-0.59604007,-0.296474,-0.38049027,-0.40528196,-0.2568762,-0.38840985,-0.32195434,-0.94828844,-0.82880634,-0.67282546,-0.7929961,-0.6814336,-0.5805453,-0.5636732,-0.40287164,-0.10020661,-0.24516903,-0.63804823,-0.6587079,-0.43661585,-0.6945181,-0.78748685,-0.9713585,-0.7041593,-0.6714481,-0.6342606,-0.7582189,-0.6614626,-0.8387919,-0.727918,-0.6404585,-0.68900883,-0.63460493,-0.6270297,-1.0560633,-1.0154325,-0.8401692,-0.86943716,-0.64493483,-0.44625708,-0.5450794,-0.64803374,-0.7337716,-1.061917,-0.94105756,-0.82639605,-0.79368484,-0.87322474,-0.55713093,-0.3140348,-0.17320432,-0.35604295,-0.4417808,-0.4342056,-0.65423167,-0.5857102,-0.61566687,-0.25205562,-0.22554228,-0.76613843,-0.6893532,-0.5653948,-0.63116163,-0.65319866,-0.6463121,-0.69279647,-0.64459044,-0.5647062,-0.5192548,-0.088843755,-0.17285997,-0.07610359,0.19729349,0.41697523,0.40871137,0.36291564,0.9496519,0.0468218,0.047166124,-0.009992458,0.02547341,0.12257413,0.14220087,0.027195055,0.11224426,0.067481525,0.022030123,-0.1418704,-0.19799598,-0.25377724,-0.2434474,-0.30267194,-0.28993177,-0.29854,-0.14634667,-0.063363425,-0.051311914,0.029605357,0.011700258,-0.041670706,-0.043048024,0.10570202,0.23999028,0.061283607,0.015832203,-0.10468288,-0.111225136,-0.077480905,-0.015846048,-0.1036499,-0.1060602,-0.20075062,-0.15839818,-0.21521242,-0.3284966,-0.3191997,-0.12671992,-0.10537154,-0.06405208,-0.07782523,-0.10537154,-0.08540046,-0.08987675,-0.14290337,-0.23139587,-0.31093583,-0.22967423,-0.20591554,-0.08987675,0.015487874,-0.03512846,-0.03753876,-0.008959472,0.20452438,0.02547341,0.055430017,0.14323387,0.1628606,0.14288953,0.04613314,0.024784751,-0.06474073,-0.108814836,-0.0065491702,-0.054066546,-0.06095312,0.0003374062,-0.06956134,-0.23105155,-0.28579983,-0.23793812,-0.23174019,-0.20247225,-0.29681835,-0.29165342,-0.28476685,-0.13050754,-0.02652024,0.31023335,0.20383574,-0.006893499,-0.013435747,-0.113979764,-0.15908684,-0.044425335,-0.042703692,-0.3890985,-0.23346184,-0.14152607,-0.16080849,-0.26823905,-0.27099368,-0.03512846,0.026850726,0.0695475,0.07987736,0.08779692,0.11809786,0.30196944,0.46242666,0.5030574,0.42214015,0.42420617,0.309889,0.385297,0.38805163,0.42214015,0.42214015,0.43763497,0.38977325,0.43040407,0.38013205,0.38770732,0.5368017,0.45554006,0.22690576,0.357062,0.32331783,0.33812398,0.32607248,0.0995041,-0.2675504,-0.44109213,-0.3835892,-0.33366153,-0.36465114,-0.4107912,-0.5399145,-0.49962804,-0.49446312,-0.47827968,-0.51856613,-0.59018654,-0.53130627,-0.58433294,-0.5970731,-0.578135,-0.5361269,-0.5516217,-0.6621512,-0.6879759,-0.81365585,-0.8005714,-0.776124,-0.79127455,-0.67179245,-0.68900883,-0.6587079,-0.6562976,-0.6738584,-0.64562345,-0.64803374,-0.654576,-0.61050195,-0.451422,-0.529929,-0.4738034,-0.38875416,-0.40390462,-0.33882648,-0.32298735,-0.3333172,-0.4238757,-0.3618965,-0.41354582,-0.43454987,-0.32952958,-0.28614414,-0.37670264,-0.35053366,-0.37566966,-0.14290337,-0.120177686,-0.16046415,-0.00964813,0.03959089,-0.09745198,-2.7790847,-1.3218852,-1.277811,-0.81124556,-0.753054,-0.6580193,-0.40975824,0.013766229,-0.26204112,-0.68040067,-0.6604296,-0.37050474,-0.22588663,-0.06439641,-0.5991391,-0.77405804,-0.5822669,-0.6387369,-0.34261408,-0.34089243,-0.35259965,-0.2950967,-0.6569863,-0.46726114,-0.09469735,0.14082356,0.30610138,0.3663589,0.35327443,0.3687692,0.43384737,0.54988617,0.63045913,0.6914053,0.74994123,0.81949574,0.7809308,0.6442323,0.7227393,0.6986363,0.6838301,0.8446317,0.79986894,0.4782658,0.6170303,0.3625713,-0.0044831974,-0.030307857,0.18111004,-0.0041388683,0.07850005,0.21347694,0.3432889,0.33536935,0.38805163,0.2262171,0.20314707,0.4197299,0.5337027,0.57226753,0.64974153,0.6934713,0.62529415,0.48859566,0.96204776,0.9083325,1.09427,1.3308239,1.2574819,1.3263477,1.2557603,1.3136076,1.4434195,1.3890154,1.3142961,1.1879275,1.3652568,1.3019003,1.2347562,1.3353002,1.4234483,1.4286134,1.5301902,1.5387985,1.4010669,1.3239374,1.3700775,1.2447418,1.1190617,1.2130635,1.2740097,1.1734657,1.234412,1.2681562,0.77473295,0.7120651,0.84945226,0.6765992,0.6542178,0.6421663,0.4462432,0.36567026,0.04785478,0.09089588,0.21519859,0.1508091,0.17732242,0.042345524,0.17112449,0.072302125,0.061972268,0.3446662,0.2534191,0.12532876,0.4634596,0.40492374,0.5788098,0.7155084,0.81123173,0.72790426,0.874244,0.7430547,1.0054332,1.019895,1.2120305,1.0136971,0.5929273,0.9028232,0.56985724,0.39975882,0.3491425,0.40733403,0.44555455,0.19281721,0.19798215,0.35637337,0.1304937,0.09020722,0.10501336,-0.1635631,-0.5161558,-0.6132566,-0.32229868,-0.3470904,-0.3274636,-0.5292403,-0.74306846,-0.7165552,-0.578135,-0.40218297,-0.59431845,-1.0147439,-1.2392462,-1.7640034,-1.2068794,-1.1256177,-1.5012805,-1.4895734,-1.2547411,-1.1610836,-1.2392462,-1.3115554,-1.1776115,-1.2884853,-1.3797324,-1.136292,-1.2024032,-1.2995038,-1.6155976,-1.412788,-1.412788,-1.1500651,-0.956208,-0.4176778,-0.46691677,-0.59431845,-0.6318503,-0.37807998,-0.4741477,-0.4114799,-0.19937329,-0.296474,-0.46863842,-0.31162447,-0.23380618,-0.44109213,-0.45934156,-0.31437913,-0.3009503,-0.8577299,-0.88975257,-0.7836993,-0.4703601,-0.7189655,-0.7533983,-0.068184026,-0.2913091,0.23103772,0.25651804,0.3914949,0.28372002,0.24618818,0.20245843,0.09399484,0.055085685,0.05990629,-0.019289337,-0.022732623,0.17560077,-0.28201222,-0.41457883,-0.33193988,-0.6841883,-0.92211944,-0.6604296,-0.70966864,-0.8133115,-0.806425,-0.8439568,-0.72378606,-0.49721774,-0.45589828,-0.4645065,-0.5729701,-0.77336943,-0.49033117,-0.6783347,-0.7134562,-0.49756208,-0.24103709,-0.23690514,-0.36740577,-0.32333168,-0.28407818,-0.38014594,-1.1738238,-1.1989598,-1.266104,-1.4000478,-1.2857306,-1.336347,-0.9985605,-0.7234417,-0.6676605,-0.7854209,-0.78748685,-0.8949175,-0.7857653,-0.96378326,-0.953109,-0.26066384,-0.13842711,-0.2661731,-0.25722054,-0.40562627,-0.6091246,-0.109503485,0.102947384,0.4496865,1.2003233,0.80985445,1.3153291,2.7232897,1.6138622,1.891047,1.9485497,2.1127946,2.354858,2.3348868,2.2519035,1.834577,1.8490387,1.6024994,1.4902482,1.020928,0.92623764,1.0157632,1.3559599,1.528813,1.29949,1.0560496,1.2474964,1.3373662,1.518483,1.5694438,1.8059976,1.7505608,1.6365879,1.5477511,1.6038767,1.6548375,1.6644787,1.4551266,1.551883,1.5480953,1.6451961,1.5122854,1.6754972,1.7133732,1.8328553,1.7591691,1.7302454,1.6906475,1.373865,1.6045653,1.6173055,1.629357,1.6362436,1.5949241,1.3625022,1.120439,1.3229043,1.2495624,0.9079882,0.8594378,0.998891,0.76440305,0.8015906,1.5797737,1.244053,1.2244264,1.2581706,1.4148402,1.2485293,1.3711104,1.3903929,1.3418425,1.678596,1.5639344,1.4265474,1.197913,1.397968,1.5577366,1.5016111,1.178975,1.2116863,1.197913,1.3993454,1.7240474,1.688926,1.5577366,1.7350659,1.8466284,1.8621233,1.7261134,2.0969555,2.34866,2.4192474,2.8172915,2.9574332,2.6564898,2.7608213,2.6847248,2.5129046,2.7436051,2.5538797,2.4529915,2.6444383,2.5662758,2.5865912,2.6423724,2.7349968,2.7029743,2.9567444,3.1640306,3.2845454,3.3957639,2018-04-17
MCHP_IMOS,-2.6723318,-2.531724,-2.5286338,-2.389378,-2.5077744,-2.433801,-2.378369,-2.4281998,-2.4934819,-2.1363616,-2.432642,-2.1417694,-2.191214,-2.3714159,-2.4065678,-2.294352,-2.4473207,-2.3862877,-2.3061337,-2.2084036,-2.3225508,-2.341672,-2.3333669,-2.2895236,-2.3741198,-2.2781281,-2.4799619,-2.3969107,-2.2649944,-2.3325942,-2.1742175,-2.2310014,-2.2646081,-2.2124596,-2.05022,-2.3772101,-2.1305673,-2.223855,-2.0249186,-2.211494,-2.161084,-2.2812183,-2.0388246,-1.9206215,-1.6015502,-1.8756194,-2.0034797,-1.9003415,-1.7006323,-1.5804976,-1.7765373,-1.4748487,-1.4244386,-1.4543757,-1.8825724,-1.3319234,-1.4609425,-1.1679455,-0.9861985,-0.81352913,-0.65747017,-0.5265196,-0.36833593,-0.105276,0.015244868,-0.28354645,-0.061432663,-0.09716402,0.011768303,0.124563456,0.1438777,0.24411863,0.045375083,-0.3326046,-0.0013653805,0.21340898,0.28757566,0.1274606,-0.10701428,0.18887988,0.31055963,0.21958953,-0.101606295,-0.1840781,-0.20242661,-0.31367663,-0.37026736,-0.9070101,-0.98388076,-1.2274333,-1.2314893,-1.2807406,-1.3520101,-1.1385878,-1.089916,-1.0883708,-1.0101482,-1.0138178,-0.85563415,-1.1210119,-1.1034359,-0.9599311,-0.77007216,-0.4952305,-0.62463593,-0.46490717,-0.3818559,-0.15549302,-0.055831537,-0.03207502,0.04131909,-0.11976168,-0.034972157,-0.064522944,-0.034972157,0.030503118,0.13306174,0.052328207,0.078016154,-0.16920613,-0.21247002,-0.22270657,-0.21266316,-0.24433851,-0.2561202,-0.23159112,-0.29320353,-0.036903583,-0.14525647,-0.2360334,-0.108945705,-0.17461412,-0.10933199,-0.7772184,-0.5981754,-0.54602695,-0.7246837,-0.5761572,-0.48171055,-0.5402327,-0.48171055,-0.23699911,-0.39054736,-0.64974445,-0.6317822,-0.5918017,-0.7474745,-0.8602696,-1.0920404,-0.8496468,-0.7806949,-0.78320575,-0.8560205,-1.0049332,-1.093972,-1.0053196,-0.73221624,-0.78030866,-0.8025201,-0.7652436,-1.1636964,-1.1298964,-0.92168885,-0.8083143,-0.7233317,-0.67890894,-0.8239588,-0.96997446,-1.0843148,-1.4136226,-1.2550527,-1.0976417,-1.0626829,-1.129317,-0.74129397,-0.56707954,-0.36370054,-0.73936254,-0.7476677,-0.6968712,-0.83902395,-0.7123226,-0.7256494,-0.47340542,-0.38610503,-0.7766389,-0.65071017,-0.60107255,-0.647813,-0.61922795,-0.653221,-0.6893386,-0.5483447,-0.57364637,-0.5369493,-0.7005409,-0.7260357,-0.6350656,-0.3890022,-0.13135022,-0.18620266,-0.16302557,0.49694198,-0.4295621,-0.42338154,-0.48248312,-0.43265238,-0.36524567,-0.31444922,-0.341296,-0.30150867,-0.163605,-0.24916707,-0.38861594,-0.35925826,-0.37895876,-0.3171532,-0.2474288,-0.30807552,-0.21401517,-0.10585542,0.070483595,0.093853824,0.206649,0.14812684,0.11529262,0.06797274,0.13480002,0.31442246,0.20259301,0.1633851,0.108725786,0.09539896,0.044795655,0.026253985,-0.03362016,-0.008897934,0.036876816,0.0048151766,-0.083450906,-0.20628946,-0.18195353,-0.01662363,0.024901986,0.073960155,0.03146883,0.043057375,0.04769279,0.17053136,0.09694409,-0.0003996684,-0.064522944,0.0550322,0.07067674,0.16280566,0.2868031,0.27714595,0.10853264,0.045568224,0.1288126,0.05020364,0.04749965,0.13769715,0.16589594,0.13151659,0.027799122,0.042671088,-0.016044201,-0.052354973,0.039001383,-0.02222476,-0.108559415,-0.066647515,-0.10740057,-0.23796482,-0.33704686,-0.23950996,-0.2451111,-0.26577732,-0.2729236,-0.25438192,-0.163605,-0.027632749,0.095978394,0.442669,0.32910126,0.1680205,0.16589594,0.06410989,-0.06181895,0.056191057,0.03571796,-0.3299006,-0.122079395,-0.07495264,-0.17229642,-0.20899346,-0.21575344,-0.012181355,0.004042607,0.014086013,0.028185407,0.12243889,0.24431176,0.3903274,0.568791,0.6199737,0.5830835,0.5834698,0.50891685,0.56261045,0.60915774,0.6004663,0.58810526,0.6184285,0.80423164,0.773522,0.75575286,0.7155792,0.83648634,0.77815735,0.74879974,0.77796423,0.76656884,0.74242604,1.0694162,0.7883939,0.44151014,0.22267981,0.31461558,0.34957436,0.3140362,0.30978703,0.20471756,0.27618024,0.26517114,0.30746934,0.28699622,0.28815508,0.34262127,0.3497675,0.40732393,0.46391463,0.46179008,0.4476907,0.18096104,0.10157952,-0.06317095,0.047113363,0.073767014,0.0386151,0.1575908,0.14793369,0.16357823,0.11567891,0.059474476,0.07280131,0.041512236,0.11625834,0.22731525,0.26381916,0.30032304,0.33083957,0.3770006,0.27251056,0.33644068,0.40693766,0.36058348,0.23484778,0.27251056,0.12224576,0.10776008,0.18250619,0.18559647,0.14078742,0.18096104,0.093853824,0.27946368,0.31983045,0.35807264,0.49076143,0.58057266,0.4469181,-2.2327397,-0.7890001,-0.78030866,-0.28818184,-0.20030203,0.00751917,0.385692,0.72311175,0.28815508,-0.114546835,-0.08924518,0.20046844,0.28429225,0.2922111,-0.15375474,-0.40059072,-0.292431,-0.3044058,-0.042890996,-0.037869293,-0.086348034,0.09269497,-0.6147857,-0.49812767,-0.16051473,0.058122482,0.1921633,0.27656657,0.18096104,0.25783175,0.47202665,0.6336868,0.7613539,0.7227255,0.76521677,0.84286004,0.823739,0.7679208,0.8075151,0.7623197,0.77178365,0.9450325,0.8459504,0.3994051,0.500998,0.17458734,-0.11242227,-0.0693515,0.11780348,-0.03825558,0.051941924,0.09308125,0.13499315,0.21186385,0.20066158,0.17535992,0.1529554,0.35807264,0.40152967,0.34996065,0.4710609,0.6184285,0.43011475,0.40249538,0.3675366,0.31268418,0.2895071,0.4053925,0.80423164,0.5042814,0.5699498,0.5411716,0.71828324,0.68892556,0.6292445,0.4598587,0.553919,0.5890709,0.5825041,0.64488906,0.7847243,0.7984373,0.8743423,0.88612396,0.8679686,0.9069834,0.87105894,0.7820202,0.66516906,0.7679208,0.84633666,0.749186,0.7804751,0.7833723,0.24778832,0.15565939,0.24122147,0.20066158,0.11258864,0.12475661,-0.077270344,-0.16785415,-0.38571876,-0.3909336,-0.26307333,-0.25322306,-0.24704252,-0.29320353,-0.098322876,-0.17036499,-0.22830771,-0.070124075,-0.13714449,-0.18214668,0.12070061,0.1288126,0.26227403,0.31480873,0.29124537,0.2385175,0.14812684,-0.03767615,0.02200485,0.06256475,0.105249226,0.07975443,0.07685729,0.010416307,-0.1394622,-0.17461412,-0.20609632,0.012927159,0.068745315,-0.17577298,-0.09793659,0.12572232,-0.15105075,-0.18446438,-0.10643485,-0.3768342,-0.68663466,-0.8477154,-0.7252631,-0.7835921,-0.7252631,-0.72352487,-1.0279173,-0.91666716,-0.7582905,-0.51782817,-0.67311466,-1.0744646,-1.29484,-1.6606518,-1.0933925,-0.9552957,-1.2917498,-1.3527827,-1.1314415,-1.0989937,-1.1318278,-1.1994277,-0.93617463,-1.0576612,-1.1329868,-0.95722705,-0.96495277,-1.0368018,-1.4143952,-1.140326,-1.1687181,-1.0885639,-0.91087294,-0.63738334,-0.86818844,-1.0182601,-1.0715674,-0.8886615,-0.8780387,-0.8048377,-0.53598356,-0.6914632,-0.946218,-0.8361268,-0.61208165,-0.77605957,-0.6769776,-0.5995274,-0.61942106,-0.38745707,-0.3252652,-0.08171262,0.09675095,-0.12420396,-0.079588056,0.5975692,0.38356742,1.0630425,1.1934135,1.234553,1.116736,0.9828884,1.0392859,0.940397,1.0331054,0.9911935,0.8971331,0.9975672,1.1161566,0.71036434,0.7431986,0.83783835,0.43784043,0.17922276,0.5996938,0.6016252,0.628472,0.45560953,0.45155355,0.6153383,0.732962,0.76618254,0.7868488,0.4814906,0.3876234,0.5581682,0.25532088,0.13035774,0.21785125,0.30669677,0.37024063,0.17651877,0.22963294,0.36888862,0.21398841,-0.53965324,-0.55858123,-0.54255044,-0.715606,-0.63120276,-0.70845973,-0.33569488,-0.13501993,-0.08885889,-0.058342386,-0.072248645,-0.17982897,0.0023043253,-0.20686889,-0.26326647,0.5492836,0.6613062,0.444021,0.39476967,0.2566729,-0.04192528,0.33624756,0.24064207,0.3943834,1.2830317,0.92919475,1.3624132,1.225089,0.864492,0.90485877,1.0265385,1.2326214,1.1545919,1.1211783,0.9908072,0.7997893,1.0012369,0.79244995,0.84421206,0.61089605,0.5716881,0.56396246,0.9177993,1.0688367,0.9127776,0.60993034,0.7623197,0.8652646,0.8950085,0.95835924,1.2776237,1.3712977,1.3369184,1.276851,1.2888259,1.427309,1.4004622,1.1619313,1.1414583,1.324171,1.3651171,1.1812456,1.2194878,1.2975173,1.588776,1.515575,1.5144162,1.6567621,1.2934613,1.4898872,1.6809049,1.6718272,1.8290452,1.7683984,1.5070769,1.2332009,1.5785395,1.6065451,1.4742426,1.5312196,1.4939432,1.5999783,1.559032,2.0482616,1.2144661,1.1321874,1.181825,1.4723113,1.2583094,1.233394,1.15324,1.273954,1.4305924,1.3517903,1.2026844,1.0738584,1.1914822,1.4939432,1.5567144,1.4008485,1.5831747,1.870957,2.1278365,2.0069292,1.8879535,1.9905121,2.0820615,2.033583,1.941454,1.8987696,2.2124329,2.4183226,2.5388436,2.6663175,2.7277367,2.6108854,2.8496096,2.8335786,2.4592688,2.4766517,2.1330512,2.1156685,2.2875652,2.2524133,2.0320377,2.1239736,2.1262913,2.0899806,2.2605252,2.2489367,2.2387002,2.5106447,2018-04-17
MRVL_IMOS,-1.0053916,-0.9170471,-0.9094252,-0.81553745,-0.8830951,-0.8810164,-0.8314741,-0.7919789,-0.8557256,-0.63884825,-0.9461488,-0.6821544,-0.75941265,-0.87893766,-0.849143,-0.70640594,-0.88448083,-0.866812,-0.7070988,-1.0147457,-0.97074676,-0.8934885,-0.81484455,-0.8657726,-0.89903176,-0.79059315,-0.9080394,-0.78678215,-0.65998167,-0.760452,-0.54565346,-0.62499034,-0.5685191,-0.56193656,-0.5099692,-0.7750029,-0.5934634,-0.633998,-0.47116685,-0.6790364,-0.6544385,-0.74901915,-0.54877144,-0.5089298,-0.36965722,-0.64265925,-0.6540921,-0.52313423,-0.3582244,-0.28408426,-0.4877964,-0.33431938,-0.30591056,-0.12194599,-0.5771803,-0.17529917,-0.22553433,0.049546402,0.13615872,0.29136798,0.48364735,0.55882686,0.67211574,0.9264095,1.0119824,0.79960907,0.99708515,0.9066619,1.0099038,1.0338087,1.1685774,1.1606091,0.99569935,0.66518676,0.960015,1.0788472,1.1266571,1.0580602,0.84395456,1.0459344,1.0840439,0.9343778,0.63747084,0.43895537,0.39079896,0.22381039,0.26711655,-0.1444652,-0.17391337,-0.3450593,-0.3592637,-0.41469562,-0.50754404,-0.57960546,-0.64785594,-0.63191926,-1.0892324,-1.1682228,-1.037265,-1.11972,-1.10898,-1.0338005,-0.8727016,-0.531449,-0.63157284,-0.39806604,-0.23904584,-0.10600933,-0.08141142,-0.16178766,-0.10046613,-0.24805354,-0.28027332,-0.19192874,-0.20717251,-0.21825889,-0.11363121,-0.23384911,-0.18257461,-0.3977196,-0.4694346,-0.4753242,-0.45626953,-0.5664404,-0.6017782,-0.6835402,-0.6166755,-0.40049118,-0.89729947,-0.94199145,-0.7736171,-0.89487433,-0.8235058,-1.320314,-1.159908,-1.0178638,-1.0944291,-0.97040033,-0.9021498,-0.92120445,-0.88794535,-0.6613675,-0.7753493,-1.0365721,-1.1179876,-1.0057381,-1.1692622,-1.2236547,-1.493885,-1.303338,-1.2084109,-1.2136077,-1.1217985,-1.0601306,-1.2614176,-1.2101432,-0.98599046,-1.207025,-1.2243476,-1.1325386,-1.4703265,-1.4845309,-1.3504552,-1.227812,-1.1377352,-1.0448868,-1.2250404,-1.3262037,-1.3483764,-1.5870799,-1.5170972,-1.4096979,-1.4162804,-1.3677776,-1.0154387,-0.93818045,-0.873741,-0.99465173,-0.8924492,-0.8144981,-0.9087323,-0.82489157,-0.873048,-0.6298406,-0.75283015,-1.1107123,-0.9953446,-0.9000711,-0.9437237,-0.944763,-0.95238495,-0.9087323,-0.75629467,-0.7258071,-0.6911621,-0.5716371,-0.6107859,-0.610093,-0.37208235,-0.20994411,-0.22310917,-0.21652664,0.33883154,-0.34748444,-0.35683855,-0.38836548,-0.41400272,-0.36307466,-0.2775017,-0.32531172,-0.28339136,-0.24943933,-0.28928098,-0.3907906,-0.34090194,-0.43271095,-0.44656894,-0.31768984,-0.40049118,-0.37138945,-0.2120228,-0.08487592,-0.036026567,0.04642836,0.01698017,-0.038798165,-0.09076556,0.024255605,0.17981131,0.0734514,0.033609737,-0.0207828,-0.047459394,-0.08730107,-0.059931565,-0.23696716,-0.32842976,0.09908865,0.08453778,-0.0069248294,-0.20474738,-0.124371134,0.0076260394,0.018365966,-0.048498742,-0.14204004,-0.23211686,-0.23246332,-0.1832675,-0.25359672,-0.23488845,-0.3512954,-0.2858165,-0.15693738,0.00035060485,0.018712416,-0.11952084,-0.24978578,-0.33016202,-0.19781837,-0.26502952,-0.2092512,-0.16629149,-0.14862259,-0.17079534,-0.24181744,-0.22969171,-0.25671476,-0.30036736,-0.22553433,-0.2927455,-0.3703501,-0.38628677,-0.42197105,-0.53318125,-0.66621774,-0.5834164,-0.5827235,-0.59069186,-0.6378089,-0.6714145,-0.6436986,-0.5200162,-0.3745075,-0.17703141,-0.27992687,-0.3689643,-0.32115433,-0.3152647,-0.4521121,-0.36446047,-0.3970267,-0.6343444,-0.4912609,-0.48848927,-0.6163291,-0.69947696,-0.6613675,-0.5369922,-0.4999221,-0.5023473,-0.44449022,-0.32461882,-0.25463608,-0.1676773,-0.05750642,-0.04053041,-0.0685928,-0.111898966,-0.16490571,-0.17287403,0.2747384,0.31943038,0.42094004,0.3842164,0.35061082,0.35476825,0.43653023,0.434798,0.55640167,0.40569627,0.33883154,0.36724037,0.2993363,0.27439198,0.31458008,0.065829515,-0.26745468,-0.43548256,-0.3138789,-0.31006795,-0.32288656,-0.3585708,-0.28858808,-0.13684331,-0.22449498,-0.19712548,-0.19781837,-0.20093642,-0.1472368,-0.12852852,-0.08522236,0.05231799,0.10359248,0.097702846,-0.114324115,-0.19435388,-0.25532895,-0.18534622,-0.14204004,-0.1881178,-0.12887499,-0.0699786,-0.024247292,-0.14065425,-0.14481165,-0.12471759,-0.094922945,-0.04815229,0.055436037,0.08938806,0.116411105,0.13927676,0.12160785,0.07206561,0.114332415,0.14239481,0.11814335,0.08938806,0.12715104,0.08765581,0.13927676,0.15798502,0.13754451,0.13650516,0.05231799,0.047814153,0.16664626,0.17253588,0.2161885,0.43202642,0.4254439,0.31319427,-1.9324899,-0.7455547,-0.7181852,-0.3970267,-0.40430215,-0.268494,-0.13476461,0.11952915,-0.17287403,-0.3942551,-0.33120134,-0.13718976,-0.10011969,-0.12714274,0.04053872,-0.22137693,-0.14204004,-0.22969171,-0.023207946,-0.06339606,-0.14792968,-0.021822149,-0.36272824,-0.29447773,-0.09873389,0.0727585,0.21029885,0.1908977,0.19124414,0.26226625,0.37901968,0.4981982,0.6239593,0.63054186,0.5889679,0.680777,0.6849344,0.59520406,0.63643146,0.6062904,0.60247946,0.7282405,0.61148715,0.32324132,0.47256097,0.22692841,-0.043994904,-0.00034229373,0.1860474,-0.065474756,-0.032562073,0.028066546,0.081419736,0.028412996,0.043310314,-0.06478186,-0.1451581,0.1472451,0.3623901,0.36065787,0.36897266,0.40916076,0.3644688,0.41747555,0.37901968,0.39703503,0.410893,0.45904946,0.46978936,0.4257903,0.4226723,0.48226154,0.5875821,0.5550159,0.48953697,0.35650048,0.5068595,0.51863873,0.44727018,0.49057633,0.5868892,0.50408787,0.5965898,0.6246522,0.666919,0.6340063,0.58134604,0.49715886,0.40084594,0.63747084,0.62049484,0.49404082,0.47463968,0.53007156,0.094931245,0.055782486,0.0925061,0.023216257,0.025641402,0.003468648,-0.19435388,-0.3287762,-0.50719756,-0.57059777,-0.55258244,-0.5896525,-0.61598265,-0.6118252,-0.45315146,-0.538378,-0.55916494,-0.44622248,-0.47844228,-0.5667868,-0.32288656,-0.3800507,-0.32080787,-0.3190756,-0.26502952,-0.36446047,-0.3523347,-0.7202639,-0.593117,-0.49611118,-0.51274073,-0.5834164,-0.43097872,-0.4787887,-0.58722734,-0.6436986,-0.6114788,-0.5110085,-0.51516587,-0.7760422,-0.6003924,-0.48121387,-0.79440403,-0.8103407,-0.6724539,-0.9011105,-1.1186806,-1.1349636,-0.98980147,-0.79093957,-0.9035356,-1.0008878,-1.0847286,-1.122145,-1.0216748,-0.7829712,-1.0213283,-1.354959,-1.477602,-1.6878967,-1.1571364,-1.0216748,-1.286362,-1.3390223,-1.2167257,-1.0005413,-1.0590912,-1.0486978,-0.9083859,-0.9215509,-1.149861,-0.9773293,-0.9007639,-1.0272179,-1.3833678,-1.2354339,-1.2815117,-1.2891335,-1.1748054,-0.9936124,-1.1595615,-1.2028677,-1.3071489,-1.2749292,-1.3230857,-1.2267727,-1.0597842,-1.1048225,-1.2977948,-1.3119992,-1.2388984,-1.3074954,-1.2984877,-1.1973245,-1.1651047,-0.96693575,-1.0383043,-1.0272179,-0.9482275,-1.1311527,-1.0507765,-0.46839523,-0.60524267,-0.12229244,0.054396693,0.13962321,0.06998691,-0.004499685,0.034995534,-0.031869177,0.019405315,-0.009349975,0.3111156,0.342296,0.47671837,0.17218944,0.16491401,0.14412706,-0.08868687,-0.35094893,-0.1416936,-0.15243353,-0.22588077,-0.29863513,-0.21964468,0.0010435034,0.090080954,0.04677481,-0.028058235,-0.12541048,-0.20613317,-0.21444795,-0.43132517,-0.49818987,-0.42023882,-0.347138,-0.3654998,-0.4160814,-0.3745075,-0.3007138,-0.45107278,-1.1276883,-1.0566661,-1.0545874,-1.1973245,-1.1893562,-1.2548351,-0.9606997,-0.7497121,-0.7161065,-0.7698061,-0.757334,-0.82073414,-0.6831938,-0.8449856,-0.9468417,-0.38143647,-0.39841247,-0.46735588,-0.43340388,-0.5854951,-0.76945966,-0.019050553,0.1676856,0.19921248,1.0722647,0.72546893,1.1218069,1.0067856,0.79753035,0.80757743,0.87652075,1.4492015,1.9113648,2.1757057,2.0163388,1.871523,1.8770664,1.6473705,1.704881,1.4575161,1.517452,1.4065882,1.643213,1.7454156,1.6293551,1.3847618,1.6716218,1.5971353,1.6276227,1.5739232,1.8531612,1.9570961,1.8618225,1.7814463,1.8171304,1.9155221,1.9820404,1.7159674,1.6144576,1.8199021,1.9837726,1.9896623,1.8635548,1.9595213,2.20065,2.2529635,2.1694694,2.416834,2.0388582,2.0052526,2.1019118,2.079739,2.0960224,2.0277717,1.9667966,1.8607831,1.9456633,1.9910481,1.9113648,2.0114887,1.7876823,1.9082466,1.7959971,2.1369033,1.9934733,1.95086,2.0946364,2.3957007,2.518344,2.373528,2.4462824,2.4563296,2.623318,2.6073813,2.4847383,2.3246787,2.403669,2.4625654,2.5221548,2.3267574,2.346505,2.367292,2.450786,2.4674158,2.5945625,2.4157948,2.40748,2.0534089,2.1906028,2.0620701,2.2727113,2.411984,2.493746,2.5079503,2.4442036,2.3430405,2.4864705,2.466723,2.128242,2.2876086,2.0146067,1.9699147,2.1538792,2.2768688,2.1372497,2.2456882,2.354127,2.539131,2.7560081,2.7386856,2.7265599,2.9053278,2018-04-17
MU_IMOS,-0.20253363,-0.1632982,-0.15358277,-0.13328,-0.18796046,-0.18459743,-0.12605569,-0.14461467,-0.308407,-0.13440101,-0.33506218,-0.18409921,-0.22570121,-0.44728795,-0.4797973,-0.31513306,-0.4760606,-0.4165224,-0.2927128,-0.15893872,-0.20950882,-0.17650124,-0.17637669,-0.20141262,-0.20838779,-0.15096708,-0.3876252,-0.28150272,-0.23130627,-0.3147594,-0.28835335,-0.38102368,-0.43794617,-0.3624647,-0.35598773,-0.6338742,-0.41253656,-0.56823266,-0.45090008,-0.6347461,-0.59663165,-0.69951564,-0.49461955,-0.87339705,-0.643465,-0.8705322,-0.92745477,-0.79866296,-0.67597437,-0.58479875,-0.7483419,-0.5241395,-0.47792894,-0.50383675,-0.6265253,-0.24687588,-0.23130627,0.084071785,0.104997344,0.2582023,0.3967096,0.5506619,0.69103754,0.88709015,1.1259902,0.8877129,1.0643345,0.8665382,1.0202414,1.1140327,1.0460247,1.1459192,0.92570275,0.6026021,0.80787194,1.0131416,1.0447791,0.82780105,0.65155303,0.83216053,0.88970584,0.7514477,0.51043004,0.48066092,0.48414853,0.30528483,0.29918152,-0.14013062,-0.09641115,-0.21922424,-0.21635944,-0.26668045,-0.24413563,-0.24837056,-0.26991892,-0.22769411,-0.1910744,-0.20975792,-0.10861773,-0.29869157,-0.27539942,-0.23442018,-0.04272713,0.19268541,0.0562956,0.25807777,0.2662985,0.38388023,0.44852525,0.44167462,0.5390782,0.46496677,0.6210366,0.65753174,0.68879557,0.70747906,0.7500775,0.6660016,0.72167856,0.5100564,0.4530093,0.45163918,0.5215156,0.22781044,0.1530763,0.08917862,0.08594014,0.25695676,0.21996337,0.13252443,0.23067527,0.15569201,0.2340383,-0.21586122,-0.12991695,-0.12842228,-0.27664497,-0.2291888,-0.14174986,-0.19119895,-0.11110888,0.09839583,-0.063403584,-0.23716044,-0.27016804,-0.21922424,-0.41602415,-0.46684337,-0.66277134,-0.46522412,-0.44928086,-0.44641605,-0.44454768,-0.5280008,-0.6097101,-0.6173081,-0.42648694,-0.46260843,-0.46659428,-0.38102368,-0.7361353,-0.7525768,-0.6199238,-0.61506605,-0.46659428,-0.39983177,-0.52289397,-0.68369687,-0.8271864,-1.0703216,-0.99533826,-0.89021224,-0.8569555,-0.82619,-0.4467897,-0.22034527,-0.07772762,-0.29570222,-0.26269463,-0.31787333,-0.43620238,-0.37641507,-0.44317758,-0.24413563,-0.2913427,-0.7860826,-0.63698804,-0.5354742,-0.652184,-0.6929141,-0.67584985,-0.75656265,-0.6145678,-0.6171835,-0.54593694,-0.5988737,-0.5896565,-0.50719976,-0.33892342,-0.15258631,-0.1378886,-0.10226533,0.42660323,-0.32098722,-0.31289107,-0.3300799,-0.35760698,-0.3650804,-0.33605862,-0.44093552,-0.40618417,-0.3716819,-0.42362213,-0.5354742,-0.4731958,-0.5027157,-0.49150565,-0.53497595,-0.62366045,-0.586418,-0.46036643,-0.36109456,-0.33419028,-0.27888703,-0.33830068,-0.37516952,-0.42798164,-0.30043536,-0.13253266,-0.29769513,-0.3595999,-0.4115401,-0.47070464,-0.5101892,-0.48054463,-0.46646968,-0.4826621,-0.51405036,-0.5299937,-0.5435704,-0.65940833,-0.66837645,-0.5611329,-0.50358766,-0.5263815,-0.4902601,-0.4653487,-0.45563325,-0.4272343,-0.4890145,-0.58654255,-0.643465,-0.46348032,-0.46335578,-0.32011533,-0.2604526,-0.33842522,-0.46958363,-0.53908634,-0.4205082,-0.5033385,-0.4936231,-0.44766164,-0.42175376,-0.43707427,-0.51990455,-0.548179,-0.586418,-0.6069699,-0.50570506,-0.55067015,-0.58243215,-0.58330405,-0.6189273,-0.71732724,-0.77748823,-0.6955298,-0.6569172,-0.67286044,-0.71508527,-0.70786095,-0.67921287,-0.63275313,-0.5241395,-0.24911793,-0.32821155,-0.4988545,-0.48017097,-0.5692291,-0.5813111,-0.5169152,-0.48191476,-0.7634133,-0.51878357,-0.413533,-0.44791073,-0.47045553,-0.47767982,-0.31413662,-0.4327148,-0.4568788,-0.4421811,-0.37130824,-0.3252222,-0.23628853,-0.07137522,-0.033011694,-0.088564076,-0.120948866,-0.17500655,-0.12206988,-0.082087114,-0.10226533,-0.14561112,-0.028652204,-0.0031180403,-0.0691332,-0.10413369,-0.06963143,-0.0056091784,-0.013207149,-0.04883042,0.0097113205,0.0028606907,-0.034257263,-0.045342825,-0.2902217,-0.5764534,-0.67584985,-0.5764534,-0.5258833,-0.55913997,-0.57744986,-0.6103329,-0.5560261,-0.57583064,-0.59750354,-0.5362215,-0.52974457,-0.4367006,-0.4393163,-0.4581244,-0.45799983,-0.44429857,-0.38725153,-0.47967273,-0.49910358,-0.560261,-0.5241395,-0.49985093,-0.5268798,-0.4373234,-0.4335867,-0.50582963,-0.5218975,-0.54083014,-0.5434458,-0.54481596,-0.48565146,-0.37504494,-0.43856895,-0.42000997,-0.3777852,-0.3222328,-0.3628384,-0.38152188,-0.35312292,-0.36806974,-0.43109554,-0.3627138,-0.44666514,-0.40718064,-0.3537457,-0.3465214,-0.34353203,-0.41664696,-0.46846262,-0.33419028,-0.368568,-0.29644954,-0.14822683,-0.0754856,-0.22146627,-2.443063,-1.2552886,-1.26189,-0.8494822,-0.8111186,-0.6992665,-0.5103137,-0.2832465,-0.5317375,-0.82980216,-0.8310477,-0.66513795,-0.6118276,-0.5009719,-0.79978395,-1.0119044,-0.91898483,-0.9472593,-0.7049961,-0.7038751,-0.8229515,-0.67348325,-1.0264776,-0.9508714,-0.7818477,-0.5653679,-0.35760698,-0.3116455,-0.3624647,-0.29258826,-0.2110035,-0.088813186,-0.005858292,0.053430792,0.06339534,0.14398366,0.12903683,0.3912291,0.43071362,0.3987025,0.39571315,0.46795613,0.3873678,0.12006873,0.18284541,-0.027406635,-0.35100546,-0.33219737,-0.19119895,-0.39958265,-0.3852586,-0.35822976,-0.27726778,-0.25434932,-0.2810045,-0.36097002,-0.39435124,-0.16977517,-0.11347546,-0.075236484,-0.00075145933,0.12430366,0.08469457,0.065637365,0.014942709,-0.10126888,-0.13365366,-0.039488655,-0.063403584,-0.070627876,-0.0647737,-0.08968509,-0.049702317,-0.16715947,-0.23392196,-0.32360294,-0.2541002,-0.26892245,-0.28399384,-0.2694207,-0.1133509,-0.09753217,0.022167008,0.09640291,0.16652846,0.17151073,0.13812949,0.05642016,-0.06489827,-0.011712465,0.07771938,0.019551314,0.0744809,0.09540646,-0.3852586,-0.4144049,-0.28424296,-0.33431485,-0.3018055,-0.077478506,-0.17961515,-0.31177005,-0.52563417,-0.48689702,-0.38438672,-0.367447,-0.38476038,-0.432092,-0.26493666,-0.3749204,-0.48453048,-0.3566105,-0.43495682,-0.4719502,-0.23317462,-0.30604044,-0.23554121,-0.1606825,-0.1725154,-0.41901353,-0.4976089,-0.6323795,-0.52289397,-0.40057912,-0.3294571,-0.38189557,-0.3223574,-0.38563228,-0.47033098,-0.53721803,-0.54381955,-0.4494054,-0.4794236,-0.6894265,-0.72044116,-0.62266403,-0.8606922,-0.8996786,-0.88199145,-1.1423154,-1.3853259,-1.4537076,-1.3063569,-1.3084744,-1.2049675,-1.251801,-1.512374,-1.4316611,-1.3143286,-1.1212653,-1.2165514,-1.593336,-1.7545127,-1.9515616,-1.4769998,-1.333012,-1.6175001,-1.7282311,-1.4822311,-1.3369979,-1.2516763,-1.2666231,-1.1815509,-1.0931154,-1.1409453,-1.0081676,-0.9299459,-1.1724583,-1.4721421,-1.2347367,-1.247566,-1.2597727,-1.1063185,-0.80040675,-1.0559975,-1.169967,-1.2297544,-1.1025819,-1.1110517,-1.1147883,-0.925711,-0.89357525,-1.1211408,-1.2787052,-1.2342385,-1.1869068,-1.2077079,-1.2398436,-1.2494344,-0.986121,-1.0968522,-1.0918698,-0.97129875,-1.0957311,-1.0157657,-0.42299932,-0.6052261,-0.02715752,0.114089996,0.28186813,0.21149349,0.20003426,0.1484677,0.09142064,0.15320086,0.107239366,0.041846998,0.13900138,0.28149447,-0.17164353,-0.1823554,-0.105130136,-0.39833707,-0.56237847,-0.24201816,-0.22258727,-0.21038072,-0.25397563,-0.21038072,-0.14374277,-0.06714028,-0.04409726,0.03798574,-0.015075502,-0.102888115,-0.03973777,-0.3176242,-0.48378313,-0.13489923,0.027772069,0.2033973,0.07198977,0.14759581,0.0961538,-0.032513466,-0.63100934,-0.4840322,-0.3754186,-0.5634995,-0.6103329,-0.69453335,-0.26356652,-0.22034527,-0.058421303,-0.14399189,-0.107994944,-0.18073617,-0.07698028,-0.24301462,-0.40406668,0.17537199,0.3305699,0.5111774,0.61256677,0.4593617,0.12280898,0.2507289,0.5477971,0.5900219,1.3932892,1.2057066,1.7029377,1.6167443,1.3704954,1.4158341,1.4751232,1.7953589,1.9144353,1.9623897,1.8801823,1.6722966,1.7005712,1.3058504,1.1512753,0.9100086,0.6694892,0.8314132,1.1614889,1.4052467,1.2768286,1.0050454,1.1038191,1.1707062,1.2869177,1.2636256,1.5243231,1.5888436,1.7339523,1.5745195,1.5878471,1.4919384,1.5132376,1.2210271,1.1722008,1.4514574,1.5454978,1.6142532,1.4933085,1.4991627,1.4260478,1.5239494,1.376474,1.3937875,1.1172712,1.2459385,1.2752093,1.1023244,1.1555102,1.2517927,1.1618626,1.1408125,1.1797987,1.1571294,0.98748296,1.272469,1.1378231,1.1100469,1.181418,1.9592757,1.709041,1.6142532,1.6221002,1.9352363,1.9764646,1.9550409,1.8748262,1.994152,2.0727475,2.015451,1.8744526,1.959525,2.145115,2.3062916,2.3596017,2.0768576,2.2426429,2.603858,2.871157,2.8751428,2.949254,2.6868126,3.2600236,3.390933,3.4159687,3.2433329,3.6688194,3.8733418,3.9805853,4.026173,4.0066175,3.516237,3.58437,3.4464853,3.2651305,3.3460925,3.0821564,3.149168,3.4326594,3.0053048,2.9025452,2.9206061,3.0480278,3.0356965,3.3960397,3.4685318,3.4702756,3.5587108,2018-04-17
TER_IMOS,-2.3270767,-2.1816554,-2.1632931,-2.0936158,-1.9395052,-1.8973708,-1.8322837,-1.8299885,-1.8835993,-1.6257104,-1.8742543,-1.6465316,-1.7326038,-1.8488425,-1.8494983,-1.7240785,-1.831792,-1.810151,-1.7047328,-1.6383342,-1.7112907,-1.6880101,-1.7003063,-1.6798129,-1.7386699,-1.6424328,-1.7740825,-1.7030933,-1.5409496,-1.5917732,-1.4697964,-1.5191445,-1.5452121,-1.5122588,-1.4232354,-1.7024375,-1.4975035,-1.6289892,-1.5594755,-1.7868705,-1.7503101,-1.8560561,-1.6535814,-1.5470155,-1.2712563,-1.5065206,-1.5465237,-1.4414335,-1.2296137,-1.1266549,-1.2712563,-0.9692655,-0.94270605,-0.9445095,-1.318965,-0.8871279,-0.95713335,-0.7126881,-0.5821861,-0.41627148,-0.2272403,-0.12411747,-0.009026499,0.20426887,0.2842751,0.036550835,0.3014896,0.28640643,0.31280193,0.38674212,0.36985558,0.486586,0.30427667,-0.014600705,0.2526333,0.4129737,0.46068233,0.34903425,0.15147786,0.39280817,0.48019204,0.40772736,0.113769986,0.02130374,0.0447482,-0.041979898,-0.12887193,-0.60464686,-0.6138279,-0.7390835,-0.7461333,-0.8023672,-0.8692577,-0.8874558,-0.89007896,-0.8595848,-0.77203697,-0.77187306,-0.4846375,-0.644486,-0.6571099,-0.5682506,-0.46824273,-0.2644563,-0.35954574,-0.21904291,-0.16149744,0.007532172,0.058683716,0.11524551,0.20721993,0.054421082,0.07819343,0.059175555,0.066553175,0.08278396,0.1311484,0.041141357,0.02130374,-0.20494346,-0.25871813,-0.28429392,-0.2918355,-0.32282153,-0.26740736,-0.36233285,-0.36544785,-0.15707086,-0.23970027,-0.07804829,-0.03984858,-0.13723324,-0.064112775,-0.5936624,-0.46135694,-0.37380913,-0.48791644,-0.3434789,-0.22019055,-0.19510663,-0.1787119,0.062454503,-0.03165122,-0.28429392,-0.29691786,-0.2731455,-0.40856597,-0.46742302,-0.70776963,-0.47889933,-0.45201197,-0.46119303,-0.5000485,-0.51677114,-0.64842075,-0.5798908,-0.33298627,-0.34085575,-0.35233203,-0.2956063,-0.60595846,-0.61743474,-0.49955666,-0.46611142,-0.30478734,-0.23904447,-0.35970968,-0.47545645,-0.5323461,-0.80417067,-0.71465546,-0.6207137,-0.5826779,-0.641535,-0.33036312,-0.13559377,0.009171644,-0.22264977,-0.21002582,-0.15002114,-0.26068553,-0.19264741,-0.18281057,0.06819265,0.088522114,-0.2828184,-0.24101186,-0.098869585,-0.1967461,-0.18756506,-0.1305114,-0.2983934,-0.22953553,-0.21674766,-0.2029761,-0.3188868,-0.34429863,-0.28609735,-0.07362171,0.110654995,0.160331,0.16360995,0.68299484,-0.09181986,-0.08509802,-0.0985417,-0.07952382,-0.06509646,-0.0013209792,-0.068703294,0.0004824406,0.018188743,-0.030339641,-0.12346168,-0.13100325,-0.15018508,-0.16330086,-0.12198615,-0.16100559,-0.13067535,0.020647952,0.10737604,0.1454118,0.2734546,0.28394723,0.2572238,0.24033725,0.33132794,0.495931,0.4042845,0.36559293,0.32149115,0.3169006,0.28952143,0.32575378,0.29411197,0.29181668,0.23509096,0.21344993,0.10622841,-0.0013209792,0.012122695,0.13442734,0.15574048,0.16524942,0.15049417,0.15377311,0.17836522,0.19689123,0.13049261,0.053601347,-0.029519906,0.07720975,0.11196657,-0.029355958,0.09163711,0.043928463,-0.07558908,-0.11854326,0.00031849334,-0.087721184,-0.04640647,-0.008042816,-0.0009930846,-0.009846236,-0.09132801,-0.11362484,-0.18887661,-0.23445395,-0.14444692,-0.21625581,-0.29117972,-0.25281605,-0.2946226,-0.42512462,-0.48529327,-0.44414252,-0.45381537,-0.47906324,-0.4964417,-0.47611222,-0.44332278,-0.31396836,-0.17723636,0.09491605,-0.0049278187,-0.18231873,-0.190844,-0.32118204,-0.37790784,-0.25921,-0.24347106,-0.5095575,-0.35790628,-0.34577414,-0.38954806,-0.40643466,-0.37380913,-0.20625503,-0.20658293,-0.20084478,-0.14379112,-0.11165747,-0.042471737,0.14328049,0.29263642,0.36985558,0.26279804,0.23886174,0.17410257,0.23132016,0.3070638,0.24968225,0.23033647,0.2457475,0.2196799,0.21672887,0.11934419,0.05327345,0.14065734,0.110491045,0.06540555,0.08376764,0.087210536,0.052453715,0.0042532273,-0.20641898,-0.5051309,-0.65760183,-0.55054426,-0.5502164,-0.55972534,-0.5818582,-0.6377642,-0.57366085,-0.56284034,-0.5315264,-0.5418551,-0.5533314,-0.50152403,-0.45479906,-0.47840747,-0.47250536,-0.44660172,-0.4525038,-0.5436585,-0.5964495,-0.73514885,-0.7036709,-0.6516997,-0.7082615,-0.5962856,-0.5995645,-0.5698901,-0.6069421,-0.6602249,-0.6146476,-0.64481395,-0.60595846,-0.5551348,-0.5126725,-0.5343135,-0.4677509,-0.42332122,-0.50283563,-0.45496303,-0.39561415,-0.3988931,-0.4864409,-0.40233597,-0.47070196,-0.48037484,-0.42069805,-0.40233597,-0.43742067,-0.45955354,-0.5323461,-0.3441347,-0.3039676,-0.29970497,-0.1492014,0.06442187,-0.00066519016,-2.2072313,-0.9936936,-1.0033665,-0.57890713,-0.57070976,-0.46545565,-0.2616692,0.0122866435,-0.23707712,-0.55693823,-0.53037876,-0.3723336,-0.30544314,-0.27888367,-0.5766119,-0.8263035,-0.7671185,-0.78580856,-0.526444,-0.5323461,-0.6395676,-0.5349693,-0.9089329,-0.7912188,-0.545134,-0.27298155,-0.14870955,-0.013617021,-0.11034589,-0.02033886,0.063110285,0.17426652,0.2865704,0.2914888,0.32919663,0.37952846,0.35034585,0.27476618,0.3255898,0.3209993,0.33755797,0.46494496,0.40133342,0.048518986,0.15885548,-0.0041080825,-0.32085416,-0.3298713,-0.11149353,-0.374301,-0.2977376,-0.20494346,-0.17576085,-0.17494112,-0.13969246,-0.22084634,-0.28855655,-0.10034511,-0.026732802,0.07606212,0.250502,0.3896932,0.29132485,0.22754937,0.18607073,0.1072121,0.07770159,0.18279178,0.20443282,0.1488547,0.22968069,0.2234507,0.3690358,0.26279804,0.19721913,0.09753922,0.16213442,0.14147706,0.11754078,0.14164102,0.22213912,0.21115465,0.29230854,0.2977188,0.28329146,0.30198142,0.26870015,0.24017332,0.15951127,0.2865704,0.36887187,0.31870404,0.4095308,0.46035445,0.0047450685,-0.06001409,0.023926897,-0.03394648,-0.04116016,-0.040340424,-0.15428376,-0.27921155,-0.5038193,-0.48152247,-0.33970812,-0.32577258,-0.29085183,-0.20855029,-0.068867244,-0.13756114,-0.17854795,0.01359822,-0.07558908,-0.17674452,0.07573423,-0.013780969,0.13901787,0.20361307,0.28378326,0.21459754,0.1752502,0.09573579,0.5101944,0.45838708,0.5324912,0.55642754,0.5187197,0.5075712,0.3734624,0.2873901,0.20558043,0.25492856,0.26771644,0.0022858602,0.0655695,0.1454118,-0.14543061,-0.1190351,-0.114444576,-0.39807332,-0.67268497,-0.7910548,-0.666291,-0.6707176,-0.6585855,-0.7343291,-1.0195973,-1.0158266,-0.9169663,-0.80810535,-0.9531987,-1.2538779,-1.4606154,-1.8386778,-1.4179891,-1.3235555,-1.6466955,-1.5814445,-1.4658617,-1.3265065,-1.3740512,-1.4576643,-1.2794536,-1.362739,-1.455697,-1.3655261,-1.3317529,-1.4179891,-1.6844034,-1.4271702,-1.4011024,-1.3310971,-1.0566494,-0.81269586,-1.020417,-1.0773067,-1.0881273,-0.9359842,-0.9015553,-0.8461411,-0.59399027,-0.59562975,-0.6992444,-0.5662832,-0.39872912,-0.7902351,-0.6739965,-0.5434945,-0.5957937,-0.5516919,-0.56579137,-0.54906875,-0.44283092,-0.62677974,-0.5372645,0.048518986,-0.06509646,0.50658756,0.6316793,0.6834867,0.6000375,0.51527673,0.57495356,0.55068934,0.6033164,0.5420002,0.4703552,0.5228183,0.6410243,0.30263722,0.20558043,0.23345149,-0.05165278,-0.20117266,0.059667394,0.031960312,0.02441874,-0.06804751,-0.07312987,-0.034110427,0.1985307,-0.07640882,0.034091625,-0.085917756,-0.18346636,-0.018535439,-0.24297921,-0.36348045,-0.18904057,-0.09034433,-0.04640647,-0.17461322,-0.16805533,-0.086901434,-0.22264977,-0.83597636,-0.840239,-0.79843247,-0.89762056,-0.8099088,-0.87893057,-0.57612,-0.32610047,-0.28544158,-0.36528388,-0.34462652,-0.45201197,-0.3110173,-0.42414093,-0.06624409,0.6024967,0.6503693,0.53183544,0.5697072,0.42149895,0.21181045,0.49084863,0.7146367,0.7969382,1.6440536,1.304191,1.7283224,1.5356843,1.2454978,1.3630481,1.3828857,1.6578252,1.4924023,1.4555143,1.3630481,1.2518919,1.3087814,1.0876166,1.0443345,0.7934953,0.6728301,0.74168795,1.0748287,1.1725413,1.0759764,0.81808734,1.1386043,1.1641799,1.2873044,1.38141,1.5599487,1.6042144,1.6161826,1.6191337,1.6379876,1.6688097,1.6920902,1.5240442,1.4483005,1.7798018,1.7406185,1.6048701,1.7829169,1.9122713,2.037363,1.9147304,1.8666939,1.8953847,1.7150428,1.9088284,2.0399861,2.059004,2.15229,2.2180328,1.9760468,1.6471685,2.0658898,1.956373,1.9039099,1.8565292,1.8784982,1.8299698,1.8484957,2.1011386,1.8971881,1.6843846,1.8963685,2.1096637,1.8512828,2.0821207,2.1144183,2.12114,2.3690283,2.2204921,2.1191726,1.9883429,2.1699963,2.1360593,2.2626264,2.046708,2.1475356,2.2213118,2.4808402,2.541173,2.546911,2.5088754,2.5736344,2.55101,2.5880618,2.4990385,2.7244658,2.9030046,2.9300556,3.0682633,3.0326867,2.7967668,3.0231779,2.9692392,2.7529926,2.892348,2.5795367,2.541337,2.643312,2.5428123,2.4211636,2.4580517,2.4364107,2.3862429,2.5680602,2.6474109,2.8534925,2.9348102,2018-04-17
UMC_IMOS,0.08767682,-0.060351864,0.01640375,0.115089536,-0.08228204,-0.3728569,-0.2522409,-0.15355511,-0.43864736,-0.49347284,-0.89918107,-0.7237396,-0.63053644,-0.77308255,-0.5976411,-0.5537808,-0.48250774,-0.515403,-0.60312366,-0.42219976,-0.4660601,-0.47154266,-0.43316486,-0.5263681,-0.75115234,-0.68536186,-0.76211745,-0.8224255,-0.78953016,-0.89918107,-1.008832,-0.8224255,-1.0197971,-0.9046636,-0.80049527,-1.1623431,-0.93207633,-1.0197971,-1.2939242,-1.2062035,-1.0472097,-1.2007209,-0.89918107,-0.9759367,-0.827908,-0.87725085,-0.9265938,-0.7292222,-0.64698404,-0.60312366,-1.1842734,-0.70729196,-0.54829824,-0.57571095,-0.6908444,-0.3728569,-0.4441299,-0.32351398,-0.16452019,-0.0274566,-0.3509267,-0.28513616,-0.23031072,-0.08228204,-0.049386773,-0.3893045,0.15346736,0.07671174,0.10412445,0.13153717,0.082194276,0.19732767,0.027368838,-0.19741546,-0.12614238,0.18636261,0.109606996,0.049299013,-0.19193293,-0.043904234,0.005438662,-0.043904234,-0.515403,-0.53185064,-0.29061872,-0.5208855,-0.44961247,-0.827908,-1.2774765,-1.1568606,-1.2062035,-0.9540065,-1.2336162,-0.9375589,-1.0033494,-0.87725085,-0.85532075,-0.8608033,-0.53185064,-0.7237396,-0.6689142,-0.696327,-0.7127745,-0.57022846,-0.78953016,-0.6689142,-0.83339053,-0.57571095,-0.4441299,-0.6250539,-0.3509267,-0.5428157,-0.263206,-0.35640922,-0.20838055,-0.20289801,-0.15355511,-0.16452019,0.032851383,0.0986419,0.33987382,0.19184515,0.2357055,0.09315937,-0.12065984,0.06574664,0.005438662,0.2850484,0.18636261,-0.13710748,-0.021974057,-0.13162494,-0.06583441,-0.33996162,0.0602641,0.054781556,-0.12614238,-0.07131695,-0.12065984,-0.16452019,-0.12614238,-0.005526426,-0.19741546,-0.12614238,-0.19193293,-0.12065984,-0.08228204,-0.28513616,-0.6579491,-0.47702518,-0.515403,-0.6086062,-0.5099205,-0.55926335,-0.66343164,-0.60312366,-0.35640922,-0.5811935,-0.827908,-0.6250539,-0.93207633,-0.74018735,-0.6250539,-0.49347284,-0.33447906,-0.2796536,-0.26868853,-0.455095,-0.38382193,-0.7347048,-0.6908444,-0.6689142,-0.7785651,-0.6415015,-0.7018095,-0.60312366,-0.4660601,-0.81694293,-0.8059778,-0.8224255,-1.0033494,-0.87725085,-0.60312366,-0.64698404,-0.54829824,-0.9649716,-0.9759367,-0.7456699,-0.78404766,-0.66343164,-0.35640922,0.17539752,0.23022294,0.3453564,0.33987382,0.32890874,0.33987382,0.4933851,0.5756232,0.6030359,0.7894424,0.734617,1.1238776,0.6852741,0.8442679,0.9319886,0.7784774,0.8387853,0.8168552,0.5975534,0.7839599,0.8168552,0.8881282,0.734617,0.7236519,0.794925,0.84975046,0.8442679,0.6468963,0.6085185,0.8771631,1.1348428,0.96488386,0.93747115,1.1732205,1.0142268,0.9868141,1.0087442,1.2225634,1.0526046,1.1238776,0.92650604,0.75654715,0.9868141,0.855233,1.0197093,0.8661981,0.8278202,0.5865883,0.40566438,0.38921675,0.41114694,0.6468963,0.6194836,0.5975534,0.54272795,0.65237886,0.6852741,0.5975534,0.3837342,0.40566438,0.36728656,0.422112,0.25215313,0.10412445,0.25215313,0.08767682,-0.3289965,-0.24127582,-0.14259003,-0.31803143,-0.13162494,-0.2796536,-0.09324713,-0.21934564,-0.394787,-0.2138631,-0.3015838,-0.31254888,-0.38382193,-0.34544414,-0.35640922,-0.33996162,-0.27417108,-0.29610127,-0.3893045,-0.36189178,-0.36737433,-0.21934564,-0.28513616,-0.2138631,-0.049386773,0.25763565,0.3124611,0.3837342,0.37276912,0.01640375,0.07671174,-0.15903765,-0.14807257,0.06574664,0.10412445,-0.09324713,0.08767682,0.005438662,0.24667059,0.24667059,0.27408332,0.30697858,0.2850484,0.27408332,0.25215313,0.48242,0.47693744,0.88264567,1.0251919,0.9977791,1.0032617,0.93747115,0.91554093,0.7620297,0.81137264,0.9484362,0.8058901,0.7126868,0.81137264,0.422112,0.48790255,0.47693744,0.71816933,0.56465816,0.5207978,0.62496614,0.61400104,0.42759454,0.5756232,0.38921675,0.20829277,-0.043904234,-0.021974057,-0.08228204,-0.17000274,-0.2138631,-0.40575212,-0.46057755,-0.36737433,-0.25772345,-0.2248282,-0.2522409,-0.32351398,-0.2522409,-0.3509267,-0.36737433,-0.30706635,-0.18096784,-0.2796536,-0.4441299,-0.47702518,-0.43316486,-0.5263681,-0.57022846,-0.60312366,-0.54829824,-0.49895534,-0.455095,-0.394787,-0.4441299,-0.4879903,-0.47154266,-0.4441299,-0.43864736,-0.43316486,-0.42219976,-0.42219976,-0.4660601,-0.5263681,-0.5044379,-0.44961247,-0.38382193,-0.2522409,-0.263206,-0.34544414,-0.21934564,-0.2522409,-0.18645039,-0.394787,-0.49347284,-0.29061872,-0.17000274,-0.15903765,-0.30706635,-0.1754853,-0.15903765,-2.0614803,-0.85532075,-1.0472097,-0.71825707,-0.7456699,-0.55926335,-0.44961247,-0.3289965,-0.63601893,-1.0965526,-1.0472097,-0.9375589,-0.95948905,-0.9101461,-0.9649716,-1.2445813,-1.2445813,-1.1787908,-1.0362446,-1.1294479,-1.1239654,-1.0526923,-1.4200228,-1.2774765,-1.211686,-0.9540065,-0.8114604,-0.68536186,-0.87725085,-0.70729196,-0.7566349,-0.68536186,-0.47702518,-0.53185064,-0.58667606,-0.49347284,-0.49895534,-0.6086062,-0.63601893,-0.7237396,-0.6689142,-0.5976411,-0.63053644,-0.8388731,-0.8114604,-0.9211112,-1.0965526,-1.0033494,-0.78404766,-0.9540065,-0.8827334,-0.78953016,-0.7785651,-0.8224255,-0.88821596,-0.87725085,-1.1184828,-1.080105,-1.1623431,-0.9046636,-0.7785651,-0.7950127,-0.93207633,-0.696327,-0.9101461,-1.1020352,-0.99238425,-1.0472097,-0.97045416,-1.0033494,-0.9540065,-0.68536186,-0.6140888,-0.7127745,-0.7127745,-0.7292222,-0.70729196,-0.71825707,-0.64698404,-0.17000274,-0.08776458,-0.03842169,-0.16452019,-0.2796536,-0.36737433,-0.4879903,-0.18096784,-0.3893045,-0.63601893,-0.4276823,-0.40575212,-0.5537808,-0.455095,-0.31803143,-0.8388731,-0.85532075,-0.7676,-0.93207633,-0.8388731,-0.85532075,-0.98141927,-1.0965526,-1.2665116,-1.4529179,-1.3487496,-1.3048893,-1.2062035,-1.211686,-1.211686,-1.2994068,-1.2994068,-1.1294479,-1.09107,-1.1349305,-1.0143145,-1.080105,-1.1952384,-1.2062035,-1.1458956,-1.2829591,-1.2939242,-1.3377845,-1.332302,-1.2281337,-1.2336162,-1.1678257,-1.0307621,-0.89918107,-1.0746224,-1.008832,-1.1020352,-0.9649716,-1.0691398,-1.2445813,-1.261029,-1.2500639,-1.4035752,-1.381645,-1.2939242,-1.5022609,-1.69415,-1.7818706,-1.8641089,-1.7380104,-1.7489755,-1.7983184,-2.0340676,-2.0121377,-1.9024867,-1.7709057,-2.127271,-2.4068809,-2.511049,-2.8674142,-2.3630204,-2.2862647,-2.5439441,-2.5658743,-2.439776,-2.2643344,-2.269817,-2.3246424,-1.9518296,-1.683185,-1.6338421,-0.64698404,-0.15903765,-0.032939143,-0.3893045,-0.3289965,-0.40575212,-0.48250774,-0.3728569,-0.14259003,-0.16452019,0.15346736,0.027368838,0.09315937,0.12057208,0.40018183,0.6085185,0.58110577,0.41114694,0.74009955,0.24118803,-0.36737433,-0.27417108,-0.33996162,-0.48250774,-0.27417108,-0.394787,-0.23579328,0.07122919,-0.12614238,-0.0767995,0.41662943,0.46597236,0.9100584,0.9868141,1.0251919,0.975849,0.8771631,1.1403253,1.2115983,1.2664238,1.4144523,1.513138,1.513138,1.5953764,1.2225634,1.228046,1.9407766,1.8969162,1.622789,2.017532,1.7982305,1.803713,1.4528301,1.4034873,1.5186207,1.5241032,1.6776145,1.694062,1.4254174,1.299319,1.2828714,0.7236519,0.7072042,0.8058901,0.8004075,0.7510646,0.61400104,0.9703664,1.0142268,0.9210235,0.2850484,0.27408332,0.3124611,0.18636261,0.3124611,0.47693744,0.7455821,0.794925,0.855233,0.5975534,0.6085185,0.48242,0.62496614,0.31794363,0.27956584,0.7236519,0.9922965,0.9100584,0.9429537,0.69623923,0.35083896,0.5756232,0.7126868,0.7894424,1.7488875,1.4363825,1.7379224,1.5844113,1.3541445,1.5789286,1.5241032,1.7543701,1.995602,2.0120497,1.7708178,1.6556842,1.803713,1.5844113,1.4857254,1.480243,1.6611668,1.3870395,1.3157666,1.2444936,1.1787031,1.2335285,1.228046,1.3267317,1.4089698,1.2609413,1.1841856,1.3212491,1.310284,1.0964649,1.2499762,1.1019474,0.9868141,0.9045759,0.93747115,1.1238776,1.1732205,0.9100584,1.0854998,1.228046,1.3980047,1.0635697,0.9319886,1.0032617,0.794925,0.87168056,0.87168056,0.9100584,0.83330274,1.1293602,1.310284,1.1348428,1.2609413,1.1732205,1.0909823,0.95391876,1.0251919,1.1348428,1.1951506,1.4528301,1.3815571,1.2444936,1.4254174,1.5076556,1.4966905,1.8256432,1.6885796,1.7214749,1.5515159,1.3705921,1.2773888,1.2061157,1.2664238,1.239011,1.2609413,1.0251919,1.1732205,1.0087442,1.167738,1.2006332,2.4451706,1.7269573,1.7105098,1.8804686,1.8091956,1.8146781,1.8914337,2.1271832,2.165561,2.2149038,2.3848627,2.4725833,2.4342055,2.5548215,2.549339,2.549339,2.4890308,2.37938,2.3245547,2.499996,2.450653,2.4122753,2.5219262,2.3958278,2.6535072,2.6480248,2.7192976,2.8399138,2018-04-17
ON_NXPI,-0.83592016,-0.74911964,-0.58448154,-0.75430876,-1.3095493,-0.861866,-0.6877931,-0.8175222,-1.1411372,-1.5020201,-1.3836129,-1.1392504,-1.1368917,-1.249638,-1.1769897,-1.138307,-1.1118894,-1.1996334,-1.7746872,-1.7878958,-1.8506377,-2.1237762,-2.1450047,-2.225201,-2.2662423,-2.1270783,-1.6539211,-1.6208992,-1.632221,-1.3963499,-1.3977652,-1.5312681,-1.3765367,-1.4355044,-1.2817165,-1.2859622,-1.2137856,-1.536929,-1.494944,-1.4732438,-1.2906797,-1.2510532,-1.2123704,-1.1519873,-0.85573334,-0.9689514,-0.9444209,-1.0670738,-0.9614036,-0.8845096,-0.41984355,-0.25001636,-0.35804534,-0.30615368,-0.6991149,-0.5019267,-0.45097852,-0.37408456,-0.2547338,-0.5457987,-0.5000397,-0.77789587,-0.4953223,-0.2835101,-0.49485058,-0.5137203,-1.3798388,-1.3024731,-1.5741966,-1.2538837,-1.452959,-1.3402126,-1.3850281,-1.7166628,-1.4892831,-1.099624,-1.1826507,-0.87507474,-0.77931106,-0.437298,-0.33257124,0.18681687,0.38494858,0.42834887,0.1759668,-0.15849839,-0.22312707,-0.19435081,-0.04905422,0.18917558,-0.1731224,-0.05801732,0.028311497,-0.4769244,-0.33304298,-0.09292624,-0.27313173,-0.6005208,-0.559951,-0.618447,-0.6665647,-0.65052545,-0.755724,-0.31936246,-0.2646404,-0.33776042,-0.45097852,-0.013201815,0.0552008,-0.46890476,-0.27549046,-0.23916632,-0.015088784,0.094355404,0.2486151,0.03821808,-0.22218359,-0.5127768,-0.1641593,-0.468433,-0.89960533,-0.8283723,-0.9043228,-0.62080574,-0.6472233,-1.3166254,-0.76893276,-0.3354017,-0.2622817,-0.24718592,1.9445283,1.5251495,1.8534819,1.6044021,1.5482649,1.493071,1.447312,1.3713615,1.3128654,1.2076669,1.2991849,1.4680686,1.3152242,1.3916464,0.49439275,0.73498124,0.9269804,1.0939771,0.50854504,0.39957258,-0.024995368,-0.64109063,-0.5835381,-0.24718592,-0.08066095,-0.019334463,0.51656467,-0.03631718,-0.0070691663,-0.31228635,0.30522418,0.3816464,0.389666,0.12879258,0.14860576,0.24153897,0.110866375,0.10284676,0.21748011,-0.028297564,-0.017447494,-0.027354078,-0.0231084,0.11982949,0.045294214,0.32786778,0.38683555,0.7453596,0.80951655,0.53968006,0.45052075,0.83310366,0.89159966,1.5907216,1.551567,1.3076763,1.1869103,0.78592944,1.0755792,1.2487085,1.3208851,1.3072045,0.8807496,0.7113942,0.9703806,1.3123938,0.6297828,1.2189888,1.864332,1.4949579,1.4411794,1.5473213,1.2406889,1.1430383,1.1977603,1.4520295,1.6459155,1.2939957,1.5553409,1.4359901,1.3053175,1.1628513,1.302487,1.0010438,0.8934867,1.0972793,0.7637575,0.78026855,0.84725595,0.7453596,0.6859201,0.7387552,0.56232363,0.5170364,0.45146424,0.2967328,0.093411915,0.16322976,0.16228628,0.35334188,0.35334188,0.41702706,0.5212821,0.43353805,0.47316438,0.38542032,0.39815736,0.4656165,0.27220222,0.4132531,0.19813868,0.13964266,0.16794719,-0.030656274,-0.07971746,0.03585937,0.066994354,0.20993224,0.04152028,0.14105788,0.11416857,0.15002097,-0.13632652,-0.45192203,-0.1339678,-0.18161376,-0.23303366,-0.19953997,-0.068395644,-0.26086643,-0.22076836,-0.31700376,-0.3354017,-0.26322517,-0.12877864,-0.11273941,-0.3599323,-0.35191268,-0.5524031,-0.5533466,-0.755724,-0.84016585,-1.1189655,-1.1100023,-1.0213149,-1.0632999,-1.3482322,-1.2425619,-1.1647245,-1.0326366,-0.7278912,-0.6387319,-0.66373426,-0.6335428,-0.47267866,-0.24199677,-0.3363452,-0.17406589,-0.29247317,-0.15378098,-0.044336796,-0.11981554,-0.16840498,-0.28775576,0.37881592,0.6920527,0.6920527,0.43967068,0.4981667,0.5316604,0.5972326,0.6576156,0.7156398,0.4245749,0.44957727,0.40570524,0.3920247,0.614687,0.57600415,0.3406048,0.34909618,0.06557913,0.12926432,-0.014617041,0.068881325,-0.22312707,-0.14434613,0.23351935,0.25238904,0.23116064,0.41844228,0.22880194,0.110394634,-0.000936518,0.029726723,0.068881325,0.14813402,0.067937836,0.008498325,-0.21274875,-0.13019386,-0.21274875,-0.15236576,-0.2589795,-0.166518,-0.15236576,0.10992289,0.21370618,0.09860108,0.010385294,0.03114195,0.056144286,0.15615363,0.14671879,0.12077297,0.31277204,0.33164173,0.7430009,0.61280006,0.5769477,0.49863848,0.40004432,0.90433675,1.1100162,1.1670971,1.1784189,1.1567187,1.07039,1.218517,1.3171111,1.4100443,-0.48069832,-1.2133139,-1.3671018,-1.4520155,-1.2458642,-1.3718193,-1.3718193,-1.419937,-1.4524872,-1.6331644,-1.5430616,-1.4718286,-1.4359761,-1.4685264,-1.357667,-1.8072374,-1.4067283,-1.2977557,-1.2123704,-1.0255605,-1.1175503,-1.269923,-1.2340705,-1.1614223,-1.1868963,-1.130759,-1.0977371,-1.151044,-1.3255885,-1.0599977,-1.0897174,-1.1246264,-0.89819014,-0.9887646,-1.0298063,-1.0486759,-1.311908,-1.1284003,-0.97131014,-0.7760089,-0.8062004,-0.88922703,-0.95857316,-1.0618846,-1.2453924,-1.2062377,-1.1302872,-1.0689608,-0.9345142,-0.8590355,-0.7387413,-0.8340332,-0.6292971,-0.54391176,-0.2783209,-0.2835101,-0.2839818,-0.28445354,-0.42644796,-0.43305233,-0.36512145,-0.40380433,-0.34483656,-0.35144094,-0.437298,-0.42078707,-0.36606497,-0.4505068,-0.347667,-0.17878331,-0.20048346,-0.15095052,-0.16321582,-0.15472446,-0.18491596,-0.20142692,-0.27973613,-0.10660677,0.19625172,0.15332317,0.17266461,0.18681687,0.109451145,0.028311497,-0.15047878,0.042463765,-0.14151569,-0.08632185,-0.20378566,-0.3339865,-0.42644796,-0.3821042,-0.35144094,-0.013201815,0.15851234,0.26701304,0.23210412,0.27833486,0.42929235,0.4311793,0.26088038,0.08963798,0.18681687,-0.0018800023,0.036802858,-0.10047412,-0.11273941,-0.09386972,-0.06320649,-0.19953997,-0.12689167,-0.15944187,-0.08396314,-0.037732407,-0.09339798,-0.03395847,-0.009899619,-0.01886272,-0.24152502,-0.09339798,-0.0655652,-0.0037669714,-0.11698509,0.021235365,-0.0924545,0.0009504507,0.07029655,-0.23775108,-0.42739144,-0.4448459,-0.25095987,-0.23916632,-0.20850307,-0.4155979,-0.54627043,-0.541553,-0.453809,-0.393426,-0.50051147,-0.37361282,-0.66467774,-0.5066441,-0.63071233,-0.7142107,-0.5981621,-0.86799866,-0.8165787,-0.9764993,-1.0048039,-1.0656586,-0.8722443,-0.91234237,-0.62080574,-0.7109085,-0.69392574,-0.7241172,-0.512305,-0.3141733,-0.6844909,-0.61137086,-0.5656119,-0.5552336,-0.6764713,-0.56419665,-0.5566488,-0.56891406,-0.54108125,-0.8439398,-0.7142107,-0.558064,-0.44909158,-0.40616304,-0.38163245,-0.19576603,-0.36370626,-0.4873027,-0.5000397,-0.664206,-0.7401565,-0.7755372,-0.6571299,-0.9052663,-0.9198903,-1.0321649,-1.0482041,-1.0604694,-1.313795,-1.2354858,-1.3661584,-1.4586198,-1.546364,-1.41805,-1.4175783,-1.2878492,-1.2472794,-1.2321836,-1.0000864,-1.0184844,-0.96046007,-1.0010298,-0.8425245,-0.7156259,-0.7038323,-0.97036666,-0.9595166,-1.0057473,-0.77176327,-1.0189562,-1.0779239,-1.1543461,-1.2170877,-1.3034166,-1.2199183,-1.3812541,-0.8779052,-0.828844,-0.8816791,-1.116135,-0.9533839,-0.7580827,-0.801483,-0.77365017,-0.9675363,-0.9882929,-1.0642434,-0.92743814,-0.79723734,-0.7425152,-0.9156446,-0.91187066,-0.85526156,-0.453809,-0.5240986,-0.4349393,-0.5792924,-0.65477115,-0.6359015,-0.65571463,-0.4462611,-0.54108125,-0.5986339,-0.52928776,-0.364178,-0.347667,-0.26322517,-0.32360816,-0.3429496,-0.21322049,-0.16887672,-0.1471766,0.013687489,0.08397707,0.11369683,0.2599369,0.28352404,0.31418726,0.3740985,0.3505114,0.30711114,0.27220222,0.225028,0.18068422,0.33777437,0.37881592,0.35522884,0.376929,0.3382461,0.47316438,0.40240303,0.4854297,0.4566534,0.5236408,0.64346325,0.77130544,0.89584535,0.7887599,0.79960996,1.3402265,0.98500466,1.0883161,1.2463498,1.1944581,1.1505861,1.2171017,1.1623796,1.0835987,1.1935147,1.1718146,1.3506048,1.4331597,1.1902125,1.3359808,1.1548318,1.2647477,0.83970803,0.8312167,0.52883,0.24295418,0.34579396,0.29154363,0.30946985,0.24908684,0.19908217,0.17124939,0.18351468,0.22314101,0.32503733,0.7071485,0.7363965,0.7694185,0.74724656,0.7283769,0.7510205,0.87131476,0.81659263,0.7104507,0.9991569,1.4388206,1.4685403,1.4666533,1.4996753,1.4520295,1.2208757,1.4133465,1.5977978,1.5902499,1.7973446,2.0898247,2.168134,2.2332344,2.1629448,1.9544349,1.6270456,2.2304041,2.3323002,2.0610485,2.0445375,1.7081854,1.5072231,1.3562657,1.3807963,1.3350372,0.8132905,0.99585474,0.97745675,1.2237062,1.68507,1.61195,1.2652194,0.74347264,0.5816651,0.5245843,0.8448972,1.2822021,1.2359715,1.041142,1.1392643,1.3628701,1.2793717,1.8100816,2.0341592,2.1874754,2.440801,2.546943,2.3205068,2.2351213,2.3044677,2.3039956,2.0799181,2.221441,2.6417632,2.5059013,2.2039864,2.512034,1.9784936,2.1832297,2.3846636,2.1228468,2.0284984,2.5459993,2.585626,2.358718,2.3374894,2.4780686,2.605439,3.2106843,3.1493578,3.2554996,3.5328841,2018-04-17
TSEM_ON,-0.16846266,-0.43743303,-0.49225038,-0.7561045,-0.7056725,-0.99510807,-1.006437,-0.9179984,-0.7407556,-0.59311426,-0.544875,-0.5671674,-0.95892864,-0.7257722,-0.9731812,-0.8785299,-1.0437127,-1.0645434,-1.1054736,-0.99254996,-1.0671015,-1.2183974,-1.160291,-1.3733476,-1.1661382,-1.1332477,-1.3441118,-1.2297263,-1.3587297,-1.4120853,-1.3411882,-1.2121847,-1.2717528,-0.98049015,-1.0532144,-1.0334803,-0.7944766,-0.88949335,-0.7593936,-0.42244965,-0.5112537,-0.6512206,-0.68630373,-0.56534016,-0.67607117,-0.53573877,-0.4904231,-0.5306225,-0.544875,-0.7974002,-0.90666944,-0.89095515,-0.93115455,-0.8153072,-0.85989195,-0.8916861,-0.7528154,-0.8058055,-0.71846324,-0.77510786,-0.7367357,-0.38773197,-0.4169679,-0.29381162,-0.52806437,-0.6508552,-0.90155315,-0.7641444,-0.8237125,-0.641719,-0.3548416,-0.17284805,-0.2609212,-0.093180194,-0.1260706,-0.13374503,-0.1282633,-0.14617029,-0.06430973,-0.073811404,-0.07710044,-0.13886131,-0.2554395,-0.45862907,-0.40454262,-0.55803114,-0.6048086,-0.7257722,-0.6216193,-0.56534016,-0.2905226,-0.7005563,-0.52112085,-0.43231675,-0.4513201,-0.18052247,-0.29234985,-0.29856244,-0.26128668,-0.32304755,-0.28029004,-0.19514042,-0.2488614,-0.16955902,-0.14215034,-0.22474179,-0.3570343,-0.29015714,-0.18746601,-0.25872853,-0.4125825,-0.3899247,-0.36288145,-0.5192936,-0.5726491,-0.53939325,-0.4604563,-0.4571673,-0.7067689,-1.0327493,-0.7937457,-0.8266362,-0.78826404,-0.5971342,-0.45899454,-0.74148655,-1.0272676,-0.8438122,-0.80653644,-0.6895928,-0.44474202,-0.9296927,-0.9008222,-0.9022841,-1.0298258,-0.99766624,-0.86793184,-0.9044767,-0.66620404,-0.3610542,-0.22876172,-0.2218182,-0.18417697,-0.06430973,0.71957815,0.46924567,0.48130548,0.4173519,0.26715243,0.39140502,0.1677503,-0.00912695,-0.14470848,-0.21670191,-0.21926007,-0.20500754,-0.21633646,0.19406265,0.28542486,0.29309928,0.2613052,-0.14617029,-0.023014009,0.06761732,0.37569073,0.17725198,0.20064072,0.1564214,0.16409582,0.13741805,0.19735168,0.098680474,0.02632159,-0.036535617,-0.08550576,-0.06759877,-0.026668496,0.10818214,0.09721867,0.13814895,0.32781693,0.17907922,-0.37676853,-0.13301413,0.15495959,-0.14836298,-0.0917184,-0.017532274,0.026687039,-0.071253255,0.008414596,0.23974375,0.07748444,0.0043946584,0.16226858,0.20612246,0.23901284,0.3373186,0.5182158,0.6223687,0.43160442,0.38957778,0.44476056,0.43416253,0.44622236,0.57120585,0.51931214,0.44183698,0.6640299,0.6176179,0.6519701,0.56243515,0.5478172,0.40602297,0.33037508,0.09502597,0.27848133,0.23682016,0.15678683,0.15569049,0.024494346,-0.031053884,-0.033977475,-0.21670191,-0.14726663,-0.24301423,-0.3197585,-0.43743303,-0.70786524,-0.63550633,-0.6300246,-0.71736693,-0.8463704,-0.56241655,-0.6340445,-0.71407783,-0.65048975,-0.7875331,-0.8613538,-0.7904568,-0.8069019,-0.79886204,-0.8595265,-0.87450993,-0.93444353,-0.9450416,-0.9289619,-0.8807226,-0.81749994,-0.75062275,-0.65158606,-0.6230811,-0.82809794,-0.8332142,-0.73344666,-0.727234,-0.8277325,-0.79630387,-0.78205144,-0.6793602,-0.6698585,-0.23643616,-0.6099249,-0.8237125,-0.69580543,-0.6048086,-0.5909216,-0.5536458,-0.6694931,-0.6106558,-0.5565694,-0.33949274,-0.29198438,-0.33912727,-0.37932667,-0.4955394,-0.27627006,-0.3354728,-0.38261572,-0.35776517,-0.46191815,-0.6000578,-0.6135794,-0.59530693,-0.61759937,-0.80434376,-0.61979204,-0.57155275,-0.5441441,-0.6179648,-0.7458719,-0.6874001,-0.57739997,-0.6508552,-0.40856257,-0.20939294,-0.28430995,-0.22912717,-0.115472585,-0.10158552,-0.08514032,-0.108529046,-0.18271518,-0.141054,-0.18783145,-0.22949263,-0.20573846,-0.20720023,-0.20610389,-0.123512454,-0.3654396,-0.3347419,-0.33145288,-0.32560566,-0.2225491,-0.45205098,-0.5046756,-0.33328012,-0.3705559,-0.25726673,-0.19331318,-0.11839617,0.41991007,0.27555776,0.19369718,0.098680474,0.012434536,0.05007577,0.14034164,-0.01205054,0.11329842,0.056288403,0.122434646,0.12097285,0.101238616,0.041304994,-0.040921006,-0.21122018,-0.2218182,-0.16955902,-0.0745423,0.020839859,0.033265118,0.012069086,0.03691961,-0.03178478,0.059942894,0.12864728,0.076753534,0.051537566,0.019378062,-0.14763209,-0.4582636,-0.5989615,-0.63440996,-0.6713203,-0.74733377,-0.5938452,-0.64683527,-0.62527376,-0.8350415,-0.9289619,-0.96550673,-0.9194602,-0.7557391,-0.8397923,-0.6764366,-0.58251625,-0.5028484,-0.4206224,-0.31354585,-0.33328012,-0.33291465,-0.2539777,-0.3570343,-0.39833,-0.44254932,-0.4513201,-0.45935994,-0.47726697,-0.40015727,-0.36690137,-0.3742104,-0.4849414,-0.4991939,-0.4242769,-0.44035664,-0.4758052,-0.28211728,-0.12972508,-0.16553909,-0.10633636,-0.04859543,0.031072427,0.30917904,0.3446276,0.5697441,0.67572427,0.60080725,0.4231991,0.15130511,0.105624,0.18602276,0.30844814,0.3373186,0.62858135,0.55622244,0.6439302,0.7027675,0.54635537,0.65927905,0.49482706,0.47911277,0.39030868,0.2872521,0.06469373,0.16190311,0.45755127,0.4261227,0.47180378,0.3738635,0.26824877,0.18675365,0.083697066,0.15130511,0.2079497,0.29273385,0.24120556,0.27336505,0.20319885,0.12645458,0.22878027,0.2993119,0.3015046,0.32781693,0.37971067,0.38080704,0.42027548,0.35412925,0.27555776,0.40163758,0.48313272,0.47180378,0.4973852,0.52625567,0.70715284,0.6589136,0.5949601,0.5532989,0.6490465,0.5792458,0.46157122,0.670608,0.58618927,0.34024218,-0.0025488702,-0.2967352,-0.18856233,0.011703637,-0.029226638,-0.04347915,0.12170375,0.3267206,0.23170388,0.38190335,0.4473187,0.47911277,0.39432862,0.40785027,0.41771737,0.5189467,0.34828207,0.37422895,0.3044282,0.09319873,0.3815379,0.2430328,0.3073518,0.45718586,0.54745173,0.5025015,0.45755127,0.39177048,0.48569083,0.3738635,0.40638843,0.34133855,0.22731848,0.31137174,0.37971067,0.34316579,0.23682016,0.14838152,0.061770134,0.18090647,0.2185477,0.1377835,0.120607406,0.026687039,0.1027004,0.06981001,0.35851464,0.3300096,0.4352589,0.37897974,0.30625546,0.36399636,0.3537638,0.3910396,0.4173519,0.35266745,0.17432839,1.1372862,1.0704089,1.1727347,1.2125686,1.1533659,0.9753923,0.6863223,0.77366453,1.0020701,1.0685818,0.96698695,1.0462893,1.113532,1.1573858,1.1190138,1.0404422,1.0766217,1.0090135,0.9589471,0.7422359,0.7345615,0.62054145,0.48824897,0.58655477,0.5675514,0.4802091,0.588382,0.5733986,0.6073853,0.6282159,0.7192127,0.8036313,1.0276515,1.0897778,1.0481167,1.2458245,1.2545953,1.2743295,1.2896783,1.3258578,1.2841966,1.2626351,1.3013728,1.2399772,1.2056252,1.3324358,1.4833663,1.6218715,1.7537984,1.821772,1.7121372,1.6913066,1.842968,1.8034995,1.8411407,1.6459911,1.7340641,1.731506,1.6470873,1.6339313,1.5513397,1.0250934,0.9571198,0.55951154,0.61798334,0.8361563,0.809844,0.63150495,0.7663555,0.61652154,0.57522583,0.6961894,0.7082492,1.3207415,1.4227017,1.6317385,1.5608414,1.6032336,1.7128681,1.7172534,1.5933664,1.9993801,1.817752,1.9142305,1.9102106,1.7472204,1.6660907,1.6054262,1.6050608,1.728217,2.0695462,1.770609,1.7866888,1.6726688,1.613466,1.6339313,1.588981,1.2586153,1.545858,1.5776521,1.5348945,1.4588813,1.5813066,1.3711735,1.3430339,1.2794458,1.2195121,1.3232996,1.2056252,1.1296117,1.1376516,0.97685415,0.99914646,1.1731001,1.1584822,0.9969538,0.88329923,0.85223603,1.0967213,1.085027,1.0550601,0.9348275,0.7539303,0.7893789,0.766721,0.58692014,0.39140502,0.7743954,0.31758437,0.8039968,0.79668784,0.8262891,0.95090723,1.0506748,1.2644624,1.3879842,1.2849275,1.1215719,1.2714059,1.5301436,1.5513397,1.7048283,1.6741306,2.0198452,2.2336328,2.2409418,2.4740982,2.356789,2.025327,1.8838983,1.8678185,1.8835328,1.8630676,1.8199447,1.8809745,1.788516,1.5158911,1.3397448,1.4227017,1.3814061,1.4248945,1.3536319,1.3167216,1.3470539,1.3638645,1.0554256,0.8255583,0.80728585,0.94140553,0.9691797,0.8496779,0.73529243,0.48349813,0.29273385,-0.14543939,-0.21487467,-0.69434357,-0.92311466,-0.9300582,-0.75098825,-0.706038,-0.26421025,-0.6033468,-0.6716858,-0.35813063,-0.41294795,-0.66474223,-0.7762042,-0.48896134,-0.11181809,-0.005472461,0.48642173,0.37167078,0.5412391,0.3073518,0.0065873517,0.112932965,0.21818227,-0.11145265,-0.03836286,-1.2370353,-1.6357399,-1.8170027,-2.1247106,-2.0677006,-2.2624848,-2.254445,-2.2485976,-2.671422,-3.01202,-3.2809906,-3.222519,-3.2608912,-3.022253,-2.8662064,-2.7488973,-2.7269702,-2.660093,-2.7949438,-3.152718,-3.2689307,-2.9294288,-3.345675,-3.2740471,-2.886306,-3.125675,-2.6052759,-2.5256078,-2.9762063,-2.8738806,-2.697369,-2.6220865,-2.8720536,-2.8146782,-2.898366,-2.8475685,-2.7847111,-3.0050766,2018-04-17
WPP_CCO,0.73247075,0.68206507,0.56330514,0.354503,0.44574177,0.45860493,0.23679006,0.19341426,0.23320034,0.670548,0.7547569,0.67593265,0.78018415,1.0301185,1.0422338,1.0528533,1.0480671,1.0965283,1.0733447,0.89206386,0.76029116,0.9445635,0.86738443,0.6026425,0.56913847,0.62851846,0.71975714,0.45546395,0.31830668,0.28614873,0.20403385,0.49345517,0.49674574,0.44065636,0.41881886,0.45606223,0.471169,0.6780267,0.61580485,0.7570005,0.80905145,0.6724925,0.73202205,0.6421295,0.18713225,0.23634136,0.3905498,0.28704616,0.13642745,0.04967584,-0.12741707,0.07181246,0.5840956,0.70046246,0.8304403,0.8186241,0.90447825,0.9767214,0.92033285,0.7374066,0.7622356,0.5247156,0.33386216,0.11608569,0.34418258,0.5170875,0.45381865,0.5375788,0.50631833,0.5371301,0.5580701,0.32159725,0.21585001,0.33625525,0.16978192,0.21076459,0.23634136,0.19057241,0.19775185,0.25668308,0.07300903,-0.16376302,-0.49985066,-0.82980585,-0.64059764,-0.67664444,-0.6417942,-0.5842091,-0.71478516,-1.1169835,-0.84850234,-0.8037804,-0.9908946,-0.52378213,-0.5753844,-0.42386824,-0.48967975,-0.62474304,-0.5568375,-0.33771488,-0.3748087,-0.515107,-0.43119723,-0.70655876,-0.70655876,-0.76489174,-0.67649484,-0.9204463,-0.92134374,-0.5572862,-0.5333547,-0.30465955,-0.12023763,-0.18126291,-0.09271643,0.12206856,0.15871362,0.051769845,-0.17243817,-0.0770114,0.24157636,0.3229434,0.3927934,0.4334769,0.24636264,0.26745227,0.70031285,0.40954542,0.35659704,0.43332735,0.5019807,0.46473742,0.699565,0.772556,0.72095376,0.6884967,0.61101854,0.63016367,0.5585188,0.8729186,0.74039805,0.53892493,0.7487741,0.8247565,0.89460653,1.0061871,0.94396514,0.74608177,0.6430268,0.9783667,0.99122983,0.9813581,1.0696055,0.92541826,0.7532612,0.85945714,1.0693063,0.8159318,0.7692654,0.7842226,0.62448,0.63824064,0.75999194,0.980012,0.7721073,0.58708704,0.7420434,0.8000772,1.0045418,1.0027468,0.9104611,1.1291349,1.0594345,0.88204247,0.63300556,0.7300776,0.492109,0.079739764,-0.09316515,-0.052481644,0.06568002,-0.26277947,-0.14357081,-0.49461564,-0.50942326,-0.6968366,-0.6486745,-0.16675444,-0.34639007,-0.1526947,-0.2621812,-0.15149812,0.20418343,0.30529392,0.018116212,0.14450432,-0.06624224,-0.5109189,-1.0949966,-0.7502337,-0.80048984,-0.8603185,-0.61576873,-0.38961628,-0.14865626,-0.17393388,-0.1685493,-0.17273732,-0.31901842,-0.36747968,-0.14013067,-0.2463266,-0.19188249,0.20104241,0.13971803,0.2487558,0.17800838,0.30050763,0.284653,0.44424605,0.40625486,0.5990528,0.56704444,0.6509542,0.714223,0.8877262,0.7915516,0.73576134,0.67159504,0.73112464,0.6834112,0.73276997,0.9837513,1.0782806,0.97642225,0.9625121,1.1381093,1.0531526,1.1399041,0.8983458,0.9659523,1.0251826,1.1454383,1.2238138,1.1052035,1.1434939,1.220972,1.4281288,1.253429,1.0008024,0.9596702,0.96774703,1.0055888,1.0779815,1.0953318,1.0202467,1.1408015,0.88353825,0.76477826,0.69118893,0.8504828,0.87561095,0.9273627,0.7456331,0.78811145,0.59995025,0.66561216,0.6232834,0.69088984,0.64900976,0.653796,0.580805,1.0160588,0.8753118,0.7990302,0.7490732,0.76343215,0.6826634,0.78437215,0.6686036,0.63061243,0.80441475,0.80291903,0.792449,0.36198163,0.048778415,-0.21955328,-0.13549395,-0.00895627,0.109504536,0.58289903,0.772556,0.89460653,1.2012285,-0.35970193,-1.0131809,-0.532906,-0.33173203,-0.29748014,0.09185508,-0.19442521,-0.20654052,-0.16301516,-0.015387855,0.120124124,0.31725967,0.36497307,0.29362732,0.26012325,0.21764489,0.08557306,0.46428868,0.39398998,0.35719532,0.4049087,0.4301863,0.44275033,0.5314464,0.5019807,0.45501524,0.5160405,0.47191682,0.48463044,0.7312742,0.6394372,0.7125777,0.839265,0.88712794,0.84420085,0.8477906,0.8661879,0.9213798,1.0434303,0.94082415,0.839265,0.8712733,1.1189641,1.2559718,1.1122334,1.0408877,1.1352675,0.9619138,1.1363144,1.2414633,1.472402,1.4421885,1.3041338,1.031016,1.177297,1.049862,1.0500115,1.2399676,0.9159953,1.0908446,1.142746,1.3029373,1.4677652,1.2269548,0.9659523,1.083366,1.3760778,1.2010789,1.2579161,1.2090062,1.2250103,1.0381954,0.998858,0.7873636,0.91749096,0.62133896,0.690142,0.7187101,0.6692019,0.51514304,0.60787755,0.66022766,0.23993106,0.1815981,0.0065991883,-0.20130551,-0.29852715,-0.2342113,-0.22224554,0.3386484,0.17711096,0.15183333,0.027688801,-0.017182715,0.19505955,0.19805099,-0.05457565,-0.20728838,-0.19068591,-0.15763058,-0.2684632,-0.11440433,-0.06654138,-0.10707532,0.051620275,0.0424964,-0.029447597,0.21166201,0.0007658913,0.18174767,0.10561567,-0.13384865,0.011235912,0.1832434,0.036663108,-0.11440433,0.28794357,0.6783258,0.6831121,0.7085393,0.7085393,0.713176,0.6816164,0.61296296,0.62926626,0.62926626,0.6204415,0.60548437,0.61745006,0.6383902,0.62941587,0.6561892,0.8103977,0.8238591,0.98390085,0.9270636,0.97791797,1.0331099,1.1185154,1.1080453,1.1289854,1.2187283,1.0527039,1.0168066,1.0242852,1.2277027,1.3234285,1.4116758,1.3428729,1.4505645,1.4430859,1.31595,1.3234285,1.2082584,1.2366769,1.1274897,1.1663783,1.3774239,1.3324028,1.4191544,1.619431,1.4472739,1.4622312,1.4756926,1.5192178,1.444432,1.4053938,1.4442825,1.3789197,1.4206502,1.3943255,1.4173596,1.2064635,0.20358513,-0.13444695,-0.17243817,-0.17094246,-0.17303644,-0.30391172,-0.18410476,-0.28671098,-0.19936107,-0.1823099,-0.20863453,-0.2986767,-0.29942456,-0.39200944,-0.28312126,-0.19980979,-0.030195456,-0.053827792,-0.01942629,0.1624529,0.32399037,0.16768794,0.27119157,0.16020934,0.02409908,0.04503912,0.015124777,0.17815794,0.23649092,0.1430086,0.27448213,0.28674704,0.11982498,0.3024521,0.24950366,0.37140465,0.46279296,0.46084854,0.31965283,0.15168376,0.16963235,0.35958847,0.26625568,0.43542132,0.43407518,0.39443868,0.56898886,0.5697367,0.55642486,0.56106156,0.64497125,0.71182984,0.66800535,0.64527047,0.9052261,0.7541586,0.485827,0.68385994,0.77913713,0.8201198,0.93065333,0.9462088,1.0058879,1.0148622,0.8784528,0.7000137,0.46443826,0.3604859,0.5028782,0.49824145,0.64945847,0.6261253,0.51619005,0.46398953,0.5233695,0.35016546,0.39503697,0.34852016,0.38292164,0.37514392,0.2174953,0.46638268,0.27343512,0.24486694,0.18937583,0.22452518,0.03382124,-0.18575005,-0.25186077,-0.2780358,-0.13654095,-0.15284427,-0.10064373,-0.17408346,-0.29433912,-0.27309993,-0.03677661,0.056107428,0.005103471,-0.25440347,-0.29927495,-0.2828221,-0.1580793,-0.18978849,-0.24034373,-0.11290862,-0.035280894,-0.085088275,-0.047246635,-0.06639182,-0.1950235,-0.116498336,-0.13145551,-0.020922009,0.03606482,0.041898113,-0.07431912,-0.2536556,-0.1743826,-0.026904877,-1.4360201,-1.1353809,-1.2438204,-1.1974531,-1.2139062,-1.3229439,-1.2689486,-1.3021535,-1.288692,-1.2743331,-1.3201021,-1.2556367,-1.267004,-1.2909355,-1.2393334,-1.1810002,-1.2160002,-1.2877945,-1.2593759,-1.0807872,-1.0424968,-0.8698911,-0.8093145,-1.0710651,-1.2017908,-1.3299738,-1.2340983,-1.3304225,-1.5036266,-1.1881797,-1.3084354,-1.22303,-1.2038848,-1.0994836,-1.3154653,-1.302602,-1.1558722,-1.2143549,-1.0546122,-1.0362148,-1.3509138,-1.2704443,-1.363777,-1.6904416,-1.6246301,-1.6006986,-1.9270641,-1.8863807,-1.5208273,-1.6449718,-1.7661248,-1.776595,-1.6733904,-1.8797994,-1.888325,-1.9162949,-1.7746505,-1.9746279,-1.9451623,-2.2268057,-2.1201613,-2.086657,-2.1026611,-2.1385586,-2.0398412,-2.136016,-2.0498624,-1.8509321,-1.6938818,-1.6689034,-1.5915747,-1.597109,-1.6105703,-1.5716817,-1.5028788,-1.427046,-1.1464492,-1.2545896,-1.2436708,-1.1124965,-0.9768349,-1.2161497,-1.2806152,-1.3218969,-1.3981785,-1.3383498,-1.3393968,-1.3657213,-1.2979655,-1.3423883,-1.2945253,-1.6479632,-1.4695241,-1.2870467,-1.3387985,-1.3622812,-1.4784986,-1.4225587,-1.0730095,-0.94542485,-0.8637587,-0.80288297,-0.773866,-0.8048274,-1.0909581,-1.0725608,-1.2002951,-1.2622178,-1.3307217,-1.3139696,-1.396982,-1.1295476,-1.3667684,-1.8984959,-1.8513808,-1.7803342,-1.5574723,-1.5752714,-1.4897164,-1.0559583,-0.56910235,-0.36284298,0.044739977,-0.60230726,-0.81395125,-0.93495476,-0.8339939,-0.676794,-0.8399768,-0.81544703,-1.7969366,-1.7246935,-1.7498217,-1.7759966,-2.1514215,-1.9933243,-2.2209725,-2.3065274,-2.5458424,-2.5691755,-2.5168254,-2.5228083,-2.4031508,-2.6204786,-2.8862677,-3.004429,-3.0389805,-2.8315244,-2.8409472,-2.69332,-2.7142599,-2.8201568,-2.787251,-2.8548574,-2.7063327,-2.5283422,-2.2854378,-2.1379602,-2.1110373,-2.1678746,-2.1185157,-2.5971456,-2.7990673,2018-04-17
SIRI_CMCSA,0.2843962,0.2651125,0.44830775,0.47723332,0.3157322,0.15664159,0.17351483,0.20485088,0.2096718,0.17110439,0.18315668,0.28198573,0.51097983,0.5399054,0.56883097,0.48928562,0.44830775,0.4121508,0.46518102,0.36153105,0.13976833,0.086738124,-0.10368854,0.13976833,0.13253695,0.101200916,0.113253236,0.15182066,0.14699973,0.12048463,0.052991632,0.106021844,-0.009680436,0.052991632,-0.057889715,-0.14948735,-0.27483147,-0.18323384,-0.18564431,-0.241085,-0.2531373,-0.30375707,-0.3688396,-0.33991402,-0.50141513,-0.47972095,-0.7930813,-0.8557533,-0.9377091,-0.9328882,-0.9594033,-0.84611154,-1.0027916,-0.89914167,-0.7930813,-0.8557533,-0.85816383,-0.89673126,-0.978687,-0.92083585,-0.96181375,-0.5158779,-0.48695233,-0.40499654,-0.33750355,-0.3736605,-0.3013466,-0.33750355,-0.47248954,-0.41704884,0.012013742,0.16869392,0.2289555,0.14699973,0.13735788,0.1759253,0.2096718,0.21690321,-0.016911829,0.07950674,-0.05547925,-0.028964149,0.07227535,0.18797763,0.35912058,0.30850086,0.21690321,0.31332174,0.36876243,0.47241238,0.4434868,0.33983687,0.36635196,0.30609038,0.3567101,0.4242031,0.32778457,0.4049194,0.32296363,0.24582876,0.09879045,0.18074624,0.17351483,0.20002994,0.21208227,0.18556716,0.27957526,0.40974033,0.18556716,0.106021844,0.11084277,-0.019322293,-0.120561786,0.086738124,-0.08681528,-0.30616754,-0.31821984,-0.108509466,-0.118151315,-0.028964149,-0.14225596,-0.1928757,-0.28447336,-0.11574086,-0.27724195,-0.23626405,-0.16153967,-0.077173434,0.03370792,0.03370792,-0.11091993,-0.15189782,-0.05547925,-0.024143219,0.2361869,0.08191721,0.069864884,0.13735788,0.17351483,0.1494102,0.113253236,0.2554706,0.113253236,0.10361139,-3.8578422e-05,0.01683467,0.06263349,0.07468581,0.08432767,0.15182066,0.16869392,0.22172412,0.1903881,0.2843962,0.31332174,0.1903881,0.13735788,0.20485088,0.39527756,0.30609038,0.50133795,0.58329374,0.6604286,0.5447263,0.62186116,0.72310066,0.735153,0.71345884,0.7592576,0.78577274,0.7544367,0.73997396,0.83639246,0.88701224,0.71586925,0.6170403,0.64355534,0.6290926,0.5447263,0.56159955,0.46036008,0.5206217,0.2843962,0.27234387,0.28198573,0.24582876,0.2699334,0.26270202,0.26029155,0.34706825,0.2289555,0.25788108,0.12289509,0.15423113,0.0047823503,-0.70148367,-0.76656616,-1.1642928,-1.3089206,-1.1281358,-0.59301275,-0.6797895,-0.6171174,-0.6605057,-0.53275114,-0.4411535,-0.42428026,-0.2965257,-0.40740702,-0.58096045,-0.3881233,-0.27724195,-0.17359199,-0.33750355,-0.24349546,-0.21698035,-0.089225754,0.019245135,0.089148596,0.17110439,0.07227535,0.012013742,0.024066063,-0.05547925,-0.021732755,-0.19046526,0.0023718858,-0.106098995,-0.089225754,-0.12297224,-0.23385361,-0.14948735,-0.19046526,-0.15430829,-0.22421175,-0.33750355,-0.45079538,-0.47248954,-0.51346743,-0.64122206,-0.60265464,-0.6725581,-0.60024416,-0.49418372,-0.5472139,-0.54480344,-0.75692433,-0.5279302,-0.3881233,-0.27242103,-0.2531373,-0.2073385,-0.21939081,-0.23867452,-0.35678726,-0.21698035,-0.25072685,-0.24831638,-0.40499654,-0.43633258,-0.37848145,-0.37848145,-0.47007906,-0.49418372,-0.57372904,-0.5472139,-0.5303407,-0.30375707,-0.29411522,-0.22421175,-0.41463843,-0.49418372,-0.4845419,-0.41463843,-0.40740702,-0.5592662,-0.48936278,-0.5616767,-0.5761395,-0.58337086,-0.5761395,-0.55203485,-0.5689081,-0.4965942,-0.6436325,-0.6195279,-0.6388115,-0.5881918,-0.646043,-0.5689081,-0.43874303,-0.45079538,-0.5182884,-0.47731048,-0.53998256,-0.9449405,-0.9063731,-0.83888006,-0.9859184,-1.0003811,-1.0268962,-0.92083585,-1.0485904,-0.98109746,-0.98350793,-1.0365381,-1.0076126,-0.91842544,-0.84611154,-0.8171859,-0.85816383,-0.83646965,-0.87021613,-0.82682776,-0.97145563,-0.46284768,-0.47248954,-0.5568558,-0.37848145,-0.5496244,-0.6821999,-0.6701476,-0.72799873,-0.7400511,-0.7328197,-0.7786185,-0.7834394,-0.81477547,-0.83646965,-0.7641557,-0.82441735,-0.8051336,-0.8629848,-0.6725581,-0.7424615,-0.5616767,-0.68702084,-0.6388115,-0.6074755,-0.63399065,-0.61470693,-0.61229646,-0.6966627,-0.6725581,-0.7521034,-0.7038941,-0.6243488,-0.6797895,-0.69907314,-0.646043,-0.7159464,-0.708715,-0.7979022,-0.71353596,-0.8051336,-0.843701,-0.79549176,-0.7713871,-0.63399065,-0.7207673,-0.78584987,-0.7834394,-0.72799873,-0.69907314,-0.6605057,-0.7038941,-0.6388115,-0.62675923,-0.7496929,-0.7521034,-0.7521034,-0.7304092,-0.7183569,-0.68702084,-0.68943137,-0.5954232,-0.52069885,-0.42186978,-0.51105696,-0.4098175,0.052991632,-0.06753157,-0.13743503,0.014424206,0.057812564,-0.019322293,0.069864884,0.14699973,0.21449274,0.15664159,0.021655597,-0.22180128,-0.33750355,-0.16395015,0.07468581,-0.12779318,-0.18805479,-0.18323384,-0.16153967,-0.20974895,-0.2459059,-0.23385361,-0.22903267,-0.40258607,-0.3881233,-0.45079538,-0.8894998,-0.7979022,-0.6074755,-0.50141513,-0.3881233,-0.4291012,-0.5664976,-0.5182884,-0.5978337,-0.6243488,-0.5472139,-0.57372904,-0.72317785,-0.6918418,-0.77620804,-0.708715,-0.69907314,-0.6966627,-0.7063046,-0.6219383,-0.646043,-0.57372904,-0.38089192,-0.57372904,-0.5978337,-0.54239297,-0.77620804,-0.7496929,-0.91119397,-0.9738661,-0.8533429,-0.9328882,-1.1016207,-1.04618,-1.0124335,-0.86057425,-1.0582323,-1.1353672,-1.0027916,-1.1136731,-1.0293068,-0.98350793,-0.87021613,-0.7930813,-0.99073935,-1.0076126,-1.04618,-1.0196649,-1.0437696,-1.1594719,-0.9352987,-0.75692433,-0.5689081,-0.40499654,-0.18323384,-0.25072685,-0.21215943,0.03370792,-0.120561786,-0.009680436,-0.060300183,-3.8578422e-05,-0.12779318,-0.04824786,0.13494742,0.012013742,0.13253695,0.7182798,0.58329374,0.2434183,0.3446578,0.4916961,0.36635196,0.21931365,0.038528852,0.024066063,-0.08440482,0.014424206,0.040939316,0.048170704,0.113253236,-0.057889715,-0.20251755,-0.23144314,-0.09886761,-0.3543768,-0.2459059,-0.241085,-0.1808234,-0.1326141,-0.053068787,-0.1928757,-0.31098843,-0.26277915,-0.42669073,-0.48695233,-0.31098843,-0.2868838,-0.609886,-1.1088521,-1.1353672,-1.1112626,-1.455959,-1.14983,-1.0847474,-1.2173231,-1.2366067,-1.2655323,-1.3209729,-1.4294438,-1.352309,-1.424623,-1.3450778,-1.2341963,-1.14983,-1.0919789,-1.2414277,-1.2727637,-1.1305463,-1.1112626,-0.9256568,-1.1377777,-1.2968683,-0.80272317,-0.84852195,-1.0172545,-1.2125021,-1.1980393,-0.6725581,-1.0630533,-1.1618823,-1.1546509,-1.3016894,-1.3788242,-1.3209729,-1.3595405,-1.005202,-0.8220068,-0.7038941,-0.2820629,-0.43392214,-0.41222796,-0.29170474,-0.038606003,0.13253695,0.13494742,0.11084277,0.10361139,0.03611838,-0.10127807,0.014424206,-0.024143219,-0.08199436,0.052991632,0.0047823503,-0.08199436,-0.06512111,-0.0723525,-0.118151315,-0.25795823,-0.33027214,-0.19046526,0.7954146,0.71586925,0.5061589,0.37599385,0.2506497,0.26270202,0.106021844,0.19761948,-0.0072699706,-0.2603687,-0.41463843,-0.38089192,-0.51346743,-0.44597444,-0.37848145,-0.29893613,-0.36401865,-0.39053378,-0.22421175,-0.23867452,-0.009680436,-0.03378508,-0.08199436,0.101200916,0.03611838,0.23136598,-0.069942035,-0.17359199,-0.32786173,0.46277055,0.4314345,0.68453324,0.8074669,0.39768803,0.5519577,0.9545052,0.8195192,0.7303321,0.7423844,0.7182798,0.61462975,0.5857042,0.47723332,0.4386659,0.47241238,0.42902404,0.56159955,0.631503,0.8412134,0.9520948,1.0461028,1.1015435,0.9665575,1.234119,1.7306746,1.7113909,1.472755,1.5474794,1.737906,1.4655235,1.3763363,1.4968596,1.5595317,1.0557446,1.3040224,1.0244087,1.0533342,1.0533342,1.0340505,1.1497529,0.86531806,1.0340505,0.7062274,0.84603435,0.600167,0.57124144,0.78577274,0.59052515,0.54954726,0.6363239,1.0798494,1.1473423,0.9882517,0.9641471,1.1569842,1.270276,0.9978936,0.76166815,0.68453324,0.46277055,-0.038606003,0.5591891,0.53749496,0.8725494,0.87737036,0.70381695,0.4434868,0.77372044,0.50856936,-0.37848145,-0.17118153,-0.29411522,-0.5255197,-1.0076126,-0.75933474,-0.65086395,-0.5761395,-0.5592662,-0.52069885,-1.3065102,-1.0702846,-0.91842544,-1.005202,-0.8533429,-0.89914167,-0.48936278,-1.1763451,-1.1642928,-1.1618823,-0.9666347,-0.98109746,-0.89914167,-0.9160149,-0.6821999,-0.75933474,-0.35919774,-0.11333039,0.18074624,-0.021732755,0.29885897,0.5254426,0.8050564,1.270276,1.1979622,0.9038855,1.2413503,1.036461,1.1208272,1.2317084,1.3811573,1.2895597,1.2992015,1.4124933,1.6270247,1.7499583,1.7620107,1.8801233,2.827436,2.9648323,2.8708243,2.9093916,2.8563614,2.921444,3.4541564,3.205879,3.2613196,3.439694,3.487903,3.5144181,3.273372,3.5795007,3.4300518,3.6445832,3.794032,3.9796379,3.8060844,4.0157948,3.9217865,3.7916214,3.5939636,3.5361123,3.6108367,3.596374,3.538523,3.591553,3.654225,3.7096658,3.7675169,3.875988,3.8422413,3.6108367,3.8735774,2018-04-17
SSP_DIS,2.0395367,2.206551,2.1348486,1.9595271,1.942913,2.0605228,1.9105595,2.0906904,2.148402,1.9875087,2.0583367,1.8003825,1.699824,1.2083994,1.1559342,1.1572459,1.1965947,1.3399998,1.226325,1.2866602,1.4659164,1.4851537,1.7321775,1.8611548,1.6163168,1.6368657,1.8983177,1.6849589,2.152774,2.2459002,2.3420863,2.3171654,2.2485232,2.0644577,1.9061875,2.1007462,2.129602,2.0675182,2.086318,1.9630247,1.8257408,1.7251823,1.6639727,1.7260566,1.4108279,1.2525576,1.1227062,0.91940325,0.70036083,0.38513207,0.29113182,0.24172704,0.41879728,0.26664805,0.41223913,0.58712333,0.5346581,0.4021833,0.5416534,0.6505189,0.7895518,0.60417455,0.48000678,0.46120667,0.48437887,0.19756879,0.30993187,0.2517829,0.02967997,0.034926493,0.7353377,0.3978112,0.5691977,0.3650204,0.4607695,0.7414586,0.62516063,0.4236066,0.35365295,0.6024257,0.47956955,0.706919,0.615542,0.5565186,0.4695137,0.14947563,0.077773124,0.100070864,0.15384774,0.06596844,-0.20116717,-0.2064137,-0.18105549,-0.52033085,-0.34238616,-0.40097237,-0.5876612,-0.6632986,-0.3812979,-0.3410745,-0.11897161,-0.026720185,0.0056333924,-0.010106185,-0.13077629,-0.046394654,-0.1027948,0.30424815,0.55083483,0.18838736,-0.027594605,0.13242443,0.31736445,0.2981272,0.80354255,0.789989,0.73184,0.6203513,0.6107327,0.76900285,0.8380822,0.9351429,0.8595054,0.80135643,0.55476975,0.37463903,0.696426,0.56657445,0.43759736,0.8057286,0.7340261,0.89972883,0.8957939,0.9342685,0.8511985,0.9233382,0.37114134,0.19713159,0.026182285,0.26183873,0.034052074,0.22030374,0.07077776,0.020498548,-0.16662754,-0.12552975,-0.096236646,0.115810424,0.289383,0.34534594,0.73796093,0.873059,0.62559783,0.6815608,0.7204725,0.7244074,0.6325932,0.32261097,0.114061594,0.04848002,-0.004422449,-0.1897997,-0.3113442,-0.09405059,-0.052078392,0.3326668,0.30818304,0.34184825,0.44809037,0.6767515,0.44065782,0.40480655,0.27058294,0.3982484,0.21462,0.28763413,0.51104873,0.4026205,0.29943883,0.39169025,0.18008037,0.16958733,0.5329092,1.2254506,1.0256454,1.0212734,0.9823616,0.8708729,0.87961715,0.9233382,1.1270783,1.0387617,1.2954043,1.4702885,1.2276367,1.2919066,1.089041,0.87568223,0.8354589,0.50536495,0.9237754,0.798296,0.85644495,0.95438015,0.8022309,0.6199141,0.95481735,0.9705569,1.1327621,1.1589947,0.883552,0.8643148,0.6033001,0.6920538,0.56832325,0.8581939,0.69861203,0.7191609,0.5092999,0.7261563,0.590621,0.64221185,0.37376463,0.110563904,0.10837786,0.32217377,0.2565922,0.119308114,0.16171753,0.025307864,-0.030217867,-0.13733444,0.048042808,-0.29691628,-0.4617446,-0.48273072,-0.48404235,-0.54656345,-0.4980331,-0.5299495,-0.54743785,-0.39703748,-0.41015378,-0.48273072,-0.4569353,-0.60995895,-0.87578297,-1.0419229,-0.92824817,-0.92387605,-0.8547969,-0.99470425,-0.9295598,-1.077337,-0.98989487,-1.019188,-0.9125086,-1.0873928,-1.2780167,-1.361961,-0.8180712,-0.98596,-1.1840163,-0.6877824,-0.85042477,-0.7988339,-0.7306291,-0.76035935,-0.6812243,-0.6187032,-0.504154,-0.51508427,-0.26325107,-0.23614402,-0.104980856,-0.10804133,0.075149864,0.23123398,0.20718743,0.23910378,0.21505721,0.2565922,0.3479692,0.37201577,0.21155952,0.25877827,0.30031323,0.5141092,0.45902064,0.25003406,0.21155952,0.17614548,0.12236859,0.15647101,0.19013621,0.03754976,-0.0608226,-0.055576075,-0.21209744,-0.14520422,-0.18324155,-0.1985439,-0.19504623,0.0309916,0.17089896,0.27145734,0.24128984,0.32479703,0.27145734,0.25484335,0.24216427,0.3610855,0.3602111,0.46907648,0.40830424,0.40786704,0.3947507,0.30949467,0.37114134,0.3938763,0.23604332,0.20019205,0.24741077,-0.19460902,-0.055138864,-0.3520048,-0.43420035,-0.2763674,-0.106292486,0.24041542,0.15297332,0.19669436,0.37157857,0.441095,0.5193557,0.6269095,0.6019885,0.6684445,0.5311604,0.5434023,0.5215417,0.530286,0.515858,0.6610119,0.6260351,0.6312816,0.5455884,0.43847176,0.44065782,0.47257417,0.25396892,0.33048078,0.3986856,0.44371828,-0.18192992,-0.104980856,-0.035027184,0.14991285,0.23473169,0.13635932,0.21549442,0.19363388,0.22992237,0.37988558,0.347532,0.44065782,0.3366017,0.38425767,0.24435031,0.16652685,0.14422911,0.09045223,-0.15045075,-0.30128837,-0.34763268,-0.40053517,-0.48535398,-0.59684265,-0.63444275,-0.6956522,-0.7551128,-1.0091321,-0.95754135,-0.8556713,-0.8744713,-0.8967691,-1.0148159,-1.0983231,-1.0274949,-0.8167595,-0.637066,-0.5854752,-0.4766098,-0.29516742,-0.14214376,-0.22084165,-0.13646002,-0.021036448,0.008256654,0.14116864,0.05547539,0.09220107,0.077773124,0.1394198,0.12455464,0.16827568,0.10706623,-0.015352711,0.15996869,0.24828522,0.4262299,0.28326204,0.21462,0.30075046,0.21549442,0.15515937,0.1984432,0.060284704,0.26358756,0.19625716,0.25440615,0.3733274,0.4061182,0.3698297,0.38338324,0.46557885,0.32916915,0.3943135,0.36152273,0.13286163,0.09351271,-0.06169702,0.0043217605,0.09307549,0.036238123,-0.30434883,-0.38523278,-0.31046978,-0.26980922,-0.2772418,-0.26325107,0.05547539,0.08433128,-0.09186454,-0.22390212,-0.11153902,-0.018413184,0.06728008,0.35102966,0.44983926,0.37551346,0.3011877,0.49312308,0.5333465,0.5648256,0.5893094,0.6693189,0.5202302,0.5888722,0.5984908,0.6142304,0.6701933,0.69074225,1.2062134,1.4265674,1.5682236,1.3023998,1.3111439,1.3859069,1.4326884,1.2687345,1.3111439,1.2473111,1.284474,1.118334,1.1485016,1.2735438,1.2385669,1.1445667,0.9163428,1.0273943,1.0553758,1.1436923,1.0628083,1.0619339,1.0789851,1.215832,1.2735438,1.1480644,1.294967,1.1983435,1.315516,1.3666695,1.3723533,1.3618603,1.1025945,0.8944823,0.63084435,0.6824352,0.8459519,0.8407054,0.6443979,0.71784925,0.7414586,0.85076123,0.80704015,0.5687605,0.5018673,0.27582946,0.5482116,0.31736445,0.42448103,-0.3677444,-0.53257275,-0.37167928,-0.41714916,-0.6676707,-0.63925207,-0.83905727,-0.73412675,-0.6405637,-0.6051496,-0.6252613,-0.44163293,-0.53300995,-0.6239497,-0.7249453,-0.7743501,-0.8005827,-0.7743501,-0.6987127,-0.7297546,-0.6851592,-0.55137277,-0.36249784,-0.46480507,-0.40009794,-0.2781162,-0.32839543,-0.12509255,0.00038686636,-0.08574359,-0.31615353,-0.37517694,-0.4569353,-0.3314559,-0.21996723,-0.20772533,-0.16837639,-0.23789287,-0.37036762,-0.42939103,-0.33888847,-0.285986,-0.15176238,-0.025408551,-0.028469024,-0.1521996,-0.059948176,-0.035027184,-0.03196671,-0.19723228,-0.072627276,0.105317384,0.0056333924,0.114498794,0.21636884,0.2605271,0.05547539,0.11624764,-0.046831865,-0.14126934,0.0043217605,-0.69608945,-0.48316795,-0.17886944,-0.32489774,0.051103283,0.16346638,0.18314084,0.24566193,0.16958733,0.16128032,0.1516617,0.18488969,0.14291748,0.18751295,0.2102479,0.22117814,0.11887091,0.060721915,0.0025729188,0.14772679,0.08695455,0.24085262,0.09482433,0.013503181,0.2863225,0.17614548,0.239541,0.21680605,0.24566193,0.23735493,0.3326668,0.49749517,0.4642672,0.39999726,0.2570294,0.36895528,0.3637088,0.50580215,0.6588258,0.87437063,0.86212873,0.63609093,0.5036161,0.65401655,0.73796093,0.6942399,0.45115083,0.4279787,0.59193265,0.4572718,0.4642672,0.42448103,0.38862976,0.42098334,0.17920595,0.18357804,0.12717791,0.10313133,0.14291748,0.14073142,0.096573174,0.119308114,0.19888043,-0.04158534,-0.12640418,-0.59684265,-1.4135518,-1.488752,-1.4279798,-1.4384729,-1.6750038,-1.7755619,-1.6443989,-1.7751248,-1.5919337,-1.422296,-1.2880725,-1.256156,-1.2347327,-1.1761466,-1.2268629,-1.3011888,-1.2920073,-1.4507147,-1.4375985,-1.7676923,-1.5687616,-1.4319147,-1.3160539,-1.4100541,-1.7161015,-1.7685667,-1.7860551,-1.9622508,-1.8665018,-1.7331527,-1.8380831,-1.6675711,-1.7305294,-1.5823151,-1.5840639,-1.596743,-1.5971802,-1.5700732,-2.0514417,-2.1646795,-2.1419444,-2.115712,-1.9937301,-1.9600648,-1.785618,-1.7204735,-1.9001671,-1.7690039,-1.8756832,-1.7104177,-1.6623247,-1.7099806,-1.7445202,-1.7230968,-1.5753196,-1.553022,-1.4778218,-1.4520264,-1.5298499,-1.5735708,-1.6597013,-1.536408,-1.6802502,-1.629971,-1.3820727,-1.5626405,-1.5315987,-1.4826311,-1.5565196,-1.5936825,-1.8258413,-1.6833106,-1.615543,-1.6658223,-1.7453946,-1.850325,-1.5145475,-1.8922973,-2.047507,-1.9237764,-1.9666231,-2.2070887,-2.2376935,-2.2298236,-2.2652378,-2.2355075,-2.1340747,-2.1419444,-2.1979072,-2.1738608,-2.178233,-2.2040281,-2.2866611,-2.3163912,-2.2140841,-2.3915915,-2.1917863,-2.1222699,-2.3618612,-2.3793497,-2.4082055,-2.4873407,-2.6434247,-2.5188198,-2.4405591,-2.6609132,-2.664848,-2.6674714,-2.654355,-2.5293128,-2.733053,2018-04-17
TTGT_DISH,1.2995836,1.1886966,1.0906044,1.0487311,1.1437216,1.0483433,0.83432394,0.4605654,0.41559032,0.49235815,0.4435059,0.46599343,0.4466076,0.4745232,0.55749446,0.5625348,0.5578822,0.5648611,0.6009187,0.569126,0.5702891,0.57145226,0.58114517,0.63038516,0.6885426,0.6738094,0.6082853,0.7435983,0.8820131,0.77616656,0.7501894,0.7912874,0.790512,0.6482201,0.6722585,0.80757153,0.74437374,0.80563295,0.6990109,0.663341,0.6532604,0.52260005,0.5303543,0.4725846,0.27950191,0.31904897,0.41907975,0.3915519,0.40977457,0.3706152,0.29733685,0.3461891,0.57571715,0.5730032,0.5249263,0.5671874,0.4838284,0.46483028,0.35510656,0.34269965,0.31323323,0.32990503,0.20157091,0.07595084,0.14573976,0.044545826,0.025160009,0.025935443,0.040668663,-0.0074081584,1.1216217,0.62379396,0.6935829,0.70986694,0.6296097,0.64938325,0.6629533,0.6602393,0.61293787,0.49274588,0.4376901,0.18102196,0.03601607,-0.26097462,-0.33968103,-0.2869516,-0.2035926,-0.083400555,-0.07758481,-0.19971544,-0.17877877,-0.108602114,-0.21832584,-0.14310886,-0.22840644,-0.2582606,-0.23732392,-0.29315507,-0.25593433,-0.19002254,0.05268787,0.10541729,0.16822731,0.13837317,0.04415811,-0.009734456,-0.22336613,-0.48623776,-0.4986447,-0.40946996,-0.31564263,-0.35635284,-0.28036043,-0.2698921,-0.17567703,0.11239617,0.13023113,0.12053821,0.033302054,-0.1179073,0.10231555,0.13527144,0.034077484,0.15737125,0.008875926,0.00732506,0.17636937,0.105804995,-0.00934674,0.23840398,0.1178242,0.18606226,0.2814405,0.3252524,0.17016591,0.13527144,0.29888773,0.17792022,-0.3532511,-0.3462722,-0.3323144,-0.34317046,-0.34976166,-0.3706983,-0.23344676,-0.27105525,-0.15396492,-0.18381907,-0.16753499,-0.1749016,-0.051995534,-0.093481176,-0.016325634,-0.028344838,-0.17800333,-0.06866734,-0.0845637,-0.20436804,-0.30982688,-0.38969642,-0.59402287,-0.6641996,-0.5602916,-0.39783847,-0.5145411,-0.7099501,-0.6843608,-0.64985406,-0.59828776,-0.56223017,-0.56416875,-0.5548636,-0.6246525,-0.67001534,-0.4769326,-0.36100543,-0.4742186,-0.55874074,-0.7118887,-0.7502726,-0.9208677,-1.1818008,-1.1368257,-1.1484572,-1.2426722,-1.2756281,-1.2981157,-1.1918813,-1.3779851,-1.2795053,-1.4458356,-1.5288069,-1.2422845,-1.2077777,-1.3302962,-1.2356933,-1.2287143,-1.6009222,-1.8820165,-2.0371032,-2.2007194,-2.4104738,-2.229798,-2.0937097,-1.8878322,-2.075487,-1.958009,-1.8060241,-1.8572026,-1.8005961,-1.818431,-1.795168,-1.6761391,-1.4345918,-1.3783729,-1.3818623,-1.3663538,-1.3516206,-1.5024421,-1.4683231,-1.5450909,-1.3900044,-1.4667722,-1.5373366,-1.4051254,-1.4062885,-1.3721695,-1.5086457,-1.5737821,-1.638143,-1.6051869,-1.6517131,-1.5144613,-1.5450909,-1.5699048,-1.6338781,-1.6532638,-1.7812102,-1.717237,-1.8277363,-1.8378167,-1.8637938,-1.8161048,-1.6583042,-1.6505499,-1.6110029,-1.4776284,-1.4396322,-1.4489373,-1.4272252,-1.3380504,-1.308584,-1.3093594,-1.3516206,-1.2283267,-1.253916,-1.2725264,-1.4082271,-1.4787914,-1.5388875,-1.322154,-1.2554668,-1.1197661,-1.2372442,-1.4458356,-1.3888413,-1.4435093,-1.4601811,-1.4702617,-1.5129105,-1.3504573,-1.4059007,-1.3411522,-1.2779545,-1.2713633,-1.181413,-1.1123996,-1.0930138,-0.79330903,-0.740192,-0.630856,-0.5440075,-0.58704406,-0.6060421,-0.77896357,-0.91505194,-0.8607717,-0.8797698,-0.76810753,-0.81153166,-0.8088177,-0.8526296,-0.92203087,-0.82355094,-1.0236125,-1.1926568,-1.0976664,-0.9538236,-0.9332746,-0.94219214,-1.0685877,-1.0561807,-1.0759542,-0.9317238,-0.8720155,-0.7855547,-0.73515165,-0.6928905,-0.7215816,-0.6859117,-0.7037466,-0.6490786,-0.51609194,-0.5106639,-0.6126333,-0.518806,-0.55951613,-0.49205354,-0.47576943,-0.46801513,-0.74057966,-0.5955738,-0.61340874,-0.5893703,-0.6673013,-0.6521804,-1.1426414,-1.1302345,-1.1565992,-1.0740156,-1.0523036,-1.1197661,-1.0519159,-1.0934014,-1.1864533,-1.1189907,-1.1387643,-1.1721078,-1.2116549,-1.1224802,-1.1127872,-1.0806068,-1.0658736,-0.9902689,-1.024388,-0.9844532,-0.9390903,-1.098054,-1.0073285,-1.1182153,-1.0806068,-0.97398484,-0.9065222,-0.87783116,-0.9103994,-0.873954,-0.805716,-0.7677198,-0.8572822,-0.83401924,-0.77159697,-0.81153166,-0.80416507,-0.7200307,-0.7359271,-0.6583838,-0.6618733,-0.6897889,-0.65256804,-0.69327825,-0.6766065,-0.65489435,-0.53547776,-0.64132434,-0.62620336,-0.5688214,-0.4823606,-0.5905335,-0.45018017,-0.46530113,-0.509113,-0.5703722,-0.63046825,-0.56649506,-0.68474853,-0.7925336,-0.811144,-0.7367025,-0.6060421,-0.5645565,-0.5079499,-0.6331823,-0.53237605,-0.7215816,-0.6556698,-0.6576084,-0.6382226,-0.56843364,-0.52578485,-0.57075995,-0.57812655,-0.563781,-0.54633385,-0.47228003,-0.5060113,-0.66226095,-0.7184799,-0.6199999,-0.37573862,-0.39900163,-0.31680575,-0.37690178,-0.4707291,-0.42110142,-0.40442964,-0.45638365,-0.41722426,-0.41799968,-0.3389056,-0.25244486,-0.28346217,-0.3528634,-0.32417238,-0.391635,-0.43273297,-0.43040663,-0.33502844,-0.2962568,-0.25050628,-0.25670972,-0.20902063,-0.2105715,-0.2012663,-0.1582298,-0.050444666,-0.07642166,-0.12566163,-0.12876336,-0.23034503,-0.115193285,-0.036874596,-0.045016635,-0.32029518,-0.20087859,-0.23616078,-0.2466291,-0.12682478,-0.11751959,-0.06827962,-0.14427201,-0.17451388,-0.15163863,-0.11558101,-0.122172184,0.05423873,-0.06595332,0.09184721,0.13992403,0.19265345,0.14573976,0.10890672,0.06742108,0.082154304,0.097275235,0.05734046,0.056565028,-0.057035845,-0.07797253,-0.27648327,0.08176658,0.019344265,0.01352852,-0.06750418,-0.07952339,-0.06595332,0.037566934,0.018956548,0.115885615,-0.010122173,-0.086502284,-0.080298826,-0.027569406,-0.07138135,-0.021753663,0.051137,0.09805067,0.07595084,0.101152405,0.07207368,0.100764684,0.059666757,0.09611209,0.036403783,0.10851901,0.11666105,0.12402766,0.025935443,-0.07952339,-0.10201094,-0.10123551,-0.039200895,-0.049281523,0.05734046,0.17132905,0.24111797,0.3675135,0.2442197,0.15271866,0.15930985,-0.05277097,-0.083788276,0.005774195,-0.021365946,-0.03532373,-0.017101066,0.073624544,-0.008183591,-0.02291681,0.05423873,0.065482505,0.04415811,0.10386642,0.17443077,0.17792022,0.19226573,0.2581775,0.16279928,0.12519081,0.14535207,0.29888773,0.33610848,0.31207007,0.29927543,0.3609223,0.38263443,0.5005002,0.49468446,0.5702891,0.51911056,0.5474138,0.56602424,0.6106116,0.4582391,0.4388533,0.4683197,0.5675751,0.6466692,0.6338746,0.7277019,0.61487645,0.57649255,0.5295789,0.31362092,0.3865116,0.49003187,0.5342315,0.54043496,0.60014325,0.5206615,0.59510297,0.58308375,0.5547805,0.5706768,0.52415085,0.4977862,0.43924102,0.48072666,0.47064602,0.3888379,0.3535557,0.35122943,0.42838496,0.3609223,0.16202386,0.13643458,0.101152405,0.08486832,0.06742108,0.16318701,0.14069946,0.3155595,0.16047299,0.13294514,-0.036874596,-0.05470955,-0.066341035,-0.017488783,-0.02795712,-0.029895702,-0.07060592,-0.05005695,0.009651358,-0.005469578,0.07750171,0.2035095,0.22405846,0.1581467,0.18838857,0.20079549,0.22560933,0.13410828,0.09494894,0.02632316,0.06935967,0.21475329,0.3322313,0.45940223,0.5257017,0.5652488,0.68389,0.53268063,0.66527957,0.65481126,0.6668305,0.66566736,0.73817027,0.7009495,0.72072303,0.6199168,0.5194983,0.5481893,0.57998204,0.41675347,0.38108355,0.38573617,0.35161713,0.45048475,0.34541366,0.444669,0.46405485,0.48460382,0.34502596,0.34929085,0.36324862,0.46327943,0.52260005,0.517172,0.5295789,0.4865424,0.6769111,0.65442353,0.6234063,0.83897656,0.94365996,1.0669538,1.0223664,0.84246606,0.90527606,1.0549345,1.0308961,1.0363241,1.0212033,1.0223664,1.0785853,1.1673722,1.2786468,1.2441401,1.2201017,1.2049807,1.3433955,1.0929307,1.0944816,1.0103471,0.949088,0.9533529,1.0657907,0.97894216,1.1371304,1.1879212,1.1115412,1.1099902,1.1355795,1.0262436,1.130927,1.001042,1.0623012,1.040589,1.0964202,1.0495065,1.1282129,1.0603625,1.1301515,1.1836563,1.0615257,1.1320901,1.4135721,1.3654953,1.3158677,1.3255605,1.4050424,1.423265,1.3499867,1.3573532,1.5322132,1.6194494,1.7152152,1.7090118,1.6714033,1.7338257,1.6531806,1.4542823,1.3414569,1.647365,1.5977372,1.7303362,1.7667816,2.023062,2.1409278,2.2068396,2.1409278,2.053304,2.046325,2.1153383,2.191331,2.3169508,2.1401522,1.9753728,1.8970543,2.0754037,2.1467435,2.2917492,2.4045749,2.4487746,2.5197265,2.4274502,2.545316,2.426287,2.5402756,2.6825676,2.5375617,2.6410818,2.6604676,2.6441836,2.401861,2.5720682,2.5701299,2.5042179,2.7523563,2.431715,2.5569472,2.6515503,3.0105753,2.7085445,2.5596614,2.8810782,2.8140032,2.843082,2.667059,2.7442143,2.874487,2018-04-17
NFLX_GTN,-1.2074859,-1.2185842,-1.1578984,-1.135104,-1.1718742,-1.1991155,-1.2549059,-1.2176499,-1.2051318,-1.1754988,-1.1437733,-1.1758912,-1.1639894,-1.1489302,-1.0539967,-1.1059569,-1.072961,-1.1528912,-1.2362219,-1.2927971,-1.3653283,-1.383975,-1.3629555,-1.3620213,-1.4260701,-1.4266866,-1.3882724,-1.2939929,-1.3115184,-1.2785972,-1.2008531,-1.1262478,-1.1300967,-1.1640455,-1.1534517,-1.1787872,-1.2433966,-1.2438076,-1.218715,-1.1972845,-1.1575061,-1.1154298,-1.1797588,-1.2669758,-1.2095598,-1.2328775,-1.2214803,-1.2476939,-1.2408556,-1.2176687,-1.153489,-1.1319277,-1.1819636,-1.2277206,-1.3146573,-1.3657022,-1.0889546,-1.1313485,-1.2469279,-1.1735743,-1.21694,-1.1405224,-1.1072649,-1.1080495,-1.1038643,-1.0622364,-1.0412916,-1.0327717,-1.0899634,-0.9279357,-0.69180727,-0.44159105,-0.51472026,-0.5009128,-0.5889892,-0.60003144,-0.5245667,-0.48805818,-0.48187378,-0.45582825,-0.43635952,-0.3763465,-0.45610854,-0.4077543,-0.36238953,-0.20152023,-0.105222866,-0.13640648,-0.22018555,-0.285673,-0.3228355,-0.44293633,-0.47311097,-0.5754619,-0.46733764,-0.44489813,-0.48017356,-0.6044969,-0.7739048,-0.73250103,-0.7606765,-0.776614,-0.7740356,-0.81893325,-0.77741736,-0.6389689,-0.6153149,-0.6180802,-0.7140225,-0.6161557,-0.56380314,-0.5919973,-0.57861954,-0.6224709,-0.76914036,-0.61090547,-0.642332,-0.629384,-0.7340892,-0.7431135,-0.9644069,-1.0143679,-0.9685174,-0.97150683,-1.0213557,-1.0072867,-1.0054556,-0.926441,-0.87535894,-1.0096035,-1.0253729,-0.9920219,-1.0364524,-1.0936629,-0.9733379,-0.99891627,-1.0542957,-1.0699903,-1.0582566,-1.0567993,-1.0936816,-1.1783575,-1.0559398,-0.91328746,-0.88255227,-0.87948805,-0.8302184,-0.9074954,-0.88146865,-0.8839536,-0.86463434,-0.8428114,-0.833787,-0.69685197,-0.7257374,-0.71000546,-0.76508594,-0.6689754,-0.6887805,-0.7664685,-0.68504363,-0.62306875,-0.69389987,-0.7163954,-0.6805408,-0.7292313,-0.75826627,-0.7456546,-0.734276,-0.8202037,-0.8166538,-0.83115256,-0.8134028,-0.9426774,-0.86756766,-0.8431851,-0.6896586,-0.58415,-0.5867284,-0.59485596,-0.54334414,-0.65247744,-0.76867324,-0.7531469,-0.5862987,-0.5768446,-0.6699096,-0.7355652,-0.7103418,-0.8155888,-0.92356366,-0.778445,-0.8877091,-0.8655685,-0.79933375,-0.8684458,-0.7805376,-0.7781647,-0.69020045,-0.53971946,-0.55913216,-0.52948064,-0.5573198,-0.61987376,-0.53461874,-0.5347869,-0.57977796,-0.5752564,-0.6338681,-0.54141974,-0.5450444,-0.6228445,-0.616492,-0.63228,-0.59465045,-0.6116342,-0.6077479,-0.7108089,-0.6342231,-0.6394173,-0.6177065,-0.717722,-0.65535474,-0.6068324,-0.6004238,-0.598107,-0.6454335,-0.56540996,-0.55911344,-0.502557,-0.5178779,-0.46616054,-0.46672103,-0.51520604,-0.479258,-0.43432298,-0.4273912,-0.41789976,-0.45821983,-0.44235712,-0.4374806,-0.45246512,-0.3782523,-0.42174864,-0.35530832,-0.34107107,-0.42520517,-0.7032045,-0.6838291,-0.7341265,-0.7490737,-0.763722,-0.856787,-0.8414101,-0.85714203,-0.8771339,-0.8685766,-0.9116806,-0.88589674,-0.9721234,-0.9814094,-0.7910567,-0.73336047,-0.7686172,-0.6948715,-0.6539721,-0.64612484,-0.60782266,-0.5453247,-0.5982938,-0.59539783,-0.53831816,-0.5649242,-0.46819708,-0.4408624,-0.43630347,-0.48667556,-0.5187373,-0.532769,-0.5423539,-0.5147389,-0.5076577,-0.5455862,-0.54007447,-0.5672784,-0.5347869,-0.58332795,-0.6092239,-0.57090306,-0.5633734,-0.6076731,-0.61884624,-0.6111297,-0.62775844,-0.6098405,-0.6311963,-0.56810045,-0.5639526,-0.54844487,-0.44841072,-0.37778515,-0.4595277,-0.5037714,-0.48398507,-0.56998754,-0.5824311,-0.52944326,-0.5288267,-0.5157853,-0.49110368,-0.7196464,-0.67486084,-0.6816432,-0.68963987,-0.6397162,-0.5053596,-0.4537917,-0.42279494,-0.408838,-0.3321775,-0.27382734,-0.38957477,-0.5485757,-0.50139856,-0.5357398,-0.51227266,-0.53022796,-0.54719305,-0.5356464,-0.6299818,-0.61667883,-0.5795537,-0.5620469,-0.56286895,-0.56507367,-0.54625887,-0.5237073,-0.46842128,-0.4712239,-0.4795009,-0.47976246,-0.49355128,-0.49639127,-0.50250095,-0.42279494,-0.44188997,-0.4277649,-0.43015647,-0.41007113,-0.4653758,-0.42982012,-0.43742454,-0.42193547,-0.45459512,-0.29335213,-0.36091352,-0.3140727,-0.3380443,-0.38832295,-0.339894,-0.35826036,-0.32440498,-0.34286475,-0.31715557,-0.324106,-0.2703895,-0.26543823,-0.22111976,-0.21682243,-0.22362341,-0.23326436,-0.1966624,-0.15970543,-0.21235695,0.13481058,0.17092676,0.23531185,0.3205109,0.30967417,0.3096555,0.34887326,0.41454753,0.37202272,0.3693509,0.3859423,0.4353615,0.4316247,0.43722987,0.46955323,0.5936711,0.44021937,0.26931673,0.14407784,0.09495758,0.10654167,0.105813,0.08752135,0.09088447,0.14226548,0.12843932,0.121899925,0.08759609,0.10005832,0.06650184,0.041652113,0.030460393,0.11283818,0.066707365,0.108073756,0.07746936,-0.014754904,0.030572498,0.13527767,0.11627604,0.09462128,0.11610789,0.10919479,0.14747833,0.10304776,0.15179433,0.119302854,0.08120616,0.13277401,0.12509489,0.09931096,0.055422228,0.109064005,0.108185865,0.18211848,0.16063188,0.17371069,0.21513313,0.16530289,0.18656528,0.27865875,0.34620142,0.29952878,0.37432086,0.33194554,0.30933788,0.34485617,0.2358537,0.2330324,0.3059,0.2385255,0.22133622,0.16905837,0.17782117,0.17447673,0.19557098,0.2675044,0.25836793,0.18744342,0.18484634,0.18366925,0.12541251,0.13720213,0.15530694,0.14392836,0.1510283,0.07659121,0.04109159,0.042231318,-0.037455976,-0.016978301,-0.13433255,-0.12525213,-0.1999134,-0.21648611,-0.22601497,-0.21613112,-0.17394264,-0.11516276,-0.10428866,-0.08749174,-0.041342247,-0.003843444,0.031039597,0.023061525,0.042025793,-0.007262617,-0.051487662,-0.07872895,-0.04061357,-0.0122325625,0.03501929,-0.03325207,-0.04556483,-0.017800398,-0.05963389,-0.08711807,-0.121608734,-0.11960955,-0.11955351,-0.1102115,-0.11992718,-0.13692963,-0.063688315,-0.15933174,-0.26485902,-0.2674187,-0.16082646,-0.11228543,0.012747954,-0.0856794,-0.06804169,0.013495315,0.10295434,0.22761405,0.25747108,0.37116325,0.32992765,0.33194554,0.36742646,0.443078,0.3661746,0.46828273,0.4611828,0.5171414,0.42407638,0.44018197,0.41279122,0.41540697,0.45313,0.44173276,0.569849,0.5215321,0.58068573,0.60848755,0.54729736,0.5943437,0.6074039,0.6921358,0.5885891,0.540048,0.3704159,0.1875929,0.16558315,0.17116967,0.118555486,0.10717693,0.10327197,0.1913297,0.2546685,0.2826758,0.31819412,0.26253444,0.15696982,0.17081466,0.11644419,0.10373907,0.014111887,0.062447414,0.0753207,0.11812575,0.11259529,0.14361073,0.24149626,0.2161047,0.2475125,0.2506888,0.6904917,0.65708464,0.59251267,0.7154348,0.6807012,0.64017564,0.66427803,0.5140959,0.5471479,0.52564263,0.5325557,0.57734126,0.6761984,0.7109506,0.7077744,0.57728523,0.47702685,0.3896978,0.3645678,0.36475462,0.3180446,0.3977506,0.3556742,0.40236554,0.40647602,0.401095,0.4111657,0.36318517,0.3300958,0.35961652,0.41415516,0.42603818,0.48612595,0.44227457,0.45348498,0.57095134,0.6122056,0.60839415,0.7001326,0.7638451,0.69889945,0.7703471,0.69775975,0.6498352,0.6390359,0.63585967,0.7199189,0.6778799,0.54255164,0.57338023,0.5390951,0.4480106,0.398909,0.32548085,0.3968351,0.35885048,0.55222994,0.6430156,0.621529,0.6034055,0.6239392,0.7159393,0.7990831,0.84336424,0.835629,0.73292303,0.73292303,0.66887426,0.660261,0.7342496,0.69985235,0.6884925,0.78469646,0.77049655,0.700581,0.7099978,0.78058594,0.80113834,0.9013594,0.76091164,0.78649014,0.6869791,0.6441927,0.74577767,0.7575485,0.7210773,0.71706027,0.62031454,0.6080578,0.61723167,0.6265737,0.61592376,0.5798636,0.69531214,0.579546,0.7112683,0.6832983,0.6007337,0.5809473,0.6089733,0.55505127,0.69247216,0.656767,0.6323096,0.6644462,0.6211927,0.4801097,0.40303814,0.33951253,0.29048574,0.30971155,0.326714,0.30128506,0.29431593,0.43818277,0.439472,0.6173438,0.69934785,0.7775405,0.87432355,0.9510775,0.87692064,0.8465779,0.8367874,0.9710507,0.9460328,0.8569475,0.8792188,0.88164777,0.98405474,1.4313312,1.6217397,1.7480624,1.8258253,2.0951552,2.0237076,1.9628725,1.8651551,1.978156,1.76116,1.9615085,1.9918888,1.7737716,1.7773029,1.9143127,1.8743663,2.049398,2.2854145,2.3200734,2.320634,2.3518548,2.3588986,2.489145,2.5602376,2.5842278,2.7425187,2.7760751,2.9078908,3.1976237,3.3885744,3.3586423,3.2885773,3.5124304,3.3076725,3.2446887,3.3506083,3.3726368,3.308009,3.2825053,3.4035401,3.4441967,3.3226945,3.153847,3.4797523,3.0282347,2.787734,2.9820478,2.7833247,2.861779,2.9372807,3.054224,2.9662223,2.986401,3.1614513,3.3334377,3.4376945,3.4825363,3.3505337,3.8850458,2018-04-17
LYV_IAC,-0.9058998,-0.9507556,-0.92568916,-0.9802198,-0.27879843,0.011005132,-0.525945,-0.6917355,-0.6943741,-0.566843,-0.63544595,-0.61565655,-0.5659634,-0.5800358,-0.5285836,-0.41160673,-0.507475,-0.57607794,-0.56420434,-0.61785537,-0.04660377,0.028155876,-0.09541742,0.0114448955,-0.15346609,-0.14555036,-0.0685919,-0.089260735,0.042228278,0.04398733,0.0066075064,-0.091019794,0.07872858,0.0725719,-0.017579436,-0.093658365,-0.03385065,-0.025934925,-0.062435225,-0.08354382,-0.102013856,-0.06727261,-0.42919725,-0.53913784,-0.76429635,-0.93932176,-0.93272537,-1.029913,-1.1244619,-1.1851491,-1.348301,-1.3755664,-1.2876137,-1.2638667,-1.372488,-1.3848013,-1.3267527,-1.6899966,-1.7036293,-1.8434737,-1.8351182,-1.7863045,-1.8434737,-1.8430339,-1.661412,-1.3012465,-1.2942103,-1.2546315,-1.138974,-1.2128541,-1.4978203,-1.3870002,-1.4230607,-1.2748606,-1.2691437,-1.1965829,-0.94723755,-1.0422262,-0.93228555,-0.97054493,-1.129739,-1.0404671,-1.4287776,-1.2638667,-1.2766198,-1.3883195,-1.3249936,-1.3236743,-1.2392399,-1.4507657,-1.3949158,-1.2330831,-1.1108292,-0.86412245,-1.0070453,-1.0035272,-0.94679785,-0.9098577,-0.97406304,-0.89842385,-0.85400796,-0.78320616,-0.69129574,-0.7972785,-0.85532725,-1.0123224,-1.0505817,-0.97977996,-1.1640406,-1.0365094,-1.0101236,-1.0237563,-0.86412245,-0.91117704,-0.94064105,-0.91953254,-0.7990376,-0.96746665,-1.1394138,-0.91821325,-0.78320616,-0.8394958,-0.70668745,-0.6187349,-0.5738791,-0.40852842,-0.18600853,0.044866852,0.18163301,0.35841757,0.10027694,0.21549474,0.09983718,-0.03868804,-0.07254977,-0.05363997,-0.080025725,-0.031212078,-0.06683285,0.007926794,-0.09277884,-0.20579784,-0.20403878,-0.10289338,0.013203945,-0.0048263213,-0.19524354,-0.30826253,-0.27879843,-0.1908459,-0.14071296,-0.22338834,-0.10289338,-0.29726845,-0.2119545,-0.18380971,-0.14950822,-0.24053907,-0.25593078,-0.22074975,-0.20931594,-0.21987024,-0.2616477,-0.15082751,-0.27747914,-0.2695634,-0.25373197,-0.22734621,-0.24097884,-0.32233492,-0.21019545,-0.1380744,-0.27703938,-0.3038649,-0.43227556,-0.5052762,-0.5294631,-0.52550524,-0.648199,-0.7453866,-0.6521569,-0.8526886,-0.73351294,-0.64424115,-0.46833614,-0.67942214,-0.7555011,-0.70888627,-0.6257711,-0.43007675,-0.5655236,-0.57695746,-0.30430466,-0.40984768,-0.65391594,-0.1662192,-0.20711713,-0.5263848,-0.6112589,-0.60114443,-0.5343005,-0.51451117,-0.68645835,-0.52902335,-0.53386074,-0.89666486,-0.6895367,-0.54573435,-0.53869814,-0.34432307,-0.4041308,0.08796359,0.14953035,0.18998851,0.005288219,0.0796081,-0.0285735,0.08840335,-0.023736114,0.10027694,0.08092739,0.14469296,0.06949356,0.061577834,0.036951125,0.11390958,0.17327753,0.2876158,0.24144074,0.18603064,0.26474816,0.2827784,0.34742352,0.108192675,0.019360622,0.039589703,-0.098935515,-0.24889457,-0.24889457,-0.3861005,-0.40149218,-0.39973313,-0.2849551,-0.09277884,-0.07958596,-0.07958596,0.012324421,-0.11696579,-0.26516578,-0.37378716,-0.17633374,-0.1899664,-0.031212078,-0.09629694,-0.14730941,-0.2708827,-0.2357017,-0.2673646,-0.42348033,-0.17413493,-0.17017706,-0.35971475,-0.39137766,-0.36191356,-0.40237173,-0.53869814,-0.4696554,-0.5483729,-0.62665063,-0.61433727,-0.41952246,-0.4498661,-0.30562395,-0.32409397,-0.2673646,-0.10113433,-0.06375451,0.11215052,0.14337367,0.08796359,0.16448228,0.29904965,0.31971848,0.05146329,-0.13015868,-0.18029161,-0.34080493,-0.14071296,-0.13895392,-0.33376876,-0.15830348,-0.38214266,-0.29023227,-0.2097557,-0.4190827,-0.53474027,-0.51934856,-0.40545005,-0.39621505,-0.43887204,-0.41160673,-0.52770406,-0.41248628,-0.39577526,-0.34124473,-0.42084175,-0.37774503,-0.29419014,-0.2229486,-0.08794145,-0.12708034,-0.020218011,0.0022098804,0.1794342,0.29025438,0.39271906,0.3478633,0.47671372,1.1596651,0.80785495,0.6746069,0.7185831,0.56114817,0.5255274,0.45956296,0.40503243,0.4454906,0.70055294,0.59281105,0.81137305,0.7251796,0.8131321,1.0743512,0.94418144,0.89228946,1.0083867,0.9406633,0.79905975,0.70670956,0.7832283,0.8144514,0.77707154,0.7757523,0.9028437,0.7405713,0.8250057,0.59500986,0.51365376,0.6416247,0.44109297,0.61172086,0.6310704,0.48506925,0.58225673,0.5461962,0.6147992,0.67416716,0.71506506,0.74804723,0.71418554,0.62491375,0.6952757,0.72825795,0.79686093,0.9314283,0.9758444,0.92835,0.87030125,0.8562289,0.7440894,0.74804723,0.6886793,0.6983541,0.47759324,0.3900805,0.47539443,0.34346566,0.4028336,0.18954875,0.38832146,0.42438197,0.23528406,0.4265808,0.6112811,0.27882054,0.4498882,0.17459682,0.24232025,0.5686241,0.59500986,0.64074516,1.0013505,0.7876259,0.8601867,0.56290716,0.52684665,0.7924633,0.51189476,0.40723124,0.2607903,0.22253093,0.26342884,0.31883895,0.40723124,0.32147753,0.46132204,0.23528406,0.26562765,0.30652562,0.46571967,0.5294852,0.32455584,0.0017701179,0.06465617,0.22516952,0.120066255,0.04398733,-0.03780852,0.23836239,0.2735434,0.1877897,0.2770615,0.2783808,0.13765675,0.10687338,0.10775291,0.18866922,0.21505497,0.03651136,0.08796359,-0.09761623,0.046625905,-0.11652602,-0.045724243,-0.029892791,0.07433095,-0.066393085,-0.21107498,-0.017579436,-0.010982998,0.10555409,0.19834399,0.15612678,0.2629891,0.39535764,0.5853351,0.5752205,0.17415705,0.02243896,-0.051441155,-0.15390585,-0.1978821,-0.12224294,-0.01977825,-0.02329635,0.03211374,0.08444549,0.16536179,0.3878817,0.7075891,0.8408371,0.5215695,0.10731314,0.14689177,-0.03033255,0.12182531,-0.05627855,-0.025495162,0.07301166,-0.047043532,-0.06551356,-0.048362818,-0.09629694,0.065535694,0.06729475,0.16756062,0.25639266,0.3346704,0.27442294,0.38920096,0.2735434,0.52464783,0.5967689,0.5431179,0.6970348,0.6952757,0.6763659,0.85490954,0.9591333,0.913398,1.202322,1.1156888,1.1354781,1.1253636,1.1306409,0.980242,0.87953633,0.94813925,0.89360875,1.0031096,1.0440075,0.72825795,0.74804723,0.8241262,0.77179444,0.7159446,0.6987938,0.6389861,-0.46173966,-0.64072305,-0.9151349,-0.024615638,-0.28055748,-0.43403462,-0.45866132,-0.56068623,-0.622253,-0.5272643,-0.40852842,-0.42435983,-0.4155646,-0.60818064,-0.58663225,-0.7229587,-0.7555011,-0.56640315,-0.8012364,-0.79947734,-0.6534761,-0.57695746,-0.41644412,-0.43447438,-0.3403652,-0.10641148,-0.07694738,0.38128522,0.3430259,0.45824373,0.5255274,0.6231547,0.694836,0.06641522,-0.17149635,-0.40545005,-0.5105533,-0.34564236,-0.3693895,-0.28935272,-0.4142453,-0.246256,-0.17765303,-0.25285244,-0.2792382,-0.33684707,-0.38038358,-0.22866549,-0.3403652,-0.37158835,-0.18117113,-0.11520674,-0.20667736,-0.36411238,-0.06551356,0.20098257,0.450328,0.39799622,0.1336989,0.22516952,0.43933392,0.67548645,0.74672794,0.8980064,0.7168241,0.058499496,0.44065318,0.902404,0.8940485,0.77751136,2.139896,1.333811,1.7168443,1.81755,1.7810497,1.5901927,1.2018824,1.4239624,1.5910722,1.5849156,1.584036,1.6491209,1.4670591,1.393179,1.5501744,1.0233387,1.1737374,1.1794543,0.94154286,0.8914099,1.2018824,1.2243102,1.2287078,1.4125285,1.635928,1.9182556,1.8830746,2.3646145,2.2590716,2.3817654,2.1179078,2.1684806,2.0444674,1.9864188,2.0106058,2.1865108,1.641645,1.365474,1.4762943,1.4811316,1.3940586,1.4582639,1.3531606,1.0022302,0.85534936,0.6838419,0.6750466,0.47979206,1.0541221,1.3254555,1.3087447,1.389661,1.3149014,0.9749648,0.99827224,1.1645025,1.0123446,1.124924,0.6143594,-0.17941208,1.1284419,1.339528,1.8967073,1.6772656,2.015883,2.0695338,2.176836,2.46576,2.2366438,2.2867765,1.9930153,1.4842099,1.1451529,1.2150751,1.0941404,1.3659137,1.7819293,2.1051548,2.006208,2.0106058,1.7960017,1.5800781,1.2937926,1.4287999,1.4587036,1.8540503,1.7555435,1.5607285,1.6091025,1.389661,1.5136739,1.6403257,1.1548277,1.0312544,0.58313626,1.0035495,0.980242,1.198804,1.2792805,0.59984726,0.19746447,0.1807535,0.48814756,0.276182,0.64074516,0.72825795,0.64426327,0.83160216,0.69395643,-0.27615985,0.2581517,0.25859147,-0.2251474,-0.26340672,0.33994755,0.32147753,0.26342884,0.17547634,0.33071253,0.06729475,0.4534063,-0.031212078,-0.054079734,-0.1121284,-0.34432307,0.2559529,-0.16358063,-0.18644828,-0.20711713,-0.30826253,0.5580698,0.478033,0.36369476,0.43889415,0.6921974,0.55894935,0.8817352,0.8298431,-0.4485468,-1.6359057,-1.2176915,-1.3148791,-1.3922772,-1.661412,-1.4402114,-1.548393,-1.4899046,-1.3641325,-1.7937806,-1.948577,-1.989035,-2.011463,-2.208037,-2.5831544,-2.4173641,-2.6904566,-2.5888715,-2.4934428,-2.242778,-2.3795443,-3.5743797,-4.2837167,-3.5629458,-3.4653182,-3.6843202,-4.041407,-4.031293,-3.9899552,-4.2758007,-4.325054,-4.213794,-4.4042115,2018-04-17
HIW_ADC,1.1990545,1.1266438,0.8523422,0.5584037,0.47003803,0.5743586,0.27367002,0.19021359,0.47617456,0.49642503,0.21660054,0.29821602,0.2172142,0.35774007,0.37430865,0.5129936,0.57251763,0.6363372,0.7308394,0.5148345,0.5301758,0.7725676,0.6326554,0.3908772,0.6136322,0.40744573,0.40990034,0.34178516,0.18346342,0.15400821,0.07423369,0.18162249,0.24237385,0.19941834,0.14541712,0.26078337,0.23930559,0.45162854,0.2282599,0.15278092,0.091415904,0.0852794,-0.12827088,-0.08654266,-0.35716242,-0.32709354,-0.17552194,-0.22215934,-0.13440737,0.016550576,-0.05217825,-0.13808927,-0.08286076,-0.03070049,-0.044200793,-0.04358715,0.054596886,0.050914984,0.10062066,0.12578031,0.10675716,0.06564259,0.10921176,0.12271206,0.13253047,0.2540332,0.18837264,0.24666941,0.36755845,0.22273704,0.14050792,0.19082722,0.19082722,0.23930559,0.23071449,0.22150974,0.29821602,0.3608083,0.4399692,0.4289235,0.3608083,0.35344452,0.07730195,-0.57193995,-0.9309253,-0.64250976,-0.43755057,-0.4829607,-0.8548327,-1.0634738,-0.96406245,-0.88796985,-1.2303867,-1.0346322,-1.1009065,-0.94810754,-0.82905936,-0.8431733,-0.6891472,-0.61550915,-0.4805061,-0.56580347,-0.57991743,-0.9020838,-0.91128856,-1.0008814,-1.0260412,-1.1383392,-0.91128856,-0.9953586,-0.968358,-0.7167614,-0.4510509,-0.47252864,-0.2645012,-0.10986137,-0.113543265,-0.03376874,-0.08592901,-0.13011181,-0.015359235,0.13253047,0.23746465,0.32705754,0.31171632,0.32214835,0.30128425,0.46083328,0.23991925,0.4510149,0.53140306,0.43076447,0.6614969,0.5093117,0.31601185,0.4141959,0.012255024,-0.27738786,-0.17184003,0.097552404,-0.117838815,-0.3025475,-0.15833972,0.0012093208,0.3387169,0.5283348,0.60320014,0.62345064,0.4743336,0.46635616,0.6025865,0.35651276,0.59583634,0.21291864,-0.058314748,-0.00124528,-0.07917885,-0.00063162984,-0.2559101,-0.28597897,-0.37250367,-0.14054388,0.012255024,0.123939365,0.020846128,0.12455301,-0.06690585,0.20800944,0.33564866,0.32460296,0.32214835,0.3362623,0.26201063,0.12087111,0.12209841,0.2601697,0.0067321723,-0.4940064,-0.57684916,-0.35777608,-0.62839586,-0.78978574,-0.8278321,-1.076974,-1.1199297,-1.7427845,-1.5899857,-1.4862788,-1.5353708,-1.1579759,-1.1917267,-1.3518894,-1.2917516,-1.4795287,-1.7685578,-1.5734171,-1.2371368,-1.0880198,-1.189272,-1.3255025,-1.1168613,-1.6231228,-1.4617327,-1.1641124,-0.77198994,-0.6713513,-0.6185774,-0.3706627,-0.49339277,-0.33077544,0.014709625,-0.14483942,-0.5486213,-0.16631718,0.10062066,0.322762,0.78790885,0.8621605,0.42585525,0.41358227,0.34669435,0.5534945,0.6252916,0.55779004,0.62345064,0.60320014,0.41480953,0.3448534,0.47740185,0.3264439,0.07300639,0.20800944,0.7694993,0.79527265,0.8848656,0.8775017,0.75477177,0.619155,0.6725426,0.40928668,0.49151582,0.5283348,0.6111776,0.49090216,0.35528547,0.49642503,0.34055787,0.47494724,0.3644902,0.12578031,0.11166636,0.2159869,0.09816605,0.3264439,0.49581137,0.30067062,0.62283695,0.07362004,0.12455301,-0.3092977,-0.044200793,-0.016586535,-0.028245889,-0.22522761,-0.17736289,-0.39950427,-0.39398143,-0.5835993,-0.6173501,-0.73701185,-0.47743785,-0.5259162,-0.0932928,-0.053405546,-0.042359844,0.17732693,0.31785282,0.35098994,0.29146585,0.11657556,-0.06567855,0.017164227,0.2172142,0.21291864,0.14664441,0.17241772,0.019005176,-0.12274802,0.011027724,-0.005540831,0.04661943,-0.106793106,-0.08899725,0.3301258,0.100007005,-0.25222823,0.27551097,0.30619347,0.49826595,0.30619347,0.37124038,0.50440246,0.200032,0.42953715,0.46881077,0.5363123,0.44671935,0.47494724,0.40560478,0.4559241,0.53753954,0.755999,0.82963705,0.7013842,0.66947436,0.94193506,0.7406578,0.9897998,1.1524171,1.1364622,1.0916657,1.3260801,1.2027364,1.0554603,1.2628741,1.1014841,1.0941203,1.0787791,1.0609832,1.0100503,0.8633878,1.0431874,0.8327053,0.8007955,0.7977272,0.8848656,0.92966205,0.81061393,0.84804654,0.8100003,0.88732016,0.8775017,0.9707766,1.0026864,1.0137321,1.0309143,0.8173641,0.2282599,0.31846645,0.30496618,0.38044512,0.40253654,0.24789672,0.14848536,0.09939335,0.15769012,0.20678215,0.0865067,0.0128686745,-0.14668037,-0.042973496,-0.18165843,-0.10372486,-0.35716242,-0.34182113,-0.4890972,-0.3436621,-0.47498325,-0.50321114,-0.6909881,-0.62594116,-0.2264549,-0.14238481,-0.2362733,-0.2264549,-0.33445737,-0.47007403,-0.70019287,-0.6142819,-0.98738116,-1.3322526,-1.043837,-0.98554015,-0.9597669,-1.1659534,-1.4089588,-1.529848,-1.3678443,-1.1659534,-1.142021,-1.0364732,-0.83028674,-0.6198047,-0.13502102,-0.053405546,-0.3068431,-0.3000929,-0.36698082,-0.3706627,-0.48786992,-0.5130296,-0.4768242,-0.61550915,-0.37986746,-0.49523368,-0.46086928,-0.45350552,-0.33568466,-0.35163957,-0.019041136,0.21046403,-0.0724287,0.11228001,0.2589424,0.26323795,0.33687598,0.4313781,-0.0104500335,0.236851,0.49335676,0.64124644,0.55042624,0.49581137,0.6062684,0.7590673,0.81122756,0.92966205,1.3426486,1.4095365,1.56479,1.3199435,1.2407827,0.86154693,1.0352099,1.1389167,1.2309643,1.3972635,1.4985157,1.4610832,1.527971,1.6028363,1.5936315,1.4304006,1.1100752,0.9732312,0.7541581,0.2258053,0.2454421,0.12946221,0.10491621,0.083438456,-0.085315354,-0.1699991,-0.14790767,-0.22338665,-0.15895338,-0.081019804,0.5676084,0.49887964,0.5406078,0.86584246,1.1211209,0.5835633,0.93518496,0.92475283,0.8738199,0.9652537,0.81368214,0.79220444,0.71427083,0.6602696,0.32092106,0.09202956,0.09693876,0.08589305,0.17916788,0.019005176,-0.023336686,0.0024366213,-0.044200793,0.11903016,0.001822971,-0.081019804,-0.2362733,-0.2387279,-0.322798,-0.35532147,-0.37802652,-0.09267915,0.12823492,0.3203074,0.23869194,0.3092617,0.37676322,0.18039519,0.10921176,-0.12397532,0.07362004,0.02820993,-0.054019198,-0.08286076,-0.050950944,0.046005785,0.053983234,0.14787172,0.15462187,0.3282849,0.3822861,0.26814717,0.17732693,1.0444146,1.0609832,0.89284307,0.7744085,0.90695703,1.0499375,0.8572513,0.9867315,1.1027114,0.96464014,1.0395055,1.3481715,1.3150343,1.3966498,1.5310391,1.4230368,1.2328053,1.1708266,1.1781904,1.1125298,1.194759,1.2236005,0.9904134,0.8836383,0.7302258,0.86093324,1.2493738,1.3727175,1.4567876,1.4794927,1.3285346,1.3813086,1.3273075,1.4598558,1.5341074,1.5420849,1.6249278,1.4383781,1.1634628,0.79220444,1.0879838,1.6089728,1.1665311,0.80018187,0.6676335,0.4669698,0.38535434,0.4571514,0.5320167,0.53508496,0.61485946,0.34792164,0.6799064,0.53876686,0.40990034,0.5123799,0.2540332,0.46758348,0.25648782,0.34914896,0.5025615,0.6062684,0.31662548,0.08834764,-0.13072547,-0.073042355,-0.15220322,-0.21356824,0.10123431,0.15891743,0.30067062,0.5123799,0.7326803,0.7590673,0.52465296,0.44365108,0.36633116,0.41971874,0.4669698,0.6375646,0.6050411,0.5142209,0.7351349,0.80263644,0.8020228,0.6743836,0.682361,0.5952227,0.47494724,0.70383877,0.5645402,0.5645402,0.6289734,0.42953715,0.4755609,0.42830986,0.64676934,0.6326554,0.64615566,0.90266144,0.83025074,0.8799564,0.74863523,0.8848656,0.8038637,1.0100503,1.1585536,1.1843269,1.2346462,1.1646901,1.0499375,1.1585536,1.0971886,0.91861635,0.8860929,0.943776,0.847433,0.6418601,0.6927931,0.80631834,0.4645152,0.99164075,1.0597559,1.0585287,0.8811837,0.91063887,0.8050911,0.620996,0.7541581,0.80754566,0.6565877,0.8235006,0.73697585,0.8363872,0.79588634,0.8799564,0.706907,0.87566084,0.6406328,0.5025615,0.6271325,0.43506,0.31171632,0.39026353,0.23501004,0.3264439,0.35037625,0.26446524,0.5136072,0.39517272,0.471879,0.5037888,0.62345064,0.6541331,0.5817224,0.2589424,0.22764625,0.15584917,0.106143504,-0.3927541,-0.5025975,-0.4866426,-0.4485963,-0.45411915,-0.51180226,-0.3338437,-0.347344,-0.41116363,-0.5786902,-0.91128856,-0.8309004,-0.9738809,-1.108884,-1.2555463,-1.2107499,-1.227932,-1.1389527,-1.1395664,-1.4083452,-1.3684579,-1.2340685,-1.2837743,-1.1671807,-1.1058156,-1.1217705,-1.1272935,-1.1272935,-0.86342376,-1.145703,-1.0370868,-1.4568236,-1.575258,-1.7881947,-2.2337048,-2.098088,-2.4153452,-2.4521642,-2.3785262,-2.368094,-2.2557962,-2.1263158,-2.1846128,-2.1146567,-2.3662531,-2.4098222,-2.7773986,-2.762671,-2.8185132,-3.109997,-2.8129904,-2.9903352,-2.9216065,-2.7884445,-2.585326,-2.758989,-3.054155,-2.6497593,-2.6884193,-2.5380752,-2.594531,-2.6963968,-2.8375363,-3.1547933,-3.3480933,-3.2812054,-3.317411,-3.0271542,-2.8019447,-3.124111,-3.054155,-3.173203,-3.1320884,-3.4880056,-3.5168471,-3.4634595,-3.4781873,-3.3953445,-3.3634346,-3.387367,-3.4959831,2018-04-17
LTC_AIV,0.15085962,0.27113298,0.36948738,0.31047472,0.09802928,-0.2661629,-0.20996042,-0.40723115,-0.5561678,-0.6095602,-0.3701375,-0.34203625,-0.18579336,-0.16612247,-0.36170715,-0.2071503,-0.23918572,-0.2841477,-0.39261854,-0.46961594,-0.4505071,-0.44938305,-0.41959572,-0.3515907,-0.53256273,-0.3218034,-0.10317567,-0.120036416,-0.35777295,-0.402735,-0.4173476,-0.21895282,-0.37912995,-0.22682117,-0.17399082,-0.16556044,-0.16612247,-0.24761608,-0.10654782,-0.11947439,0.0013609835,0.0036090834,-0.36170715,-0.2981983,-0.14026931,-0.089687064,-0.32517552,-0.29370213,-0.24536799,-0.3178692,0.051943235,0.018221732,0.19413555,0.21493047,0.015973633,-0.19984396,-0.19085155,-0.27908948,-0.4330843,-0.55504376,-0.53649694,-0.71241075,-0.63204116,-0.6601424,-0.6882436,-0.39542866,-0.33135778,-0.008755466,-0.031798493,-0.022244068,0.023279957,-0.15488197,-0.33697805,-0.4735501,-0.7332057,-0.90799546,-0.79502845,-0.7034184,-0.5128919,-0.53762096,-0.39655268,-0.05652759,0.26157856,0.15985203,0.2379735,-0.014375716,-0.12228452,-0.31562108,-0.03629469,-0.19085155,-0.22120091,-0.20996042,-0.17680095,-0.18860348,-0.28751984,-0.44713494,-0.66407657,-0.290892,-0.028426342,-0.21052244,0.103649534,0.29867223,0.5212341,0.53472275,0.5549556,0.58361894,0.6786011,0.74154794,0.5116797,0.38747215,0.1525457,0.15760392,0.26551273,0.2509001,0.32677346,0.2402216,-0.030112416,0.023841983,-0.009317492,-0.12846678,-0.31505907,-0.21220852,-0.24705407,-0.4010489,-0.19815789,-0.07844657,-0.14926171,-0.2841477,-0.561788,-0.21445662,-0.43196028,-0.3521527,-0.53705895,-0.3678894,0.1682824,0.18514316,0.19244948,0.08341663,0.21043427,0.024404008,-0.018309893,-0.12846678,-0.28470972,-0.4499451,-0.29651225,-0.07563645,-0.07844657,-0.043038987,0.14299127,-0.058213662,-0.12284654,-0.07001619,-0.24705407,-0.3678894,-0.22063889,-0.4662438,-0.2745933,-0.42465395,-0.34372234,-0.13858324,-0.200406,-0.35046667,-0.5932614,-0.8332461,-0.786036,-0.9636359,-0.96588403,-0.90406126,-0.88551444,-0.8253778,-0.6533981,-0.47074,-0.5269425,-0.57134247,-0.4864767,-0.23693761,-0.21558066,-0.43814254,-0.268411,-0.16949461,-0.28527176,-0.010441542,0.4757101,0.40264684,0.71288466,0.98097056,0.81798327,0.92533004,0.9180237,0.9275782,0.4487329,0.39646456,0.45491517,0.48414046,0.7527884,0.8382162,0.8680035,1.9195522,2.3731065,1.7290257,0.62408465,0.44142658,0.65836823,0.61621636,0.64431757,0.98321867,1.036049,0.8893604,0.9854667,1.1973503,1.3238058,1.237816,1.3743881,1.0163782,0.91465163,0.62745684,0.63701123,0.6836593,0.6504999,0.59766954,0.42344177,0.43917847,0.48807466,0.38297597,0.18739125,-0.008755466,0.015973633,-0.11329212,-0.115540214,-0.14532754,-0.09474529,-0.1756769,-0.057089616,-0.3853122,-0.37800586,-0.35777295,-0.17061867,-0.12116047,-0.29032996,-0.3088768,-0.31674516,0.24471779,0.23684944,0.6336391,1.0456034,0.8399023,0.743796,0.81685925,0.7769555,0.73648965,0.7786416,0.6521859,0.83596814,1.0950617,1.1141706,0.900601,0.78088963,0.72581124,0.7960644,0.67972517,0.5757505,0.4875126,0.3430722,0.518424,0.5369708,0.6235227,0.52179617,0.37847978,0.16322419,0.07217613,0.08847486,-0.016623816,-0.054841515,-0.18073513,-0.27122113,-0.16837056,-0.1531959,0.29024187,0.4442367,0.8612592,1.3125653,1.5407475,1.7200335,1.5806512,1.7250916,1.7042967,1.687436,1.6885601,1.6301094,1.3884387,1.5834614,1.5868335,1.3805703,1.4682462,1.6711372,1.8341244,1.645284,1.3423526,1.3918108,1.3743881,1.3490969,1.2327578,1.0366111,1.1366515,1.2957046,1.1849856,1.2350059,1.1102363,1.2417501,1.2254515,1.3243679,1.5233246,1.7374562,1.6975523,1.733522,1.6947423,1.9375371,2.0285852,1.4789246,1.306383,1.4969095,1.0849452,1.2108388,1.0152541,0.80449474,0.9073453,1.2698514,1.283902,1.236692,1.1085503,1.1344035,1.441831,1.5148944,1.4800488,1.6761955,1.5823373,1.7194713,1.4800488,1.4772387,1.2305096,1.3002007,1.0298667,0.9641098,1.0607781,1.0012034,1.2895223,1.4901652,1.1613805,1.081573,1.057406,1.0023276,1.0658363,1.2271376,1.19454,1.0158161,1.0484136,0.8758719,0.77414536,0.53528476,0.32789752,0.46615565,0.6510619,0.8432745,1.0006415,0.9775984,1.1209148,1.2749096,1.2243273,1.3136894,1.1394616,1.2344439,1.2861501,1.3541552,1.3254919,1.6143727,1.441269,1.4749905,1.441269,1.7902867,1.7548789,1.2468084,1.1417097,1.0113199,0.91746175,0.42175567,-0.107109845,-0.61630446,-0.79334235,-0.6095602,-1.2682534,-1.0299549,-0.8220056,-0.39992487,-0.38250208,0.008105284,0.17671278,-0.07001619,0.21830262,0.4459228,0.41669747,0.34925446,0.32789752,0.09465713,0.17839885,-0.26391482,-0.39205652,-0.25773254,-0.17736296,-0.0048212917,0.21155833,0.27113298,0.32396334,0.31440893,0.22954313,-0.50277543,-0.7939043,-0.76186895,-0.58258295,-0.70679045,-0.7708614,-1.009722,-1.0288309,-0.8557271,-0.94733715,-0.877084,-0.9625119,-0.6713829,-0.69442594,-0.8276259,-0.8613473,-0.7894082,-0.5915754,-0.4505071,-0.36283118,-0.41341347,-0.33529198,-0.34821856,-0.39261854,-0.51176786,-0.448821,-0.57078046,-0.37463373,-0.55054754,-0.5466134,-0.32292742,-0.42634004,-0.4325223,-0.71522087,-0.6348513,-0.5915754,-0.74388415,-0.98667896,-1.1417978,-1.2851142,-1.2755598,-1.3519951,-1.0912156,-1.0114081,-0.8630334,-1.1322434,-0.8787701,-1.1063902,-0.99791944,-0.88607645,-0.8956309,-0.7972765,-0.5904513,-0.6539601,-0.674193,-0.96869415,-1.1980003,-0.9321625,-0.8399904,-0.73826385,-0.7663652,-0.9405929,-0.80739295,-0.605064,-0.78097785,-0.79671454,-0.7011702,-0.64721584,-0.5966336,-0.35777295,-0.3712616,-0.1914136,-0.120036416,-0.028426342,0.009229333,-0.01718584,-0.12621869,-0.12846678,-0.019995967,0.047447037,0.39421648,0.5262923,0.5886771,0.46952784,0.5105556,0.66117835,0.9050971,0.8280997,0.64319354,0.37398356,0.28743175,0.44929492,0.32115322,0.45660126,0.38016585,0.33014563,0.14411533,0.009791357,0.17783684,-0.10092757,0.44536072,0.5993556,0.58980113,0.7943783,0.5476493,0.6066619,0.7454821,0.6701707,0.8067428,0.8646314,0.7466061,0.7747074,0.48245442,0.65724415,0.7527884,0.855639,0.8095529,0.5223582,0.41557342,0.3346418,0.40039873,0.5105556,0.8724997,0.84215033,0.607786,0.84945667,0.82135546,0.7460441,1.1079882,1.3429147,1.5418714,1.7104789,1.7947828,2.142676,2.5366557,2.3287065,2.1595368,2.6069088,1.8397447,1.8582915,1.8678459,1.6582106,1.7408284,1.7436384,1.8358105,1.780732,1.7425145,1.9173042,1.8830208,1.7177852,1.6329195,1.9055017,2.070737,1.9763168,1.7812942,1.1872337,1.2805299,0.97872245,0.6735429,1.0276186,0.8663175,0.7314315,0.45716327,0.46671766,-0.27290723,-0.9619498,-0.7495044,-0.7922183,-0.36114514,-0.4639957,-0.69217783,-0.27122113,-0.4190337,-0.5286286,-0.44039065,-0.32405147,-0.5185121,-0.08856302,-0.22232497,-0.042476967,0.0738622,-0.081818715,-0.036856715,-0.07507442,-0.32348943,-0.107671864,-0.112168066,0.0024850334,-0.14251742,-0.011003566,-0.32405147,-0.54099315,-0.43758053,-0.55504376,-0.6916158,-0.31281096,-0.44544888,-0.062147837,-0.043601014,-0.04191494,-0.040228866,-0.008193442,-0.28077558,-0.4347704,-0.2656009,-0.44432482,-0.38418818,-0.46511975,-0.561226,-0.2774034,-0.09867947,-0.06495796,0.047447037,0.057001457,0.15085962,-0.03292254,-0.015499767,-0.20827435,-0.24705407,-0.3218034,-0.3066287,-0.21445662,-0.3499046,-0.10879592,-0.23356546,-0.20996042,-0.20658827,-0.4527552,-0.49940327,-0.21445662,-0.08575289,-0.10036554,-0.24536799,-0.33978817,-0.41397548,-0.50951976,-0.58370703,-0.5926994,-0.5629121,-0.49490708,-0.32573754,-0.48535264,-0.6236108,-0.4173476,-0.6252969,-0.5494235,-0.6938639,-0.78997016,-0.84842074,-0.8635955,-0.6213627,-0.4752362,-0.34597045,-0.1829832,-0.16106425,-0.5696564,-0.9967954,-1.1558485,-1.2890484,-1.2536408,-1.2424003,-1.2053066,-1.3553673,-1.1788914,-1.2952306,-1.3238939,-1.2935447,-1.3671699,-1.2738737,-1.4228103,-1.2946687,-1.4402331,-1.4273065,-1.2216054,-1.2564509,-1.1479801,-1.4509116,-1.5554482,-1.598162,-1.5610684,-1.7274278,-1.6082786,-1.637504,-1.6296355,-1.7139393,-1.5599445,-1.8769265,-1.7645215,-1.5689368,-1.5560102,-1.5841116,-1.8819848,-1.7470988,-1.8471392,-2.133772,-2.0106883,-1.9291948,-1.5919799,-1.6335696,-1.5447696,-1.5655648,-1.6937064,-2.1214073,-1.6639191,-1.5194787,-1.5088001,-1.4486635,-1.1980003,-1.3238939,-1.617833,-1.4323648,-1.7695798,-1.8280303,-1.9629164,-2.0404758,-2.0944302,-2.2737162,-2.3686986,-1.9966378,-2.1680555,-2.3338528,-2.4338932,-2.3737566,-2.4940298,-2.7632399,-2.8486676,-2.717716,-2.9088044,-2.8222525,-2.9177969,-3.0268297,-3.0436904,-3.1589055,-3.2285967,-3.0223334,-2.923417,2018-04-17
RHP_ALX,-0.770443,-0.714689,-0.6575377,-0.69512624,-0.75129944,-0.7582862,-0.75507224,-0.65278673,-0.73257506,-0.8744053,-0.9968126,-0.89941776,-0.95461285,-0.784137,-0.6150585,-0.6402106,-0.6432848,-0.69037527,-0.85693854,-0.6828296,-0.3211972,-0.4169152,-0.37932667,-0.4531064,-0.48580423,-0.43619856,-0.49083468,-0.45366535,-0.5956354,-0.5940983,-0.66103107,-0.60024667,-0.5426761,-0.56084156,-0.5940983,-0.46344674,-0.4747652,-0.7995078,-0.717344,-0.7782681,-0.7329942,-0.4835685,-0.47490495,-0.42557874,-0.7167851,-0.7324353,-0.66340655,-0.57998514,-0.5257683,-0.54602975,-0.56000316,-0.7170645,-0.6708125,-0.77659136,-0.4507309,-0.4837082,-0.36395591,-0.29646423,-0.14429356,-0.30987874,-0.20451906,-0.293949,-0.25580156,-0.39944842,-0.40713382,-0.36661085,-0.32720578,-0.1916635,-0.12710623,-0.070793316,-0.2971629,-0.28905833,-0.31602702,-0.34425336,-0.27592328,-0.19096483,-0.20633559,-0.38212135,-0.47113213,-0.32580844,-0.19543633,-0.17321856,-0.26432535,-0.14024127,-0.0040003126,-0.12640756,-0.13213667,0.0043837465,0.0045234803,-8.775185e-05,-0.048435822,-0.11005866,-0.06254899,-0.0642258,-0.04578087,-0.04578087,0.0885038,0.091158755,-0.11033812,-0.03851469,-0.09552629,-0.16329743,-0.19054563,-0.2690763,-0.26865712,-0.28360868,-0.25174925,-0.31714493,-0.32385215,-0.3769512,-0.20214356,-0.030829301,0.094372645,0.113376506,-0.07149199,0.14523593,0.061115876,0.096608385,0.19735684,0.26191407,0.16815236,0.231452,0.066146314,0.10736793,0.10848581,-0.0147598535,-0.05919537,-0.27522463,-0.25091085,-0.15183921,-0.07428668,-0.4588355,-0.41412053,-0.3758333,-0.4299105,-0.3093198,-0.16874707,-0.20633559,-0.21807328,-0.14722799,-0.13576977,-0.012943308,-0.080854185,-0.23302487,-0.39972788,-0.41342184,-0.387571,-0.29744238,-0.32986072,-0.3969332,-0.17601325,-0.4681977,-0.3158873,-0.2946477,-0.30428937,-0.35151955,-0.40014708,-0.35473347,-0.3953961,-0.31323233,-0.5120743,-0.54840523,-0.4688964,-0.29003647,-0.36912608,-0.6866025,-0.79545546,-0.6885587,-0.5288424,-0.40685433,-0.38295978,-0.35794735,-0.32091773,-0.32636738,-0.40895036,-0.0044195154,-0.09035613,-0.43927267,-0.48594397,-0.2935298,-0.5711819,-0.8479955,-0.8664405,-0.8013243,-0.8016038,-0.8714709,-0.85400414,-0.81306195,-0.8354195,-0.63518023,-0.7454306,-0.57844806,-0.51934046,-0.36409563,-0.37709093,-0.5345715,-0.47825855,-0.44765678,-0.5544138,-0.63378286,-0.6734674,-0.5330344,-0.6632668,-0.5532959,-0.9560102,-0.9448315,-1.0388726,-1.2628666,-1.2628666,-1.1576468,-1.099657,-0.83514,-0.85637957,-0.99793047,-0.9318362,-0.8428254,-0.83765525,-0.80789185,-0.7028116,-0.6551622,-0.78441644,-0.5643349,-0.57523423,-0.5819414,-0.66466415,-0.4306092,-0.25440422,-0.3993087,-0.39902923,-0.5024326,-0.44444287,-0.59004605,-0.27340806,-0.29408875,-0.2711723,-0.36325723,-0.39357957,-0.38295978,-0.42725554,-0.47238976,-0.35054138,-0.30107546,-0.2103879,-0.11550829,-0.15924515,-0.21136603,-0.3618599,-0.44570047,-0.39707294,-0.40601593,-0.5333139,-0.37164128,-0.34117922,-0.41775364,-0.3671698,-0.31253368,-0.42879263,-0.4873413,-0.4665209,-0.44472232,-0.394418,-0.39218223,-0.20032702,-0.35738838,-0.3981908,-0.45380506,-0.5152882,-0.48259035,-0.34173813,-0.43494093,-0.36479428,-0.31267342,-0.47322813,-0.37052342,-0.43424228,-0.4649838,-0.31462967,-0.2748054,-0.24811615,-0.2478367,-0.22170638,-0.19389924,-0.18146288,-0.10530769,-0.19278136,-0.16190009,-0.2001873,-0.12221555,-0.1733583,-0.0020440323,-0.07135225,-0.057518557,-0.109080516,-0.10572689,-0.32455084,-0.6107267,-0.7465485,-0.75004184,-1.0015635,-0.9498619,-0.98465574,-1.0377548,-1.1376647,-0.97389615,-0.73481077,-0.9017933,-0.93714607,-1.0258774,-0.9224739,-0.8799947,-0.8421267,-1.0834478,-0.96607107,-0.86783785,-0.7894469,-0.8656021,-0.95517176,-0.9691452,-0.80593556,-0.7535352,-0.92904145,-1.1167047,-1.3427948,-1.3965925,-1.3304981,-1.3612397,-1.4966422,-1.4334823,-1.3423755,-1.3529953,-1.3323147,-1.1646334,-1.2465178,-1.2097676,-1.270552,-1.1513587,-1.1644938,-1.2238809,-1.2824295,-1.2409284,-1.2154968,-1.1724586,-1.2127022,-1.2941672,-1.4854635,-1.4681363,-1.5304579,-1.5490426,-1.5491823,-1.4188101,-1.3541131,-1.3113545,-1.380523,-1.3535542,-1.4032997,-1.3835971,-1.4570974,-1.380523,-1.5810417,-1.6449003,-1.5843954,-1.5716795,-1.5199778,-1.4643636,-1.4756821,-1.3870904,-1.3237908,-1.0682168,-0.817813,-0.71999896,-0.6937289,-0.5307987,-0.44891435,-0.57537395,-0.5823606,-0.53373307,-0.61491877,-0.6464987,-0.8766411,-0.8741259,-0.66089135,-0.63601863,-0.59367913,-0.45646003,-0.4246006,-0.1644153,-0.14988294,-0.3061059,-0.23791556,0.0022877315,-0.15225841,-0.5780289,-0.96663,-0.8608511,-0.51431006,-0.34942353,-0.5349907,-0.5998274,-0.52940136,-0.54700786,-0.64426297,-0.7162261,-0.79489654,-0.6138009,-0.54812574,-0.18817014,-0.3740168,-0.14988294,-0.37122208,-0.18900855,-0.3399216,-0.36409563,-0.3952564,-0.34914404,-0.37261942,-0.3337733,-0.23120831,-0.10782291,-0.21555807,-0.15449417,-0.09384948,-0.072889335,-0.14387436,0.09535079,0.067124456,0.040994138,0.20923425,-0.26194984,-0.48217115,-0.4617699,-0.322874,-0.21150577,-0.41426027,-0.27242994,-0.39246172,-0.37150156,-0.37667173,-0.36744925,-0.33726665,-0.27787957,-0.2548234,-0.23288512,0.0008903884,-0.019510822,-0.11061759,-0.17685166,-0.05011264,-0.18439731,-0.07219066,0.054129165,0.08347336,0.18925224,0.31347606,0.14397833,0.202527,0.22670104,0.25115454,-0.04773715,-0.095107086,0.022269737,0.028278312,0.042810682,0.08431177,0.19945285,-0.11746457,-0.03502133,0.07145622,-0.0056771245,0.19050984,0.06279269,0.055107303,0.014025414,0.20616008,0.33625275,0.23634271,0.0925561,-0.11858245,0.0027069342,-0.015737996,-0.23945265,-0.1261281,-0.06352713,-0.03893389,-0.2803948,-0.18272051,-0.11606723,-0.12263474,-0.21220444,-0.33111835,-0.39190274,-0.29534635,-0.18020529,-0.36116123,-0.3016344,-0.26362666,-0.34830567,-0.27410674,-0.24392413,-0.280814,-0.17293909,-0.1301804,-0.08029525,0.046862975,-0.06925624,0.050356336,0.058321193,-0.045501404,0.011510196,0.045186166,0.047142446,0.29810527,0.4329489,0.23536456,0.14258099,-0.083369404,0.037780248,0.08123762,0.12832808,0.10317591,0.14481673,0.23829898,0.3275892,0.4901002,0.47878176,0.51720864,0.4671838,0.3512043,0.41156954,0.45684344,0.43532437,0.21412495,0.18142712,0.26428956,0.22236927,0.33164153,0.15501733,0.014025414,0.09241636,0.22628184,0.19959259,0.3443573,0.46299174,0.4731924,0.5163703,0.47892147,0.34966725,0.336113,0.47780362,0.42009333,0.41687945,0.28622785,0.35735264,0.40430337,0.44273028,0.26778293,0.25562605,0.32158065,0.21538256,0.28930202,0.123018175,0.07942107,-0.0642258,0.021151863,-0.1973926,-0.3109966,-0.28570467,-0.28640336,-0.34425336,-0.25258768,-0.14275649,-0.20060648,-0.06562315,-0.117604315,-0.12514997,0.031212734,-0.096923634,-0.262928,-0.39176303,-0.34341496,-0.26027304,-0.22939177,-0.15477364,-0.12207581,-0.20298198,-0.21430045,-0.12864332,-0.08909851,-0.31001845,-0.13325456,-0.23917316,-0.26767895,-0.25426447,-0.1835589,-0.3045688,-0.26642135,-0.47224998,-0.47755992,-0.48217115,-0.4025226,-0.47211027,-0.41090664,-0.19571579,-0.3369872,-0.25091085,-0.27340806,-0.15854646,-0.15421471,-0.13283534,-0.14820611,-0.17657219,-0.20256278,-0.13381349,-0.07708136,0.040854402,0.052871555,-0.13590951,-0.12137713,-0.044243798,-0.047457684,0.064329766,0.09018062,0.12287844,0.19386348,0.24067448,0.17150599,0.17290333,0.26778293,0.3491083,0.3658764,0.36923003,0.52349675,0.49177703,0.64660263,0.6215902,0.6547072,0.7955594,0.85955775,0.7638397,0.77418005,0.8254626,0.6860077,0.85662335,0.841532,0.812607,0.77781314,0.65233177,0.59937245,0.62382597,0.68782425,0.7919264,0.9139144,0.82015264,0.8258817,0.7901098,0.788433,0.7525213,0.8233666,0.8940721,1.0751678,1.2489973,1.2143432,1.3804873,1.3835615,1.3356326,1.2223082,1.2287358,1.3039129,1.3783913,1.4263202,1.6260005,1.4938118,1.63145,1.6111887,1.5773729,1.5871544,1.5708054,1.5086237,1.4889212,1.5198025,1.6364806,1.7477092,2.1351924,2.0063574,2.2964456,2.3913255,2.5277061,2.529802,2.713413,2.7440147,2.960044,2.9534764,2.8939497,2.9209182,2.8778803,3.0067153,3.1429563,3.117804,3.114171,3.2305698,3.063168,2.779088,2.92539,2.819611,2.507305,2.437717,2.2085528,2.160205,2.1930423,2.216937,2.511916,2.1941602,1.8867447,1.9698867,2.3311,2.064906,2.037099,2.1220574,2.1343539,2.1956973,2.190667,2.3417199,2.634463,2.82548,3.0452821,3.0603733,3.0174747,2.8302307,2.7855158,2.7952971,2.6355808,2.7544947,2.8156984,2.5548146,2.5045102,2.628175,2.6248214,2.7294824,2.9068053,2.736469,2.6452227,2.545592,2.523654,2.5647357,2.375815,2.4716725,2.61504,2.8687975,3.0109074,2.831768,2.7951574,2018-04-17
VNO_ALX,1.1767848,1.21515,0.90893805,0.68087757,0.7888688,0.80663055,0.12777767,0.19704837,0.3998872,0.6187116,0.16614297,0.36791608,0.13736899,0.5838986,0.8357598,0.61693543,0.6442885,0.71533537,0.4883406,0.75725293,1.0833582,1.0304282,0.99774665,0.71284866,0.7689757,0.7515693,0.5412705,0.683009,0.27662084,0.23292704,0.08514954,0.30468437,0.37892836,0.27875227,0.19704837,0.48088065,0.6329209,0.4599218,0.2812389,0.21587579,0.13239571,0.13772422,-0.067246,0.110015936,-0.48429114,-0.51732796,-0.30916062,-0.21324731,-0.19974843,-0.1922885,-0.13687195,-0.38020745,-0.42994025,-0.66546065,-0.29850358,-0.30205593,-0.07115358,-0.14859468,-0.06546983,-0.29850358,-0.087849595,-0.19406468,-0.018578893,-0.07008787,-0.17381632,-0.010408503,-0.07115358,0.16685344,0.24749164,0.50041854,0.2368346,0.09367516,0.23186132,0.2883436,0.5206669,0.7160458,0.7480169,0.5064575,0.36933705,0.50965464,0.46453986,0.37608647,-0.22106248,-0.8576425,-1.191918,-0.8242504,-0.521946,-0.4942377,-0.82638186,-0.9308207,-0.8484064,-0.8576425,-1.181261,-0.9908554,-1.0714936,-0.9500034,-0.50382906,-0.6238982,-0.60222894,-0.43065074,-0.3890883,-0.11022936,-0.102769434,-0.28429422,-0.21466826,-0.34859163,-0.17346108,-0.42070416,-0.21431303,-0.44308397,-0.3297642,0.075558215,0.25850388,0.22688805,0.11037118,0.71213824,0.455659,0.6386047,0.7984602,0.892242,1.217992,1.4854834,1.6254458,1.4300668,1.4162127,1.3508495,1.4243832,1.3373507,1.3099976,1.4677217,1.5810416,1.1473002,1.5916984,0.9444615,0.58638525,0.6528141,0.23754509,-0.015026549,-0.015026549,0.1984693,0.06809829,0.09260946,0.1974036,-0.022841705,0.04500806,0.18425992,0.4577904,0.59775275,0.63682854,0.35868004,0.6776805,0.20308734,0.755832,0.59491086,0.6123174,0.75725293,0.8339836,0.914977,0.83895683,0.864889,0.7025469,0.78531647,0.87270415,1.2254518,1.1167501,0.4549485,0.30681577,0.49722144,0.96222323,1.0790954,1.2375298,1.4414344,1.539479,1.3671904,1.1778505,1.6854804,1.6396551,1.3163918,0.8989915,0.88407165,0.32031468,0.19562742,0.053888917,-0.16990873,0.021917826,-0.6906823,-0.6572903,-0.3638667,-0.40862623,0.051047042,-0.13687195,-0.7276266,-0.5592456,-0.43917638,-0.94645107,-1.0111037,-1.046627,-1.3290385,-2.2146378,-2.3215632,-2.3176556,-2.2569108,-2.3641913,-2.160287,-2.6732454,-2.2078884,-2.1425252,-1.9315159,-2.122632,-2.1656153,-2.0189037,-1.592267,-1.5823206,-1.1965361,-1.0704279,-0.8476959,-0.44521534,-0.6771834,-0.9844611,-0.9635023,-1.054087,-0.30454257,-0.45374098,-0.38340455,-0.23242998,0.01978642,0.047494702,-0.1912228,-0.22248343,-0.4253222,-0.39050928,-0.32230428,0.31747282,0.21481009,0.29509306,0.3483782,0.42937168,0.27981797,0.4481991,0.23825555,0.44287056,0.42191175,0.90467525,0.7270581,0.62475055,0.61054116,0.38177025,0.34269446,0.17751047,0.13061953,0.33878687,0.5434019,0.7398465,0.47413117,0.45636946,0.5185355,0.73558366,0.019431185,0.08799142,0.19917975,0.4656056,0.61267257,0.8240371,0.63398665,0.75014824,0.44571245,0.6467751,0.59988415,0.4425153,0.20699492,0.33310312,0.4897615,0.6634711,0.83789116,0.7803432,0.7892241,0.9696831,0.8251027,0.9803401,0.9405539,0.9590261,0.95867085,1.0389539,1.3174576,1.0279416,1.0116007,0.9774983,1.2599096,1.3703874,1.5565302,1.2506735,1.4321983,1.4410791,1.6588378,1.2584887,0.84286445,0.80378866,0.9128457,0.7366494,0.7082306,0.75760823,0.35690385,-0.06902217,0.49970806,0.73913604,0.575373,0.65245885,0.4140966,0.4112547,0.501129,0.7025469,0.21090251,0.4425153,0.88407165,1.1373538,0.9789192,0.9064514,1.1927702,1.7508434,1.8467567,1.2826446,0.9441062,0.6741282,0.721019,0.8830059,0.8915315,0.80449915,0.85707384,0.93664634,0.8140905,0.60912025,0.8624023,0.7835403,0.43327922,0.47164455,0.55512464,0.5640055,0.47057882,0.15157837,0.5149831,0.64322275,0.85636336,0.870928,0.91959506,0.8236818,0.90964854,0.5995289,0.13488235,0.4517514,0.008063684,-0.009698034,0.115699686,0.17751047,0.4549485,0.4886958,0.7132039,0.9441062,1.1025407,1.1224339,0.9053857,0.93309397,0.67945665,0.6989945,0.3675609,0.19065414,-0.22425959,-0.060851783,0.27271327,0.48727486,0.34056303,0.38141504,0.5263507,0.54162574,0.37892836,0.46844745,0.4897615,0.3494439,0.29722446,-0.12443874,-0.2182206,-0.0970857,-0.33225083,-0.5066709,-0.12585966,-0.6146621,-1.0714936,-1.0345491,-0.94609576,-0.82638186,-0.70169455,-0.66546065,-0.7148382,-0.7784252,-0.099217094,-0.020710299,-0.135451,-0.23029858,-0.23846897,-0.40578434,-0.17381632,-0.3887331,-0.40578434,-0.22070725,0.094030395,-0.27861044,0.11818633,0.37146848,0.4670265,0.3970453,0.7757251,0.66524726,0.5434019,0.881585,0.717822,0.4279507,0.3945587,0.8233266,0.9156875,1.058847,0.77039665,0.8904658,0.8258132,0.75867397,0.9430405,0.93309397,1.2133739,1.4456972,1.5856596,1.6140783,1.6048422,1.41195,1.2961435,0.90218854,1.2371746,0.88407165,1.1146188,1.2709218,1.1313148,1.2350432,1.4961404,1.5401895,1.5327296,1.8158513,1.8218904,1.9391177,1.8012868,1.5540437,1.4631037,1.427225,1.527046,1.6417866,1.9067913,1.980325,1.9739307,1.9771278,2.498967,2.3639781,2.2339623,2.163981,2.3025224,2.047109,2.121353,2.1888475,2.2847607,2.1693096,1.9675364,2.121353,2.141246,2.2144244,2.0890267,1.8609661,1.5600827,1.5611483,1.452802,1.2776713,1.4854834,1.0837134,1.3980957,1.2702113,0.80663055,0.6947317,0.9501453,0.6762595,0.34482586,0.41160992,0.2574382,0.30042157,0.18852274,0.31605187,0.41693842,0.38070452,0.65956354,0.4712893,0.5213773,0.54162574,0.46844745,0.32315657,0.64961696,0.6023708,0.3998872,0.26418766,0.36827135,0.12458055,0.04678423,-0.6018737,-0.7770043,-0.80897534,-0.7262057,-0.66830254,-0.9414777,-0.4633323,-0.18873614,-0.46510845,-0.5464571,-0.81927717,-0.7688339,-0.8128829,-0.8157248,-0.8668785,-0.88996875,-0.83561796,-0.61288595,-0.7315343,-0.7102202,-0.6757625,-0.7713205,-1.0462719,-0.991921,-1.0022228,-0.94609576,-1.281437,-1.0885447,-1.3798369,-1.2743323,-1.1894313,-1.1801953,-1.0043542,-1.0729145,-1.0754011,-1.0302863,-1.2000884,-1.3084348,-1.1777086,-1.1588812,-0.9485824,-0.9251369,-0.85444534,-0.9258475,-1.0192741,-1.0025781,-0.89920485,-0.5294059,-0.81394863,-1.0125246,-0.9052438,-0.89920485,-0.81252766,-0.65835595,-0.464398,-0.5201698,-0.46191138,-0.7698995,0.12138344,-0.27789998,-0.51981455,-0.605426,-0.64983034,-0.70098406,-0.43846592,-0.39939013,-0.3514335,-0.16671163,-0.28997794,0.04998134,0.22724327,0.040745247,-0.19015709,-0.20756358,-0.4658189,-0.58659863,-0.3866017,-0.45835903,-0.5969004,-0.73828363,-1.0658098,-1.0704279,-1.2828579,-1.2771742,-1.055508,-0.9592394,-1.0185636,-1.1063064,-1.075046,-1.1801953,-1.008617,-1.2231786,-1.3240652,-1.5698874,-1.4597646,-1.3432478,-1.4761055,-1.2892522,-1.2295729,-1.2224681,-1.391915,-1.566335,-1.4796578,-0.8157248,-0.92265034,-0.8839298,-0.7354418,-0.74716455,-0.68890613,-0.6732758,-0.6835776,-0.76492625,-0.6484094,-0.49494815,-0.48642254,-0.5336687,-0.28713608,-0.15108131,-0.09637523,0.027601577,-0.27754474,-0.45871425,-0.74929595,-1.287476,-1.2821475,-1.1766429,-1.3720218,-1.6167784,-1.4714874,-1.5777025,-1.621041,-0.843433,-0.8405912,-1.0647441,-1.0920972,-0.79227936,-0.8661681,-0.8022259,-0.49601385,-0.4015215,-0.35640675,-0.40720525,-0.31377867,-0.5258535,-0.5123546,-0.59086144,-0.5343792,-0.52976114,-0.77274144,-0.66759205,-0.5688369,-0.6707892,-0.38731214,-0.20330076,-0.18802568,-0.04593194,-0.07008787,0.051047042,0.35406196,0.26099056,0.40166336,0.31392047,0.40947855,0.45139617,0.84854823,0.6180011,0.26596382,0.4080576,0.3906511,0.51320696,0.5664921,0.523864,0.6037917,0.27342376,0.25495157,-0.2604935,-0.067246,-0.25587544,-0.4001006,-0.45871425,-0.5233669,-0.7034707,-0.9450301,-0.94467485,-0.78410894,-0.6278058,-0.25978303,-0.23420615,-0.40862623,-0.5450362,-0.4519648,-0.38020745,-0.57949394,-0.19051234,-0.24521843,-0.111650296,-0.6732758,-0.4377554,-0.67185485,-1.0356148,-0.9581738,-1.1624335,-1.3126976,-1.6643797,-1.3769951,-1.0196292,-1.5247725,-2.351403,-1.8817831,-1.5759263,-1.72548,-1.9006106,-1.7403997,-1.7524779,-1.751412,-1.5723741,-1.5777025,-1.6622483,-1.6263697,-1.4555019,-1.4366746,-1.4189128,-1.5240622,-1.4139395,-1.1833923,-1.6594064,-1.619265,-1.6356058,-1.8586929,-2.3435879,-2.3663228,-2.2789352,-2.130092,-1.996879,-2.1190798,-2.2064674,-2.32405,-2.1645496,-2.3879921,-2.5922518,-2.3958073,-2.5236917,-2.5315068,-2.1979415,-2.365257,-2.5247574,2018-04-17
WELL_ALX,0.041207947,0.09453394,-0.102827236,-0.3383962,-0.3903478,-0.4150867,-0.46456444,-0.37110648,-0.3128327,-0.20810485,-0.5154165,-0.30486128,-0.48875353,-0.24493825,0.07749161,-0.06324504,-0.13966066,-0.17292067,-0.38814878,-0.21360238,0.25945973,0.16050425,0.17864609,0.09590832,0.0915103,0.12064719,-0.15670298,0.015094695,-0.46566394,-0.31365734,-0.46511418,-0.3535144,-0.2792978,-0.3999685,-0.50717026,-0.28919336,-0.2724259,-0.69765955,-0.65615326,-0.8370218,-0.8697321,-0.6638498,-0.7300949,-0.6107986,-0.93157923,-0.99645007,-0.9552186,-0.8603863,-0.81668097,-0.7617057,-0.48737916,-0.71305263,-0.72404766,-0.94807184,-0.7108536,-0.87522966,-0.8551637,-0.7916673,-0.60227746,-0.8040367,-0.5874342,-0.6039267,-0.3095342,-0.23834123,-0.3370218,-0.20233244,-0.23779148,-0.12509222,-0.022563357,0.3235059,0.15445697,0.09948171,0.18139486,-0.035207666,0.12724422,0.31993252,0.24846466,0.06209854,0.21932778,0.401021,0.55632603,0.7360952,0.43757954,0.25093856,-0.036307167,-0.12619172,-0.09458095,0.03488579,-0.15945174,-0.20975411,-0.21717577,-0.31008396,-0.42910537,-0.35378927,-0.45356935,-0.5170658,-0.30651057,-0.23229396,-0.3837508,-0.32520214,-0.1459828,0.40981707,0.3746329,0.42905837,0.5508285,0.5324119,0.5379094,0.28254932,0.5329616,0.4417027,0.5090474,0.7696301,0.9021205,0.85401714,0.56374776,0.81580925,0.62916833,0.5535773,0.79904187,0.6758973,0.6758973,0.9892562,0.8949737,0.7644074,1.067596,0.8015157,0.5117962,0.2517632,0.31608424,-0.024762368,0.10910239,-0.6902379,-0.6459828,-0.9433989,-1.1042016,-0.98545504,-1.4706116,-1.8227282,-1.8799025,-1.8224533,-1.6154714,-1.5978794,-1.5327337,-1.6935362,-1.780947,-1.5566479,-1.2727007,-1.0341082,-1.0112934,-1.1369119,-0.82657653,-1.1110734,-0.6740202,-0.7493363,-0.75071067,-0.70590585,-0.60227746,-0.4497211,-0.46923733,-0.5959553,-0.6053011,-0.6745699,-0.5063456,-0.2133275,-0.21195312,-0.59925383,-0.68364084,-0.478858,-0.24741215,-0.11464691,-0.0011230053,0.19046578,0.30673847,0.32762906,0.53708476,1.101131,1.1242206,0.6058038,0.67424804,0.8501688,0.49805236,0.35676593,0.26275823,0.38205454,0.79821724,0.0062986542,0.1552816,0.5112464,0.38645256,0.2770518,-0.62316805,-0.68666446,-0.47006196,-0.10475137,-0.26005647,-0.1171208,-0.13883601,0.02966314,-0.6107986,-1.66275,-1.8007381,-1.9772085,-2.1259167,-1.8702817,-2.2754495,-1.7314692,-1.7094791,-1.740815,-1.7149765,-1.4079399,-1.1503807,-0.52228844,-0.4986491,-0.26692837,-0.1808921,-0.30980906,-0.18446548,-0.12564196,-0.1726458,0.017843457,-0.2061807,0.13054273,0.09810733,-0.0145919435,-0.014866821,0.25011393,0.2910705,0.16077913,0.15583135,0.25561145,0.28474835,0.29546854,0.8100369,0.70063615,0.778701,0.73362124,0.8630881,0.8281787,0.7283987,0.7572607,0.85291755,0.9015707,0.96011937,0.91696376,0.89002585,0.8603393,0.8531925,0.90624356,0.52636456,0.115974285,0.39442396,0.65060866,0.7567109,0.6638027,0.71328044,0.7385691,0.77732664,0.99640304,1.5780413,1.4378544,1.5862876,1.7501138,1.4603943,1.16985,1.3663867,1.3182832,1.3485197,1.3366998,1.0926096,0.9048692,0.99640304,1.0434068,0.9106416,1.0406581,1.1283437,1.1085526,1.1374146,1.0549517,1.1027802,1.5249901,1.276502,1.4559962,1.6258698,1.8108615,1.7767769,1.9584701,1.9315321,2.0659466,2.1404383,2.320757,2.0574255,2.1211967,1.8768319,1.9581952,1.8639127,1.9351056,1.8658369,1.75891,1.5123458,1.5178434,1.5981073,1.3864526,0.94032824,1.105529,1.3771068,1.1088275,1.3526428,1.1275191,1.2402184,1.4029452,1.5021755,1.1462107,1.2696301,1.4395037,1.4870572,1.2130057,1.0802402,1.3004162,1.6371397,1.7305976,1.3493443,0.9782612,0.8339511,0.6266944,0.7613838,1.0115212,1.1338413,1.0214168,1.1915653,1.0445063,0.87765646,1.1866175,1.08079,0.9939291,0.9966779,1.1225713,1.018668,1.0623733,0.7556114,0.99640304,1.0912353,1.1486845,1.1665515,1.1069033,1.2852981,1.2371947,1.069795,0.6280688,0.71905285,0.61514956,0.7677059,0.7789759,0.71575433,0.72702426,0.68524307,0.85346735,1.0214168,1.2116312,1.2723789,1.0502788,1.1811199,1.1514333,1.0101469,0.8504437,0.49090555,0.2561612,0.32185665,0.50272524,0.70256025,0.6124008,0.709707,0.9502238,0.94857454,0.7514882,0.896348,0.9782612,1.043132,0.99173015,0.72400063,0.7770517,0.83834916,0.63246685,0.5931595,0.6404382,0.39249983,0.49942672,0.36336297,0.14208755,0.26110896,0.10278023,-0.5665436,-1.4145368,-1.9192097,-1.4634647,-1.2001333,-1.0132176,-1.3777034,-1.2955153,-1.3925468,-1.4172857,-1.6943609,-1.6979343,-1.5723158,-1.3502158,-1.7245973,-1.6042014,-1.4291053,-1.5932064,-1.7589569,-1.4194846,-1.4516451,-1.4656638,-1.3147568,-1.3070602,-1.6300398,-1.745213,-1.3375715,-1.1061257,-1.1154715,-1.2966149,-1.1759442,-1.1641246,-1.176219,-0.9601664,-0.9994737,-0.80293715,-0.82327795,-1.187489,-0.8098091,-0.7180004,-0.6503808,-0.9901279,-1.1429591,-0.84004545,-1.15203,-1.0313594,-1.0978794,-1.1709965,-1.1138222,-0.9642895,-1.1083246,-1.3155813,-1.1671481,-1.1193197,-0.9181103,-0.9417497,-0.8908976,-0.8518651,-0.9860047,-0.6679729,-0.6696222,-0.49177718,-0.589908,-0.71140337,-0.61767054,-0.8383962,-0.9505457,-1.1619256,-1.2201993,-1.0871593,-0.9494462,-0.65010595,-0.35983655,-0.38567492,-0.25345942,-0.51376724,-0.17566945,-0.22899544,-0.27627417,-0.32162875,-0.44422358,-0.63333845,-0.3502159,-0.40381676,-0.4865545,-0.51651603,-0.78149676,-0.6660488,-0.45989153,-0.5264116,-0.2512604,0.030762644,0.064022675,-0.0013978815,0.17892097,0.20585884,0.07364334,-0.00964417,0.06099904,-0.13388824,0.17094955,0.27292866,0.29519364,0.39249983,0.30316505,0.28144982,0.35896492,0.41311556,0.57254374,0.46314302,0.509872,0.51894295,0.41119143,0.21163124,0.042032573,0.17562245,0.04533109,0.060449284,0.009047417,-0.11354741,0.1286186,0.41806334,0.37903088,0.19541356,0.047804974,0.61350036,0.7987669,0.7385691,0.73307157,0.98348385,1.1132256,1.1308175,1.2517631,1.2286735,1.2877719,1.2020106,0.8944239,1.0161941,1.0049242,1.0247153,0.8820545,0.9078928,0.9584701,0.9367549,0.91943765,0.7333464,0.67094946,0.7286735,0.9678159,0.9664415,1.1464856,1.2971177,1.5678709,1.7841985,1.8757323,1.7503887,1.7426922,1.6069033,1.6011308,1.1962382,1.2564361,1.3977225,1.3485197,1.0772166,0.8133354,0.8226812,0.8006911,0.94994897,0.97138923,0.9477499,0.78502315,0.7633079,0.84219736,0.72482526,0.680845,0.5805152,0.5087725,0.53735965,0.4274091,0.53406113,0.5505537,0.44115296,0.5467054,0.74544096,0.74241734,0.649784,0.63246685,0.6228461,0.56374776,0.643187,0.81993246,0.8166339,0.9472002,0.7737532,0.7311474,1.0329615,0.72757405,0.7022854,0.88452834,0.90734315,0.7644074,0.9155894,1.0472552,1.0483546,1.1778214,1.2347208,1.0456059,1.1096522,1.2671562,1.2701797,1.0744679,1.134391,1.0972826,1.1511585,1.0780412,1.0266393,0.93840414,0.8625383,0.47221398,0.4716642,0.5005262,0.08738715,0.17672196,0.23224698,0.027189251,-0.14653255,-0.32162875,-0.32905042,-0.34609273,-0.33592233,-0.45329452,-0.45549348,-0.44449845,-0.37028185,-0.43350342,-0.40601578,-0.31448197,-0.28342095,-0.18529011,-0.26060623,-0.34032035,-0.4983742,-0.5079949,-0.2746249,-0.1643995,-0.13993552,-0.059946526,0.039283812,0.15638112,0.33944872,0.47798637,0.5038247,0.4103668,0.36995998,0.36336297,0.21685389,0.09508369,-0.106400624,-0.03108452,-0.020364346,0.01179618,-0.037956424,-0.089633174,-0.20645559,-0.3070603,-0.42305812,-0.29936376,-0.09430607,-0.10750013,-0.09595533,0.049454235,0.23719473,0.30234042,0.11789842,0.11020189,0.1703998,0.21905291,0.31031182,0.34742016,-0.18419062,-0.3416947,-0.33289868,-0.3851252,-0.34829172,-0.40051824,-0.41563642,-0.35983655,-0.3851252,-0.31805533,-0.5052461,-0.58193666,-0.47968262,-0.6696222,-0.5929317,-0.8337233,-0.9805072,-0.9923269,-0.8227283,-0.86945724,-0.8430691,-0.84279424,-0.6902379,-0.60475135,-0.5272362,-0.4912274,-0.5558234,-0.7152516,-0.4170108,-0.59155726,-0.33014992,-0.5580224,-0.23751661,-0.47803333,-0.94834673,-1.0937563,-1.3408699,-1.2556583,-1.4329535,-1.2133274,-0.87220603,-1.4733604,-1.871931,-1.8491163,-1.7147018,-1.9703368,-2.1819916,-1.9890283,-1.9181103,-1.8804522,-1.6682476,-2.0566478,-1.8873241,-1.9403752,-1.942849,-1.6929865,-1.8656088,-2.0159662,-1.9670382,-1.929655,-2.2650042,-2.1531296,-2.214152,-2.2278957,-2.3081598,-2.307885,-2.1751196,-2.0855098,-2.0035968,-2.091832,-2.316131,-2.1751196,-2.2177255,-2.0849602,-2.3603861,-2.471986,-2.4516451,-2.5915573,-2.3933713,-2.7718759,-2.7185502,2018-04-17
WY_BDN,0.25544342,0.2590829,0.2576271,0.23651816,0.50583917,0.3020287,0.2175929,0.3005729,0.4883697,0.6834455,0.8523171,0.5728055,0.638316,0.8537728,0.6703434,0.50001603,0.8981744,0.873426,0.87560964,1.0095423,1.1755023,1.1012571,1.1434749,1.1784139,0.96004546,0.9483991,0.9134602,0.7475002,0.79845285,0.859596,0.84139866,1.0939782,1.2584823,1.2854145,1.3742176,1.9121319,1.6741103,1.5889467,1.4768509,1.5299871,1.391687,1.3982381,1.3472854,1.4208028,1.3116187,1.3538365,1.4593815,1.2228154,1.0786923,1.0939782,0.86687493,0.7635139,0.7001871,0.81155497,0.60337704,0.6135676,0.44324026,0.18119816,0.30348447,0.15062658,0.06400712,-0.02697972,-0.09758551,0.11132027,0.14043607,0.19357237,0.28091976,0.31949818,0.22123237,0.5334992,0.55169654,0.42213127,0.6725271,0.66160864,0.4490634,0.58517975,0.61793494,0.6419555,0.50875074,0.5029276,0.37190655,0.2714571,0.19284447,-0.088850774,-0.4600771,-0.3749134,-0.20458601,-0.052456032,0.09676238,0.11059237,0.2023071,0.1498987,0.08293238,0.075653434,0.0028639622,0.11059237,-0.0065986686,-0.09758551,-0.1267013,0.39883864,0.34424657,0.2758245,0.14043607,0.015966067,-0.0852113,-0.1674634,-0.20021866,-0.2650013,-0.4295055,-0.2235113,-0.4156755,-0.19002815,-0.1943955,-0.33851865,-0.24898762,-0.044449195,0.05163291,-0.116510764,0.05527238,0.07201396,0.17755869,0.34351867,0.120782904,0.019605542,0.13825238,0.07346975,0.1768308,-0.17765392,-0.3588997,-0.14926603,-0.22860657,0.007959225,0.58081234,0.9047255,0.87852126,0.887256,0.8821608,0.66815966,0.37336236,0.6506902,0.47162813,0.42358708,0.8224734,1.0932502,1.6093277,1.5023271,1.4666604,1.3538365,1.4702997,1.4535581,1.4724834,1.385136,1.2774075,1.329816,1.3756733,1.5751166,1.5110618,1.4732113,1.3829523,1.344374,1.2249992,0.95203865,0.9178276,1.1551213,1.0990734,0.590275,0.77734387,0.9039976,0.7926297,0.83266395,0.6783502,0.5509687,0.38719234,0.25471553,0.15644975,-0.088122874,-0.5335944,-0.87424916,-0.6784455,-0.94558287,-0.9419434,-0.93830395,-1.0955292,-1.3058908,-1.449286,-1.5344496,-1.3051628,-1.3284556,-1.8525397,-1.9347917,-2.0337853,-2.0527105,-1.6356269,-1.3626665,-1.6145179,-1.6268921,-1.6268921,-2.3249433,-2.0869217,-2.0803707,-2.3380454,-2.3147528,-2.2958274,-1.787029,-1.7244301,-2.0417922,-2.6233802,-2.4333994,-2.0621731,-1.5613817,-1.5075176,-1.3088022,-1.0263791,-1.0605903,-0.95577335,-0.97105914,-0.6944592,-0.62822074,-0.4200429,-0.4833697,-0.067741826,0.047265537,0.15499395,0.27218503,0.20958605,0.43814498,0.6055608,0.68926865,0.87124234,0.7067381,0.64777863,0.6514181,0.5531523,0.57862866,0.47090024,0.51239026,0.58736336,0.3937434,0.45415866,0.6142955,0.7445887,0.8093713,0.7649697,0.9469434,0.81446654,0.7758881,0.87852126,0.7860787,0.8100992,0.42868233,0.63686025,0.24379712,0.37627393,0.47017238,0.23142289,0.38573653,0.28091976,0.015966067,-0.23806918,-0.26208973,-0.32468867,-0.7818065,-0.72284704,-0.5568871,-0.56489396,-0.64059496,-0.64641815,-0.5860029,-0.460805,-0.46590024,-0.53577816,-0.24898762,-0.33851865,-0.28101498,-0.5284992,-0.5044787,-0.6362276,-0.87643284,-0.9120997,-1.0496719,-1.0030866,-0.98124975,-1.1413865,-1.5322659,-1.3124418,-1.7826616,-2.1895547,-2.2113917,-2.1080306,-2.058534,-1.8692812,-2.1560717,-2.113126,-1.8168728,-2.7645917,-3.1081579,-2.9014359,-2.361338,-2.236868,-1.9660912,-2.29146,-1.9981184,-1.7375323,-1.7062328,-1.5351775,-1.0685971,-1.0241954,-0.87424916,-0.8495008,-0.80728287,-0.94267124,-0.8349428,-0.6930034,-0.76215345,-0.57654023,-0.33633497,-0.48264182,-0.80946654,-0.74395597,-0.6653434,-0.7017381,-0.66024816,-0.6813571,-0.5284992,-0.7243029,-0.8101945,-0.6587923,-0.7403165,-0.9761544,-0.9222902,-1.0518556,-1.0030866,-1.3481086,-1.2440196,-1.318265,-1.0940734,-1.1697744,-0.9761544,-1.0423928,-0.84367764,-0.65952027,-0.6522413,-0.53068286,-0.8975418,-0.82256866,-1.0365697,-0.8553239,-1.0700529,-0.76652074,-0.903365,-1.0263791,-0.8444055,-0.84804493,-0.80946654,-0.88953495,-0.89535815,-0.12233393,-0.06410235,-0.46590024,-0.20167446,0.059639752,-0.16091235,-0.010238143,0.047993433,-0.27082446,-0.14489867,-0.16018446,-0.1543613,-0.18202129,-0.35671604,-0.053911824,-0.33633497,-0.27737552,-0.11432709,-0.0844834,0.08147659,-0.1405313,-0.24316444,-0.50811815,-0.36545077,-0.4018455,-0.28538233,-0.5547034,-1.0176444,-1.0962571,-1.2673124,-1.255666,-1.1413865,-0.91937864,-0.8363987,-0.3880155,-0.41640344,-1.0911617,-0.78617394,-0.40111762,-0.45352605,-0.44042394,0.10040185,0.47381184,0.55460817,0.3973829,0.44251233,-0.13689181,-0.32250497,-0.38364816,-0.27300814,-0.14562656,0.13315712,0.06691869,0.54368967,0.3282329,0.29183817,0.51457393,-0.14344287,-0.18857235,-0.5925539,-0.730126,-1.1530329,-1.1362913,-0.7963644,-0.9696034,-0.9878008,-1.118094,-1.3808639,-1.3328228,-1.7520902,-1.6239806,-1.7484506,-1.5169802,-1.4791297,-1.1253729,-1.2207271,-0.9120997,-1.179965,-1.1333797,-1.2192712,-1.490776,-1.4871365,-1.6436337,-1.704777,-1.3830476,-0.68572444,-0.83712655,-0.95431757,-1.0271071,-0.82911974,-0.87424916,-0.7526908,-0.3880155,-0.79927605,-0.28611025,-0.21332078,0.13752449,-0.040081825,0.33478394,0.26417816,0.624486,0.2452529,0.26708975,0.29402184,0.23433448,0.12296659,-0.08229972,0.03780291,0.09530659,0.38500866,0.610656,0.5604313,0.4803629,0.39811075,0.65287393,0.64777863,0.7729766,0.70237076,0.7307586,0.79845285,0.7649697,0.32386553,0.27655238,0.12296659,0.29111028,0.4621655,0.26927343,0.6550576,0.6994592,0.52330863,0.7664255,0.78243923,0.5473292,0.52258074,0.5080229,0.5815402,0.86469126,0.6536018,0.41412446,0.42722657,0.50001603,0.59245867,0.49710447,0.40102234,0.60774446,0.30639607,0.53495497,-0.096129715,0.07783712,0.40393394,-0.0298913,-0.2795592,-0.14271498,-0.1951234,-0.3858318,-0.26208973,-0.31085864,-0.14926603,-0.44770288,-0.59692127,-0.6442344,-0.63113236,-0.61657447,-0.85969126,-0.9281134,-0.8451334,-0.7657929,-0.89099073,-0.9179229,-0.87570494,-0.916467,-0.72648656,-0.9353923,-0.668255,-0.6791734,-0.6951871,-0.68354076,-0.69227546,-0.8327592,-0.4724513,-0.4564376,-0.3756413,-0.4615329,-0.5634381,-0.35598812,-0.1412592,-0.24534814,-0.24462023,-0.18857235,-0.24316444,-0.66971076,-0.9892565,-0.5721729,-0.5561592,-0.5255876,-0.5052066,-0.53286654,-1.0176444,-1.0576786,-0.9019092,-0.723575,-0.6253092,-0.695915,-0.51612496,-0.42368236,-0.55979866,-0.31522602,-0.109959714,0.4046618,0.3151308,0.22268815,0.17027974,0.37336236,-0.35162076,-0.33997446,-0.36545077,-0.83567077,-0.6158466,-0.61657447,-0.5568871,-0.77379966,-0.682085,-0.7890855,-0.6136629,-0.8087386,-0.9201066,-0.97688234,-1.3481086,-1.2855097,-1.1894275,-1.1836045,-1.3255439,-1.5031501,-1.3568434,-1.0431207,-1.1675907,-1.103536,-0.88953495,-1.2847818,-0.97542655,-0.3763692,-0.088122874,0.26199448,-0.14999393,-0.17619814,-0.06410235,-0.31013077,-0.36472288,-0.0852113,-0.11505499,-0.21332078,-0.25917813,-0.21768813,-0.18638867,-0.25845024,-0.27883127,-0.18711655,-0.119422354,-0.12160603,-0.30285183,-0.29702866,-0.4295055,-0.4338729,-0.4739071,-0.40330133,-0.49501604,-0.44624707,-0.25335497,-0.12742919,-0.045177087,0.08147659,0.45852602,0.6128397,0.21540922,0.22268815,0.19211659,0.3406071,0.6652481,0.7664255,0.8632355,0.7758881,0.6703434,0.728575,0.6142955,0.853045,0.9403924,0.86032397,0.8443102,0.6783502,0.838487,1.2097133,1.2519313,1.1456586,1.011726,1.0437534,1.1194544,1.0692297,0.7016429,0.97023594,0.6492345,0.962957,0.97023594,0.56479865,0.95349437,0.84358233,0.75987446,0.4803629,0.44469604,0.4468797,0.5269481,0.3660834,0.22632763,0.20012343,0.2321508,0.3020287,0.16809607,-0.0852113,-0.06555814,-0.004414985,0.05818396,0.07929291,0.13315712,0.34424657,0.5320434,0.42795444,0.6412276,0.5167576,0.3296887,0.49564865,0.762786,0.5174855,0.55169654,0.7416771,0.92292285,0.8290245,0.95131075,1.4877691,1.6428108,1.7367091,1.5052388,1.433905,1.5015992,1.5241641,0.7431329,0.9265623,1.0211886,0.99061704,0.9607734,0.7671534,1.1311008,1.0255561,1.5838515,1.3625712,1.2875981,1.2381012,1.3814965,1.3116187,1.4724834,1.8240566,1.9470707,1.9368802,1.6719265,1.8786488,1.3116187,1.336367,1.1624002,1.3218092,1.4368165,1.6610082,2.126133,1.9157712,2.1377792,2.201106,2.0795476,2.0031188,2.195283,2.2134802,1.8247845,2.008942,2.2455077,2.008942,1.9194108,2.070813,1.8932066,2.1501534,2.519924,2.519924,2.3961818,2.4194744,2.5381212,2.7783265,2.810354,3.0068855,3.197594,2018-04-17
LTC_CPT,-0.21014592,-0.17524458,-0.1760658,-0.2885712,-0.289803,-0.4614353,-0.5903648,-0.6650947,-0.7049233,-0.6297828,-0.62608737,-0.6445645,-0.5846164,-0.49017754,-0.59118605,-0.585027,-0.61417985,-0.65154475,-0.7410563,-0.7554275,-0.7595335,-0.6889097,-0.65811443,-0.6195177,-0.6310146,-0.5620332,-0.52918494,-0.5427348,-0.7463942,-0.77801067,-0.8112696,-0.69753236,-0.72381103,-0.7595335,-0.7570699,-0.6663265,-0.59241784,-0.61582226,-0.5357545,-0.5345228,-0.5542317,-0.5805104,-0.81701803,-0.8030575,-0.7348973,-0.71395653,-0.78458035,-0.7348973,-0.6490811,-0.5041381,-0.35016173,-0.40518263,-0.27378947,-0.29308784,-0.39614934,-0.495926,-0.4495278,-0.4856609,-0.5690135,-0.58133155,-0.5755831,-0.6790552,-0.64661753,-0.6659159,-0.65852505,-0.55176806,-0.5837952,-0.50578046,-0.426534,-0.4018978,-0.4466536,-0.5542317,-0.6728962,-0.8182498,-0.80593175,-0.84699214,-0.8642375,-0.77267283,-0.5833846,-0.58009976,-0.4856609,-0.30376354,-0.21466255,-0.46307772,-0.5365758,-0.5575166,-0.5460197,-0.63553125,-0.64661753,-0.8211241,-0.80593175,-0.7940242,-0.87162834,-0.89215857,-0.9130993,-0.991114,-0.9488219,-0.7307913,-0.66837955,-0.8018257,-0.4992108,-0.40846747,-0.20480806,-0.21137771,-0.17031735,-0.1629265,-0.016751602,-0.13623725,-0.24792144,-0.289803,-0.33907545,-0.2783061,-0.12104491,-0.1518402,-0.03604997,-0.10954801,-0.18633088,-0.12679335,-0.21302013,-0.3916327,-0.4158583,-0.32470432,-0.2672198,-0.28159094,-0.22328524,-0.13541605,-0.18058243,-0.22821248,-0.36206925,-0.16949613,-0.26229256,-0.17729762,-0.27296826,-0.24094118,-0.24011996,-0.30786958,-0.40518263,-0.73038065,-0.71477777,-0.7821167,-0.8301574,-0.92254317,-0.97510046,-1.0596849,-0.9254174,-0.7562487,-0.61746466,-0.56326497,-0.4831973,-0.56654984,-0.5180986,-0.426534,-0.5246683,-0.67330676,-0.64867055,-0.6310146,-0.4877139,-0.5821527,-0.5312379,-0.4540444,-0.5271319,-0.5854376,-0.5969345,-0.48032305,-0.48935637,-0.6297828,-0.6720749,-0.59611326,-0.6540084,-0.61417985,-0.4634883,-0.2085035,-0.24586841,-0.3234725,-0.2787167,0.057978254,-0.04508325,-0.18181425,-0.14896597,-0.043030232,-0.16251588,-0.13746907,0.10109164,0.13393994,0.40247467,0.46488643,0.34211594,0.52442396,0.5297618,0.65869135,0.17417908,0.0969856,0.18321237,0.35320225,0.4677607,0.57903427,0.5757494,0.8327873,0.893146,0.3499174,-0.16949613,-0.36576468,-0.1649795,-0.19372176,-0.15717803,0.10027043,0.053051006,-0.011413756,-0.03030152,0.13640355,0.36716276,0.2661543,0.3589507,0.300645,0.1762321,-0.00032745796,-0.02208945,0.05510403,-0.07505732,-0.057811968,-0.1415751,0.042785924,0.027182985,-0.0504211,-0.09189207,-0.14814475,-0.24422602,-0.2778955,-0.2434048,-0.29349843,-0.21137771,-0.2672198,-0.118170686,-0.2889818,-0.30129993,-0.19084753,-0.04138782,-0.043440834,-0.10256776,-0.08121637,-0.03604997,0.17746392,0.22632574,0.28750566,0.43983963,0.4110974,0.4139716,0.4636546,0.32199636,0.21154399,0.30639344,0.27354515,0.36593094,0.50512564,0.4258791,0.41602463,0.50019836,0.6623868,0.74409693,0.6180416,0.56712675,0.49486053,0.3934414,0.3909778,0.34047353,0.39672625,0.34950683,0.16103975,0.012811857,-0.035639368,-0.0007380616,-0.008950134,0.023487551,0.038269285,0.057157047,0.13640355,0.11423095,0.29284352,0.34499016,0.61763096,0.7892633,0.95186234,1.2446226,1.2614574,1.3312601,1.2762392,1.2421591,1.2569408,1.2269666,1.1333491,1.192476,1.2676164,1.0770963,1.1349915,1.2294303,1.2692589,1.3029284,1.1941184,1.3275646,1.3854598,1.4470502,1.3834066,1.1559323,1.4031156,1.5427209,1.5340983,1.6560476,1.5899403,1.6827369,1.5406679,1.6112916,1.6642597,1.6502992,1.7258502,1.7184594,1.6987504,1.816183,1.9832987,1.8149512,1.7270819,1.782103,1.5267073,1.6314113,1.6190932,1.5550389,1.6375703,1.8018118,1.6979293,1.6642597,1.5443633,1.4564941,1.6088281,1.6695975,1.5521648,1.7796394,1.746791,1.8510842,1.8876281,1.7472017,1.7196913,1.693002,1.5538071,1.4298049,1.580907,1.780871,1.9660534,1.9278673,1.4585471,1.4712758,1.3575387,1.3821748,1.4240564,1.5246544,1.3879234,1.3723204,1.5447739,1.6314113,1.604722,1.5283498,1.3320812,1.4519775,1.5000181,1.5357406,1.4786668,1.3053919,1.1005008,1.2306621,1.233947,1.3501478,1.3472735,1.4618319,1.6022584,1.5447739,1.622378,1.7558243,1.7201018,1.7484334,1.693002,1.7923679,1.7307775,1.394493,1.2031517,1.1395081,1.2520136,0.8434629,0.5396163,0.044017732,0.041964713,0.18074875,-0.16990675,-0.2093247,-0.17113855,0.055514634,0.21606065,0.1643246,0.19594108,-0.0036122866,0.28750566,0.28134662,0.29900256,0.24973013,0.31501612,0.28545263,0.39795804,0.16637762,-0.118170686,0.05756765,0.17171547,0.3375993,0.62912786,0.6320021,0.57616,0.4698137,0.47474095,-0.016751602,-0.11693888,0.051408596,0.23823322,0.22427271,0.018149704,-0.118581295,-0.10256776,-0.10462077,-0.17195976,-0.0040228902,0.06865395,0.13968837,0.10478707,0.0518192,0.06742214,0.05838886,0.12367484,0.16719882,0.31747973,0.2924329,0.3922096,0.31789032,0.20743796,0.29448593,0.49691355,0.4045277,0.3343145,0.12860207,0.14338382,0.21852426,0.083025075,0.032931436,-0.10174655,0.026772382,-0.054937743,-0.026195485,0.21154399,0.020613326,0.10437647,0.12162182,0.023487551,0.19265625,0.29407534,0.31008887,0.26492247,0.370037,0.27395573,0.34622198,0.46447587,0.52237093,0.5092316,0.6320021,0.6410354,0.593816,0.4817212,0.21688184,0.1750003,0.13640355,0.13558234,0.07727662,0.11340974,0.18115935,0.25958464,0.1782851,0.30721465,0.3819445,0.43162757,0.45421073,0.5375633,0.6200946,0.70632136,0.7202819,0.82909185,0.8134889,0.7872103,0.7547726,0.8134889,0.97116065,0.98142576,1.1481308,1.0890039,1.0614935,1.0586193,1.1119977,1.1132295,1.2273773,1.2323046,0.94529265,0.8221116,0.8459265,0.9457032,0.67675793,0.6636186,0.56548434,0.45708498,0.42957455,0.5182649,0.48459542,0.1996365,0.6857912,0.76709074,0.7642165,0.87631124,0.64473087,0.8311448,0.8200586,0.82909185,0.9391335,0.97444546,0.8200586,0.8126677,0.66731405,0.6940033,0.748203,0.8783642,0.90094745,0.6521217,0.6496581,0.5621995,0.57903427,0.69318205,0.8841127,0.8602977,0.687023,0.79788595,0.71617585,0.72438794,0.91121256,1.0873615,1.206026,1.2951269,1.37889,1.4716865,1.6108811,1.4811304,1.5069984,1.8301435,1.3398827,1.1974032,1.1148719,1.0881827,1.1600384,1.214238,1.2368212,1.2117743,1.2721331,1.3021072,1.2384636,1.1731777,1.1403294,1.2158804,1.3829961,1.3694462,1.3501478,1.1058387,1.2138274,1.0840766,0.801992,1.0545132,0.9567895,0.84469473,0.7531302,0.6940033,0.13927777,-0.35508898,-0.103388965,-0.13459484,0.16925184,0.09493258,-0.08614361,0.17294727,0.019381514,0.066600926,0.10766129,0.1655564,0.040732905,0.21154399,0.16802002,0.34170535,0.29366472,0.10150223,0.0854887,-0.040566612,-0.155125,0.012811857,-0.10626319,-0.0027910797,-0.03399695,-0.056580152,-0.23396091,-0.42858702,-0.4195537,-0.5883118,-0.6786446,-0.47457463,-0.61376923,-0.44583234,-0.45240203,-0.40682504,-0.32839975,-0.34441328,-0.48689273,-0.5620332,-0.52836365,-0.6121268,-0.5690135,-0.5977557,-0.6412797,-0.60761017,-0.5858482,-0.48073366,-0.3440027,-0.3801358,-0.31567103,-0.41052046,-0.40887806,-0.5768149,-0.6392267,-0.4466536,-0.45527622,-0.474164,-0.48525032,-0.49346238,-0.5480727,-0.5131714,-0.4831973,-0.53370154,-0.5706559,-0.4273552,-0.28323334,-0.38506305,-0.54560906,-0.5677816,-0.63471,-0.69630057,-0.62239194,-0.6334782,-0.65154475,-0.6150011,-0.4942836,-0.4955154,-0.63512063,-0.5710665,-0.7439306,-0.7755471,-0.88189346,-0.8974964,-0.8917479,-0.88764185,-0.93855673,-0.7369503,-0.64867055,-0.65113413,-0.63512063,-0.98618674,-1.1701372,-1.2674502,-1.4460628,-1.4099298,-1.4357977,-1.3651739,-1.4731627,-1.3561406,-1.4247115,-1.3791344,-1.3955586,-1.4505794,-1.5454289,-1.6599873,-1.5959332,-1.7281474,-1.7605851,-1.5376273,-1.6222117,-1.5179185,-1.5819726,-1.5195608,-1.5565151,-1.521614,-1.6534175,-1.6907824,-1.7770092,-1.6620401,-1.8628255,-1.7051536,-1.974099,-1.9638338,-1.823818,-1.9630127,-1.8357257,-2.0997436,-2.0718226,-2.257005,-2.3038137,-2.1736524,-2.1161678,-1.9921656,-2.0447228,-1.912919,-1.821765,-1.9773837,-2.1888447,-1.900601,-1.7334853,-1.7293792,-1.6698416,-1.4567386,-1.6694311,-1.6920142,-1.5770454,-1.8648783,-1.921131,-2.0356896,-2.0225503,-2.1017966,-2.2717867,-2.360477,-2.2007523,-2.404822,-2.443419,-2.4052327,-2.3112047,-2.3399467,-2.5243077,-2.4832473,-2.436028,-2.591236,-2.585077,-2.6207995,-2.6860855,-2.8031077,-2.9308054,-2.9895217,-2.893851,-2.8026972,2018-04-17
RYN_CUZ,0.47561765,0.42481923,0.6280129,0.74307436,0.861808,0.9223989,1.0117552,0.9995146,0.796933,0.76877964,0.94504404,0.9321914,0.7993811,0.6531061,0.41502672,0.3489276,0.3256705,0.18061957,0.2063248,0.38258922,0.5508972,0.81529385,0.9070982,0.8636441,0.73389393,0.54171675,-0.10519805,-0.1547724,-0.15722051,-0.37449086,-0.42039302,-0.62175065,-0.42957348,-0.6125702,-0.43569377,-0.41610885,-0.2575933,-0.28819475,-0.15966864,-0.12906718,-0.09356949,-0.1608927,-0.09540558,-0.113154426,-0.06541614,0.027612286,-0.17802952,-0.20251067,-0.08989731,0.20877291,0.4713334,0.20081654,-0.051339474,0.05331751,0.15736246,0.13532941,0.27242395,0.050869394,0.121252745,-0.10948225,-0.0005410553,-0.04399512,-0.12294689,-0.19822647,-0.008497435,-0.45038247,-0.377551,-0.42528927,-0.39162767,-0.2153633,-0.09295746,-0.8280045,-0.65908444,-0.56177175,-0.4950606,-0.4118246,-0.29676318,-0.39346376,-0.4448742,-0.3628623,-0.48098394,-0.5807447,-0.5721763,-0.009721493,0.10840013,0.22284958,0.008027352,-0.028694395,0.111460276,0.24794278,0.3636163,0.2148932,0.43216354,0.35688397,0.11084824,0.009863441,-0.25208503,-0.22270763,-0.42284113,-0.29186693,-0.007273376,-0.069700345,0.018431848,-0.060519908,-0.08622514,-0.11193036,-0.24841286,-0.07153644,-0.11193036,-0.2679978,-0.048891354,0.039240845,0.17143914,-0.058071792,-0.23923242,-0.17680545,-0.4656832,-0.3799991,-0.42284113,-0.46017492,-0.62970704,-0.59665745,-0.6633686,-0.7539489,-0.8567698,-0.53239435,-0.65847236,-0.87880284,-1.1640084,-0.9693832,-1.1523799,-0.9338855,-0.73007977,-0.19149415,-0.11254239,-0.107034124,-0.15660849,-0.08561311,-0.32614055,-0.2759542,-0.2679978,-0.14497994,-0.07337252,-0.17068517,-0.19822647,-0.15110022,-0.014005696,0.11084824,0.09432346,0.23631422,0.29751715,0.019043878,0.26079538,0.36973658,0.29384497,0.2375383,0.36484036,0.37463284,0.504383,0.21734132,0.19898044,-0.18598588,-0.31206387,-0.39101565,-0.27779025,-0.47792378,-0.39101565,-0.22699183,-0.3053316,-0.111318335,-0.2594294,-0.36041418,-0.3897916,-0.41304868,-0.35735402,-0.3634743,-0.60094166,-0.77108574,-0.7931188,-0.84820145,-0.75884515,-0.90512013,-0.77598196,-0.6798934,-0.9112404,-0.6774453,-0.6278709,-0.6407236,-0.6272589,-0.64684385,-0.5642199,-0.6046138,-0.015229755,-0.23372416,-0.0519515,-0.016453814,-0.12784313,-0.19088213,-0.11560254,-0.46874332,-0.45833886,0.11329637,-0.7355881,-0.18292575,-0.05378759,-0.12845515,-0.08010484,0.0012950322,0.07596259,0.3244464,0.15246622,0.1371655,0.1977564,0.004967207,0.3336269,0.10656404,-0.13885964,-0.21597531,-0.39958405,-0.5476951,-0.37020665,-0.51709366,-0.649904,-0.7178392,-0.7062107,-0.74354446,-0.5262741,-0.1633408,-0.07398455,-0.047055267,-0.107034124,-0.081940934,-0.091121376,-0.28391054,-0.2998233,-0.20801894,-0.3524578,-0.4173329,-0.251473,-0.24045649,-0.16701299,-0.24963692,-0.2637136,-0.26126546,-0.040934976,0.043525048,-0.031754542,-0.2490249,-0.28758273,-0.10336196,-0.25698125,-0.37632695,-0.33715707,-0.49261248,-0.6168544,-0.26432562,-0.3971359,-0.6101221,-0.52933425,-0.14804009,-0.3971359,-0.4259013,-0.40937653,-0.43385768,-0.36653447,-0.37510288,-0.3885675,-0.35123375,-0.43079752,-0.33348492,-0.188434,-0.2178114,-0.3799991,-0.22699183,-0.26065344,-0.37510288,-0.20373474,-0.37632695,-0.18720995,-0.2594294,-0.107034124,-0.116214566,-0.29676318,-0.4344697,-0.2808504,-0.2239317,-0.05990788,0.02332808,0.13471739,0.33913514,0.23937437,0.19836842,0.38258922,0.31771412,0.22284958,0.15124217,0.252839,0.27854425,0.4713334,0.55028516,0.48112592,0.6114881,0.47439358,0.30669758,0.37096065,0.30241337,0.15369028,0.062497947,-0.0133936675,0.006803294,0.07045433,0.11268433,0.068618245,0.20265262,0.3275066,0.2510029,0.7369541,0.74307436,0.6775873,0.96524096,0.8966937,0.608428,0.7210413,0.672079,0.8024412,0.95238835,0.91750264,0.965853,0.7865284,0.7289977,0.65433013,0.71369696,0.6322971,0.6108761,0.7289977,0.6653467,0.778572,0.56680995,0.51723564,0.49091837,0.35259977,0.28894874,0.3587201,0.28466454,0.33974716,-0.037874833,0.034344606,-0.103973985,0.01047547,-0.1107063,-0.2031227,-0.1296792,-0.17374532,0.058213744,0.30547354,0.4370598,0.49275446,0.440732,0.45052445,0.71369696,0.4309395,0.53314835,0.6114881,0.83487874,0.2124451,0.43889588,0.755927,-0.24168055,-0.3879555,-0.7368121,-0.7490527,-0.69703025,-0.5764605,-0.70376253,-0.6670408,-0.80352324,-0.72946775,-0.51954174,-0.24596475,0.027000256,0.0698423,0.18612783,-0.020738019,0.07290245,0.3507637,0.398502,0.8501795,0.5839468,0.5692581,0.40401024,0.64882183,0.42604327,0.3899336,0.4890823,0.46154097,0.1414497,0.036180694,-0.0005410553,0.11574448,0.079634756,-0.045219183,-0.16823705,-0.24351662,-0.13763559,-0.31818417,-0.3818352,-0.34572548,-0.07765673,-0.40142015,-0.36837056,-0.45589072,-0.3163481,-0.56299585,-0.33899316,-0.34756157,-0.28146243,-0.38489535,-0.5519793,-0.7447685,-0.692134,-0.9540825,-0.86533827,-0.84269315,-0.88798326,-0.7000904,-1.1597242,-0.96081483,-0.83840895,-0.56238383,-0.70070237,-0.5274981,-0.5519793,-0.38061112,-0.42345315,-0.42039302,-0.53790265,-0.61195815,-0.649904,-0.81270367,-0.9112404,-0.7747579,-0.73803616,-0.74599254,-0.78393835,-0.6951941,-0.5972695,-0.41610885,-0.5440229,-0.46017492,-0.51525754,-0.39101565,-0.2912549,0.03312055,-0.26677373,-0.50730115,-0.50424105,-0.60522586,-0.72089934,-0.58686495,-0.32063228,-0.3053316,-0.2698339,-0.1841498,-0.18720995,-0.30349547,0.3073096,0.12492491,0.12002868,0.1432858,0.042913016,0.3421953,0.6280129,0.672079,0.71369696,0.79020065,0.71430904,0.5980235,0.014759674,0.08514302,-0.014005696,0.14634593,0.008639382,0.102279834,0.3324028,0.38503733,0.2571232,0.10595201,0.04107693,-0.042771064,-0.01094555,0.04107693,0.057601713,0.0930994,0.07596259,-0.05439962,-0.17680545,-0.11988674,-0.13518748,-0.10336196,-0.108870216,0.08697911,0.07473853,0.11268433,-0.089285284,-0.22148357,-0.1633408,-0.3946878,-0.31940824,-0.2490249,-0.23311214,-0.67071295,-0.5226019,-0.5085252,-0.25392112,-0.52076584,-0.65847236,-0.5850289,-0.60951006,-0.5134215,-0.65418816,-0.9320494,-0.79373085,-0.7496647,-0.7821023,-0.7949549,-0.67928135,-0.5764605,-0.5317823,-0.57829654,-0.6572483,-0.72518355,-0.6603085,-0.9167487,-0.76312935,-0.7692496,-0.7104949,-0.81882405,-0.9069562,-0.8726826,-0.7606813,-0.83045256,-0.60338974,-0.76129323,-0.7472166,-0.5691161,-0.46690726,-0.5146455,-0.6425596,-0.75945723,-0.7539489,-0.6027777,-0.7814902,-0.8745187,-0.796791,-0.73742414,-0.67622125,-0.5599357,-0.6829536,-0.8420811,-0.65480024,-0.8745187,-0.9540825,-1.0054929,-0.7153911,-0.59910554,-0.45650277,-0.32063228,-0.56544393,-0.4760877,-0.84575325,-1.132795,-1.3396609,-1.255201,-1.0287501,-0.96020275,-0.9589787,-1.0660838,-1.1946099,-1.2631571,-1.1536039,-1.3598578,-1.5079689,-1.4651269,-1.7301354,-1.6805612,-1.7374798,-1.7264633,-1.7760377,-1.5538712,-1.40576,-1.4027,-1.3880111,-1.4755313,-1.4418697,-1.6928017,-1.5379584,-1.3286444,-1.3531255,-1.3353766,-1.4706352,-1.5085809,-1.5550951,-1.5434667,-1.4994005,-1.5177613,-1.5936531,-1.5440786,-1.424733,-1.237452,-1.3023272,-1.4975644,-1.4222847,-1.468187,-1.4547224,-1.4314653,-1.636495,-1.5336741,-1.5257177,-1.5214336,-1.6897415,-1.573456,-1.3929074,-1.2619332,-1.1780851,-1.2001182,-1.0673078,-0.9314374,-0.7649655,-0.79373085,-1.0158974,-1.0452747,-1.1058657,-0.7827143,-0.76312935,-0.58013266,-0.33470896,-0.29798722,-0.08377702,0.07841071,0.09003925,0.24794278,0.17205116,0.15981059,0.25345105,-0.47731173,-0.16395284,0.3324028,0.32016224,0.44256806,0.15430231,0.01047547,0.26385552,0.50927925,0.3244464,0.5937393,0.41013053,0.55885357,0.32689455,-0.3065556,-0.19210619,-0.16028066,-0.13947168,-0.26126546,-0.3487856,-0.34450144,-0.43324566,-0.20006256,-0.2741181,-0.272282,0.020879965,0.21611725,0.20571277,0.12737304,0.11635651,0.09003925,-0.014617726,0.1432858,0.2148932,0.3189382,0.41135457,0.4915304,0.54967314,0.39238167,0.4541966,0.6818714,1.0007386,0.7693916,0.9217869,1.1990361,1.0588814,0.9046501,0.8214141,1.1739429,1.3361306,1.5007663,1.1972,1.052149,1.0129793,1.2528945,1.006859,1.2027082,1.3630599,1.3275621,1.7486383,1.3263382,1.9004214,2.2388735,2.7896998,2.7627704,2.6287363,2.650157,2.7015676,2.7162564,2.6201677,2.8098967,2.9996257,2.9524994,2.9206738,2.9769807,2.8288698,2.937811,2.9139419,3.0791895,3.0051339,3.1122391,3.3564389,3.216896,3.237705,3.1373322,3.1440647,3.1667097,3.3001323,3.7028475,3.4978175,3.2909515,3.4715002,3.131824,3.1183593,3.318493,3.0467522,3.362559,3.4629319,3.5602443,3.5957422,3.653885,3.8430018,4.076797,4.1716614,4.124535,3.861363,2018-04-17
OPI_DHC,0.37945744,0.31474835,0.34928408,0.073361725,-0.2603626,-0.41559163,-0.5508263,-0.2894453,-0.24800242,-0.34833783,-0.25781783,-0.21710204,-0.16620724,-0.25890845,-0.27490395,-0.41268334,-0.5929963,-0.3472472,-0.47193938,-0.55264395,-0.56900305,-0.553371,-0.53773904,-0.6246237,-0.55300754,-0.20037946,-0.10113464,-0.08913802,0.10099031,-0.22073737,0.38890934,0.48815414,0.47870225,0.4961519,0.39836118,0.43144283,0.37255028,0.4132661,0.46925035,0.55977035,0.8316938,0.7680753,0.7189983,0.7011851,0.5492279,0.6063027,0.631023,0.497606,0.3525559,0.39036345,0.27766788,0.39327174,0.45616314,0.5390489,0.55504435,0.90003824,1.0225492,1.2094057,1.0214586,1.2043163,0.7677118,0.50015074,0.56740457,0.5103297,0.41835558,0.375095,0.1584287,-0.21019489,-0.17565913,-0.24109527,-0.53410375,-0.3138021,-0.39014423,-0.3985055,-0.659523,-0.6936952,-0.5849985,-0.4919338,-0.5780914,-0.4773924,-0.4174093,-0.4006867,-0.31307504,-0.28362876,-0.40541267,-0.4999315,-0.41050214,-0.26108965,-0.08150381,0.018104536,-0.106587656,-0.20728661,-0.056783486,0.05918389,-0.054238748,0.01483273,0.06936284,-0.06623537,-0.071688384,0.015923332,-0.05023987,-0.1847475,-0.20437832,-0.17747681,-0.26072612,-0.26108965,-0.22182798,-0.22655392,-0.3203457,-0.37124047,-0.32070926,-0.38105586,-0.3308882,-0.32507166,-0.21710204,-0.040787987,0.0024725706,0.13516252,0.26930657,0.33074385,0.44562063,0.48779058,0.6444738,0.6361125,0.48124698,0.58630836,0.94075406,0.8629578,0.82260543,0.9502059,0.61648166,0.74480915,0.7288137,0.90803593,0.9280303,1.0716263,1.1766876,0.9974653,1.0934383,1.2744783,1.3693607,1.1399707,1.2486674,1.2933822,1.6103839,1.7187171,1.7685212,1.829595,1.8983029,1.8968488,1.9902769,1.9386553,1.8266867,1.7616142,1.4867823,1.4696963,1.249031,1.3773584,1.4118942,1.4533371,1.3689972,1.6020226,1.1265199,1.3308262,1.1014361,1.1050714,0.8789532,1.1010725,0.90331,0.9447529,0.8495069,0.8676837,0.69427794,0.69754976,0.017741002,0.21259525,-0.036062043,-0.21928322,-0.66570306,-0.78530586,-1.032509,-1.1259372,-1.2469941,-1.4792923,-1.6327038,-1.3611438,-1.5461825,-1.404768,-1.5996221,-1.5011045,-1.1397516,-0.80311906,-0.7693103,-1.1023076,-1.2902547,-1.3338788,-1.3436942,-1.299343,-1.4734758,-0.7424088,-0.5551887,-0.38723597,-0.47666535,-0.6271685,-0.6268049,-1.2088231,-0.9459879,-1.0150594,-0.8020284,-0.8463796,-0.8027555,-0.6864245,-0.78639644,-0.5751831,-0.91835934,-0.776581,-0.9979732,-1.2099137,-0.9972462,-0.87437165,-0.5915421,-0.61953425,-0.775854,-0.7856694,-0.5486451,-0.6551606,-0.5286507,-0.6351662,-0.2563637,-0.64280045,-0.5013856,-0.44976383,-0.24727537,0.00865265,-0.14075986,0.20459752,0.14970388,-0.008433453,0.13298132,0.11553167,0.000291366,-0.044423327,-0.115676,-0.086956814,0.17842308,0.24785806,0.37000555,0.2842115,0.26385358,0.5172368,0.47324926,0.41799203,0.6259335,0.67137533,1.008735,1.1337906,1.440977,1.415166,1.4329791,1.4238908,1.1156139,1.1726888,1.2973809,1.334098,1.3522747,1.4220731,1.1806865,0.88949573,0.79206854,0.6103016,0.5634057,0.46561503,0.50196844,0.50342256,0.44889244,0.62738764,0.7542611,0.9174878,0.96365666,0.8269679,0.9011288,0.75644225,1.0981642,1.3799032,1.261391,0.70191216,0.6561068,0.64774555,0.78407085,0.3939988,0.23331672,0.48560938,0.62048054,0.6564704,0.99092174,0.839328,1.0730804,1.0916207,1.9422905,1.9422905,1.925568,1.6892707,1.4827834,1.473695,1.4911448,1.6896342,2.097883,2.0717087,1.7710661,1.7368938,1.0505414,1.0305469,0.97674394,1.0123702,1.2054068,1.3250096,1.2035892,1.1239752,1.4656974,1.472241,1.4082589,1.3802667,1.2446685,1.5929343,1.8339574,1.7136277,1.7943321,1.6020226,1.6685494,1.5736669,1.6118381,1.5645785,1.5907531,1.5831188,1.3911728,1.3540922,1.5747575,1.6754565,1.6122016,1.3635441,0.86513895,0.83023965,0.8560506,0.95129657,0.5623151,0.73899263,0.57285756,0.6444738,0.6517445,0.41181198,0.3198378,0.42308155,0.4961519,0.38818222,0.34019572,0.2504028,0.23986033,0.22277421,0.037735377,-0.025156021,-0.21819264,-0.16329898,-0.13894218,-0.4770289,-0.41377395,-0.36360624,-0.83111113,-1.3015242,-1.1804674,-1.3273351,-1.4004055,-1.1808308,-1.1077605,-0.8969108,-0.7947578,-0.867101,-0.83111113,-0.7184155,-0.6337121,-0.64243686,-0.9078168,-1.268079,-1.6428827,-2.0075073,-2.2852473,-2.2757957,-1.5756289,-0.88055176,-0.34397542,-0.15639183,0.1413426,0.45798078,0.37400442,0.42308155,0.33837807,0.38527396,0.62993246,0.84296334,0.7313584,1.1545122,0.8276949,0.8753179,0.80006635,0.7055475,0.6662858,0.82405955,0.5085121,0.8840427,0.91130775,0.95965785,1.026548,1.1963185,1.2224929,1.2304907,0.9749262,0.956386,1.0425435,0.8266043,0.96111196,0.91894203,0.7506257,0.56413275,0.55504435,0.45979846,0.18024074,0.11734935,0.27548668,0.6168452,0.4387135,0.3896364,0.2576735,0.69936746,0.9436623,0.8138807,0.66228694,0.48560938,0.721543,0.68991554,0.7189983,0.8160618,0.7877062,0.7484445,0.758987,0.72081596,0.24894868,0.21041405,0.16133697,0.3154754,0.32601792,0.31692955,0.16424523,-0.046604533,0.31074947,0.41581085,0.37800327,0.032282364,-0.1316715,-0.22619037,-0.1124042,-0.13094445,0.24458626,0.5245075,0.61320984,0.42126387,0.12316588,0.10426212,0.092265494,-0.019339474,0.24567686,0.3227461,-0.10295231,-0.1251279,-0.20874074,-0.13421623,-0.113494806,0.060638025,0.0035631729,0.26458064,0.46597853,0.3790939,0.3016611,0.4779752,0.4485289,0.26785246,0.2940269,0.23731558,0.4387135,0.67101175,0.2685795,0.29875284,0.27875847,0.32965323,0.35982656,0.46452442,0.497606,0.46670562,0.47652104,0.5448654,0.3278356,0.29766226,0.061365094,0.09044782,0.012287992,-0.077504925,-0.07677786,-0.27235922,-0.13857865,-0.09022862,0.09481023,-0.024428954,-0.29053593,-0.14948468,0.3547371,0.42417213,0.3845469,0.04682373,-0.14803055,0.55359024,0.61211926,0.85677767,0.75280696,0.87131906,0.9465706,0.91966903,0.860413,0.8218784,0.79933923,0.5837636,0.5070579,0.8095182,0.91203487,0.9174878,1.1021632,1.1723253,1.2304907,1.3188295,1.4686056,1.3799032,1.4395229,1.3035611,1.0487237,1.0581756,1.234126,0.93348336,1.008735,0.8644119,0.4539819,0.52959704,-1.8246497,-1.9591573,-2.0369537,-2.1212935,-2.2139947,-1.8362828,-1.6883245,-1.7217696,-1.6803267,-1.6897784,-1.747944,-1.5043762,-1.38441,-1.3865912,-1.3651427,-1.3655063,-1.6679665,-1.4865631,-1.566177,-1.3651427,-1.0565022,-1.1437504,-1.6043481,-1.0655906,-1.2473576,-0.5181082,-0.3875995,-0.355245,-0.58572555,-0.8260217,-0.64825344,-0.6391651,-0.64425457,-0.54573685,-0.7333204,-0.82529455,-0.6966035,-0.8525596,-1.0172406,-0.9641646,-1.0132416,-1.0728613,-1.1219383,-1.1626542,-1.0914016,-1.0506858,-1.1302997,-1.352419,-1.3124303,-1.4091303,-1.4901984,-1.4672956,-1.4280341,-1.14884,-1.0481409,-1.2360882,-1.4280341,-1.4302154,-1.3120667,-1.112123,-0.86201155,-0.67115605,-0.5231977,-0.4130469,-0.7816705,-0.66025007,-0.32143632,-0.3181645,-0.49920446,-0.20110652,-0.14984821,-0.25927198,-0.22219151,-0.17238733,0.011197388,0.049732003,0.010106786,-0.04696806,-0.14730348,-0.20728661,-0.51083755,-0.44067547,-0.27890283,-0.40214083,-0.22001031,-0.27090508,-0.3705134,-0.076414324,0.018104536,0.18278548,0.027192889,-0.008796986,0.03555417,-0.0051616454,0.07190758,-0.26181674,-0.44176608,-0.45194504,-0.3308882,-0.3705134,-0.4304965,-0.6271685,-0.57336545,-0.5740925,-0.5362849,-0.4541262,-0.28217465,-0.35160965,-0.34433898,-0.41268334,-0.49484202,-0.8162062,-0.707146,-0.72495914,-0.6202613,-0.611173,-0.6518888,-0.6082647,-0.5362849,-0.8169333,-0.76385736,-0.37632993,-0.59372336,-0.44976383,-0.67297375,-0.5177447,-0.49556914,-0.38214648,-0.4570345,-0.47521123,-0.7245956,-0.81111676,-0.45485333,-0.14948468,-7.21681e-05,0.12898242,0.17078885,0.15770163,0.07736059,0.0624557,0.18787496,0.26385358,0.3278356,0.1947821,0.37800327,0.40199652,0.44234884,0.04682373,0.027919956,0.005744377,0.27221486,0.06100156,0.10317152,-0.029154895,-0.028791364,0.25694644,0.18024074,0.11480461,0.16642645,0.17260653,-0.0018898385,-0.0931369,0.037735377,-0.14803055,0.02392108,-0.06623537,-0.87909764,-0.8002107,-1.3429672,-1.7584865,-1.6425191,-2.278704,-2.2009075,-2.073307,-2.0122333,-2.296517,-2.2819755,-2.2950628,-2.3477752,-2.3684967,-2.3103313,-2.2212656,-2.139834,-2.0907567,-2.111478,-2.1601915,-2.2125406,-2.0315006,-2.1914556,-1.9424347,-2.0213215,-2.0293193,-2.9054365,-3.3165936,-3.506722,-3.7837348,-3.2478857,-3.1457326,-3.055576,-2.9501512,-3.059575,-3.194446,2018-04-17
WY_DHC,-0.7091786,-0.69716793,-0.75398755,-0.7124123,-0.5488827,-0.67961395,-0.7281185,-0.6246422,-0.3641036,-0.26570866,-0.236144,-0.37657616,-0.30127868,-0.23060064,-0.34285396,-0.4481781,-0.23706791,-0.2070413,-0.23198646,-0.18348196,-0.09986938,-0.13128184,-0.14283052,-0.23660597,-0.29250166,-0.21443245,-0.2513883,-0.27956712,-0.25462192,-0.32668582,-0.1252765,0.10893108,0.1708321,0.14172938,0.15697366,0.44338134,0.3163457,0.30248722,0.23689064,0.26414558,0.25167298,0.26137388,0.18007104,0.23642871,0.0821381,0.113088615,0.24843933,0.20594014,0.13110457,0.1689843,-0.0019364196,-0.042587835,-0.054136533,0.058116812,-0.08554899,-0.024109919,-0.12435261,-0.22043778,-0.22228557,-0.25877947,-0.36872303,-0.37611422,-0.45556927,-0.35902217,-0.3585602,-0.32714775,-0.22829089,-0.19318286,-0.1599226,-0.035658617,-0.09663574,-0.08462509,0.053959273,0.051649537,-0.108184434,-0.056908224,-0.027343554,0.047030054,-0.069842756,-0.007941742,-0.07076665,-0.16869962,-0.25785556,-0.6634458,-1.0330042,-0.9198269,-0.7877098,-0.7124123,-0.7368955,-0.7798566,-0.78632396,-0.7558354,-0.8228178,-0.759069,-0.8274373,-0.6902388,-0.73273796,-0.8274373,-0.7784708,-0.46111265,-0.46757987,-0.5923058,-0.6408103,-0.79879653,-0.89211,-0.9969722,-1.0288466,-1.0644165,-1.0639547,-0.9669456,-1.0671883,-0.97156507,-0.8995012,-0.98634744,-0.92675614,-0.7632265,-0.6385006,-0.6579024,-0.54426324,-0.52486145,-0.5082313,-0.3701089,-0.45372146,-0.4851339,-0.4472542,-0.17793857,-0.020414336,-0.23198646,-0.27771932,-0.07584808,-0.12573847,0.0031450074,0.4207459,0.5759604,0.61476403,0.6854421,0.5584064,0.29463413,0.20501624,0.44245747,0.37362722,0.31495982,0.5999817,0.83603704,1.2388556,1.2231494,1.27073,1.1972803,1.2425512,1.2767353,1.2855123,1.200514,1.1520094,1.101657,1.0480711,1.208829,1.101657,1.0258976,0.9117965,0.87206906,0.7279413,0.59074277,0.5390046,0.7561201,0.7150067,0.35976878,0.38748565,0.5362329,0.5999817,0.63508976,0.54731965,0.5112877,0.40873525,0.32604656,0.19993481,0.12509924,-0.113265865,-0.40244526,-0.50037813,-0.6227944,-0.78078055,-0.8496108,-0.9932767,-1.2431904,-1.3836225,-1.521283,-1.4450617,-1.4104155,-1.7074481,-1.7240783,-1.6483188,-1.5831841,-1.2168595,-1.1046062,-1.3831607,-1.4372087,-1.3651446,-1.9947795,-2.1462984,-1.9869266,-2.1088808,-2.1814065,-2.1014895,-1.8118483,-1.725926,-1.9402696,-2.2363784,-2.0058663,-1.716225,-1.5231309,-1.531446,-1.4529148,-1.3923995,-1.2621304,-1.1549584,-1.1521868,-1.0764272,-1.1152309,-0.9881952,-0.97387487,-0.7119503,-0.6057023,-0.5331765,-0.43709135,-0.42554265,-0.32576188,-0.27263787,-0.22089972,-0.0730764,-0.18671559,-0.14467832,-0.09617379,-0.074924186,-0.0010125238,-0.12342872,-0.025495762,0.012845914,-0.12758625,-0.1040269,-0.09063041,0.017927341,-0.005632003,-0.032424983,0.088605374,0.102925755,0.08814342,0.1777613,0.05719291,0.14126742,0.27153674,0.34406257,0.1468108,0.24936324,0.27338454,0.19531533,0.26275972,0.29879168,-0.00840369,-0.1289721,-0.09940743,-0.19041117,-0.47266132,-0.37519032,-0.3433159,-0.26570866,-0.3479354,-0.404755,-0.4851339,-0.5160844,-0.5668987,-0.55765975,-0.40152135,-0.4107603,-0.28649634,-0.35024515,-0.28326267,-0.26247504,-0.29943088,-0.34146816,-0.48744363,-0.45880288,-0.4832861,-0.48882946,-0.6555927,-0.55765975,-0.89303386,-1.2256365,-1.2861515,-1.3642209,-1.5004954,-1.4325892,-1.5753311,-1.4977238,-1.2436523,-1.8913032,-2.372653,-2.122739,-1.6538621,-1.3632969,-1.2385709,-1.4681591,-1.4016385,-1.3452809,-1.2552011,-1.087976,-0.89626753,-0.8990392,-0.8380621,-0.892572,-0.8542303,-0.97988015,-0.82512754,-0.80711156,-0.82097,-0.7447486,-0.4966826,-0.5604314,-0.82420367,-0.79048145,-0.80387795,-0.8754799,-0.87501794,-0.84914887,-0.69301045,-0.80203015,-0.9170552,-0.75121593,-0.7844761,-1.069036,-1.0667263,-1.0694981,-1.0048254,-1.079199,-1.1258557,-1.1905284,-1.1872947,-1.2630543,-1.1480291,-1.1956098,-1.0944432,-1.1318611,-1.1410999,-1.1683549,-1.3041675,-1.3258791,-1.4464476,-1.4127253,-1.5416088,-1.3013959,-1.4616919,-1.5596248,-1.4529148,-1.5245167,-1.6090533,-1.690356,-1.7203826,-1.2196312,-1.2020772,-1.4381324,-1.290771,-1.1517248,-1.2445763,-1.1018344,-1.1526486,-1.2418046,-1.1632735,-1.0584112,-1.1346327,-1.1734363,-1.2759888,-1.1281654,-1.1872947,-1.0579493,-0.9747987,-0.98449963,-0.9803421,-1.0741175,-1.0925955,-1.1410999,-1.1092256,-1.2672118,-0.9646359,-1.2755268,-1.424274,-1.4399803,-1.5457664,-1.3887041,-1.2838418,-1.0454768,-0.9503155,-0.68608123,-0.626028,-0.85700196,-0.6786901,-0.41861343,-0.46434623,-0.4056789,0.014693706,0.19531533,0.35283956,0.17822327,0.23319505,-0.021800179,-0.12481457,-0.17886247,-0.12620041,-0.05321264,0.2230322,0.17221794,0.44661498,0.4082733,0.4138167,0.56718343,0.26968893,0.17452767,-0.014870961,-0.098945476,-0.32252827,-0.26432285,-0.106336646,-0.2070413,-0.29157776,-0.3497832,-0.52948093,-0.5317907,-0.70040166,-0.63572896,-0.59877306,-0.5188561,-0.5183941,-0.4481781,-0.45880288,-0.36548942,-0.5516544,-0.57706153,-0.7281185,-0.6907007,-0.72118926,-0.7817045,-0.7650743,-0.5239375,-0.09802158,-0.23244843,-0.35394073,-0.42739046,-0.38858682,-0.43709135,-0.33823448,-0.16361819,-0.42923823,-0.19826427,-0.13451548,0.19531533,0.14403911,0.35468736,0.20640208,0.32604656,0.19623923,0.22534195,0.2983297,0.22580388,0.18884806,0.061350446,0.12140367,0.06596993,0.32835633,0.41936007,0.32835633,0.25444466,0.19993481,0.37177944,0.34406257,0.36254048,0.37362722,0.3819423,0.4313707,0.35838294,0.14496301,0.22996143,0.15697366,0.14588691,0.21748883,0.07336109,0.1671365,0.22349414,0.15143028,0.30572087,0.35145372,0.10708328,0.14958249,0.14265326,0.2576783,0.3976485,0.313574,0.15143028,0.14450106,0.083062,0.14588691,-0.0010125238,-0.07261445,0.0114600705,-0.062913544,0.13895768,-0.20565544,-0.04628342,0.049801745,-0.1714713,-0.2855724,-0.15622702,-0.24630687,-0.2592414,-0.14606418,-0.10310301,-0.10448885,-0.18763947,-0.38535318,-0.5350243,-0.28880608,-0.2707901,-0.4075267,-0.5257853,-0.43801525,-0.37149474,-0.42277098,-0.39182046,-0.34100616,-0.37149474,-0.3045123,-0.39597797,-0.24030153,-0.3054362,-0.29712114,-0.21766609,-0.2707901,-0.41029838,-0.1954926,-0.12204288,-0.06707107,-0.07538614,-0.13682522,-0.1492978,-0.04766926,-0.07400029,-0.16869962,-0.069842756,-0.007941742,-0.26247504,-0.40521693,-0.22551921,-0.0120992735,0.12602314,0.12879483,0.025780456,-0.18440583,-0.19965012,-0.038430303,0.073823035,0.13618599,0.0484159,0.21933661,0.30248722,0.19762507,0.44800085,0.5293037,0.71038723,0.624003,0.5949003,0.48495668,0.6457146,0.13202848,0.12325145,0.2442818,-0.041201994,0.26645532,0.21748883,0.17314184,0.057654858,0.027628247,-0.042587835,0.00037331998,-0.113265865,-0.20288377,-0.23937765,-0.45972678,-0.42877626,-0.42508072,-0.413532,-0.4745091,-0.45926484,-0.39043462,-0.32807162,-0.4417108,-0.3932063,-0.11095612,-0.32622385,-0.22644311,0.12001782,0.19300559,0.29093856,0.16205509,0.18284273,0.2017826,0.1574356,0.02670435,0.20039675,0.21933661,0.29278633,0.36392632,0.46047342,0.508978,0.5251461,0.6041392,0.5981339,0.5921286,0.6669642,0.6124543,0.6665022,0.69606686,0.70807755,0.6544916,0.74226165,0.7685927,0.85312915,0.916878,0.9510621,0.95244795,1.0328269,1.0203543,1.1496997,1.031441,1.0993474,1.0531526,1.1672536,1.3363266,1.3797497,1.5381978,1.4689057,1.3765161,1.4102383,1.3330929,1.3991516,1.5437412,1.5331165,1.3806736,1.2508662,1.3511089,1.5377359,1.4790685,1.3557284,1.3063,1.2818168,1.3123053,1.3293974,1.1233686,1.2467086,1.1035049,1.2282307,1.1584766,1.0508429,1.1510855,1.2407035,1.368201,1.2744256,1.2850504,1.3298594,1.3372505,1.271192,1.218068,1.2892079,1.3330929,1.3224682,1.2776593,1.1067384,1.1279881,1.1312217,1.1603245,1.182036,1.1681776,1.3529567,1.3099955,1.4060807,1.536812,1.528035,1.4264065,1.4975464,1.6361308,1.4342595,1.5220298,1.6744725,1.8236816,1.8560182,2.0190856,2.4579363,2.4440777,2.5281522,2.3304386,2.3692424,2.4948921,2.504593,1.9631901,1.83754,1.6823256,1.6190388,1.4384172,1.3737444,1.6504512,1.6065661,1.981206,1.8754199,1.9031367,1.9119138,1.9516413,1.9631901,2.0814488,2.255603,2.3937256,2.230196,2.0015318,2.1341107,1.7474602,1.8019701,1.7576231,1.8754199,2.0075371,2.026939,2.247288,2.1364205,2.2777767,2.291635,2.2315817,2.248674,2.2990263,2.264842,1.9507174,2.1447356,2.2311199,2.0943832,2.17661,2.123486,2.0486503,2.1650612,2.4219043,2.3267431,2.292559,2.3604653,2.5276904,2.699535,2.779452,2.8113263,2.9489868,2018-04-17
HIW_DRE,0.93723273,0.96062773,0.6260084,0.2431812,0.08296093,0.15598167,-0.032596163,-0.11128842,0.22971135,0.062401697,-0.09498282,0.028372612,-0.050319646,0.009940194,-0.04535707,0.055312306,0.034753066,0.08296093,0.14676547,-0.14106387,0.10139336,0.25097954,0.19284652,-0.046066005,0.22758454,0.109191686,0.21340576,0.1254973,-0.021253133,-0.034014042,-0.08505766,-0.052446462,-0.04323025,-0.036849797,-0.024088893,0.13684031,0.097848654,0.25523317,0.13825819,0.0950129,-0.13610129,-0.18572703,-0.27576232,-0.21762931,-0.35232776,-0.4111697,-0.29561263,-0.37076017,-0.36083505,-0.24882264,-0.14815326,-0.221174,-0.14744432,-0.0964007,-0.09923645,-0.078677215,-0.091438115,-0.01416374,-0.03755874,-0.13610129,-0.116251,-0.24598688,-0.28923216,-0.24740475,-0.29206792,-0.25236735,-0.3622529,-0.25945672,-0.116251,-0.28143385,-0.2970305,-0.24740475,-0.30766457,-0.37076017,-0.2105399,-0.22897235,-0.20345052,-0.18289128,-0.105616905,-0.20415945,-0.40620714,-0.37784958,-0.38564792,-0.8301528,-0.95350826,-0.82235444,-0.746498,-0.79470587,-1.0073876,-1.2696952,-1.2860007,-1.2838739,-1.3895059,-1.3023064,-1.3164852,-1.235666,-1.1151464,-1.1108928,-1.0073876,-1.0229843,-0.8783606,-0.9932089,-0.9960446,-1.1562649,-1.1534292,-1.2782024,-1.376745,-1.4433852,-1.260479,-1.260479,-1.3490963,-1.247009,-1.1108928,-1.1264894,-1.0697743,-0.92798644,-1.0761547,-1.0889157,-1.0364542,-0.956344,-0.8103025,-0.7798181,-0.73940855,-0.6444107,-0.47001168,-0.3353132,-0.30341095,-0.09781857,-0.06166267,0.10281123,0.13896713,0.06807321,0.23538287,0.17157833,0.004977619,0.08579669,-0.048901763,-0.20699522,-0.012036923,0.31265727,0.16378002,0.037588824,0.09359502,0.25168848,0.5430625,0.735185,0.7295136,0.770632,0.5544055,0.51824963,0.63522464,0.31761983,0.32541814,0.014193829,-0.25591204,-0.40833396,-0.46504912,-0.53027153,-0.6004565,-0.7798181,-0.8379512,-0.5806062,-0.4288932,-0.34098473,-0.4345647,-0.36508867,-0.45725074,-0.09710963,0.035462007,0.06098382,0.047513973,0.073035784,-0.0070743486,-0.124758266,-0.26016566,-0.025506768,-0.053155404,-0.42109486,-0.48915303,-0.26796398,-0.46292228,-0.6245604,-0.5253089,-0.87481594,-0.74011755,-1.0485061,-0.9655602,-0.7791092,-0.7500427,-0.51113015,-0.45795974,-0.44094515,-0.1942343,-0.30199307,-0.28072488,-0.17367508,0.22758454,0.35023102,0.3140751,0.33038074,0.3098215,0.12053472,0.06949109,0.16519788,0.35377574,0.4799669,0.46791497,0.4544451,0.4579898,0.7848108,0.8344366,0.55865914,0.1907197,0.3800065,0.665709,0.79828066,0.7869376,1.0173428,0.9088751,1.0251412,0.97976905,1.0513719,1.1484966,1.2144281,1.1194301,0.9982015,0.8500332,0.8961143,0.8883159,0.6798878,0.69902915,0.6805967,1.1286464,1.2590911,1.1548771,1.343455,1.0726402,1.0308127,0.969844,0.65791065,0.72029734,0.80182534,1.0074177,1.1024156,1.0173428,1.2172637,1.038611,1.3002096,1.1924509,1.0081267,0.9967836,1.050663,1.156295,1.2016671,1.343455,1.0435736,1.3633052,1.0081267,1.2881577,1.0981619,1.22648,1.0379021,0.9960747,0.71391684,0.5735469,0.4111998,0.35448468,0.027663674,-0.11695994,-0.32893276,-0.06308055,0.06665533,0.25168848,0.49201888,0.49839935,0.6338067,0.9152556,0.9258897,0.7975717,0.6281352,0.41049087,0.5331373,0.7054096,0.66712683,0.5154139,0.6437319,0.52037644,0.28004605,0.17228729,-0.12617615,-0.08434873,-0.11128842,0.12904198,0.45586297,0.40481934,0.32400027,0.6798878,0.9485758,1.0208876,1.0960351,1.2782325,1.2250621,1.062006,1.1399894,1.1768541,1.0939083,0.92801654,0.89256954,0.78764653,0.8351455,0.95353836,1.0839832,1.1860704,1.1825258,1.1414073,1.2505839,1.1123407,1.191742,1.0924904,1.1683469,1.0988709,1.1704738,1.0464094,1.0563345,0.9577919,0.840817,0.887607,0.60544914,0.53668207,0.35023102,0.18859288,0.5154139,0.51328707,0.25806892,0.28075498,0.29989636,0.32116452,0.30556786,0.22120409,0.11699002,0.1850482,0.21624152,0.30060527,0.3587383,0.44239315,0.5544055,0.43813947,0.121243656,0.22829348,0.11557214,0.14605653,0.11982577,-0.009910106,0.09997548,0.08366987,0.096430786,0.38426012,0.2772103,0.27295664,0.28217286,0.33392543,0.13542244,0.2864265,0.0021418617,0.019156404,-0.32538807,-0.029760405,-0.08293085,0.01277595,-0.049610704,0.11131851,0.5239212,0.54944295,0.5232122,0.55865914,0.43955737,0.35448468,0.15881744,0.27295664,-0.08789342,0.1184079,-0.10490797,-0.11766887,-0.23464385,-0.42251277,-0.5699721,-0.60541904,-0.49340665,-0.19494325,-0.40053564,-0.14460856,-0.27079976,0.42112494,0.42821434,0.41403556,0.19497333,0.33250755,0.06665533,-0.17083931,-0.099945396,-0.23109916,-0.24811369,-0.56146485,-0.43102,-0.48206365,-0.5472861,-0.6032923,-0.73090136,-0.81668293,-0.64299285,-0.54232347,-0.57493466,-0.349492,-0.26938188,-0.19990583,-0.221174,-0.04464813,-0.047483888,0.22191302,0.39064056,0.53668207,0.46578813,0.39489418,0.46791497,0.7174615,0.76496047,0.91383773,1.3136795,1.4051327,1.4228561,1.0882368,1.027977,0.77843034,0.9521205,1.0301037,1.2753968,1.3165152,1.2399497,1.4951679,1.8071012,2.158026,2.1849658,2.627344,2.813086,2.8598762,2.5904791,1.8595626,1.6390826,1.3966254,1.3165152,1.3746482,1.0903636,1.1747273,1.2683073,1.1846526,1.1293553,1.3597605,1.9744109,2.122579,2.2239575,2.5656662,2.5493605,2.5132048,2.534473,2.6287618,2.367872,2.103438,1.8283694,1.8971366,1.7142302,1.4398706,1.1116318,0.8635031,1.1066692,1.1803988,1.1945776,1.0690955,1.0719311,0.9521205,0.90462154,0.8528689,0.76354265,0.5763827,0.65791065,0.55156976,0.52463007,0.48989207,0.2736656,0.3084036,0.60403126,0.42608753,0.43743056,0.5395178,0.6238816,0.5912704,0.3764618,0.2375097,0.36653665,0.4168713,0.6593285,0.71462584,0.6572017,0.60615814,0.7408565,0.73731184,0.2034806,0.21057,0.26019576,0.097848654,-0.15028007,0.0028508012,0.1148632,-0.2899411,-0.2842696,-0.18714492,-0.2863964,-0.4274753,-0.51467484,-0.57493466,-0.8535478,-0.6082548,-0.5082944,-0.5487039,-0.38493896,-0.3530367,-0.31262717,-0.39911777,-0.49340665,-0.63519454,-0.64866436,-0.606837,-0.3927373,-0.55437547,-0.47001168,-0.44945243,-0.16729462,0.18221243,0.3750439,0.50265294,0.33676118,0.2956427,0.23821862,0.47642222,0.50761557,0.60544914,0.73376715,0.9613366,1.016634,0.6642911,0.026954733,0.06594639,0.5232122,0.3133662,0.15952636,-0.10136327,-0.35729036,-0.47851896,-0.33035064,-0.25662094,-0.13893704,-0.18643598,-0.5607559,-0.46575806,-0.10703478,-0.10136327,-0.18360022,-0.07584146,0.063110635,-0.38281217,-0.31971657,0.063110635,0.009940194,-0.42960215,-0.36296186,-0.5742257,-0.39769986,-0.65788054,-0.65788054,-0.16445886,-0.32042548,-0.45866865,-0.38635686,-0.085766606,0.13896713,-0.37217805,-0.59265816,-0.5898224,-0.71388674,-0.58131516,-0.43102,-0.5550844,-0.7117599,-0.52105534,-0.23322597,-0.046066005,-0.16800356,-0.1616231,-0.12334038,-0.19848795,-0.49269772,-0.31971657,-0.22968127,-0.1524069,-0.24244219,-0.22259189,-0.24173324,-0.20345052,-0.22259189,-0.105616905,0.14960122,0.3084036,0.39064056,0.19142865,0.3424327,0.36015618,0.5388089,0.5622038,0.63097095,0.5884346,0.60757595,0.6373514,0.6820146,0.525339,0.45728084,0.54731613,0.7018649,0.50761557,0.43459478,0.24601696,0.30344105,0.010649133,0.07587154,0.014902769,0.034753066,0.02199216,-0.0042385915,-0.19707006,-0.20415945,-0.18218234,-0.13893704,-0.16729462,0.09572185,0.0227011,0.04113352,0.16378002,0.21836834,0.056021247,0.19993591,0.073035784,-0.16233204,-0.24740475,-0.3587082,-0.32893276,-0.3835211,-0.53594303,-0.21479355,-0.42818424,-0.61818,-0.099945396,-0.0148726795,0.09005033,0.014902769,0.14747441,0.32896283,0.35235786,0.3927674,0.3169109,0.37220812,0.6373514,0.443811,0.2587779,0.23892757,0.24389015,0.27012092,0.14605653,0.3062768,0.34668633,0.50903344,0.3424327,0.054603364,0.048222914,-0.13751918,-0.23960643,-0.27647126,-0.103490084,-0.39769986,-0.38848364,-0.4267664,-0.25662094,-0.23960643,-0.31262717,-0.26512825,-0.21975613,-0.23251703,-0.49127987,-0.61392635,-0.65858954,-0.8025042,-1.7418487,-1.5249133,-1.66741,-1.8822186,-2.0332227,-2.310418,-2.437318,-2.740035,-2.9803653,-3.229203,-3.0172303,-2.7152221,-2.5131745,-2.355081,-2.0325139,-2.1232579,-2.1849358,-2.3054554,-2.262919,-2.2593744,-2.1324742,-2.2700083,-2.0793037,-2.0006115,-2.1821,-2.1544514,-2.1572871,-2.4798543,-2.54295,-2.719476,-2.7357814,-2.8839495,-3.0597665,-3.3022237,-3.3156936,-3.5354648,-3.384461,-3.7644522,-3.1434214,-3.1008852,-3.044879,-2.6819022,-2.7506692,-2.684738,-2.7591765,-2.8215632,-2.8704796,-2.949172,-3.0129766,-3.0278642,-3.0505505,-3.2937164,2018-04-17
LTC_DRE,0.13657871,0.19464709,0.13467482,-0.072848246,-0.14709961,-0.31844893,-0.543107,-0.57166517,-0.5226403,-0.47075945,-0.48599052,-0.4726633,-0.45648032,-0.34272343,-0.38841656,-0.478851,-0.49646187,-0.5383473,-0.6535321,-0.6882779,-0.63449323,-0.5492946,-0.43648958,-0.44648495,-0.37604135,-0.3479591,-0.37461343,-0.3960321,-0.5997474,-0.6164064,-0.6659073,-0.51312083,-0.4878944,-0.45124465,-0.42554227,-0.23229831,-0.13329647,-0.07713198,-0.021443445,-0.04191017,-0.17518187,-0.2560968,-0.4588602,-0.40983525,-0.301314,-0.27941936,-0.26704413,-0.1680423,-0.10473826,0.052807927,0.27127832,0.25319147,0.40121824,0.3631406,0.2703264,0.1527617,0.16180514,0.16037723,0.10897243,-0.0024046318,0.051380016,-0.092838995,-0.019063592,-0.028583,-0.073800184,-0.024299266,-0.059997045,0.088029735,0.1784641,0.19131531,0.16942066,0.059947483,-0.036198527,-0.22515875,-0.15423918,-0.17089814,-0.2065959,-0.10521423,0.1446702,0.17465635,0.14514618,0.27556205,0.39788646,-0.10140646,-0.14805156,-0.23134637,-0.18041755,-0.2580007,-0.34224743,-0.6125986,-0.6440127,-0.6806624,-0.79013556,-0.7539618,-0.8529637,-0.9657686,-0.9034165,-0.6773306,-0.5531023,-0.69541746,-0.36509404,-0.22706264,-0.01287598,0.022345826,0.06185136,-0.030962853,0.12420348,0.0071147745,0.031389263,0.068038985,-0.0076403064,0.042812552,0.16846873,0.08755376,0.22415724,0.18417574,0.047572255,0.09469332,0.016634183,-0.16137873,-0.12758483,-0.02715509,0.08517391,0.04471643,0.13467482,0.22796501,0.10992437,-0.0043085134,-0.120921254,-0.056189284,-0.16375859,-0.27703953,-0.26799607,-0.19945635,-0.21754323,-0.24562545,-0.40983525,-0.6882779,-0.54072714,-0.55976593,-0.6111707,-0.734447,-0.8039387,-0.8715265,-0.74967813,-0.5354914,-0.41221508,-0.3265404,-0.3360598,-0.35843045,-0.26656815,-0.30083805,-0.39270028,-0.5992714,-0.64163285,-0.5354914,-0.49741378,-0.5373953,-0.49836576,-0.5707132,-0.6264018,-0.6730469,-0.7082687,-0.5835644,-0.6302095,-0.7815681,-0.71874,-0.6521042,-0.6340173,-0.6135506,-0.43506166,-0.12996468,-0.14900349,-0.25419292,-0.27465966,0.1865556,0.12372751,0.022821797,0.04186061,0.16275708,0.05613972,0.06994286,0.29222104,0.24081622,0.6691895,0.60017383,0.44119975,0.6587181,0.6468189,0.8714769,0.3745639,0.2960288,0.5387736,0.7434409,0.9219298,1.0609132,1.1380204,1.1646748,1.192757,0.67061746,-0.032866735,-0.2884628,-0.14233992,-0.14805156,-0.19898039,0.076606445,0.009970597,-0.10711811,-0.0895072,0.11563601,0.26366282,0.16704081,0.35933283,0.33791417,0.34790957,0.18988737,0.09612123,0.20226263,0.16323304,0.20845023,0.10326078,0.21606575,0.24462399,0.2184456,0.094217345,0.11516004,0.10659258,0.07137077,0.13467482,0.060899425,0.13229497,0.10373675,0.2779419,0.15704544,0.15894932,0.33648628,0.4835611,0.39503062,0.34790957,0.30840403,0.31363967,0.5240185,0.6177847,0.6791849,0.67347324,0.7986534,0.805793,0.8819483,0.68918025,0.5568605,0.73915714,0.76485956,0.8614815,0.9457283,0.8971793,0.8119806,0.96619505,1.1170776,1.2912829,1.1703864,1.1903771,1.0294992,0.96619505,0.9547718,0.8809963,0.9066987,0.86005366,0.6306359,0.4673781,0.25985503,0.32363507,0.27936983,0.26366282,0.3393421,0.35124135,0.39836243,0.38027555,0.42358884,0.453575,0.47689748,0.50735956,0.7377292,0.9357329,0.9086026,1.0004649,1.0594853,1.0380666,1.1056544,1.0185518,0.76057583,0.8667172,0.93811274,0.90431887,1.0290232,1.0908993,1.2041802,1.17705,1.192757,1.3522071,1.5216525,1.6682514,1.5863844,1.3812412,1.5797209,1.6744388,1.593524,1.6858623,1.4816709,1.5140369,1.3369759,1.482147,1.5573503,1.6216062,1.6868141,1.6206542,1.4707236,1.4526368,1.496902,1.4269344,1.350303,1.2927108,0.93811274,0.9866618,1.0609132,1.0399704,1.1437321,1.2541571,1.0623411,1.0594853,1.0951831,0.8391109,1.0932791,1.1837136,0.9885656,1.2327384,1.1556313,1.23845,1.3812412,1.207036,1.192281,1.1618189,1.063769,1.0813799,1.2474935,1.5249842,1.8067586,1.6168466,1.0751923,1.1570592,0.8829002,0.9738106,1.0404465,1.1142219,1.2275028,1.2027524,1.3902847,1.6430248,1.6458807,1.5901922,1.3788614,1.4830989,1.4174149,1.3883808,1.2565371,1.0885195,0.78009063,0.8562459,0.838159,1.0133162,0.93668485,1.0847117,1.2479695,1.191805,1.2455897,1.3898087,1.3626783,1.3912367,1.4197948,1.5592542,1.4735794,1.2784317,0.8414908,0.98285407,1.1323087,0.773427,0.58827454,0.14133841,0.19512306,0.19226724,-0.23420219,-0.29179457,-0.2246828,0.08612585,0.25604728,-0.10140646,0.009494626,-0.24943322,-0.1233011,-0.17994156,-0.023347326,-0.105690196,-0.032390766,-0.14329186,-0.07570406,-0.29560235,-0.5711892,-0.44981673,-0.40793136,-0.3703297,-0.157095,-0.038102407,-0.05142958,-0.03953032,-0.015255831,-0.41126317,-0.4426772,-0.19517262,0.09136152,0.110400334,-0.22896652,-0.2132595,-0.14662364,-0.14805156,-0.19612457,-0.06094899,-0.022871356,0.0404327,-0.032390766,-0.0718963,-0.07570406,-0.13424842,-0.17232604,-0.113305725,0.019014034,-0.023823297,0.1770362,0.053759865,-0.054761373,0.110400334,0.3293467,0.34172195,0.2817497,0.3502894,0.58494276,0.6868004,0.596842,0.33363044,0.31459165,0.3531452,0.32696685,0.37551582,0.33315447,0.13324691,0.17275245,0.12563139,-0.018587623,0.16180514,0.30650014,0.3636166,0.3298227,0.49117658,0.41692525,0.49688825,0.6487228,0.7881821,0.6501507,0.57113963,0.41216555,0.42549273,0.24509996,-0.09141109,-0.14329186,-0.16566245,-0.14709961,-0.13186857,-0.031914797,0.042812552,0.17180051,-0.06808855,0.12325154,0.18274783,0.2332007,0.21939754,0.37408793,0.39598256,0.5340139,0.52116275,0.5478171,0.43596408,0.4335842,0.30364433,0.3279188,0.45024318,0.4721378,0.68156475,0.5297302,0.46547422,0.49974406,0.6111211,0.6758531,0.8138845,0.75486416,0.5554326,0.6173088,0.6339677,0.44929123,0.15990125,0.15038185,-0.011448069,-0.11092587,-0.16899425,-0.06380481,-0.29607832,-0.5335876,0.05566375,0.10326078,0.17180051,0.1384826,-0.2018362,-0.050953608,0.08517391,0.022821797,0.13372289,0.19226724,0.049952105,0.101832874,-0.081891686,-0.01192404,0.019490005,0.048524193,0.20511843,0.17465635,0.13753065,0.18369977,0.27936983,0.4197811,0.5797071,0.64063126,0.41597334,0.564,0.6111211,0.612549,0.9638153,0.9866618,1.1361165,1.3141294,1.4212227,1.5392634,1.7201321,1.5797209,1.4683439,1.8876737,1.5868604,1.3184131,1.1713383,1.0342588,1.0447302,1.1337366,1.2037042,1.2660564,1.3036581,1.2632006,1.2308346,1.4183669,1.5345037,1.5159408,1.626366,1.5026137,1.2798594,1.1965647,1.4435933,1.1370684,0.837207,1.1941849,1.1023226,1.0694807,0.9071747,0.9414446,0.3103079,-0.3560506,-0.15471514,-0.28798684,0.025201648,0.009970597,-0.36890176,-0.058093164,-0.15043142,-0.14614768,-0.049049728,-0.0057364246,-0.22849055,-0.10711811,-0.07237227,0.005686864,0.11944377,0.043288518,0.09516929,0.23558055,0.29840863,0.15418962,0.09326541,0.15371364,0.09374137,0.16132917,-0.06618466,-0.29369846,-0.2994101,-0.5021735,-0.5669055,-0.3784212,-0.44981673,-0.29560235,-0.3412955,-0.25942862,-0.25895265,-0.28751084,-0.3398676,-0.35890642,-0.3398676,-0.32939625,-0.28417906,-0.2803713,-0.27323174,-0.23277427,-0.21849516,-0.19374472,-0.15519112,-0.110449895,-0.06523272,-0.14424379,-0.22515875,-0.47599515,-0.5764249,-0.27037594,-0.22849055,-0.2613325,-0.32273266,-0.4084073,-0.29750624,-0.14376782,-0.07570406,-0.13282052,-0.18517725,0.0075907456,0.19464709,0.095645264,-0.20802383,-0.2180192,-0.39317626,-0.49550992,-0.42697018,-0.49598593,-0.40793136,-0.45362452,-0.40983525,-0.3555746,-0.6582918,-0.5711892,-0.6125986,-0.6030792,-0.68732595,-0.7720487,-0.7777603,-0.68922985,-0.6363972,-0.4845626,-0.40317166,-0.26894802,-0.13662827,-0.6744748,-0.9548213,-1.0600107,-1.1528249,-1.1028479,-1.1533009,-1.0957085,-1.1533009,-0.9871872,-1.0195532,-1.1742436,-1.2808609,-1.2227925,-1.3969977,-1.616896,-1.599285,-1.8720162,-1.8477416,-1.664969,-1.6583054,-1.6030929,-1.6759163,-1.504091,-1.5664431,-1.4488784,-1.697335,-1.7492157,-1.9110457,-1.7963368,-2.4588876,-2.3513184,-2.58264,-2.4588876,-2.4127183,-2.5088644,-2.38416,-2.6150057,-2.6002507,-2.9686518,-2.8330004,-2.6787858,-2.6892571,-2.61215,-2.5893035,-2.4465122,-2.401771,-2.5740724,-2.7944465,-2.482686,-2.3522701,-2.3432267,-2.3194282,-2.1057174,-2.2075753,-2.1866324,-2.018615,-2.2618358,-2.260408,-2.4241416,-2.4127183,-2.5236197,-2.7963505,-2.9867387,-2.834904,-3.0348117,-3.014345,-3.1281018,-2.7792158,-2.8653662,-2.983883,-2.8539429,-2.7473254,-2.8882127,-2.805394,-2.8653662,-2.9067755,-2.9067755,-3.1261978,-3.2052093,-3.142857,-3.1319096,2018-04-17
PDM_EQC,0.19334958,0.22789374,0.29088598,0.22992574,-0.1541238,-0.41218883,-0.35326058,-0.20289199,-1.5480814,-1.1660638,-0.8958068,-0.4873731,-0.6336778,-0.7576302,-1.2554721,-1.24328,-1.1660638,-0.86329466,-0.9730231,-0.6214857,-0.83078253,-0.6438378,-0.49346915,-0.6458698,-0.35122856,-0.47111705,-0.59913355,-0.41422084,-0.04642737,-0.59913355,-1.2026399,-1.6476496,-1.2981443,-1.3103364,-1.0624313,-0.49346915,-0.5849095,-0.95270306,-0.6722859,-0.123643674,-0.23134011,0.07549312,-0.030171305,-0.06877946,0.091749184,0.036884964,-0.064715445,-0.09925958,-0.33497253,-0.123643674,0.3660703,0.6830635,0.5144068,-0.076907486,0.01859689,0.25634184,0.016564881,-0.10941962,-0.0017231912,-0.058619414,-0.43250892,-0.6682219,-0.58084553,-0.22118007,0.01859689,0.28478995,0.22586173,0.17709352,-0.29839638,-0.8328145,-1.3408165,-1.5094731,-1.0725914,-1.0827515,-0.9181589,-0.9933432,-0.9120628,-0.9628631,-1.1193277,-0.94863904,-0.81859046,-0.8206225,-0.8754867,-0.4284449,-0.7657583,-0.35122856,-0.23337212,-0.68650997,-0.57068545,-0.36748463,-0.5381733,-0.44470096,-0.36342064,-0.38170868,-0.47721308,-0.70479804,-1.0258552,-1.0339832,-1.4038087,-1.5094731,-1.3733287,-1.0075672,-1.1233916,-1.0705595,-1.2453121,-1.1640319,-1.478993,-1.231088,-1.1721599,-1.3977128,-1.5866895,-1.6618738,-1.5582414,-1.5013452,-1.7208021,-2.3791726,-2.3690126,-2.492965,-2.3893328,-2.454357,-2.0845315,-2.3913648,-2.6148856,-2.1089156,-1.6313936,-1.5033772,-1.8163064,-1.7939544,-1.7756662,-1.8996187,-1.478993,-1.2778243,-1.7634741,-1.3712966,-1.0969756,-0.15818782,0.6525834,0.5428549,0.50424683,0.6769675,0.13645336,0.67493546,0.40671045,0.48595876,0.047045004,0.16490148,0.24821381,0.29088598,0.38435835,0.31730208,0.46767068,0.65664744,0.73792773,0.84765613,0.48799077,0.4189025,0.6139752,0.3924864,0.73792773,0.7054156,0.8435921,0.26446986,0.20554164,0.06736509,-0.44063693,0.079557136,-0.14193174,-0.18460391,-0.123643674,-0.17647588,-0.048459377,-0.04642737,-0.3044924,-0.36748463,-0.030171305,-0.042363353,-0.2760443,-0.24353215,-0.09722757,-0.36748463,-0.5889735,-0.12161166,-0.10941962,-0.036267325,-0.28620434,-0.3552926,0.23398976,0.43312654,0.26243785,-0.030171305,0.3193341,0.58959115,0.2705659,-0.15005979,0.036884964,-0.1805399,-0.17037986,-0.3024604,0.5631751,-0.14396377,-0.09722757,0.2725979,0.22179769,-0.19476396,-0.26994827,0.6668075,-0.7413742,-0.8511026,-0.3004284,-0.25978824,-0.51785326,0.34778222,0.7297997,0.5733351,0.5428549,0.8984564,1.4369386,1.6035632,1.4125545,1.300794,1.5893393,1.1707455,0.9777047,0.94722456,1.0650811,1.0589851,1.0122489,0.815144,1.2378018,1.8250521,1.554795,1.3739463,1.4755467,1.4694507,1.3902024,1.5263469,1.5446349,1.4166186,1.4674187,1.4714826,1.280474,1.810828,1.6340435,1.1666815,0.91064847,1.0142809,0.9675447,1.2032577,1.4694507,1.786444,1.798636,2.3777583,1.794572,0.7318317,0.85172015,1.2154497,0.8720403,1.036633,1.1422974,1.4267786,1.302826,1.292666,1.042729,1.2032577,1.2682819,1.7071956,1.5019629,1.8738203,1.5263469,1.4796107,1.4857068,1.3983305,0.29291797,0.08362115,-0.064715445,0.20757364,0.38639036,0.31730208,0.07346111,0.12629332,0.112069264,0.57739913,0.9573846,1.0264729,1.1341695,1.288602,1.3190821,1.3414342,1.3617543,1.4064584,1.1646495,1.1321373,1.0102168,1.1199453,1.2276417,1.6116912,2.0932772,2.2334857,2.2416139,1.5832431,1.3983305,1.2276417,1.4958668,2.020125,1.4897708,1.776284,1.6624916,1.6685874,1.8982044,1.776284,1.3719144,1.7905079,1.9103965,1.9510366,2.0038688,2.0770211,1.776284,1.7071956,1.6076273,1.6299794,1.6624916,1.2540578,1.2317058,1.2581218,1.302826,1.3048581,1.4247465,1.2459297,1.2560898,0.77247185,0.16286947,0.33559018,0.26446986,0.65664744,0.67493546,0.41077447,0.18928558,0.35387823,0.20554164,-0.22118007,-0.31058842,-0.3065244,-0.51378924,-0.57068545,-0.6194537,0.0043728333,-0.39999676,-0.59710157,0.14661339,0.40671045,0.75418377,0.0693971,-0.5564614,-0.6377418,-0.70886207,-0.8856467,-0.17037986,0.21773368,0.6241353,0.70338356,1.1118172,1.288602,1.3861383,1.0975933,1.290634,1.0955611,1.036633,0.66274345,0.8496882,0.5753671,0.14051737,-0.2536922,-0.11348364,-0.31668445,-0.13786773,0.06736509,-0.04439536,-0.1297397,-0.2740123,-0.15615581,0.012500866,-0.06877946,0.14051737,-0.5056612,-0.21711606,-0.20289199,-0.5544294,-0.8003024,-1.6496817,-1.1376157,-0.96489507,-1.0847834,-0.5564614,-0.34310055,-0.11551564,-0.6052296,-0.8958068,-1.1985759,-0.81452644,-0.68244594,-0.29230034,-0.6438378,-0.3837407,0.0064048413,0.14254938,0.3701343,0.7805999,1.0752411,1.2743778,1.2621858,1.3800424,1.5669872,1.3861383,0.70338356,0.17302951,-0.19679597,-0.015947249,-0.21914807,-0.21711606,-0.39593273,-0.29636437,-0.24150015,-0.007819216,0.46157464,0.17709352,0.45344663,0.40874246,0.1709975,0.4229665,0.40671045,-0.01391524,0.24414979,-0.052523393,-0.04439536,-0.63164574,-0.4040608,-0.10738761,0.16693349,0.2461818,0.22992574,0.1994456,0.04907701,0.33355814,0.091749184,0.97160864,0.8435921,0.4270305,0.819208,0.40671045,0.7399597,0.59365517,0.7176076,1.034601,1.3820744,1.3739463,1.6198193,1.4775788,1.028505,1.2093537,1.2134176,1.6218513,1.7092277,1.7620598,1.5974673,2.4123025,1.8413082,1.8697563,1.7315798,1.522283,1.2438978,0.6078792,0.6952556,0.52253485,0.54895097,0.6668075,0.7115116,0.40874246,0.39045438,0.28682196,0.4229665,0.01859689,0.028756931,-0.103323594,-0.12161166,0.024692914,-0.24759617,-0.0037551995,0.091749184,0.37623033,0.07549312,-0.028139299,0.5469189,0.60584724,0.36200628,0.47173467,0.2238297,0.26040587,0.19131757,0.5387909,0.21773368,0.06126906,0.29494998,0.25634184,0.24821381,0.012500866,-0.08300351,-0.25166017,-0.017979255,0.10190923,-0.5889735,0.00030881702,0.20350963,0.31730208,-0.020011265,0.4270305,0.5144068,0.38435835,0.66274345,0.33762217,0.28682196,0.58146316,0.55707896,0.6546154,0.5022148,0.5347269,0.59365517,0.3965504,0.036884964,0.24414979,0.18725356,-0.26791626,0.10394123,-0.1785079,-0.21305202,0.026724922,-0.20289199,-0.1805399,-0.25166017,-0.19069993,-0.12161166,-0.26588425,-0.21305202,-0.16225183,-0.105355605,-0.32074848,-0.87142265,-0.53614134,-0.65806186,-0.7718543,-0.7982704,-0.5767815,-0.8206225,-1.214832,-0.7942064,-1.1010395,-1.1071357,-1.0258552,-1.2554721,-1.3387845,-1.214832,-1.1640319,-1.4160008,-1.9829311,-1.476961,-1.710642,-1.3611367,-1.0075672,-0.8551666,-0.9059668,-0.76169425,-0.6418058,-0.7759183,-0.59913355,-0.103323594,-0.690574,-0.45486102,-0.458925,-0.5767815,-0.5483334,-0.5605254,-0.34513256,-0.25572422,-0.40609282,-0.39796475,-0.51378924,-0.50159717,-0.68041396,-0.2272761,-0.26791626,-0.23540412,-0.19069993,-0.23743613,-0.21914807,-0.5889735,-0.37358066,-0.54630136,-0.6174216,-0.7759183,-0.7373102,-0.5259813,-0.71089405,-0.21102002,-0.18866794,-0.16225183,0.2461818,0.25227782,0.09784521,0.12832533,0.22992574,0.6038152,0.3254301,0.079557136,0.08158914,0.0023408253,0.118165284,0.15474144,-0.05658741,-0.31871647,0.012500866,0.036884964,0.01859689,0.15474144,0.0043728333,0.15474144,0.43922257,0.5347269,0.03485296,-0.24353215,-0.34513256,-0.48940513,-0.83484656,-0.89377475,-0.65196586,-1.1376157,-0.7982704,-0.7881104,-0.89987075,-0.29230034,-0.21508403,-0.36748463,0.112069264,-0.10941962,-0.10941962,0.08158914,0.024692914,0.0693971,0.24414979,0.15474144,0.22179769,0.33559018,-0.123643674,0.4961188,0.25837386,0.057205047,-0.030171305,-0.064715445,0.45344663,0.4270305,0.16083747,0.301046,-0.011883231,0.33559018,0.3437182,0.40264642,0.14661339,0.18522155,0.14661339,0.028756931,0.13035734,0.012500866,-0.0789395,0.12832533,0.23602176,0.3416862,-0.12161166,-0.009851223,0.11613328,-0.0017231912,0.23602176,0.1994456,0.46360666,0.5753671,0.299014,0.4940868,0.60584724,0.52863085,0.809048,0.89032835,0.93503255,0.8801683,0.8578162,0.69119155,0.6993196,0.8314001,0.85172015,0.89032835,0.47986272,0.802952,0.55098295,0.70338356,0.58146316,0.555047,0.35591024,-0.02407528,0.29088598,-0.1297397,0.52253485,0.5144068,0.43515855,-0.24353215,-0.4304769,-0.19882797,-0.33903652,-0.22321208,-0.51175725,-0.59710157,-0.692606,-0.9019028,-1.7167381,-1.5562093,-1.704546,-1.7370582,-1.8325624,-2.015443,-1.4627371,-2.0134113,-2.2511563,-2.1068835,-1.5684015,-1.8041143,-2.1678438,-2.732742,-2.1698756,-2.8099585,-3.0070632,-3.0314472,-2.8160543,-3.0355113,-2.5945654,-2.6026936,-2.5762775,-2.3751087,-2.4238768,-2.3812048,-2.4523249,-2.6392698,-2.8221505,-2.950167,-3.0497353,-2.8851426,2018-04-17
LTC_FR,0.107997134,0.09600435,0.024047714,-0.1492272,-0.2067098,-0.36178878,-0.6231485,-0.65333724,-0.6516831,-0.56607944,-0.6132235,-0.58303475,-0.5718691,-0.45111424,-0.4891603,-0.56028986,-0.5404398,-0.56401175,-0.6107422,-0.6293517,-0.622735,-0.5185219,-0.43664023,-0.4494601,-0.43829438,-0.43664023,-0.49701765,-0.48543844,-0.68435305,-0.71743655,-0.76458055,-0.63969034,-0.599163,-0.59502757,-0.6020578,-0.4370538,-0.3415251,-0.28611022,-0.26377887,-0.27122265,-0.34566057,-0.39445874,-0.63969034,-0.56153053,-0.47013727,-0.41348177,-0.39942127,-0.35889396,-0.25881633,-0.10291027,0.04886035,0.033559225,0.13487749,0.07615425,-0.0053139054,-0.09215813,-0.04460058,-0.057006896,-0.095880024,-0.1616335,-0.10704572,-0.2178755,-0.15832515,-0.15997933,-0.16411479,-0.0946394,-0.14591883,-0.1492272,-0.067759044,-0.11118115,-0.12606874,-0.20464209,-0.32829174,-0.43622667,-0.41389534,-0.48709258,-0.48791966,-0.42009848,-0.22449218,-0.13268544,-0.07272156,-0.0044868174,0.039348837,-0.39487228,-0.5226574,-0.5375449,-0.47716755,-0.5379585,-0.6851801,-0.83819133,-0.8530789,-0.9209001,-1.0747385,-1.0371059,-1.1462816,-1.23478,-1.1706806,-0.9775557,-0.83488303,-0.9659764,-0.68145823,-0.60247135,-0.40231606,-0.40727863,-0.401489,-0.45483616,-0.2819748,-0.46352062,-0.4759269,-0.42588806,-0.48130298,-0.38122535,-0.24847774,-0.29562172,-0.11697076,-0.13971569,-0.22573282,-0.14757301,-0.227387,-0.42092556,-0.39735356,-0.31629893,-0.18355134,-0.21291296,-0.15956579,-0.116557226,-0.21663485,-0.32291564,-0.45070073,-0.37957117,-0.43457252,-0.47013727,-0.45938513,-0.4449111,-0.46310705,-0.48667908,-0.702549,-1.0160153,-0.89112496,-0.92462206,-0.970939,-1.0763927,-1.0950022,-1.1731619,-1.0648134,-0.89484686,-0.8051079,-0.7811223,-0.768716,-0.7753327,-0.67649573,-0.7141282,-0.7120605,-0.8737561,-0.9076667,-0.7902203,-0.7426627,-0.80055887,-0.75589615,-0.72777516,-0.7257074,-0.77615976,-0.7629264,-0.6434122,-0.63803613,-0.77864105,-0.72984284,-0.71991783,-0.6942781,-0.69799995,-0.5375449,-0.26832783,-0.29314047,-0.3882556,-0.32911882,0.08028969,-0.02888591,-0.18107007,-0.18148363,-0.063210055,-0.13930215,-0.09836129,0.09352309,0.10882422,0.47150224,0.38962054,0.23660931,0.47439703,0.4380052,0.6638002,0.22957905,0.24322599,0.39086118,0.5872945,0.6716575,0.8573388,0.9317767,0.90655047,0.95410806,0.41277903,-0.1314448,-0.36923257,-0.21415359,-0.12234684,-0.13723442,0.12908788,0.029423784,-0.02061503,-0.14136986,-0.01647959,0.14935152,0.083184496,0.23164676,0.29243773,0.31352848,0.18905173,0.14108065,0.2113831,0.15514114,0.18822466,0.08607931,0.24942915,0.23991764,0.21262375,0.13901292,0.1989768,0.17581834,0.14769734,0.22006755,0.17416416,0.2018716,0.035626944,0.3176639,0.15555468,0.2395041,0.35240158,0.5095483,0.40202686,0.4520657,0.39789143,0.4380052,0.57530177,0.6344386,0.64560425,0.6654543,0.7758706,0.770081,0.77835184,0.53560156,0.4475167,0.62492704,0.6356792,0.6919212,0.77462995,0.70970356,0.59804666,0.74320066,0.89662546,1.0351627,0.93549865,0.9747853,0.8792566,0.7704945,0.7791789,0.7072223,0.70846295,0.7130119,0.52526295,0.34040883,0.17705896,0.22585715,0.20104451,0.2357822,0.196082,0.25191042,0.33958173,0.35033387,0.44172707,0.45454693,0.5120296,0.50623995,0.70308685,0.8548575,0.74154645,0.8403835,0.8370751,0.85320336,0.9383934,0.9197839,0.7469225,0.84700024,0.9073776,0.803578,0.91151303,0.99794376,1.1749406,1.2047157,1.1075329,1.2861838,1.3597947,1.4805495,1.428443,1.2762588,1.4731057,1.5855896,1.566153,1.6869078,1.5252122,1.5024673,1.3560728,1.4511878,1.5086704,1.560777,1.6343879,1.6008908,1.4764141,1.4677297,1.5955148,1.5491978,1.4296836,1.4015626,1.1075329,1.0971943,1.1186985,1.1840384,1.2481377,1.3089287,1.1894145,1.1741134,1.2522733,1.0595617,1.2282877,1.3275383,1.1530228,1.3792312,1.3151319,1.4416764,1.5177685,1.3974272,1.3986678,1.3709604,1.2564087,1.296109,1.3850209,1.593447,1.7770604,1.593447,1.123661,1.2522733,1.0289595,1.0967807,1.1484737,1.183625,1.2299418,1.2994173,1.4321649,1.607921,1.6269441,1.6166054,1.3920511,1.4726923,1.4594588,1.4085928,1.2717098,1.1149766,0.87594825,0.93136317,0.920611,0.9892593,0.96113825,1.0653514,1.2303554,1.165429,1.2332503,1.3428394,1.3213351,1.3320872,1.3143048,1.4391952,1.4036304,1.1848656,0.8908359,1.089337,1.2638525,0.8858733,0.63816047,0.24612081,0.27920434,0.2593542,-0.06155588,-0.22780055,-0.34855536,-0.1343396,0.0757407,-0.15253554,-0.054939177,-0.36799192,-0.14385112,-0.12069266,-0.037983876,-0.08512788,0.021566452,-0.0011784657,0.08980119,-0.11862494,-0.33863032,-0.19843891,-0.1794159,-0.14302403,0.08153032,0.1878111,0.14066711,0.11461384,0.1340504,-0.27659875,-0.32291564,-0.06610486,0.12619306,0.07367299,-0.16866376,-0.15253554,-0.0946394,-0.11573014,-0.19761182,-0.054112088,0.039348837,0.10468878,0.07201881,0.031491503,0.058785405,0.036867578,0.014122661,0.06953754,0.17044227,0.15472761,0.27961788,0.196082,0.11254612,0.19318719,0.35240158,0.3317244,0.2601813,0.23040614,0.4260124,0.5513162,0.4615772,0.3098066,0.3470255,0.337514,0.3854851,0.42187697,0.42353117,0.20393932,0.22130819,0.2018716,0.08566576,0.2270978,0.3842445,0.41195193,0.4136061,0.53725576,0.51864624,0.59391123,0.74361414,0.7965478,0.66504085,0.62120515,0.55751944,0.5231952,0.4069894,0.12702015,0.08690639,0.08028969,0.0352134,0.045551997,0.1414942,0.19649553,0.29533252,0.1369452,0.33379212,0.44214064,0.49672842,0.52898484,0.59391123,0.6489126,0.7547799,0.70970356,0.76305073,0.7022597,0.6687627,0.6199645,0.666695,0.7109442,0.7295537,0.8701587,0.8139166,0.7944801,0.87760246,0.9437695,0.9607248,1.0657649,1.0405388,0.8176385,0.8428648,0.7750435,0.72872657,0.48514917,0.44834378,0.39416954,0.2779637,0.23702285,0.3354463,0.21179667,0.0062653245,0.507067,0.58150494,0.6199645,0.63898754,0.31849098,0.5182327,0.5889487,0.5438725,0.6422959,0.6708304,0.5529704,0.6141749,0.43469685,0.4698481,0.501691,0.52774423,0.6121072,0.554211,0.501691,0.4975555,0.5169921,0.6199645,0.74278706,0.89000875,0.7514715,0.91234016,0.9086183,0.9346715,1.2311825,1.2721233,1.3395311,1.4706244,1.5206633,1.584349,1.7257808,1.6372827,1.5847626,1.9668771,1.6563057,1.37675,1.2861838,1.1339997,1.1683239,1.2741911,1.2936276,1.3258841,1.3606217,1.2837026,1.2853568,1.3192674,1.3502831,1.3639301,1.4015626,1.428443,1.2423482,1.1960312,1.325057,1.0364033,0.84245116,1.1435112,1.0823067,1.071141,1.0107636,1.0273054,0.42270404,-0.11076761,0.09683144,-0.03715679,0.23660931,0.19649553,-0.012344152,0.32676187,0.2055935,0.24322599,0.28416684,0.33379212,0.13529103,0.2837533,0.28623456,0.32593477,0.3635673,0.27755013,0.3155962,0.39789143,0.43593746,0.40368104,0.27010635,0.337514,0.2581136,0.3325515,0.15017861,-0.10994052,-0.08430079,-0.2526132,-0.30099782,-0.13682088,-0.20422854,-0.04997665,-0.069413215,0.0037840612,-0.04501412,-0.07148093,-0.078097634,-0.17858882,-0.16204706,-0.17858882,-0.1248281,-0.1529491,-0.16080642,-0.14385112,-0.13020417,-0.08884978,-0.053698543,-0.0466683,0.021979995,-0.05121728,-0.15791161,-0.33366778,-0.44160274,-0.26295176,-0.20919105,-0.25633508,-0.32208854,-0.4271287,-0.34111157,-0.21084523,-0.14840011,-0.19513057,-0.2178755,-0.044187035,0.015776835,-0.05742044,-0.29189983,-0.3415251,-0.49246866,-0.58179414,-0.5491242,-0.55615443,-0.52183026,-0.56566596,-0.52058965,-0.5491242,-0.7707837,-0.67153317,-0.7505201,-0.7794681,-0.8522519,-0.905599,-0.89815515,-0.8398455,-0.7885661,-0.67401445,-0.5693878,-0.43043706,-0.3489689,-0.7592045,-0.97135246,-1.1289127,-1.2434644,-1.2240279,-1.23478,-1.1905308,-1.26745,-1.145041,-1.1756432,-1.3079773,-1.3840693,-1.3207971,-1.5445243,-1.7223483,-1.7359953,-1.944008,-1.9510381,-1.775282,-1.8828034,-1.8075384,-1.8976911,-1.769906,-1.8497199,-1.7790039,-1.9493841,-2.025476,-2.090816,-1.9138191,-2.2665722,-2.1776602,-2.4369524,-2.2636774,-2.2611961,-2.3778155,-2.207849,-2.443569,-2.3467999,-2.610227,-2.5209017,-2.3604467,-2.368304,-2.4228919,-2.4315763,-2.250444,-2.217774,-2.356311,-2.5655644,-2.3368747,-2.256647,-2.2769108,-2.349281,-2.0788233,-2.1350653,-2.099087,-1.957655,-2.1846905,-2.188826,-2.2620232,-2.2727752,-2.3199193,-2.5692863,-2.702034,-2.5345488,-2.7194028,-2.7115455,-2.7198164,-2.4493585,-2.463419,-2.681357,-2.6424835,-2.500638,-2.6197388,-2.5779707,-2.6342127,-2.6424835,-2.6879735,-2.8455336,-2.8963997,-2.849669,-2.8240294,2018-04-17
WELL_IRM,0.7049467,0.5229537,0.47926426,0.2324328,0.2624867,0.19792649,0.118061066,0.021499041,0.052109484,0.28224432,-0.044174265,-0.03721735,-0.24870765,-0.10344721,0.08856373,-0.0628188,-0.17468606,-0.1179176,-0.1059517,-0.1691205,-0.20557477,-0.15826772,-0.1919392,-0.26707393,-0.1429625,0.06936264,-0.12237002,0.16091569,-0.1668943,0.00118484,-0.058644656,-0.017459702,0.005080714,-0.114300005,-0.18386918,-0.054192226,-0.06365364,-0.03610424,-0.031930093,-0.31827688,-0.3895157,-0.3500004,-0.4265265,-0.41233438,-0.41456062,-0.4276396,-0.3564008,-0.39368984,-0.26679564,0.122791775,0.27000016,0.1751078,0.2218583,0.12390488,0.0003500097,-0.107343085,-0.16383325,-0.2039051,-0.14379734,-0.1860954,-0.10650825,-0.17301638,-0.002154481,0.23271109,0.20210065,0.37546703,0.39299846,0.48510808,0.55022484,0.46395904,0.35515285,0.42722648,0.49679568,0.4007902,0.5146054,0.46228936,0.42694822,0.33762142,0.6125588,0.6222985,0.5763829,0.6281423,0.58807045,0.29587987,-0.038608734,0.054892246,0.113330364,0.011481079,-0.3127113,-0.3970292,-0.3060327,-0.43292686,-0.6908894,-0.4910867,-0.63523406,-0.6510958,-0.5077833,-0.42096096,-0.38589808,-0.29601473,0.0078634815,0.16898571,0.26638258,0.28892297,0.3651708,0.23410247,0.13893183,-0.11680449,0.10693,0.0793806,0.05155293,0.16008085,0.27473086,0.24745975,0.3384562,0.27306122,0.3545963,0.2313197,0.23215452,0.011759356,0.17315985,0.31146336,0.4714725,0.42416546,0.60921943,0.6940939,0.2302066,0.0793806,0.2744526,-0.04055667,0.03596943,-0.4490669,-0.4301441,-0.694507,-0.59154457,-0.5659431,-1.0242649,-1.3901987,-1.2477211,-1.3164554,-1.1739777,-1.3406655,-1.178152,-1.1798215,-1.1010693,-0.8901355,-0.66862726,-0.5461855,-0.5066702,-0.42096096,-0.28989264,-0.24314213,0.05433569,-0.14073628,-0.2768136,-0.11624794,0.03596943,0.13503595,0.07854578,-0.16605946,-0.06782779,0.09997308,0.22937176,0.44086206,0.44781896,0.3532049,0.36795357,0.48816907,0.59753186,0.6295337,0.7227563,0.7884297,0.8602251,0.89250517,0.99713725,1.2720747,1.2759706,1.0063204,1.1354408,1.1808,1.160764,0.91198456,0.86272955,0.89334005,1.1966618,0.55912966,0.7130167,1.0803419,0.91087145,0.6665445,-0.25427318,-0.54340273,-0.40704715,-0.20251371,-0.34026074,-0.034991134,-0.06615813,0.051831204,-0.43403995,-1.4408451,-1.4734035,-1.8849748,-1.8624343,-1.7330357,-1.6823893,-1.2605219,-1.1002345,-0.94217324,-0.840324,-0.63439924,-0.52559304,-0.28850123,-0.20056579,0.16815087,0.36906666,0.05294431,0.12919213,0.13336629,-0.09815995,-0.050296355,-0.1944437,-0.093429245,-0.079237126,-0.1621636,-0.04166978,-0.016903147,-0.13294454,-0.13294454,-0.24870765,-0.20084406,-0.1693988,-0.078958854,0.22491933,0.09635548,0.14449735,0.300054,0.39717263,0.37268427,0.31758547,0.2956016,0.33789966,0.3737974,0.38186738,0.3267686,0.32008994,0.3014454,0.27973983,0.38019773,-0.114300005,-0.64803475,-0.35890526,-0.12960522,-0.1860954,-0.11012585,-0.17746882,-0.2768136,-0.105395146,0.24300733,0.6787886,0.51293576,0.5424331,0.76004547,0.41080815,0.08912029,0.21044894,0.17288159,0.33233413,0.1714902,-0.12765728,-0.2868316,-0.23423727,-0.24954249,-0.27486566,-0.2793181,-0.2539949,-0.17913848,-0.24731627,-0.215871,-0.18915644,0.19403063,-0.082019895,0.06324055,0.24272904,0.30311507,0.2880881,0.2825226,0.30701098,0.34875247,0.46117625,0.55912966,0.37797153,0.38631982,0.1559067,0.24133766,0.27222636,0.41665196,0.60254085,0.6128371,0.70522493,0.6910328,0.71579945,0.7230347,0.51237917,0.58333975,0.6295337,0.48260355,0.7539234,0.6312033,0.7722897,0.9448212,0.9757099,0.952613,1.0352612,1.0497316,1.0422181,0.8062394,0.7617151,0.9367512,1.1474068,1.2406294,0.9450995,0.91170627,1.353888,1.2779186,1.5901451,1.8564558,2.0056121,1.7011774,1.8124881,1.6939422,1.4972006,1.5517429,1.4485022,1.2726313,1.306581,1.3380263,1.2217066,1.3082508,1.0683761,1.2898844,1.3082508,1.2528735,1.1585379,1.1777389,1.3090855,1.3602884,1.3302346,0.86272955,1.0235735,0.7895428,0.9509433,0.8936183,0.8438068,0.7416792,0.708286,0.9044711,1.1966618,1.2269938,1.2787533,0.9832234,1.0998213,1.0817333,0.8955662,0.85382473,0.6339861,0.5004133,0.5580166,0.4400272,0.43390515,0.24245076,0.16842917,0.23215452,0.27473086,0.29671472,0.5087616,0.5471638,0.6456737,0.57693934,0.61061084,0.6306468,0.39438987,0.33010793,0.3289948,0.19069129,0.04459601,0.18206471,-0.082576446,-0.13600558,-0.03916529,-0.38645467,-0.72094333,-0.8759434,-0.7768769,-0.31465927,-0.55342066,-0.56900424,-0.75266683,-0.5651083,-0.8840135,-0.8425502,-0.89764905,-0.8934748,-0.6600007,-0.5662214,-0.7496058,-0.96888787,-0.8726041,-0.9424516,-0.71537775,-0.49720877,-0.46882454,-0.3956378,-0.12042209,-0.035269413,-0.3296862,-0.50166124,-0.15214562,0.12696593,0.14366253,-0.15631978,-0.17774709,-0.16355498,-0.070888825,-0.11207379,-0.078124024,0.15785463,-0.11485655,-0.14630184,0.16954227,0.3145244,0.34541315,-0.11847415,-0.082019895,-0.06810607,-0.06059259,-0.0149552105,-0.089255095,-0.2075227,-0.25983873,-0.108734466,-0.25121215,-0.45713696,-0.6547134,-0.70174223,-0.543681,-0.5573166,-0.81472254,-0.61491984,-0.69506353,-0.5403417,-0.6146416,-0.5985015,-0.7796597,-0.7329092,-0.68031484,-0.7543365,-0.77743345,-0.6218767,-0.67975837,-0.55286413,-0.28460538,0.008420034,0.2802964,0.3217596,0.44865382,0.22631073,0.35153523,0.26526946,0.07910233,0.12696593,-0.021355575,-0.17830364,-0.11958726,-0.21503617,-0.19416542,-0.023303512,-0.02692111,-0.11596966,0.027342852,0.092459604,0.20043099,0.40162504,0.47230732,0.60226256,0.61701125,0.6376037,0.6042105,0.56330377,0.69743323,0.6114457,0.7998391,0.7995607,0.91031486,1.067263,1.0324785,1.0925862,1.0806202,1.0973169,1.1732864,1.1487981,1.1368322,1.0825682,0.7987259,0.82265776,0.7124601,1.0038159,0.8624513,0.7333309,0.60838467,0.51293576,0.5143271,0.6042105,0.65151757,0.51293576,0.68351936,1.0594712,1.1891482,1.1301535,1.0669848,1.1579812,1.2834841,1.4293011,1.4952527,1.4766082,1.525863,1.393125,1.2364552,1.2528735,1.2834841,1.365854,1.5030444,1.5119493,1.3772633,1.6446872,1.6227033,1.7696335,1.7284485,1.6694539,1.7415276,1.7153696,1.9978204,2.0543106,2.187327,2.3754418,2.4383323,2.3559623,2.3640325,2.188718,2.1183143,1.7526586,1.8038615,1.9135026,1.8272368,1.4549025,1.35194,1.4407104,1.4793909,1.6143551,1.5269762,1.4799473,1.5094447,1.5662131,1.5364376,1.4860696,1.4793909,1.3238342,1.2982327,1.3449832,1.2676222,1.2528735,1.1037172,0.78286415,0.7981694,0.85382473,0.84185886,0.8443633,0.8349019,0.47425526,0.41581714,0.4940129,0.71190363,0.63927335,0.7945518,0.65541345,0.5941925,0.77451587,0.508205,0.5374241,0.47397697,0.6005929,0.3390128,0.46562868,0.5471638,0.72581744,0.8237708,0.89306176,0.8607816,0.819875,0.94621265,1.0430529,0.8513202,0.8744172,0.95762193,0.92617667,0.87775654,0.59836674,0.56775624,0.33233413,-0.018016255,0.07242368,0.31702894,0.10693,0.14199287,0.050161544,-0.17802536,-0.14880632,-0.34777418,-0.3703146,-0.24675973,-0.3060327,-0.44739726,-0.4888605,-0.62966853,-0.5976667,-0.6185375,-0.64469546,-0.7423706,-0.80275667,-0.7952432,-0.796078,-0.91128457,-1.0443008,-1.1172092,-0.8589685,-0.86731684,-0.9034928,-0.85785544,-0.7112036,-0.6555482,-0.5845877,-0.44099692,-0.43431824,-0.5180795,-0.5592645,-0.5737349,-0.62911195,-0.6238247,-0.63050336,-0.6179809,-0.6505393,-0.6458086,-0.63662547,-0.6714101,-0.6800366,-0.7952432,-0.72956985,-0.75183195,-0.61547637,-0.7629631,-0.9647137,-0.8739955,-0.8840135,-0.8781696,-1.0760244,-0.5019395,-0.5333848,-0.59822327,-0.39619434,-0.353618,-1.0131339,-1.0621105,-1.0963386,-1.2118233,-1.1895612,-1.2031968,-1.1959616,-1.1380801,-1.0573798,-0.93883395,-1.221563,-1.2883495,-1.282784,-1.5243282,-1.6256208,-1.7583588,-1.9256032,-1.9005582,-1.7255223,-1.7227395,-1.7597502,-1.8103967,-1.6779369,-1.5218236,-1.4622724,-1.5081881,-1.4458541,-1.6470482,-1.5148667,-1.8866445,-1.614768,-1.887201,-1.7975959,-1.9628922,-2.1927488,-2.1958098,-2.3135211,-2.165756,-2.3215911,-2.1807828,-1.9350646,-1.9717971,-2.0402532,-2.118449,-2.0338528,-2.0344093,-2.3761332,-2.3883777,-2.3842032,-2.305451,-2.1393197,-2.4771478,-2.2748406,-2.3694549,-2.4729736,-2.1532335,-2.4184313,-2.537812,-2.4676864,-2.3402355,-2.3190866,-2.3906035,-2.5325248,-2.4679646,-2.494401,-2.540873,-2.391995,-2.1743827,-2.3040595,-2.3190866,-2.4554422,-2.2155676,-2.4042394,-2.293207,-2.3764117,-2.5174978,-2.5350292,-2.8032882,-2.8180368,-2.886771,-2.8077407,2018-04-17
RHP_KRC,-0.9402525,-0.8131113,-0.6835747,-0.6631215,-0.5945759,-0.6745458,-0.46356517,-0.43555728,-0.60821134,-0.71176684,-0.6109752,-0.76741415,-0.6942619,-0.80316114,-0.7441971,-0.75414723,-0.66791236,-0.6450638,-0.6889183,-0.7839978,-0.6951832,-0.7928424,-0.73535246,-0.67988944,-0.67749405,-0.64672214,-0.58296734,-0.7001583,-0.61760867,-0.61392343,-0.6223995,-0.64008874,-0.83245885,-0.782708,-0.79744893,-0.9255114,-1.0766068,-1.1081157,-0.97544664,-0.97084004,-0.838908,-0.7307459,-0.66441137,-0.76833546,-0.63492936,-0.5945759,-0.4477186,-0.4215533,-0.41160312,-0.2833564,-0.47609505,-0.50520855,-0.5252932,-0.5330321,-0.4357415,-0.4608012,-0.45048252,-0.47296256,-0.5422453,-0.56767356,-0.643774,-0.69112945,-0.8105316,-0.8330116,-0.78657746,-0.8282208,-0.8109001,-0.669755,-0.70052683,-1.1099583,-1.427627,-1.4077265,-1.5105451,-1.398882,-1.451581,-1.4427365,-1.4983839,-1.5669295,-1.6695638,-1.7075219,-1.7005199,-1.6609035,-1.2656602,-0.8337487,-0.40239,-0.48641375,-0.46522355,-0.48438683,-0.45435205,-0.3596411,-0.37622473,-0.51442164,-0.42081624,-0.38248965,-0.32389417,-0.3331073,-0.43168774,-0.42026344,-0.53708595,-0.49138883,-0.47093567,-0.74493414,-0.73277277,-0.70734453,-0.779207,-0.7508305,-0.8035296,-0.64082575,-0.85143787,-0.757464,-0.6881812,-0.83043194,-0.84756833,-0.7454869,-0.6765727,-0.6341923,-0.6485648,-0.75783247,-0.7545157,-0.5991824,-0.6485648,-0.8003971,-0.98484397,-0.6327182,-0.2750646,0.18098527,-0.20062251,-0.35282338,-0.42615986,-0.2724849,-0.34655848,-0.38893884,-0.41786805,0.0013292677,0.22723518,0.17711577,0.5797295,0.5858101,0.49423164,0.30702087,0.2941225,0.17951116,0.108385816,0.015517485,-0.029626844,-0.07458691,-0.361668,-0.44845563,-0.4132615,-0.47572652,-0.39981034,-0.29607052,-0.28114524,-0.17777395,-0.1882769,-0.23968618,-0.1731674,-0.24834652,-0.15768933,-0.12378502,-0.37217093,-0.25940228,-0.11973124,-0.0014346709,-0.023177655,-0.0051199226,-0.037550136,0.07392872,0.15150326,0.20125416,0.10691172,0.024730613,-0.055239346,-0.031653736,-0.073112816,0.076324135,0.051080164,0.09806712,0.17177214,0.24510865,0.25395325,-0.12323224,0.03818178,0.07448151,-0.09927809,0.44208536,0.4372945,0.24953094,0.21120434,0.13473536,0.1454226,0.308495,0.61584496,0.6092115,0.69526213,0.8268256,0.8916861,1.0864515,1.5756686,1.8688303,1.9410614,2.0182674,1.9959714,1.9578291,1.8682775,1.5670081,1.467138,1.1072732,1.1393349,1.1013769,0.9423582,0.8561233,1.0402017,0.80674094,1.049599,1.041123,0.9563622,1.0849775,1.3718743,1.287482,1.0409387,0.8940815,0.85114825,0.77080977,0.5924436,0.57751834,0.6342712,0.49644282,0.43821585,0.47617394,0.6429316,0.47764802,0.33963534,0.32526287,0.246767,0.09935695,0.11520354,0.1734305,0.22539257,0.23700109,0.25303194,0.25855982,0.25229487,0.35695603,0.34590027,0.14081603,0.07927234,-0.035338987,-0.06813772,-0.14515947,-0.40957624,-0.24631962,-0.37309226,-0.2651144,-0.37604043,-0.27911836,-0.46743467,-0.23673797,-0.39409816,-0.36351064,-0.24189731,-0.1991484,-0.07642954,-0.060767222,-0.15179293,-0.09504005,-0.105727285,0.0035404183,0.13178717,0.084615946,-0.12175813,-0.18809266,-0.4127087,-0.31504956,-0.40902346,-0.37217093,-0.34674272,-0.13778898,-0.14995031,-0.15695228,-0.046763264,0.029889965,0.08627431,0.057160825,0.07134904,-0.043078013,0.08940678,0.035049316,-0.040498335,0.031364065,-0.06518952,-0.1189942,-0.23618518,-0.2898056,-0.5503528,-0.4727783,-0.6376933,-0.50760394,-0.62903297,-0.51884395,-0.60397327,-0.5531168,-0.5107364,-0.62037265,-0.5842572,-0.78565615,-1.1018507,-0.89916193,-0.7731263,-0.6483805,-0.6868914,-0.5614086,-0.4162097,-0.48346555,-0.39649358,-0.7158206,-0.9192465,-0.9645751,-1.0450978,-0.93656725,-0.9763679,-0.9428321,-0.9376728,-0.9796846,-1.1317012,-1.1652371,-1.3141211,-1.1890069,-1.1024035,-1.088031,-1.0662881,-0.96070564,-0.95960003,-0.7886044,-0.78713024,-0.81034726,-0.7189531,-0.768704,-0.7123196,-0.86083525,-0.8818412,-1.2851919,-1.302144,-1.3703213,-1.6209184,-1.6376863,-1.5402114,-1.2848234,-1.5098082,-1.1145648,-1.2166463,-1.1311485,-1.0987182,-1.0990868,-1.0898737,-1.0681306,-1.2131454,-1.2113026,-1.3649777,-1.3275723,-1.4423679,-1.3607397,-1.5249177,-1.2074331,-1.2428116,-1.0701575,-1.1254363,-1.1611832,-1.2284391,-1.1960089,-1.2638175,-1.3347586,-1.4302067,-1.5101767,-1.5590063,-1.5991755,-1.7012569,-1.6107839,-1.4747982,-1.3432347,-1.3926171,-1.6406347,-1.4836428,-1.6305001,-1.370874,-0.9046897,-0.86286217,-0.9373042,-0.8777874,-0.716742,-0.61687165,-0.49654815,-0.55680203,-0.66938645,-0.64893335,-0.56417257,-0.83817095,-0.93546164,-0.889396,-0.92606425,-0.89473957,-0.8272994,-0.88810617,-0.81845486,-0.41510412,-0.42800248,-0.66441137,-0.41049755,-0.46854025,-0.4482714,-0.60434175,-0.4357415,-0.38230538,-0.29791313,-0.21444221,-0.27930263,-0.26013932,0.047947694,-0.26990524,-0.25553274,-0.061135743,0.023256512,0.08000938,0.1586895,0.0494218,-0.2562698,-0.18956676,-0.5004177,-0.67823106,-0.9046897,-0.5790978,-0.45822155,-0.31762925,-0.47443667,-0.43758416,-0.52418756,-0.64008874,-0.5706217,-0.59236467,-0.82435125,-0.7134252,-0.7180318,-0.706239,-0.742723,-0.7734948,-0.85162216,-0.67933667,-0.6907609,-0.37124965,-0.36682737,-0.19011953,-0.35908833,-0.41584116,-0.45877436,-0.42044774,-0.3847008,-0.24834652,-0.5426138,-0.5311895,-0.5131318,-0.38635913,-0.48844063,-0.47148848,-0.36314207,-0.77331054,-0.7403276,-0.5824145,-0.6811793,-0.4772006,-0.42450148,-0.36129946,-0.30841613,-0.09430301,0.10691172,0.108385816,-0.014333051,0.018834211,-0.1976743,-0.39078146,-0.44311202,-0.40515393,-0.41399854,-0.32776368,-0.15879491,-0.22549795,-0.14442243,-0.0692433,-0.1696664,-0.36240503,-0.41436708,-0.3439788,-0.42284316,-0.5529325,-0.55606496,-0.66699106,-0.65814644,-0.48641375,-0.6238736,-0.55164266,-0.32057744,-0.26050785,-0.34379452,-0.109965324,-0.057634756,0.41831547,0.55577534,0.43637323,0.250268,0.2296306,0.2959651,0.35087538,0.29080576,0.18098527,0.24123913,0.10396352,0.085168734,0.022150937,0.034312267,-0.023546182,-0.020597978,-0.036076035,0.1946207,0.0927235,-0.056897704,-0.19196218,-0.13078699,0.049237534,0.045552284,0.022703726,-0.045289166,-0.12894437,-0.25166324,-0.21444221,-0.2159163,-0.24576683,-0.29920298,-0.37972572,-0.43905824,-0.3885703,-0.40146866,-0.23526387,-0.077535115,-0.16192737,-0.24373995,-0.3959408,-0.45306224,-0.43758416,-0.29349086,-0.32776368,-0.19675298,-0.36351064,-0.3089689,-0.23102583,0.009805346,0.024546351,0.20051712,0.27624902,0.12589076,0.1336298,-0.026678642,0.059556242,0.052185733,-0.1189942,-0.3266581,-0.25516424,-0.27027377,-0.29017413,-0.20283365,0.18061675,0.32692122,0.5095255,0.6259794,0.3565875,0.08590578,0.2255768,0.36064127,0.2099145,-0.013780263,0.04039293,-0.042525224,-0.17169328,-0.1425798,0.039287355,0.00022369232,0.04039293,0.07356019,0.13215569,-0.0436308,0.044078182,0.029705701,0.2078876,0.2694313,0.18264364,0.036339153,0.05660804,0.033390954,0.037076205,0.049974583,0.23313157,0.21138859,0.3753823,0.458669,0.09438187,0.34074092,0.35879865,0.42292207,0.22078598,0.044262443,0.21452107,0.11170255,-0.008068123,0.3000189,0.39325577,0.21212564,0.36340523,0.093092024,0.022703726,0.037076205,0.022703726,0.2788287,0.3595357,0.13270849,0.1946207,0.30904776,0.23829092,0.24013355,0.27311656,0.43766305,0.3683803,0.42218497,0.56111896,0.6005512,0.8933444,0.87086433,0.86165124,0.78186554,0.7026326,0.55780226,0.44908735,0.2911743,0.041314244,0.24621421,0.20457089,0.04960606,0.12976028,0.16661279,0.37722492,0.42273778,0.41942108,0.48391294,0.5467465,0.43176663,0.6359296,0.47525263,0.47119883,0.5073143,0.52647763,0.4793064,0.6020253,0.719769,0.5841518,0.4133404,0.34553173,0.36432654,0.26298213,0.319735,0.41592005,0.4767267,0.43250367,0.84156656,0.9383044,1.1118798,0.9994796,0.7949482,0.7658347,0.82793117,0.6374037,0.7770747,0.7805757,1.1997731,1.3298624,1.6547172,1.5266547,1.813736,1.9755183,2.1126099,2.1417232,2.3691032,2.26997,2.6985648,2.5968518,2.4877684,2.6963537,2.4818718,2.5721605,2.7790873,2.7558703,2.51983,2.6648445,2.4472306,2.2760506,2.4345164,2.3855026,2.454601,2.3877137,2.4074297,2.1806026,2.1209016,1.9316639,1.963357,2.089761,2.2266681,2.0962105,2.3038743,2.2526493,2.0226896,1.898128,1.955618,2.0576994,2.0190043,2.2298007,2.6150937,2.80341,2.9511888,2.9202325,2.7728226,2.6504722,2.5131965,2.3447807,2.438386,2.5224097,2.5616577,2.4112995,2.549312,2.4912694,2.5985103,2.676453,2.7995405,2.8774836,2.7262042,2.7501583,2.7350488,2.869376,2.8701131,2.8295753,3.0024137,3.2942855,3.1653018,3.2183692,3.1599581,2018-04-17
WRE_LTC,-1.3829509,-1.3829509,-1.5773568,-1.5978206,-1.5598165,-1.3091353,-1.17539,-0.9729448,-0.7873092,-0.9356715,-0.9641746,-0.86697173,-0.98244584,-1.0189884,-0.79973364,-0.6981456,-0.78000075,-0.8903589,-0.76684546,-0.8128889,-0.8684334,-0.92032367,-0.967098,-0.9641746,-0.7361498,-0.7916943,-0.7376115,-0.7215328,-0.4876612,-0.4445411,-0.52566534,-0.6623341,-0.74418914,-0.6104438,-0.3992285,-0.48327613,-0.42700073,-0.329067,-0.3751105,-0.33710635,-0.3561084,-0.26329064,-0.1807047,-0.018456269,-0.19020574,-0.17339621,-0.1821664,-0.5263962,-0.58705664,-0.62944585,-0.69522226,-0.7288413,-0.8370069,-0.8311601,-0.7478434,-0.619214,-0.67110425,-0.53078127,-0.46939,-0.41311464,-0.25890553,-0.1807047,-0.6418703,-0.7171477,-0.67548937,-0.619214,-0.5644003,-0.614098,-0.72664875,-0.7909635,-0.7661146,-0.6703734,-0.63967776,-0.40142107,-0.3831498,-0.3487999,-0.2720608,-0.32760534,-0.51543343,-0.6002119,-0.5585535,-0.7463817,-0.96782887,-0.7734231,-0.759537,-0.53224295,-0.68937546,-0.6703734,-0.73395723,-0.5746322,-0.53005046,-0.5337047,-0.4978931,-0.45988896,-0.3575701,-0.23186412,-0.22528648,-0.39630508,-0.493508,-0.24428855,-0.5731705,-0.75807524,-0.91520774,-1.0087564,-1.005833,-1.0087564,-1.213394,-1.1001124,-1.0628392,-1.1724665,-1.0460297,-1.0906115,-1.1724665,-0.9904852,-1.0745329,-0.9247088,-0.77561563,-0.83481437,-0.7412658,-0.5461291,-0.45915812,-0.42334652,-0.5205494,-0.4876612,-0.41092205,-0.50812495,-0.7032616,-0.65283304,-0.33272126,-0.41384545,-0.28667778,-0.13904633,0.06705304,-0.07180823,-0.14708567,0.034164842,-0.022110512,0.11090396,0.28119174,0.2534195,0.3016555,0.37839463,0.37693292,0.45659545,0.4660965,0.23368657,0.3360054,0.2987321,0.25999713,0.17083357,0.17229527,0.14963895,0.40616688,0.5625685,0.5574526,0.5596451,0.5092166,0.5779164,0.4989847,0.20810686,0.1876431,0.3075023,0.4047052,0.43101573,0.44270933,0.40251264,0.19348986,0.27242154,0.30896398,0.33527455,0.029779753,-0.12735274,-0.17558876,-0.20993866,-0.478891,-0.76246035,-0.6089821,-0.5907109,-0.78584754,-0.8370069,-0.9005908,-1.0694169,-1.2886715,-1.3420234,-1.6928309,-1.9069695,-1.624862,-1.6877149,-1.7571456,-1.7103711,-1.4004914,-1.6314397,-1.8623879,-2.0290213,-2.20881,-2.4879944,-2.5501165,-2.5084581,-2.6239321,-2.030483,-1.237512,-1.0138723,-1.1578496,-1.2221643,-1.2418972,-1.3902594,-1.2009697,-0.8647792,-0.9108227,-1.2075472,-1.4275327,-1.2894024,-1.5349674,-1.2046238,-0.9561353,-0.83481437,-0.8625866,-0.9181312,-0.8757419,-0.85308564,-0.7653838,-0.6331001,-0.71349347,-0.46939,-0.38168815,-0.2669449,-0.11565917,-0.13685378,-0.0031084437,-0.13173784,-0.12881444,-0.050613612,0.09555614,0.20152922,0.15475489,0.16425593,-0.29764053,-0.18582065,-0.20043762,-0.3107958,-0.23698007,-0.39776683,-0.35318503,-0.39557427,-0.4043444,-0.40142107,-0.45038792,-0.47012085,-0.47304425,-0.36853287,-0.36853287,-0.329067,-0.34295315,-0.5972885,-0.48473778,-0.6798744,-0.7054541,-0.9802533,-1.2404355,-1.1680815,-1.1578496,-0.97367567,-0.9108227,-1.0664934,-1.0080255,-1.1066902,-0.7916943,-0.8845121,-0.7821933,-0.7821933,-0.75003594,-0.6009428,-0.4825453,-0.50666326,-0.3487999,-0.2837544,-0.29544798,-0.31298834,-0.35245416,-0.2165163,-0.37364876,-0.6374852,-0.67548937,-0.60532784,-0.76392204,-0.8932823,-1.0087564,-1.2645535,-1.2806321,-1.0394521,-1.1520027,-1.1622347,-1.127154,-1.189276,-1.3025576,-1.5327749,-1.2682078,-1.1234996,-1.1775824,-1.3982989,-1.3763734,-1.3917212,-1.2353196,-1.2068164,-1.1300772,-0.9532119,-0.9758682,-0.70179987,-0.74930507,-0.59875023,-0.7529593,-0.8070421,-0.8063113,-0.7851167,-0.7105701,-0.5972885,-0.6506405,-0.38680404,-0.33491382,-0.12004426,-0.11200491,0.42151472,0.16791017,0.13136774,0.10578802,0.017355323,-0.067423135,-0.049151916,-0.061576344,-0.25086617,-0.18289725,-0.49131545,-0.5475908,-0.53662807,-0.8684334,-0.7003382,-0.9356715,-1.0021788,-1.0482223,-0.9649055,-0.967098,-0.7960794,-0.88231957,-0.9166694,-1.2302035,-1.4180318,-1.3179054,-1.2177792,-1.2345887,-1.319367,-1.2579758,-1.2864789,-1.5342367,-1.6036674,-1.6204768,-1.7162181,-1.711833,-1.6387482,-1.4611517,-1.5057335,-1.4860007,-1.4874624,-1.5210814,-1.5356984,-1.504272,-1.3931829,-1.3383691,-1.4428805,-1.5832034,-1.377835,-1.2908641,-1.4056072,-1.329599,-1.3632181,-1.5481229,-1.5773568,-1.6321704,-1.7966113,-1.9851705,-1.9690918,-1.7257191,-1.3734499,-1.5240048,-1.8294996,-1.6643277,-1.6891767,-1.1673505,-1.174659,-0.78584754,-0.44015604,-0.13173784,0.03781909,0.15840913,0.3586617,0.7635519,0.51287085,0.95211095,0.99815446,0.8687942,0.8322518,0.8461379,0.8015561,0.76135945,0.68462026,0.93383974,1.1370157,0.98207575,1.1128976,1.1318997,1.0661234,1.0237341,1.2203324,1.1969453,1.0200799,1.4768603,1.4958624,1.3898894,1.169173,1.2502972,1.3109577,1.290494,1.3825809,1.4337403,1.4892849,1.3306906,1.3708873,1.270761,1.4578583,1.4739369,1.3825809,1.2970716,1.2144856,1.0661234,0.9016823,0.9360323,0.7401648,0.85856223,0.9119143,0.84540695,0.7489349,0.87829524,1.0412744,1.2152165,1.0463904,0.72700953,0.6890054,0.8870654,0.86660165,1.1136285,0.9659971,0.7591669,0.76135945,1.2327569,1.3979287,1.5017093,1.546291,1.4322786,1.3416533,1.4388562,1.5360591,1.4395871,1.4308169,1.2934173,1.0646616,0.69777554,0.98573,0.6751193,0.78401566,0.6641565,0.7299329,0.87098676,0.5421047,0.6429619,0.63492256,0.8088646,0.88414204,0.8680633,0.7306638,0.8680633,0.65027034,0.44051677,0.5274878,0.41274452,0.20664516,0.09555614,-0.00530099,0.10432633,0.09994123,0.16206339,0.2132228,0.1803346,0.2928853,0.3228501,0.27973002,0.24684185,0.3045789,0.28411514,0.2687673,0.15256235,0.20372178,0.120405,0.15475489,0.22710893,0.2446493,0.080208324,0.06851474,0.27973002,0.444171,0.5976493,0.3645085,0.28557682,0.23734081,0.2746141,0.43467,0.05974456,-0.13319953,-0.20043762,-0.08496351,0.3615851,0.10505717,0.43393913,0.5296804,0.45951885,0.3418522,0.52894944,0.4872911,0.6312683,0.42151472,0.43101573,0.45951885,0.37400955,0.5245644,0.45951885,0.45805714,0.42663065,0.3645085,0.27680665,0.16060169,0.40616688,0.077284925,-0.20263018,-0.31956598,-0.70691586,-0.48912293,-0.3751105,-0.53808975,-0.5687854,-0.75661355,-0.9597895,-0.96271294,-1.0511456,-1.3303299,-1.0504148,-0.95686615,-0.94078743,-0.7273796,-0.89108974,-0.8677026,-0.7960794,-0.7419966,-0.69010633,-0.65867984,-0.6944914,-0.80484957,-1.2594376,-1.1987771,-1.0591849,-1.1059593,-0.8983982,-0.34733823,-0.32029682,0.15840913,0.22345468,-0.25817466,-0.18582065,-0.14343141,-0.22820988,-0.28448522,0.6575788,1.3021874,1.1560178,1.2115623,1.0902413,0.879026,1.135554,0.7109308,0.94480246,0.81398046,0.67365754,0.69631386,0.9060675,0.55087495,0.5355271,0.52164096,0.50775486,0.4872911,0.5969184,0.32796606,0.28411514,0.3674319,0.54575896,0.46390393,0.58303225,0.5355271,0.4332083,0.7745146,0.76866794,1.1779432,1.4088914,1.4512806,1.6449555,1.5506761,1.4995167,1.2605292,1.372349,1.3891585,1.3942745,1.5360591,1.5514069,1.556523,1.5528686,1.580641,1.5974505,1.5667548,1.7216947,1.5360591,1.3760033,1.2897631,0.9974236,1.0405437,1.077817,1.348231,1.4037755,1.2619908,1.0025395,1.029581,1.1867133,1.4746678,1.1070509,1.1435933,1.0091171,1.2407962,1.2159474,0.9586886,0.73577964,0.7935167,1.0639307,1.0829328,1.2057154,1.202792,1.1516327,1.2108314,1.1202061,1.1304381,1.0800095,1.1318997,1.3168045,1.120937,1.299995,1.1998687,1.1538252,0.98792255,1.2276409,1.1289763,1.0880488,1.2532207,1.1574794,1.1311688,1.019349,1.4169308,1.6179142,1.6734587,1.6814982,1.7173096,1.7355808,1.6705353,1.6661502,0.9543035,1.0851254,0.96892047,0.9835374,1.0441979,1.0690467,1.3255746,1.4132766,1.637647,1.5777174,1.3643097,1.3460385,1.3475001,1.33873,1.2510281,1.2919556,1.2488356,1.256144,1.2276409,1.2627217,1.1830591,1.313881,1.2817237,1.1852517,0.9301855,0.9959619,0.9930385,0.8607548,1.0398128,0.9528418,1.0558915,1.2912247,1.0449287,0.93237805,0.9111834,0.94407165,0.59618753,0.64223105,0.6188439,0.77378386,0.5062932,0.42809236,0.3930116,0.51360166,0.3301586,0.39374244,0.55160576,0.44563273,0.7350489,0.7408957,0.864409,0.8673325,1.0215416,1.3950053,1.6508025,1.5309432,1.604759,1.7918562,1.69173,1.6464173,1.6610342,1.7925872,1.7523904,1.9219474,2.0776181,2.0154958,2.019881,2.111237,2.295411,2.3882287,2.4927402,2.493471,2.5153964,2018-04-17
WY_OFC,-0.33288112,-0.23522012,-0.23931062,-0.22857302,-0.06341862,-0.2878855,-0.36355996,-0.32725665,-0.09256351,0.07514747,0.08281718,-0.07569015,0.015835049,0.12014311,-0.009219335,-0.05626022,0.1636048,0.17383108,0.167184,0.24490371,0.3768227,0.34972307,0.37937927,0.3108632,0.1820121,0.20706648,0.18456867,0.12525626,0.11042814,0.15184456,0.0869077,0.28580883,0.38909423,0.377334,0.37528878,0.67236227,0.5757239,0.51947933,0.48675522,0.5133436,0.4642574,0.47294974,0.3804019,0.44891798,0.37426615,0.3804019,0.52663773,0.47346106,0.3977866,0.44380483,0.31290847,0.24592635,0.14979932,0.28785408,0.1344599,0.16155955,0.027083958,-0.10636899,-0.09665402,-0.20147339,-0.25107086,-0.26487634,-0.3696957,-0.28021574,-0.14829673,0.002029572,0.10071317,0.15542376,0.2039986,0.35994935,0.2443924,0.17178582,0.2960351,0.28018436,0.20450991,0.19428363,0.20962305,0.23058693,0.16616136,0.23416613,0.16053692,0.032708414,-0.056771535,-0.4980355,-0.8937925,-0.72966075,-0.60950196,-0.48832053,-0.47349244,-0.5481443,-0.45866436,-0.47042456,-0.55581397,-0.48013952,-0.6514297,-0.5246238,-0.58086836,-0.64733917,-0.58137965,-0.23879932,-0.19073579,-0.32367745,-0.36611652,-0.5011034,-0.5870041,-0.6667691,-0.6718823,-0.809937,-0.8048239,-0.6417147,-0.7618735,-0.598253,-0.53689533,-0.62484133,-0.5445651,-0.4284968,-0.30271357,-0.39168218,-0.29811174,-0.28839678,-0.2669216,-0.09614271,-0.21834674,-0.32009825,-0.27612525,-0.046545256,-0.07057701,-0.38350117,-0.51490885,-0.31856433,-0.25618398,-0.14983068,0.34921178,0.53021693,0.5005607,0.53277355,0.43357855,0.1820121,0.04753652,0.24336979,0.14622013,0.1457088,0.4642574,0.6938374,1.1013546,1.0798794,1.1131148,1.0527798,1.1080017,1.1437937,1.1371466,1.1028886,1.0185218,0.9975579,0.96739036,1.1734499,1.0926623,0.9714809,0.8017246,0.6672491,0.57061076,0.3758001,0.43562382,0.6365703,0.53123957,0.13906173,0.27455992,0.44278222,0.5951538,0.6176516,0.54555637,0.47601762,0.3553475,0.28632015,0.22189458,0.1968402,-0.047567885,-0.31345114,-0.449972,-0.5967191,-0.8298783,-0.9372542,-1.0277568,-1.1197934,-1.2368842,-1.4444778,-1.3759617,-1.3447715,-1.7507548,-1.8018862,-1.8540401,-1.956303,-1.5119712,-1.3861879,-1.5978719,-1.5973606,-1.5007223,-2.1383307,-2.3019512,-2.2763855,-2.4717073,-2.5417576,-2.404214,-2.0687919,-2.0217512,-2.2313898,-2.6230564,-2.4635262,-2.2001996,-1.9010811,-1.8371668,-1.7768317,-1.5942928,-1.4342514,-1.3795408,-1.3503959,-1.208762,-1.1479156,-1.2148978,-1.2108072,-1.0006571,-0.7956202,-0.6309771,-0.56041574,-0.59416246,-0.38861433,-0.3144738,-0.23215222,-0.18102083,-0.27408,-0.21732412,-0.15238725,-0.13449126,-0.12170841,-0.14471753,-0.07824672,0.027595272,-0.15494382,-0.17386244,-0.13142337,-0.036830287,0.025550015,-0.026604012,0.14110698,0.14979932,0.13343728,0.20144203,0.18814787,0.23927926,0.2776278,0.41465995,0.18712524,0.33847415,0.37937927,0.24592635,0.41926175,0.34818912,0.1385504,-0.010753278,0.0091879675,-0.013309848,-0.33236977,-0.2812384,-0.2270391,-0.18255477,-0.30987197,-0.3139625,-0.2996457,-0.2669216,-0.2858402,-0.30066833,-0.12426498,-0.1759077,-0.05830548,-0.14318359,-0.09358614,-0.10432373,-0.18102083,-0.21067704,-0.26589894,-0.2929986,-0.27203473,-0.3144738,-0.56706285,-0.45610777,-0.8089144,-1.1821737,-1.1867756,-1.1842189,-1.1862642,-1.1090558,-1.3728937,-1.3207397,-0.99707794,-1.7528,-2.1362853,-1.8693796,-1.3457941,-1.2501783,-1.1013861,-1.296708,-1.1013861,-0.9669104,-0.8416385,-0.6754614,-0.3875917,-0.3942388,-0.33185846,-0.2812384,-0.2234599,-0.3149851,-0.15801169,-0.17897557,-0.10432373,-0.0813146,0.10838288,-0.018934302,-0.23061828,-0.15647775,-0.15392119,-0.23164092,-0.20658654,-0.08898431,-0.015355104,-0.2198807,-0.2275504,-0.07671278,-0.09154089,-0.31856433,-0.28737414,-0.405999,-0.34515265,-0.44434756,-0.47553772,-0.48423004,-0.3773654,-0.520022,-0.39065957,-0.47707164,-0.2996457,-0.23061828,-0.20454128,-0.18869053,-0.26794422,-0.1799982,-0.30066833,-0.2347088,-0.5573479,-0.32060954,-0.5338275,-0.6933574,-0.5230899,-0.56706285,-0.53842926,-0.6289319,-0.5230899,-0.026604012,-0.041432116,-0.30117962,-0.1728398,0.021459503,-0.14829673,-0.06699781,-0.049101826,-0.300157,-0.44025704,-0.24544638,-0.27050078,-0.23982194,-0.31191725,-0.13755915,-0.24698034,-0.14625148,-0.059328105,-0.03171715,0.041912064,-0.09000694,-0.12631023,-0.19533762,-0.18511133,-0.37787673,-0.23522012,-0.2996457,-0.4024198,-0.49956945,-0.66881436,-0.6928461,-0.6769954,-0.49599028,-0.47860557,-0.5685968,-0.8385706,-1.2481332,-0.91833556,-0.64120334,-0.69693667,-0.6611446,-0.22652777,0.0066313976,0.026061328,-0.12324235,-0.04347737,-0.41878185,-0.4315647,-0.44485885,-0.51337487,-0.3211209,-0.07108832,-0.118129216,0.27660516,0.12474493,0.05674017,0.2443924,-0.10330111,-0.35179973,-0.7199457,-0.8227199,-1.0073042,-1.073775,-0.9244713,-1.0676394,-1.0855353,-1.1070105,-1.2767668,-1.1668342,-1.3539752,-1.2256354,-1.226658,-1.0170192,-1.0180418,-0.8820323,-0.97918195,-0.8820323,-1.0538338,-1.0226437,-1.1335988,-1.216943,-1.3079569,-1.3616449,-1.3774956,-1.189332,-0.7225023,-0.91833556,-1.1218386,-1.1259291,-0.9750914,-0.97406876,-0.9050414,-0.6974479,-1.0374718,-0.73630786,-0.572176,-0.32674533,-0.4750264,-0.26180845,-0.40804425,-0.25158218,-0.3691844,-0.3875917,-0.27765918,-0.44127965,-0.44537017,-0.5696194,-0.38605776,-0.4862753,-0.19891682,-0.11864052,-0.14420623,-0.26538765,-0.34106213,-0.23675406,-0.3216322,-0.26129714,-0.20658654,-0.23266354,-0.18817922,-0.23368616,-0.5731987,-0.45099464,-0.6054114,-0.49547893,-0.4019085,-0.47093588,-0.19329236,-0.1472741,-0.20402995,-0.07159964,-0.0997219,-0.1723285,-0.06239599,-0.10994819,-0.0051288237,0.0649212,-0.0025722538,-0.10688031,-0.12221972,-0.12221972,0.017880306,-0.02404744,-0.08591643,0.09253215,0.0321971,0.26586756,-0.16363615,0.06594382,0.25308475,-0.06904307,-0.37174097,-0.30987197,-0.35895813,-0.36713913,-0.30527014,-0.4131574,-0.33185846,-0.3875917,-0.39730665,-0.41929317,-0.3436187,-0.31703037,-0.55581397,-0.6580767,-0.56501764,-0.55581397,-0.6427373,-0.67597276,-0.67085963,-0.62842053,-0.5455877,-0.6539863,-0.572176,-0.65449756,-0.7322173,-0.6529636,-0.7526699,-0.87845314,-0.7450001,-0.66881436,-0.57370996,-0.6263753,-0.68722165,-0.59518516,-0.4366778,-0.5123523,-0.5517235,-0.49087712,-0.42798552,-0.69028956,-0.9331637,-0.8135162,-0.7848826,-0.6432487,-0.635579,-0.8508422,-1.1831962,-1.2409748,-0.9894082,-0.879987,-0.80175596,-0.8886794,-0.68313116,-0.6498957,-0.74806803,-0.49189976,-0.35128838,-0.14574017,-0.2311296,-0.1835774,-0.25209346,-0.14011571,-0.58444756,-0.46633404,-0.33134717,-0.5409858,-0.4131574,-0.388103,-0.3686731,-0.46837932,-0.51542014,-0.69386876,-0.60490006,-0.6713709,-0.78385997,-0.85493267,-1.0517886,-1.1167254,-1.0681506,-1.130531,-1.1750153,-1.0988294,-0.9444126,-0.85544395,-0.95463884,-0.91629034,-0.65091836,-0.9050414,-0.78897315,-0.38196722,-0.2132336,-0.04194343,-0.18408872,-0.1984055,-0.18050951,-0.22499382,-0.2347088,-0.033762407,-0.07722409,-0.03938686,-0.03427372,0.061341994,0.020436876,0.0137897935,-0.008196708,0.07872667,0.12576756,0.1457088,0.10838288,0.13190332,0.09099821,0.09406609,0.05827411,0.1451975,0.1891705,0.26535627,0.4279541,0.4709045,0.60589135,0.7592856,0.78945315,0.9177929,0.71275604,0.7889418,0.7603082,0.844675,0.890182,0.97659403,1.1095357,0.8963178,0.85950315,0.92955315,0.88813674,1.0420423,1.2342962,1.170382,1.1059564,1.0241462,1.1898118,1.4868853,1.5395507,1.4669441,1.4219484,1.390247,1.4449576,1.3651927,1.1151601,1.2961652,1.1841874,1.3672379,1.351387,1.2041287,1.4045638,1.457229,1.5175642,1.4142787,1.4459803,1.5410845,1.5789219,1.522166,1.5932386,1.5906821,1.4188806,1.584035,1.5876142,1.4459803,1.4730799,1.4776818,1.4807495,1.50427,1.5329036,1.7272029,1.8003207,1.7430536,1.8376467,1.7829361,1.6597095,1.6995919,1.9552488,1.6791394,1.7757778,1.901561,2.0769417,2.1111999,2.3479383,2.7672157,2.8474917,2.977877,2.730401,2.660351,2.884818,2.8561842,2.1873856,2.0713174,2.0145614,1.8923573,1.5651164,1.5088718,1.937353,1.8734387,2.2676618,2.1510823,2.1899421,2.119381,2.098417,2.1152904,2.257947,2.3919113,2.3556077,2.3407798,2.1418788,2.2380056,1.8586106,1.9424661,1.9153665,1.9946201,2.0999508,2.1935213,2.4067392,2.3136802,2.4798572,2.551441,2.4522462,2.4200335,2.4491785,2.4072506,2.017118,2.2134626,2.3908887,2.2242002,2.2088609,2.0927925,1.970077,2.1597745,2.3612323,2.1986346,2.140856,2.191476,2.3136802,2.4353728,2.5401921,2.575473,2.7033014,2018-04-17
WY_STAG,0.28189382,0.23890711,0.11067555,0.114318505,0.41012543,0.12160438,0.017416237,0.15584804,0.4246972,0.5689577,0.6636742,0.4174113,0.5179565,0.6629456,0.3919107,0.258579,0.5769722,0.62651616,0.6899034,0.7438189,0.92523736,0.831978,0.9201373,0.79700583,0.6724172,0.6804317,0.59008676,0.48881295,0.45165497,0.4596694,0.34528103,0.57842934,0.81667775,0.7168612,0.84509265,1.3405328,1.1408995,0.9230516,0.91066563,1.0665835,0.8968224,0.8866222,0.8370782,0.9951819,0.82323503,0.8064775,0.9951819,0.8399925,0.74017596,0.83124954,0.63453066,0.47788414,0.3795247,0.550743,0.24837875,0.29427984,0.13544756,0.013773294,0.09683238,-0.009541535,-0.04815672,0.018144825,0.20539205,0.3394523,0.5667719,0.46039805,0.4225114,0.45821226,0.5048419,0.66731715,0.7124896,0.6986464,0.8545643,0.8028345,0.6279733,0.7161325,0.78534836,0.9048369,0.7940915,0.8363496,0.7569335,0.64473087,0.43999752,-0.08385756,-0.6455992,-0.39787915,-0.17857406,-0.07292873,-0.12903003,-0.26673326,-0.26236174,-0.26600468,-0.4321228,-0.28421938,-0.47073802,-0.31846306,-0.359264,-0.49186707,-0.34614938,0.10921838,0.0888179,-0.11300109,-0.23467536,-0.3949648,-0.5727404,-0.7155437,-0.73740137,-0.9042482,-0.93703467,-0.7585305,-0.9661782,-0.812446,-0.647785,-0.74905884,-0.6732856,-0.5049817,-0.5006101,-0.56181157,-0.39205045,-0.30971998,-0.29369104,-0.119558394,-0.35489246,-0.45470905,-0.37456432,0.021059178,0.017416237,-0.37966448,-0.54942554,-0.43649432,-0.48385257,-0.396422,0.24983594,0.3933679,0.37515315,0.39701083,0.27387935,0.06768884,-0.19241723,0.112132736,0.04073107,0.09100367,0.45602646,0.85383576,1.2909888,1.2334303,1.3011891,1.1722288,1.2888031,1.2997319,1.2880744,1.189715,1.2407161,1.354376,1.3740479,1.6603832,1.5153941,1.4228632,1.194815,1.0702264,0.9944533,0.73216146,0.7416331,1.0724123,0.8582072,0.45019776,0.625059,0.8072061,1.069498,1.1255991,0.909937,0.86913604,0.7838912,0.66003126,0.65638834,0.55948603,0.12524733,-0.28494796,-0.3213774,-0.4765667,-0.70024335,-0.6791143,-0.816089,-1.0820237,-1.2262843,-1.5089766,-1.2648994,-1.3078861,-1.8412127,-1.7362959,-1.8208123,-1.814255,-1.2350273,-1.0295653,-1.400417,-1.3588873,-1.2087982,-2.1071475,-2.0182598,-2.0058737,-2.3198955,-2.4189835,-2.290752,-1.8295553,-1.6379366,-1.8382984,-2.5333717,-2.1195335,-1.7370247,-1.2539706,-1.3159006,-1.400417,-1.3173578,-1.0652663,-1.0565232,-1.0893096,-0.82847494,-0.9166342,-0.8255606,-0.9224629,-0.47875246,-0.16400228,0.081532024,0.31322312,0.28553677,0.35620984,0.35766703,0.60392994,0.6767888,0.5368998,0.5951868,0.69646066,0.71103245,0.6942749,0.53544265,0.6724172,0.798463,0.62943053,0.6469167,0.7307043,0.90046537,0.860393,0.79773444,0.95948106,0.9492808,0.88006485,1.0257826,0.9616668,1.1299708,1.2509165,1.4082915,1.0818839,1.2057439,1.2414447,1.108113,1.2858887,1.2487307,0.95948106,0.70957524,0.6877176,0.5434571,0.073517546,0.14783356,0.24109288,0.29427984,0.069146015,0.09610379,0.12014721,0.10921838,0.12233297,0.097560965,0.2848082,0.33143786,0.522328,0.23016407,0.31978044,0.34819537,0.20466344,0.101932496,-0.08167179,-0.06710002,-0.11300109,-0.28494796,-0.647785,-0.52392495,-0.8751046,-1.3698162,-1.557792,-1.6860234,-1.6488655,-1.5009619,-1.8025976,-1.7290101,-1.2554278,-2.3359244,-2.6951184,-2.258694,-1.7180814,-1.458704,-1.2408559,-1.596407,-1.3763735,-1.1118959,-1.0055219,-0.78403103,-0.4343086,-0.3949648,-0.20043172,-0.46272352,-0.36727846,-0.569826,-0.42920846,-0.4262941,-0.43503717,-0.39350763,-0.09041485,-0.20698902,-0.48166683,-0.44960892,-0.42483693,-0.4328514,-0.3825788,-0.32647753,-0.07584308,-0.2834908,-0.47729528,-0.194603,-0.26163313,-0.635399,-0.5720118,-0.7614448,-0.65944237,-0.7913169,-0.9020624,-0.9064339,-0.8073459,-0.9443205,-0.9115341,-1.0237366,-0.91080546,-0.7905884,-0.7731022,-0.70097196,-0.840861,-0.6536137,-0.77528805,-0.7024291,-1.0579803,-0.6944147,-0.8787475,-0.99095017,-0.84013236,-1.0856667,-1.0922239,-1.2459562,-1.2721853,-0.4146367,-0.38767892,-0.72501534,-0.5596258,-0.34760657,-0.507896,-0.4641807,-0.36727846,-0.52319634,-0.40006495,-0.04378519,-0.09187203,-0.23758973,-0.3082628,-0.07220014,-0.31336293,-0.24778996,-0.14797333,-0.18585995,-0.07730026,-0.33157763,-0.4343086,-0.56545454,-0.56108296,-0.7614448,-0.41026518,-0.70097196,-0.9144484,-1.0047933,-1.194955,-1.1177247,-1.2146269,-1.0929526,-1.1148102,-0.71918666,-0.74905884,-1.1337535,-0.7330299,-0.38549313,-0.5421397,-0.56764024,-0.08167179,0.12379015,0.21486369,0.07788908,0.07788908,-0.43139422,-0.5669117,-0.66235673,-0.5727404,-0.45325187,-0.056899782,0.06331731,0.5696863,0.48225567,0.39409646,0.62214464,0.017416237,-0.032856368,-0.44232306,-0.47583812,-0.8459611,-0.77893096,-0.53922534,-0.61208415,-0.7614448,-0.8641758,-1.1024243,-0.9392204,-1.2430418,-1.0157223,-0.98730725,-0.88093334,-1.017908,-0.7592591,-0.840861,-0.68130004,-0.9224629,-0.9282916,-1.0230081,-1.1381251,-1.207341,-1.2182698,-1.1978693,-0.8262892,-0.16691664,-0.4037079,-0.38549313,-0.2332182,-0.2718334,-0.41390812,-0.31044856,-0.0496139,-0.49696717,-0.03941366,0.16167675,0.5471,0.4042967,0.7999202,0.5412713,0.773691,0.6206875,0.57915795,0.5492858,0.33216643,0.21122074,-0.10134368,0.12160438,-0.028484834,0.27970806,0.32415196,0.34236667,0.26295054,0.18499157,0.5237852,0.4246972,0.501199,0.53762835,0.60101557,0.71758974,0.6716887,0.26950783,0.3715102,0.22287816,0.2578504,0.32560912,0.1267045,0.472784,0.57478637,0.45894083,0.60757285,0.587901,0.3598528,0.37588173,0.45602646,0.6272448,0.80137736,0.66585994,0.44582623,0.42761153,0.47569838,0.61485875,0.49828464,0.31686607,0.5230566,0.31905183,0.5937297,-0.029942011,0.06113154,0.2702364,-0.076571666,-0.36072117,-0.24123266,-0.29296246,-0.29369104,-0.1880457,-0.2332182,-0.14505899,-0.2754763,-0.3148201,-0.46126637,-0.49696717,-0.45106614,-0.6361276,-0.7089864,-0.58221203,-0.6077126,-0.72501534,-0.76071626,-0.76581633,-0.87073314,-0.7563447,-0.91007686,-0.7359442,-0.9384918,-1.0346655,-1.0332083,-1.120639,-1.3428584,-1.0594375,-0.85178983,-0.7432301,-0.73885864,-0.8044315,-0.6951432,-0.396422,-0.41609386,-0.46490932,-0.3818502,-0.14578757,-0.50643885,-0.8197319,-0.72501534,-0.83138937,-0.72210103,-0.57929766,-0.70752925,-1.2342987,-1.41426,-1.2175412,-1.0601661,-0.9166342,-0.96763533,-0.7854882,-0.67109984,-1.0689092,-0.74104434,-0.5377681,-0.17055957,-0.4394087,-0.36800703,-0.5217392,-0.23540397,-0.98730725,-0.9231914,-0.8874907,-1.2969573,-1.0594375,-1.2226412,-0.952335,-1.0324798,-1.0470515,-1.327558,-1.1446823,-1.5643493,-1.702781,-1.722453,-1.9694444,-2.0291886,-2.0138881,-2.108605,-2.279823,-2.1501343,-1.9869305,-1.851413,-1.9818304,-1.9162575,-1.5075192,-1.8433986,-1.7260958,-1.1585256,-1.1556112,-0.92683434,-1.1556112,-1.0419513,-1.017908,-1.1177247,-1.1614399,-1.0346655,-1.0958669,-0.955978,-0.9064339,-0.6506994,-0.57492614,-0.594598,-0.57128316,-0.46855223,-0.35999256,-0.51736766,-0.49696717,-0.3417779,-0.46782365,-0.45616624,-0.54359686,-0.4146367,-0.39350763,-0.3009769,-0.13995886,0.00065870304,0.023973532,0.056760013,0.11650426,0.25275028,0.06113154,0.1267045,0.026159298,0.15293369,0.4378118,0.59008676,0.78243405,0.5762436,0.3350808,0.101932496,0.12961885,0.34236667,0.5689577,0.53544265,0.49172732,0.3642243,0.5230566,0.8334353,0.73944736,0.6053871,0.4465548,0.258579,0.41668272,0.33143786,0.015230471,0.15439086,-0.006627181,0.18499157,0.32269478,0.23016407,0.43271163,0.4669553,0.5733292,0.34455243,0.38826776,0.5179565,0.5303425,0.4807985,0.58134365,0.6104872,0.6491024,0.6389022,0.53107107,0.38899633,0.3787961,0.34528103,0.398468,0.47642696,0.59737265,0.78170544,0.8414497,0.88516504,1.0184968,0.95073795,0.97478145,1.0301541,1.2006438,0.9121228,1.0673121,1.3733193,1.6203108,1.5838814,1.7959006,2.5215747,2.549261,2.7314084,2.4632876,2.3532708,2.6534493,2.623577,1.8024579,1.7026412,1.6217681,1.662569,1.4680359,1.1729574,1.6458114,1.4833362,2.0968077,1.8913457,1.790072,1.8425304,2.021763,1.8869741,2.0203059,2.243254,2.345985,2.1922529,1.9132034,2.1507232,1.5773242,1.6297824,1.497908,1.5933532,1.7485424,1.8563735,2.1660235,1.9554615,2.3452563,2.409372,2.1929812,2.1266797,2.1886098,2.1266797,1.6924411,1.8170297,1.9860623,1.7514567,1.819944,1.8374302,1.7121129,1.9656618,2.3554566,2.2366967,2.1230369,2.190067,2.3467135,2.5951622,2.6614637,2.7059076,2.769295,2018-04-17
WY_SVC,-0.75388837,-0.6863405,-0.74431914,-0.5681317,-0.43641338,-0.5703833,-0.50621283,-0.5450529,-0.26135176,-0.28386778,-0.1414543,-0.3108869,-0.16397028,-0.32439646,-0.41446033,-0.61822975,-0.4223409,-0.40657973,-0.4099571,-0.29174834,-0.07334353,-0.28668225,-0.20675059,-0.17016214,-0.34128347,-0.2011216,-0.10936907,-0.17635404,-0.11387226,-0.321582,-0.21913436,-0.0390067,0.07695049,0.03698466,0.1338033,0.3831675,0.21373494,0.10790993,0.035858866,0.11747922,0.0673812,0.10059225,0.018971898,0.037547562,0.058374822,-0.009735952,0.12704849,0.0082768155,-0.098111086,-0.070529036,-0.16115578,-0.1470833,-0.28893384,-0.22420046,-0.39813626,-0.44035366,-0.6244216,-0.8371974,-0.8191847,-0.85070705,-0.7612061,-0.5315433,-0.510716,-0.3277739,-0.28499356,-0.22926655,-0.10542878,-0.019868132,0.061752215,0.16307403,0.24469438,0.26608455,0.48111194,0.32744053,-0.09698529,-0.09754819,-0.1420172,-0.08797891,-0.20506188,-0.18704912,-0.26810658,-0.25966308,-0.18536042,-0.40714264,-0.68577766,-0.74037886,-0.64412314,-0.6097862,-0.5641914,-0.56193984,-0.58952194,-0.59121054,-0.64750046,-0.6981614,-0.7707753,-0.61316365,-0.8473296,-0.9041824,-0.8456409,-0.527603,-0.5416755,-0.39644754,-0.560814,-0.64356023,-0.7758415,-0.6863405,-0.80060905,-0.6908437,-0.67339385,-0.6368054,-0.8495812,-0.88335514,-0.8636537,-1.079244,-1.1079519,-1.0510991,-0.9019308,-0.9767964,-0.8135557,-0.88448095,-0.9238839,-0.7111081,-0.9069969,-0.9368306,-0.6981614,-0.44767138,-0.02718582,-0.27542424,-0.32101908,-0.30469504,-0.44204238,-0.28217906,0.15631925,0.23512511,0.106784135,0.0673812,0.09721485,-0.22476335,-0.4853856,-0.1971813,-0.22363757,-0.10092559,0.14337257,0.4332655,0.85262525,0.88358474,0.8886508,0.74173415,0.78057414,0.7231585,0.6392866,0.60100937,0.41525275,0.57005,0.73272777,0.7811371,0.887525,0.8120965,0.7681904,0.72203267,0.4383316,0.3432017,0.29028916,0.4332655,0.36740634,0.2368138,0.21823815,0.32350022,0.36177737,0.3910481,0.24750888,0.20247696,0.19741088,0.25032336,0.17714651,0.17545782,0.07751339,-0.18930072,-0.24559061,-0.42571828,-0.52028537,-0.3204562,-0.6204813,-0.5867074,-0.4876372,-0.6289248,-0.57770103,-0.6384941,-0.87322295,-1.0280201,-1.0218283,-1.0612313,-0.8766004,-0.30019182,-0.5602512,-0.5343578,-0.52816594,-1.2773845,-1.3719515,-1.4304929,-1.6353881,-1.6787314,-1.6387656,-1.491286,-1.4901602,-1.7699211,-2.1453748,-1.9128973,-1.5391325,-1.3049666,-1.2807618,-1.1591756,-0.9801738,-1.051662,-0.9638497,-1.0128219,-0.81974757,-0.6992872,-0.5872703,-0.53773516,-0.17016214,-0.12907054,0.0082768155,0.23287351,0.19121899,0.38485622,0.3854191,0.5047537,0.7175295,0.62183666,0.6511074,0.64660424,0.6066384,0.5970691,0.46591365,0.65223324,0.80703044,0.7197811,0.6539219,0.6843184,0.7833887,0.6792524,0.6685573,0.68150395,0.56104356,0.45972174,0.6696831,0.58187085,0.65673643,0.90947807,1.0952346,0.803653,0.87908155,0.94381493,0.89090234,1.1408294,1.1059299,0.8120965,0.6944506,0.7028941,0.6291544,0.3268776,0.24525727,0.2824086,0.44002032,0.34883067,0.35839996,0.36290315,0.4355171,0.5784935,0.5981949,0.83067214,0.89765716,0.8841476,0.7839516,0.8447447,0.8655719,0.79689825,0.55147433,0.48730382,0.5238922,0.4996876,0.3409501,0.12141951,0.30942777,0.0082768155,-0.4651212,-0.59965414,-0.6452489,-0.7589545,-0.7308095,-0.8664682,-0.89010996,-0.61935556,-1.2481136,-1.5267487,-1.3184761,-0.9886173,-0.9728561,-0.8208733,-1.0831844,-0.99987525,-0.9886173,-0.9779222,-0.9559691,-0.83438295,-0.7218031,-0.71392256,-0.91431457,-0.91093725,-1.1158324,-1.0060672,-1.0882504,-1.1597385,-1.1417259,-0.8737859,-0.8822294,-1.151858,-1.0657344,-1.1467918,-1.1079519,-1.1057003,-1.0432185,-1.0702376,-1.2081478,-1.235167,-0.9531546,-1.0195767,-1.3404292,-1.4209236,-1.0730522,-0.98918015,-1.1434144,-1.2396702,-1.2531798,-1.0972568,-1.1028857,-0.99480915,-1.1400372,-0.97567064,-0.9317644,-0.90080506,-0.7257435,-0.9210694,-0.72405475,-0.8912357,-0.79892033,-0.93457896,-0.6317393,-0.7572658,-0.8259395,-0.7719012,-0.8169331,-0.8647795,-0.8974276,-0.94358534,-0.40320235,-0.39419594,-0.52253693,-0.40657973,-0.32889968,-0.45273745,-0.42402962,-0.4296586,-0.63399094,-0.60359436,-0.40657973,-0.35423014,-0.44879717,-0.4814453,-0.3609849,-0.5354836,-0.41052002,-0.29399994,-0.3671768,-0.2562857,-0.2619147,-0.22982945,-0.2619147,-0.2557228,-0.43810207,-0.16340736,-0.35141563,-0.45104876,-0.4127716,-0.54280126,-0.5799526,-0.73306113,-0.73812723,-0.67845994,-0.46061805,-0.51296765,-1.1304678,-1.1006342,-0.84620386,-0.96553844,-0.8664682,-0.39250728,-0.1977442,-0.09585949,-0.23714714,-0.25009382,-0.4915775,-0.72968376,-0.7021017,-0.6953469,-0.66720194,-0.46624702,-0.6097862,-0.2686695,-0.40826845,-0.50283545,-0.38406378,-0.8101783,-1.0297089,-1.3201648,-1.3612564,-1.5509534,-1.5166165,-1.3629451,-1.5138019,-1.5875417,-1.6550896,-1.8915071,-1.9196522,-2.1144152,-2.1341166,-2.0671318,-1.5779724,-1.4485056,-1.2441734,-1.3820837,-1.5002924,-1.7361472,-1.8211448,-1.8734945,-1.9849484,-1.9252812,-1.9500487,-1.9269699,-1.7603518,-1.3027148,-1.5796611,-1.6837975,-1.5903562,-1.5166165,-1.5154907,-1.5121133,-1.3212905,-1.6049917,-1.2723184,-1.1501693,-0.8377604,-0.9103743,-0.64412314,-0.9762335,-0.88504386,-1.028583,-0.7983574,-0.7955429,-0.7319353,-0.83382004,-0.9126259,-0.817496,-0.7082936,-0.49664357,-0.17973144,-0.09979978,-0.25009382,-0.35197854,-0.024371324,-0.039569598,-0.053079173,-0.004106962,-0.13863982,-0.18198304,-0.25966308,-0.6142894,-0.52028537,-0.4915775,-0.5337949,-0.4341618,-0.5045242,-0.29962894,-0.36661392,-0.42177802,-0.34072056,-0.34691244,-0.5371723,-0.644686,-0.50621283,-0.50339836,-0.11162066,-0.24446481,-0.46906152,-0.37899768,-0.3795606,-0.29681444,-0.38687825,-0.60303146,-0.48313397,-0.4870743,-0.3609849,-0.80229765,-0.70435333,-0.55968827,-0.72518057,-0.9165662,-0.906434,-0.99086887,-0.956532,-0.8867326,-0.86984557,-0.7161741,-0.21406826,-0.1470833,0.079202086,0.09890355,0.2430057,0.19234478,0.056686126,0.14674997,0.105095446,0.11297603,0.09665196,0.101718046,0.05443453,0.14112097,0.047116842,0.14618705,0.14112097,0.22274132,0.22386712,0.2818457,-0.16059287,-0.016490739,0.03923626,-0.008047255,0.046553943,-0.011987547,-0.21406826,-0.09585949,0.018408997,0.061189316,0.15125315,0.2869118,-0.14314301,-0.3750574,-0.16115578,-0.028311618,0.3375727,0.16138534,0.16194823,-0.21800856,-0.30188054,-0.052516274,0.061189316,0.10453254,-0.053079173,0.07244729,0.051620033,0.018408997,0.37641275,0.68600714,0.826169,0.7473631,0.6139561,0.64153814,0.74680024,-0.023245526,-0.055893667,0.0037736234,-0.18479753,0.11635342,-0.045198586,-0.09923688,-0.19155231,0.39667708,0.25595236,0.30605036,0.16307403,0.14562416,0.10340674,-0.07559513,-0.17747983,-0.06264845,-0.12287864,-0.016490739,-0.030563213,0.14112097,0.27677962,0.14393547,0.045991044,0.45972174,0.17095461,0.5188261,0.8644461,0.9713969,0.9939129,0.76875335,0.7546808,0.5182633,0.51150846,0.33475822,0.65786225,0.6539219,0.64378977,0.7107747,0.7636872,0.7270988,0.63140595,0.69051033,0.7045828,0.787329,0.7856403,0.87288964,0.93818593,0.7749452,0.8047788,0.7755081,0.74848896,0.7102118,0.68262976,0.82335454,1.0130514,1.0288126,1.0164288,0.9939129,1.1926162,1.1481472,1.1194394,1.0243095,1.1194394,1.3507909,1.3907566,1.4031404,1.3322152,1.1397038,1.2410254,1.1723518,1.2579124,1.1008637,1.1211281,1.0744075,1.031627,1.1076185,1.2657931,1.1684115,1.0654011,1.0682156,0.98152906,1.0715929,1.0096741,0.7783226,0.91229254,0.6178964,0.7085231,0.7501776,0.5390905,0.51094556,0.5948175,0.7743823,0.67981523,0.7777597,0.7952095,0.7957725,0.7710049,0.68150395,0.5402163,0.753555,0.8582542,0.79858696,0.6229625,0.6280286,0.60945284,0.6060755,0.7135892,0.66405404,0.91285545,1.0079854,1.0006677,1.0721558,1.0620236,0.8847105,0.8047788,0.9950387,0.8723267,0.8244803,1.1864244,1.2635415,1.4352256,1.594526,1.9018689,1.9637878,2.0713015,1.8799158,2.0167003,2.1664314,2.18557,1.7245557,1.7183639,1.4115839,1.3637376,1.2483432,1.0670898,1.4290338,1.3096992,1.5663811,1.5196606,1.5601892,1.683464,1.6964108,1.7876005,1.9485894,2.2002053,2.2604353,2.2761967,2.3488107,2.714132,2.374704,2.5171175,2.4321198,2.481092,2.4512584,2.6060555,2.8086991,2.6161876,2.8222086,2.7889977,2.7051258,2.7248273,2.7811172,2.8914454,2.6122472,2.6578424,2.8272746,2.4895353,2.4574504,2.5644011,2.4490066,2.652213,2.8678033,2.887505,2.8227715,2.9516754,3.0681956,3.003462,3.0918374,3.1036582,3.327692,2018-04-17
WY_VTR,-1.0117574,-1.0162362,-1.0714737,-1.050573,-0.93039393,-1.0229542,-1.1110357,-1.0699809,-0.8867264,-0.775878,-0.77065283,-0.89307123,-0.8307424,-0.7381822,-0.84343207,-0.905761,-0.7456467,-0.72885144,-0.7314641,-0.6889162,-0.60270077,-0.5959827,-0.578441,-0.6616706,-0.7057114,-0.7101901,-0.7426609,-0.7885677,-0.7990181,-0.8008842,-0.84529823,-0.70869726,-0.6224818,-0.6482345,-0.6347983,-0.40712988,-0.494465,-0.51275307,-0.5571671,-0.5157389,-0.56127256,-0.55380803,-0.6150173,-0.59523624,-0.728105,-0.72698534,-0.6071795,-0.66577613,-0.6907823,-0.66577613,-0.79267323,-0.87702245,-0.8848603,-0.78632843,-0.8837406,-0.89680356,-0.9804064,-1.10805,-1.0841634,-1.1472387,-1.183815,-1.198744,-1.3454223,-1.3107122,-1.3017547,-1.24801,-1.1916528,-1.1588088,-1.1360419,-1.0401226,-1.1050642,-1.1617945,-1.0666218,-1.0404959,-1.1412672,-1.1237254,-1.1076767,-1.0740863,-1.1095428,-0.42056605,-0.49670434,-0.6049402,-0.74191445,-1.14276,-1.4279054,-1.3051138,-1.196878,-1.1177537,-1.1390278,-1.2088213,-1.1517174,-1.1293238,-1.2300951,-1.1696324,-1.2614462,-1.1547034,-1.1659001,-1.2170322,-1.1935189,-0.91919714,-0.9027751,-1.0296723,-1.0557982,-1.2073283,-1.2465171,-1.3327326,-1.3562459,-1.3928221,-1.3592316,-1.2875721,-1.3696821,-1.2539816,-1.1547034,-1.1864276,-1.1155145,-1.009518,-0.92069006,-0.94308364,-0.8889657,-0.87963516,-0.83335495,-0.7348231,-0.8225314,-0.84156597,-0.8389533,-0.6191228,-0.49558464,-0.7027256,-0.7762512,-0.6109118,-0.63927704,-0.55194193,-0.17722212,-0.055176925,-0.09026025,-0.06935955,-0.13915297,-0.35786393,-0.44669196,-0.27239498,-0.3959331,-0.42541802,-0.20260152,-0.014121966,0.2837131,0.2657982,0.2978957,0.21130708,0.2922973,0.31469092,0.31618384,0.27214307,0.2378062,0.17211825,0.11650745,0.2434046,0.13890105,0.06798795,-0.025318775,-0.09287284,-0.24776198,-0.3836166,-0.35973006,-0.18505988,-0.24589585,-0.5332806,-0.48550755,-0.37092686,-0.2716485,-0.25000137,-0.3033728,-0.31643572,-0.39929214,-0.49259886,-0.54932934,-0.5638852,-0.7348231,-1.0031732,-1.080058,-1.1741111,-1.3159373,-1.3405703,-1.4409684,-1.6107866,-1.746641,-1.8918263,-1.8201668,-1.7567182,-1.9948369,-1.9634861,-1.9507964,-1.9769222,-1.6943893,-1.5659994,-1.7552254,-1.7641829,-1.6958823,-2.1941402,-2.26468,-2.2187731,-2.3314877,-2.414344,-2.2952847,-2.0116322,-1.9201916,-2.0594053,-2.3576136,-2.185556,-2.0108857,-1.8145684,-1.7559718,-1.7040933,-1.6025757,-1.483143,-1.3950614,-1.3062334,-1.1659001,-1.1282042,-1.139401,-1.1296971,-1.0069054,-0.91061294,-0.83484787,-0.77177256,-0.751245,-0.60344726,-0.5937433,-0.52992153,-0.44034708,-0.5276822,-0.48886657,-0.44370613,-0.37652525,-0.35935682,-0.38175046,-0.3436813,-0.34554744,-0.45975488,-0.40078503,-0.41235507,-0.28732404,-0.28172565,-0.25858557,-0.17199694,-0.18207407,-0.1727434,-0.11937195,-0.13131522,-0.08727444,-0.011882606,0.08105089,-0.060402103,0.009391327,0.023573948,-0.05704306,-0.021586504,0.0041661505,-0.22835419,-0.34144196,-0.3309916,-0.31755543,-0.52954835,-0.49745077,-0.47804302,-0.4530368,-0.5590333,-0.54708993,-0.5929969,-0.6224818,-0.6456219,-0.6303196,-0.50752795,-0.4519171,-0.36234266,-0.41795346,-0.36271587,-0.36010328,-0.42131248,-0.42317864,-0.5325341,-0.50528854,-0.5269357,-0.5344003,-0.7030988,-0.6456219,-0.93226004,-1.183815,-1.2218841,-1.2401723,-1.2450242,-1.1214862,-1.2812272,-1.2349471,-0.97107565,-1.5234514,-1.8503983,-1.5667458,-1.1733646,-1.0460943,-0.95987886,-1.106557,-0.9580127,-0.91247904,-0.7781174,-0.63517153,-0.40489054,-0.3836166,-0.3130767,-0.35823715,-0.32091448,-0.41310152,-0.32091448,-0.33360416,-0.31419638,-0.2996405,-0.16602531,-0.2563462,-0.3574907,-0.3156893,-0.32352704,-0.33248448,-0.32651287,-0.2466423,-0.1395262,-0.2854579,-0.33845612,-0.2518675,-0.30561215,-0.49931696,-0.4705785,-0.54932934,-0.5403719,-0.62061566,-0.6586848,-0.64786124,-0.57582843,-0.6609242,-0.5582868,-0.63181245,-0.5302948,-0.46236745,-0.4362416,-0.4157141,-0.46423358,-0.39630634,-0.42280543,-0.37652525,-0.65234,-0.49595788,-0.71093655,-0.77401185,-0.69376814,-0.76393473,-0.7236263,-0.79939127,-0.7195208,-0.26082492,-0.26157138,-0.4429597,-0.3821237,-0.22499514,-0.34293485,-0.27090207,-0.2563462,-0.43960062,-0.5276822,-0.37615207,-0.4045173,-0.3791379,-0.45117065,-0.2869508,-0.33659,-0.28359178,-0.223129,-0.22686128,-0.17460953,-0.32240736,-0.37353948,-0.44146675,-0.43138966,-0.57321584,-0.4507974,-0.60456693,-0.6598045,-0.7307176,-0.8210385,-0.81544006,-0.872917,-0.71765465,-0.644129,-0.4515439,-0.5056618,-0.67771935,-0.4672194,-0.2824721,-0.3227806,-0.31009087,-0.0018054796,0.17249148,0.2710234,0.19749768,0.24265814,0.005285831,-0.039501395,-0.111534186,-0.09623188,-0.0032983874,0.1810757,0.20682837,0.44308096,0.382245,0.3695553,0.46510136,0.14972463,0.008271646,-0.167145,-0.19961573,-0.300387,-0.24216358,-0.17460953,-0.23096679,-0.23395258,-0.30449247,-0.44706514,-0.33509707,-0.44445258,-0.34704036,-0.2876973,-0.21193221,-0.23731163,-0.21939674,-0.20073539,-0.14027265,-0.2578391,-0.24440293,-0.27202174,-0.3093444,-0.3589836,-0.37503237,-0.32054123,-0.11377355,0.22772907,0.123598754,-0.044353347,-0.08466185,-0.04136753,-0.0686131,-0.010016472,0.19040638,-0.027931364,0.16577339,0.25646752,0.49831855,0.49570593,0.6416377,0.54161286,0.6483557,0.57221746,0.5882662,0.6976217,0.6379054,0.57744265,0.46323523,0.5849072,0.535268,0.7659223,0.7722671,0.77599937,0.6901572,0.61737794,0.71665627,0.6457432,0.6435038,0.6927697,0.69986105,0.8387015,0.7830907,0.62073696,0.6726155,0.57333714,0.5330286,0.59610397,0.4669675,0.5729639,0.5822946,0.55355614,0.6681368,0.6763478,0.59199846,0.70247364,0.6909036,0.8163079,0.9446979,0.89580524,0.85363054,0.83198345,0.8103363,0.9361137,0.8387015,0.7715206,0.8793832,0.8192937,0.9655986,0.69463587,0.79988587,0.9181988,0.6841855,0.59610397,0.64462346,0.5490774,0.50615627,0.59685045,0.5419861,0.54086643,0.4856288,0.37739304,0.31916967,0.40389213,0.4199409,0.26019982,0.19749768,0.30610672,0.33148614,0.30685318,0.32588774,0.34678847,0.32439485,0.36358365,0.31319803,0.46211556,0.42180702,0.3870969,0.41322282,0.38037887,0.26019982,0.43897545,0.49869177,0.5584081,0.5296696,0.46360844,0.46323523,0.5696049,0.5199657,0.44420066,0.482643,0.52071214,0.35910493,0.15457658,0.2616927,0.2964028,0.41620862,0.45614392,0.34268296,0.057910822,0.048953377,0.13367589,0.22063777,0.3117051,0.25982657,0.36880884,0.41359606,0.32215548,0.55131674,0.612526,0.729346,0.663658,0.6662706,0.599463,0.71926886,0.3430562,0.35611913,0.4736856,0.21503934,0.34342942,0.34678847,0.33447197,0.26355883,0.24974947,0.18928671,0.21317321,0.1698789,0.0784383,0.05417855,-0.13355458,-0.15109624,-0.11078773,-0.11899873,-0.1518427,-0.1533356,-0.061148558,-0.027558137,-0.113027096,-0.05592338,0.18928671,0.011630688,0.076198936,0.37925917,0.4232999,0.5363877,0.43375027,0.43822902,0.40277246,0.3695553,0.32999325,0.46547458,0.46659425,0.5091421,0.535268,0.6435038,0.6909036,0.6838123,0.74875385,0.7995127,0.8185473,0.89505875,0.90326977,0.9682113,0.9521625,0.9435783,0.91857207,0.9838867,1.0111324,1.0734612,1.155198,1.2014781,1.202971,1.2582085,1.2552227,1.2854542,1.1678876,1.2104355,1.163409,1.2395473,1.3768946,1.3761482,1.4896091,1.4429559,1.3522617,1.3716695,1.3571136,1.4485543,1.5623884,1.5146154,1.469455,1.3977953,1.4828911,1.6179993,1.6124009,1.5351429,1.4888628,1.4858769,1.5116297,1.4899825,1.3294948,1.383986,1.2723911,1.3750286,1.3466634,1.3451704,1.367564,1.3720428,1.4657227,1.4186962,1.4216819,1.4578849,1.4967006,1.4799052,1.5075241,1.5541775,1.4937147,1.5209602,1.4922217,1.3936899,1.4295197,1.4459417,1.4828911,1.467962,1.489236,1.571719,1.5422342,1.5399948,1.6064292,1.563135,1.4634833,1.5407412,1.6803281,1.540368,1.6594275,1.7101862,1.8598502,1.9147147,2.048703,2.3536296,2.3734105,2.432007,2.208071,2.1584318,2.3357146,2.280104,1.8277527,1.6150135,1.5691066,1.5295445,1.3298681,1.3619655,1.5836624,1.5246925,1.8012537,1.7553468,1.7956553,1.7669169,1.7531074,1.7691561,1.899039,1.9718183,1.9232988,1.8770187,1.7169043,1.7949088,1.5597758,1.6400197,1.6235976,1.7116792,1.8654487,1.9191934,2.0546749,1.9852544,2.1136446,2.1453688,2.0808005,2.0580337,2.080054,1.9889867,1.6803281,1.8255134,1.9083698,1.8859762,1.8844832,1.7710222,1.7822192,1.9262846,2.0942369,1.9968245,1.9587555,2.0263095,2.1416366,2.221134,2.295033,2.379009,2.514117,2018-04-17
WY_WELL,-0.6072663,-0.5952339,-0.6433634,-0.6110264,-0.48318234,-0.59372985,-0.6824687,-0.64637154,-0.4380609,-0.3718829,-0.34857014,-0.4741581,-0.41136408,-0.32337734,-0.440317,-0.48393437,-0.30984092,-0.3060808,-0.3166091,-0.25682324,-0.17898875,-0.19402923,-0.19139716,-0.27261573,-0.33390567,-0.32751346,-0.34631407,-0.40346783,-0.38391525,-0.3959476,-0.44407713,-0.30984092,-0.21433388,-0.2218541,-0.20418155,0.027817784,-0.061673053,-0.08197769,-0.11694679,-0.05941698,-0.10566643,-0.09927423,-0.18274887,-0.14176358,-0.26246342,-0.26697555,-0.15906012,-0.19854139,-0.24629489,-0.23839864,-0.3966996,-0.46550983,-0.47453406,-0.35872245,-0.4557335,-0.43768495,-0.5091272,-0.63321114,-0.61666656,-0.68434876,-0.7339823,-0.74488664,-0.85769016,-0.8362575,-0.81896096,-0.7798557,-0.7102936,-0.6734444,-0.65840393,-0.5602648,-0.6076423,-0.63809925,-0.5418402,-0.51138324,-0.6042582,-0.5854576,-0.5572567,-0.50461507,-0.6042582,-0.58470553,-0.63922733,-0.74451065,-0.8708506,-1.2446064,-1.4807419,-1.3709464,-1.2724314,-1.1927168,-1.1908368,-1.2419744,-1.2182856,-1.1776763,-1.2581428,-1.2359581,-1.323193,-1.2152776,-1.2509986,-1.3186808,-1.2840877,-1.0126071,-1.0468242,-1.2066293,-1.2280619,-1.3765867,-1.4371245,-1.5232314,-1.5209754,-1.5397758,-1.547296,-1.4875102,-1.5800092,-1.4781098,-1.3795947,-1.4156919,-1.3506418,-1.2359581,-1.134059,-1.1498514,-1.1126263,-1.0795373,-1.0633688,-0.97425395,-1.0641208,-1.0723931,-1.0915697,-0.883635,-0.7610551,-0.94003683,-1.0227594,-0.8039205,-0.8400176,-0.693373,-0.33616173,-0.19365323,-0.2338865,-0.19214918,-0.23501454,-0.39481956,-0.48995057,-0.30457672,-0.44407713,-0.42678058,-0.21658994,-0.029712036,0.27297753,0.22409599,0.2440246,0.15077367,0.21055956,0.23124021,0.22146389,0.16506213,0.07293921,0.03496201,-0.014295547,0.10790832,0.0007449275,-0.07445745,-0.16582835,-0.17372459,-0.3214973,-0.472654,-0.4997269,-0.35834643,-0.4151242,-0.7008932,-0.6587799,-0.56139284,-0.46889392,-0.4425731,-0.50837517,-0.54597634,-0.61553854,-0.7027733,-0.7655673,-0.82760924,-1.0118551,-1.2212937,-1.3036404,-1.4089236,-1.5525603,-1.5563204,-1.6443073,-1.8101285,-1.98347,-2.0699527,-2.0052786,-1.9973823,-2.207197,-2.1026657,-1.9526368,-1.9206759,-1.666868,-1.5619605,-1.7300378,-1.7834316,-1.702589,-2.2211094,-2.2620947,-2.109434,-2.2248695,-2.2541983,-2.1812522,-1.9251881,-1.8334411,-2.0391197,-2.3433132,-2.1970446,-2.0225751,-1.8514897,-1.8029842,-1.7815515,-1.6826603,-1.6010658,-1.5288715,-1.4284762,-1.2957441,-1.2735595,-1.2641591,-1.2739354,-1.0622407,-0.94191694,-0.8351295,-0.724958,-0.73135024,-0.597866,-0.57304925,-0.5091272,-0.40986004,-0.51852745,-0.49220666,-0.44783723,-0.4158762,-0.38203517,-0.42753258,-0.3696268,-0.3805311,-0.4873185,-0.46626183,-0.45197338,-0.34969816,-0.34029785,-0.3192412,-0.21320584,-0.2335105,-0.23313448,-0.19966942,-0.23764664,-0.13725144,-0.04287245,-0.0018871558,-0.16244423,-0.06618519,-0.059792988,-0.1425156,-0.10077828,-0.09927423,-0.3805311,-0.5448483,-0.48619047,-0.49935085,-0.7486468,-0.62230676,-0.5523685,-0.5369521,-0.6256909,-0.6399793,-0.66667616,-0.6200507,-0.61290646,-0.58996975,-0.44708523,-0.39030743,-0.29630446,-0.36925077,-0.3184892,-0.29630446,-0.35308227,-0.37376294,-0.5283038,-0.44407713,-0.4782942,-0.53356797,-0.69826114,-0.6335871,-0.9219882,-1.2141495,-1.2555108,-1.2705512,-1.2972481,-1.1506034,-1.2893518,-1.2246778,-0.9949345,-1.4901422,-1.8161446,-1.5570724,-1.2039971,-1.0787852,-0.978766,-1.1284188,-0.9885423,-0.90243566,-0.788128,-0.6516357,-0.4625017,-0.4756621,-0.41324416,-0.4335488,-0.40910804,-0.50273496,-0.41136408,-0.43843696,-0.43204477,-0.41324416,-0.23877466,-0.31623313,-0.43091673,-0.37451494,-0.38165915,-0.38015512,-0.38466725,-0.31510508,-0.22298215,-0.40798,-0.4813023,-0.39745167,-0.41399616,-0.6219308,-0.5794414,-0.64073133,-0.6046342,-0.6779565,-0.7133016,-0.7211979,-0.6411074,-0.726086,-0.64599556,-0.71104556,-0.6136585,-0.5595128,-0.5429683,-0.5189035,-0.5403362,-0.5091272,-0.54560035,-0.50386304,-0.7531589,-0.61065036,-0.8099367,-0.8855151,-0.79489625,-0.8415217,-0.7802318,-0.82948935,-0.77609557,-0.3508262,-0.33728978,-0.5155194,-0.4233965,-0.2752478,-0.40083575,-0.32488137,-0.31548107,-0.4433251,-0.48243034,-0.344434,-0.33428168,-0.3282655,-0.36436263,-0.21094978,-0.29216835,-0.21583793,-0.14289162,-0.1677084,-0.11732281,-0.2526871,-0.29668048,-0.3639866,-0.36248258,-0.46964592,-0.34330595,-0.48506242,-0.5079991,-0.6234348,-0.77835166,-0.7636872,-0.7614312,-0.62719494,-0.53469604,-0.32450536,-0.39218748,-0.55763274,-0.37150684,-0.14477167,-0.20681365,-0.17974077,0.11730862,0.30531454,0.4222543,0.33614752,0.36886057,0.09625196,0.03646606,0.012025285,0.01916951,0.07970742,0.28538594,0.27636164,0.5106171,0.4474471,0.4252624,0.5008408,0.1861188,0.07331522,-0.08122567,-0.14289162,-0.280888,-0.22072609,-0.123339,-0.18162084,-0.2053096,-0.2688556,-0.40309185,-0.2869042,-0.42565253,-0.3034487,-0.25080705,-0.23087841,-0.27562383,-0.23915066,-0.2023015,-0.13499536,-0.2752478,-0.24667092,-0.2906643,-0.3094649,-0.3606025,-0.37225887,-0.3632346,-0.13273929,0.23199223,0.1263329,-0.02820799,-0.0759615,-0.02068775,-0.03460019,0.010521237,0.21243961,-0.033848166,0.16995028,0.27109748,0.5305457,0.5008408,0.667038,0.56137866,0.667038,0.5993559,0.6072521,0.6892227,0.58506745,0.49407256,0.37450075,0.5143772,0.43240657,0.6794464,0.6880947,0.69335884,0.62342066,0.55085033,0.66591,0.61778045,0.6128923,0.6410932,0.63094085,0.74111235,0.69335884,0.53242576,0.5583706,0.46624768,0.44782308,0.49219248,0.38352504,0.47564796,0.48467225,0.43729475,0.55423445,0.58243537,0.48166415,0.5873235,0.55273044,0.6700461,0.76968926,0.698247,0.6734302,0.65124553,0.61063623,0.7396083,0.63470095,0.571531,0.65124553,0.60424405,0.7678092,0.48843238,0.61176425,0.71855164,0.51550525,0.43767077,0.4993367,0.4169901,0.36547646,0.45797542,0.3981895,0.3974375,0.3451718,0.19401503,0.14550951,0.22296795,0.23387228,0.08985974,0.03533802,0.11655659,0.13798928,0.13084504,0.14588553,0.16581416,0.15039767,0.1895029,0.13460517,0.27786568,0.23349628,0.20943151,0.24440062,0.20943151,0.096627966,0.2594411,0.34065968,0.39931756,0.37149262,0.3068186,0.27636164,0.35795623,0.29591426,0.22334395,0.26169717,0.32449114,0.15866992,-0.01617561,0.08685165,0.1545338,0.26696134,0.27899373,0.16807023,-0.07408144,-0.08009763,0.0037530225,0.08647564,0.1549098,0.11317249,0.22033587,0.29027408,0.18198267,0.4030777,0.48241618,0.59860384,0.5497223,0.5534824,0.47790405,0.5989799,0.19288701,0.19815117,0.31960303,0.054138612,0.1673182,0.16431011,0.14024535,0.060906827,0.09098778,0.03120189,0.0725632,0.003000999,-0.05941698,-0.10792251,-0.25155908,-0.26095936,-0.23877466,-0.21245383,-0.25494316,-0.23802264,-0.16808441,-0.11205864,-0.22486222,-0.18462893,0.03646606,-0.15341994,-0.10303435,0.20003122,0.25455293,0.3489319,0.23612837,0.26169717,0.23349628,0.20303932,0.1737104,0.30418652,0.3259952,0.37562877,0.43353462,0.5497223,0.60198796,0.5485943,0.67418224,0.7016311,0.72569585,0.79112196,0.7971381,0.90505356,0.8809888,0.8828689,0.8618122,0.93814254,0.9610793,1.0208652,1.1050918,1.1498374,1.1468291,1.200599,1.1927027,1.2227837,1.1208843,1.1701419,1.1457012,1.2295518,1.3491236,1.3765725,1.4837359,1.4472626,1.3487475,1.3558918,1.300994,1.3701802,1.489752,1.4739596,1.4412465,1.3780764,1.4619272,1.5901471,1.5788667,1.4953922,1.4442546,1.4243261,1.4536549,1.4453827,1.2927217,1.3570198,1.2543685,1.3457395,1.3224267,1.2848256,1.3589,1.3649161,1.4867439,1.423574,1.4491428,1.4942641,1.5198328,1.4927602,1.5172007,1.5480338,1.5390095,1.5649544,1.5111847,1.4292141,1.4615512,1.4890001,1.5130647,1.5104327,1.5078006,1.5995475,1.584507,1.5905231,1.650309,1.6416608,1.5423937,1.6247402,1.7631127,1.6029315,1.6958065,1.7672486,1.9214137,1.9755594,2.1165638,2.409101,2.4339178,2.4854314,2.3034418,2.2711046,2.4252694,2.4109812,1.9296858,1.7604805,1.6890383,1.6762539,1.4935122,1.5093045,1.7052068,1.6108278,1.8962209,1.8356829,1.872908,1.8522274,1.8447073,1.8883245,2.0169206,2.1003952,2.0970113,2.0105286,1.8928367,1.9680392,1.7052068,1.8401951,1.7931936,1.8759161,1.996992,2.0142884,2.2037985,2.1184437,2.2263594,2.2726088,2.2244792,2.1846218,2.2237272,2.1507807,1.8292906,1.9736793,2.027073,1.9766873,1.9932319,1.8984768,1.9293098,2.028201,2.2098148,2.1112995,2.0763304,2.1485248,2.25456,2.3876684,2.465503,2.560634,2.6572688,2018-04-17
CSCO_APH,0.24523085,0.47136718,0.38943374,0.36376125,0.3053154,0.26380244,0.2965758,0.36539993,0.29275227,0.29439092,0.22556682,0.30203804,0.32388696,-2.3279863e-05,0.26926467,0.29493716,0.30367672,0.21628104,0.18569255,0.11249866,0.1086751,0.18186899,0.20754147,0.28346646,0.2037179,0.083548844,0.05241413,0.0016153893,-0.04754468,-0.14968838,-0.1404026,-0.071578495,-0.002208172,-0.17699954,-0.08796518,-0.009309071,0.10539777,0.025102979,0.03602744,-0.04590601,-0.07485583,-0.034981553,0.01800208,0.050775465,-0.47195998,-0.69372654,-0.562633,-0.49763244,-0.37363982,-0.29170635,-0.16825996,-0.21523514,-0.097250976,-0.018594865,0.13052402,0.18896988,0.2889287,0.3342652,0.26544112,0.22174326,-0.37363982,-0.069393605,0.1654823,0.27254203,-0.033342887,-0.034981553,-0.056830473,0.08518752,0.13817114,0.050775465,0.07426306,0.10539777,0.107036434,0.121784456,-0.009309071,-0.034981553,0.36539993,0.49485478,0.37086216,0.21245748,0.011993627,-0.13166302,0.0027078353,-0.08141051,-0.41952255,-0.12674701,-0.3610767,-0.37418604,-0.34141266,-0.33595043,-0.3665389,-0.26494145,-0.24855477,-0.04972957,-0.040990006,-0.033342887,-0.16825996,-0.29771483,-0.3086393,-0.34305134,-0.45065725,-0.4413715,-0.45229593,-0.40149722,-0.30481574,-0.18136932,-0.002754395,0.030018985,-0.019141085,0.037119888,0.061153702,-0.012040186,0.2539704,0.5145188,0.5784269,0.66582257,0.69859594,0.70187324,0.7111591,0.6636377,0.6548981,0.61502385,0.6548981,0.7056969,1.1170028,1.1590619,1.0645653,0.8296895,0.84771484,0.9077993,0.82258856,0.72044486,0.54182994,0.50359434,0.43094668,0.45443428,0.38561016,0.30913895,0.30149183,0.17968409,0.3271643,-0.24090764,-0.2425463,-0.11909989,-0.1425875,0.0032540583,0.07043949,-0.10435188,-0.059015367,-0.08086429,-0.08414162,-0.1262008,-0.056830473,0.03602744,-0.018594865,0.015817188,0.03602744,-0.04590601,-0.15515062,-0.08414162,-0.2190587,-0.108175434,0.11959956,0.2179197,0.013632296,-0.002754395,0.08136395,0.035481215,0.17258321,0.18350765,0.19989434,0.35447547,0.33262655,0.2889287,0.28128156,0.33044165,0.40855154,0.44296357,0.27909666,0.55930907,0.40145063,0.21737349,0.21901214,-0.037712667,0.07153194,-0.5347756,-0.75326484,-0.70191985,-0.69864255,-0.5216662,-0.6199864,-0.7767525,-0.6598607,-0.8532237,-1.0258301,-0.8805348,-0.77456754,-1.0607884,-0.9460816,-1.0771751,-1.2590674,-0.17208353,-0.068301156,0.05569147,0.10649021,0.08136395,0.13598625,0.09938931,-0.06283893,-0.022418424,0.051867906,-0.071578495,-0.19174756,-0.21195781,-0.23872274,-0.35889181,-0.45721194,-0.39548874,-0.2518321,-0.024057094,-0.066116266,-0.0005695029,0.015817188,0.019640747,-0.034981553,-0.013132632,-0.04372112,-0.027334431,-0.0038468412,-0.13330169,-0.12783946,-0.16225152,-0.17317598,0.00543895,-0.016409969,-0.031157993,-0.11855367,-0.36599272,-0.20758802,-0.28242058,-0.34632868,-0.38074073,-0.349606,-0.21687382,-0.16061285,-0.30973172,-0.13876393,-0.04590601,0.0873724,0.17094453,0.10539777,0.17968409,0.2272055,0.32224828,0.1179609,0.0032540583,-0.124015905,-0.2660339,-0.39548874,-0.53750676,-0.4320857,-0.49763244,-0.3135553,-0.41023675,-0.3610767,-0.30099216,-0.19884846,-0.3042695,-0.31191662,0.12888536,0.17968409,0.11413734,0.13980982,0.33481142,0.26544112,0.25123933,0.20754147,0.12724668,0.15838139,0.1512805,0.109221324,0.054599024,0.01090118,0.036573663,0.049136795,0.103759095,0.17258321,0.038212333,0.17804542,0.28729004,0.15291917,0.13270892,0.12560801,0.12014578,-0.1475035,-0.04590601,0.1179609,0.23102906,0.26380244,0.32771054,0.44733337,0.61666244,0.6112002,0.6368727,0.67729324,0.73355424,0.74284,0.6827555,0.5898976,0.63359535,0.7242684,0.94111896,0.9083456,1.012128,1.1088094,1.0159515,1.0088506,0.8919589,0.8395214,0.9433038,1.0175902,1.0104893,1.0143129,0.9995648,0.99246395,0.91599274,0.884858,0.88103443,0.8395214,0.96515274,1.0525485,0.8504459,0.6461585,0.54619974,0.5407375,0.7029657,0.7483022,0.8520846,0.8684713,0.87393355,0.82477343,0.7739747,0.83023566,0.90124464,0.90342957,0.83405924,0.6833017,0.6592679,0.7739747,0.6936799,0.637419,0.60464555,0.36649236,0.30968517,0.2769118,0.26653355,0.26817223,0.33535767,0.28073534,0.38997996,0.31733227,0.31897095,0.4265769,0.53035927,0.4828379,0.49048498,0.3320803,0.35174435,0.43914005,0.39161864,0.076994166,0.11304489,0.074809276,0.17859164,0.25178552,-0.045359787,-0.43099323,-0.3561607,-0.21796626,-0.13439414,-0.093973644,-0.15078083,-0.07048605,-0.10325943,-0.21086536,-0.0977972,-0.093973644,-0.15241951,-0.093973644,-0.114183895,-0.035527773,-0.055738024,0.087918624,0.087918624,0.15346539,-0.022964647,-0.75326484,-0.6964576,-0.74561775,-0.8297361,-0.91494685,-0.8494001,-0.89309794,-0.9296949,-0.9007451,-0.80788714,-1.0023426,-0.9641069,-1.0078048,-0.81334937,-0.9438967,-0.8603246,-0.6658692,-0.51456535,-0.54897743,-0.5129267,-0.42716968,-0.46158174,-0.59813756,-0.64565897,-0.64019674,-0.6112468,-0.5473388,-0.53259075,-0.52385116,-0.5637254,-0.45611948,-0.62217134,-0.52712846,-0.5910366,-0.49435508,-0.4746911,-0.58175087,-0.65658337,-0.6713314,-0.6363731,-0.71666795,-0.7275924,-0.7385168,-0.5566246,-0.538053,-0.19611734,-0.1048981,-0.0431749,-0.12510835,-0.26494145,-0.21250403,0.009808734,0.020733193,0.07535549,0.10976755,-0.1048981,-0.039351333,-0.11746123,0.05896881,0.186785,0.43968627,0.7384702,0.789269,0.9476736,0.8914126,0.83842903,0.9329256,1.0257835,1.0350693,0.86792505,0.91490024,0.8712024,0.8804882,0.8641015,0.7603191,0.82586586,0.8400677,0.6237634,0.7056969,0.6035531,0.64725095,0.66582257,0.6876714,0.661999,0.67128474,0.61666244,0.66036034,0.6128389,0.57077974,0.4435098,0.3413661,0.49266988,0.5472921,0.6707386,0.53418285,0.5106952,0.48502278,0.5287206,0.4669974,0.48720765,0.4216609,0.36157635,0.31569362,0.27581933,0.23758374,0.29985318,0.257794,0.2796429,0.34901324,0.33098787,0.5582166,0.5871665,0.7821681,0.818765,0.6876714,0.7384702,0.6259483,0.42002222,0.2889287,0.30149183,0.17422187,0.48556897,0.42002222,0.39981195,-0.7177604,-0.87616503,-0.81608045,-0.699735,-0.92368644,-1.05478,-1.0673431,-1.0001576,-1.018183,-0.97830874,-0.97830874,-1.0853684,-1.1711255,-1.2148232,-1.2585211,-1.2951181,-1.2912946,-1.1711255,-1.2186469,-1.2694455,-1.18205,-1.0127208,-0.9580985,-0.9269638,-0.8559548,-0.8707028,-0.7450715,-0.87834996,-0.8778037,-0.9580985,-1.018183,-0.87834996,-0.96192205,-0.92204773,-0.9946954,-1.0274688,-0.95482117,-1.0782676,-1.0329311,-0.9542749,-0.9673843,-0.9728465,-0.90347624,-0.94007313,-0.93624955,-0.93624955,-0.84721524,-0.9089384,-1.1094022,-1.1782264,-1.2983955,-1.3366311,-1.4770104,-1.4568001,-1.3131435,-1.3546565,-1.4278504,-1.5403721,-1.7118863,-1.5207082,-1.5474731,-1.3945307,-1.3491942,-1.8937786,-2.1193688,-2.01941,-1.9210896,-2.0303342,-1.8773918,-1.8533579,-1.797097,-1.8992407,-1.6878524,-1.6933147,-1.6348689,-1.8642825,-1.7861726,-1.8244082,-1.9642413,-1.8697448,-1.8041979,-1.8386099,-1.9167199,-1.9003333,-1.8986945,-1.9626026,-1.8970559,-1.8784842,-1.5256242,-1.1831423,-1.1104947,-1.3087736,-1.4234805,-1.6998694,-1.6654574,-1.6616337,-1.8473495,-1.8708371,-1.8418874,-1.8326015,-2.0166786,-1.9549555,-2.284328,-2.0876877,-2.0019307,-1.9347453,-1.9473084,-1.7583152,-1.6070114,-1.5179771,-1.4595312,-1.701508,-1.4070938,-1.5234393,-1.5633136,-1.7288191,-1.4830188,-1.7981895,-1.6343226,-1.6468858,-1.6741968,-1.6905836,-1.7255418,-2.0112164,-2.0800407,-2.1237385,-1.9926449,-1.3082274,-1.3393621,-1.1170495,-1.2131846,-1.1427219,-1.3005804,-1.0296537,-0.73250836,-0.63473445,-0.85813963,-0.57792723,-0.29061392,-0.4342706,-0.3179251,-0.38893408,-0.49271646,-0.31027797,-0.40859812,-0.27040368,-0.3375891,-0.21578138,-0.13384792,-0.108175434,0.1299778,0.06279237,0.12451557,0.15401162,0.14090225,0.06661593,0.06661593,0.3342652,0.28128156,0.39052618,0.4577116,0.48720765,0.3451897,0.6745621,0.54182994,0.7297306,0.66582257,0.7095204,0.85153836,0.7024195,1.0771285,1.3141892,1.455661,1.3300297,1.3813747,1.6200742,1.2573822,0.88267314,0.94821984,0.8548157,0.32334074,0.9640603,1.0967925,1.0126741,1.3169204,1.5408719,1.7615459,2.0909185,2.7245371,2.699411,2.5082328,2.136801,1.9947832,2.395165,2.7687812,2.6961336,2.6737385,2.6300406,2.6316793,2.934287,2.7228987,2.591805,2.6027293,2.7671425,2.8179414,2.6578982,2.912438,2.8381517,2.6415112,2.402812,2.3902488,2.479283,2.3826017,2.5661325,3.046809,2.648066,2.293021,2.6518896,2.1198683,2.163566,2.207264,2.5388212,2.4000807,2.4344926,2.7698739,2.746386,3.0342455,2.9610517,2.9594133,3.514922,2018-04-17
NATI_APH,0.95607233,1.007209,0.19417599,0.0819925,-0.20064645,-0.20778179,0.02015284,-0.04406527,0.0039001086,-0.061507225,-0.24306211,-0.07339947,-0.025434092,0.0011252521,0.059793647,0.052658305,0.12004768,0.07287512,0.1315435,0.15532799,0.30041337,0.22985272,0.27742168,0.26434022,0.21716766,0.21399641,0.42884958,0.5017887,0.58939487,0.6008907,0.616747,0.5703673,0.60644037,0.51566297,0.60128707,0.6175398,0.644892,0.53667253,0.53151923,0.52834797,0.6068368,0.68413633,0.6988035,0.63418895,0.18862629,-0.070228204,0.059397243,0.17713045,0.28614268,0.20646466,0.30953076,0.23460963,0.2231138,0.12202972,0.15731004,0.049883448,0.1212369,0.08793862,0.044333734,0.004296517,-0.5368005,-0.4428518,-0.39607564,-0.1923219,-0.47377166,-0.5796126,-0.4373021,0.04909063,0.051865485,0.14224653,0.024513328,0.21796049,0.39594772,0.3309368,0.34124342,0.3567033,0.459373,0.41576812,0.50733835,0.5537181,0.3555141,0.46809396,0.88313323,1.0952116,0.9255489,1.007209,0.6405315,0.86172724,0.9358555,0.97113585,0.7487509,0.85181695,0.9088998,0.9307022,1.0036414,0.7717426,0.7241736,0.6528201,0.63062125,0.72694844,0.68373996,0.638153,0.6024763,0.7023711,0.61080086,0.705146,0.5438079,0.7435976,0.7162455,0.6952358,0.7883917,0.86846614,0.9548831,1.0448678,1.0099839,0.91960275,0.88352966,0.86806977,0.8316002,0.7170383,0.5842415,0.42290345,0.48593232,0.4153717,0.8763943,0.7491473,0.6571806,0.5350869,0.34917155,0.9846137,1.0912474,0.98778504,0.91444945,0.89819676,0.8744123,0.9374412,0.7998875,0.7673821,0.84190685,0.687704,0.6702621,0.79513067,0.7110921,0.93942314,1.009191,0.9766855,0.9176208,0.83992475,0.9969024,1.0880761,1.1483303,1.2077914,1.0543816,1.341381,1.2640814,1.0012629,0.99293834,0.95646876,0.8565739,0.8676733,0.90136796,0.8423032,1.0040377,0.9933347,0.9770819,0.9786676,0.79711264,0.72020954,0.7963199,0.85974514,0.8867009,0.8082121,0.81495106,0.79750913,0.92118835,0.98738855,1.1273206,1.2462431,1.371508,1.6204523,1.3933105,1.5578198,1.589929,1.7417532,1.8444229,1.6604897,1.2751808,1.5229359,1.4186805,1.4194734,1.3397954,1.3719044,1.2236477,1.0302006,0.8978004,1.0321827,0.9818388,0.7241736,1.019894,0.78244555,0.7047496,0.8775835,0.9184135,0.9168279,0.8526098,0.95964,1.0270294,0.96082926,0.8446817,0.869259,0.81059057,0.77134615,0.7717426,0.5814667,0.5981158,0.547772,0.54499716,0.47879696,0.5949446,0.5636283,0.5905841,0.6203147,0.6904789,0.55530375,0.44629154,0.3210266,0.29050317,0.4324172,0.41656092,0.31666613,0.22628506,0.15889567,0.3463967,0.23143835,0.291296,0.17356277,0.18505861,-0.42937392,-0.46069017,-0.51380885,-0.4091571,-0.53997177,-0.5601886,-0.60181147,-0.56692755,-0.5708917,-0.551864,-0.56415266,-0.5134124,-0.31362277,-0.2616933,-0.2268094,-0.23790883,-0.2616933,-0.24345854,-0.1970788,-0.15624876,-0.14554575,-0.09084143,-0.13801399,-0.157438,-0.36277738,-0.44919434,-0.38656187,-0.35167795,-0.27001786,-0.29657722,-0.43968055,-0.38775107,-0.26962146,-0.2363232,-0.2474226,-0.3160012,-0.33146113,-0.23989086,-0.2276022,-0.3211545,-0.29340595,-0.29261312,-0.35564202,-0.35524562,-0.42223862,-0.5082591,-0.51658374,-0.51737654,-0.6105324,-0.6030007,-0.5871443,-0.500331,-0.4856639,-0.44086978,-0.47258243,-0.5126196,-0.60062224,-0.50270945,-0.6454164,-0.54552156,-0.5443323,-0.48685312,-0.45514047,-0.3072802,-0.2517831,-0.24385494,-0.3397857,-0.31956887,-0.22403453,-0.1285002,-0.25812563,-0.38775107,-0.38775107,-0.2858742,-0.35167795,-0.42699552,-0.29261312,-0.35286716,-0.5970546,-0.12176126,-0.43888775,-0.4579153,-0.47773576,-0.4123284,-0.56613475,-0.68466073,-0.77424896,-0.82181793,-0.86463004,-0.86106235,-0.8642337,-0.82855684,-0.7885197,-0.6711829,-0.7306441,-0.8083401,-0.862648,-0.88167554,-0.8578911,-0.9133882,-0.8459989,-0.95302904,-1.0109046,-1.1096102,-1.1571791,-1.19682,-1.1766032,-1.188099,-1.2233794,-1.3224814,-1.3335809,-1.3791678,-1.3169316,-1.4354577,-1.4612242,-1.5757861,-1.6332651,-1.7038258,-1.7101685,-1.6487252,-1.3740145,-1.3668791,-1.4295115,-1.4877836,-1.5321813,-1.5076039,-1.4493319,-1.382339,-1.4287188,-1.680834,-1.7446558,-1.6189946,-1.5258387,-1.5496231,-1.4838195,-1.5226675,-1.4128624,-1.4085019,-1.7105649,-2.0237272,-2.072089,-1.976951,-1.871903,-1.8393973,-1.8596143,-1.87111,-1.8029279,-1.8976694,-1.9155077,-1.8964802,-1.9198682,-1.7815218,-1.8286943,-1.8076848,-1.6907443,-1.4485391,-1.341509,-1.3204994,-1.4418002,-1.4612242,-1.4810447,-1.4493319,-1.3938348,-1.2907687,-1.4596385,-1.4996758,-1.5432806,-1.6943121,-1.3173281,-1.4588457,-1.4933332,-1.3748072,-1.4132588,-1.451314,-1.4715308,-1.4140517,-1.318121,-1.4334756,-1.4132588,-1.3312024,-1.4132588,-1.4838195,-1.5119644,-1.3530048,-1.2499387,-1.1825494,-1.1999912,-1.0850329,-1.0620412,-1.0775012,-0.9970304,-0.9780027,-1.1076281,-0.9748315,-1.013283,-0.97760636,-1.1635216,-1.1234845,-1.3070214,-1.2975076,-1.3375449,-1.2891831,-1.1397372,-1.0707623,-0.6343169,-0.64343435,-0.9082349,-0.8685941,-0.9110098,-0.6711829,-0.7730598,-0.7445184,-0.7809879,-0.86780125,-1.0366712,-0.9050636,-0.9558039,-0.95104694,-1.0418245,-0.96690327,-1.0136794,-0.9780027,-0.89436066,-0.9371727,-0.95302904,-0.97602063,-0.8309353,-0.87136894,-0.9823632,-1.1341876,-1.0866185,-1.0477705,-1.0949432,-1.1222953,-1.0755192,-1.1020784,-1.2546955,-1.2003877,-1.2340823,-1.2265507,-1.2071266,-1.1952344,-1.2606417,-1.4180157,-1.2475603,-1.2990932,-1.3070214,-1.2467674,-1.1555935,-1.2099015,-1.1559899,-1.1143671,-1.020022,-1.0604556,-1.0398424,-1.0283467,-1.0168507,-0.9609572,-0.9470829,-0.95144343,-0.93756914,-0.8812792,-0.76592445,-0.7801951,-0.71359855,-0.71795905,-0.638281,-0.5681168,-0.6767326,-0.55067486,-0.63114566,-0.6438307,-0.6204427,-0.6271816,-0.49161002,-0.56613475,-0.6133073,-0.53719693,-0.14554575,-0.1491134,0.022134881,-0.16298771,-0.06269645,0.02847741,0.17594121,0.28455704,0.32380143,0.023720512,0.23143835,0.23976295,0.23579887,0.2235102,0.24451983,0.28495345,0.2338168,0.33252242,0.41656092,0.5085276,0.5473756,0.24927673,0.26988995,0.2782145,0.18743704,0.34124342,0.5711601,0.49029282,0.5771062,0.65916264,0.6805687,0.763418,0.8454744,0.86331284,0.9552795,1.0623097,1.1796465,1.0385251,1.1507088,1.1407984,0.9869922,1.1689434,1.2466395,1.2902443,1.5237287,1.5245215,1.4654567,1.569712,1.5185754,1.5895326,1.7048874,1.8242062,1.814296,1.578433,1.0361468,0.8545918,0.9279274,0.49663535,0.51645577,0.47641855,0.41775015,0.42171422,0.19298676,0.17158073,0.13630041,0.10736262,0.015792351,0.06415414,-0.1784476,-0.16774459,-0.25059387,-0.046047308,-0.14594215,-0.18558295,-0.27953166,-0.13722117,-0.2906311,-0.15942003,-0.1384104,-0.1582308,-0.29419875,-0.44840154,-0.3056946,-0.325515,-0.3302719,-0.29023468,-0.25535077,-0.34137133,-0.37189475,-0.30807304,-0.36674145,-0.3592097,-0.42620268,-0.30371255,-0.095994726,-0.07300306,0.10220931,0.15453517,-0.24028726,-0.13325709,-0.049218573,-0.083309665,-0.19311471,-0.1923219,-0.057543144,0.038387615,0.26790792,0.119651265,0.14977828,0.12559739,0.089524254,0.08119968,0.008657006,0.08119968,0.04512655,0.025702553,-0.00046038022,0.36423507,0.69166815,0.5588714,0.3119092,0.33172962,0.12718304,0.14224653,0.506942,0.31666613,0.202897,0.31944096,0.12440817,-0.017505929,-0.20659259,-0.113040276,-0.1780512,-0.28864905,-0.3393893,-0.44047335,-0.375066,-0.56692755,-0.51658374,-0.60617197,-0.81151134,-0.6588942,-0.5855587,-0.77860945,-0.7278692,-0.6255959,-0.569306,-0.77266335,-0.88801813,-1.1603504,-1.1607468,-1.2566776,-1.1175383,-1.1845313,-1.0311215,-1.0156615,-0.8971355,-0.8305389,-0.93836194,-0.933605,-0.96016437,-0.9859309,-0.74808604,-0.6263888,-0.42501345,-0.7120129,-0.71359855,-0.7889161,-0.63709176,-0.72152674,-0.79842985,-0.56177425,-0.37189475,-0.24623337,-0.24821542,-0.124139704,-0.041290414,-0.10590493,-0.062300045,-0.043272454,0.2568085,-0.1625913,1.0076054,1.0987793,1.3528769,1.3187857,1.1483303,1.05676,1.3053079,1.2391077,1.1832141,1.3310744,1.7124192,1.6295698,1.4571322,1.3508948,1.6283804,1.6993376,1.66485,1.5023227,1.4020314,1.5712976,1.9780123,2.2015865,2.53338,2.7288094,2.7617114,2.3423114,2.1682882,2.224182,2.005761,2.066808,2.0838535,2.1595674,2.0632403,2.1750274,2.335969,2.3926551,2.544876,2.600373,2.3272479,2.301878,2.5266414,2.0382667,2.0243921,2.139747,2.2344885,2.265012,2.203965,2.3863127,2.4731262,2.4394314,2.6126618,2.4402244,2.5916522,2018-04-17
CSCO_ARW,-0.37819308,-0.25600138,-0.45630297,-0.02321847,-0.35421878,-0.19258545,-0.20805275,-0.16165085,-0.21887986,-0.19181208,-0.17634478,-0.108288646,-0.17634478,-0.48878434,-0.2737888,-0.3650459,-0.33643138,-0.34725848,-0.25058785,-0.2737888,-0.103648454,-0.08354096,-0.09746154,-0.043325964,-0.08663442,-0.06343346,-0.14773028,-0.00079087936,0.037104014,0.0618517,0.044064302,0.027050268,0.028597,-0.010071262,0.026276905,0.047157764,0.15310879,0.08659939,0.100519955,-0.07194048,-0.119889125,-0.11215547,-0.047966156,0.12217419,0.14344172,0.16045576,0.16973615,0.035170604,0.13570808,0.122560866,0.25712642,0.35302368,0.36307746,0.5247108,0.5154304,0.56337905,0.5889001,0.6128744,0.56492573,0.5247108,0.67861044,0.6917577,0.91371346,0.91758025,0.37467793,0.112120435,0.112120435,0.16006908,0.3019816,0.17050952,-0.036365677,0.07267881,0.09201294,0.04097084,0.0007558511,0.11560058,0.42804012,0.48294902,0.24127243,0.30120823,0.1882969,0.14885528,0.22773853,0.19061701,0.1194674,0.05837155,-0.13574311,-0.21694645,-0.28345585,-0.1960656,-0.11486225,-0.18446511,-0.1403833,-0.1983857,-0.17905156,-0.117182344,-0.2610283,-0.31903064,-0.47834387,-0.5506535,-0.4535962,-0.34145826,-0.40023398,-0.28422922,-0.097848214,-0.022058422,0.18984364,0.3151288,0.22309835,-0.06846034,-0.09088793,-0.3337246,-0.25522804,-0.12452931,-0.1361298,-0.1113821,0.037104014,0.08814611,0.017769886,-0.11524893,0.06494516,0.13918823,0.15156206,0.22580512,0.23199205,0.32247576,0.34722346,0.27684724,0.42069316,0.853391,0.95470184,0.85416436,0.6546361,0.37351787,0.061078336,0.0046226773,-0.041779235,-0.05105962,-0.05260635,-0.13690315,0.14692187,-0.16358426,-0.051446304,0.011969646,-0.027471978,0.015836474,0.13880153,0.18365672,0.17514971,0.15658894,0.099359915,0.11250712,0.08930617,0.10864029,0.13648143,0.09703981,0.16122912,0.13570808,0.12952116,0.12565432,-0.06614024,0.15890904,0.13338798,0.21227124,0.230832,0.21768479,0.1728296,0.21536468,0.17746979,0.21768479,0.30507505,0.40019897,0.38473168,0.44969434,0.44041398,0.51697713,0.68943757,0.80196214,0.7137985,0.83599025,0.85377765,0.7756678,0.6573429,0.48642918,0.6349153,0.33407626,0.26137993,0.10206669,0.1128938,0.10090665,0.11366717,-0.0069778007,-0.1450235,-0.3847667,-0.3097503,-0.28964278,-0.8139844,-0.91838866,-0.85574615,-0.70726,-0.9732976,0.07770569,-0.060726687,-0.13187627,-0.006591119,-0.1782782,-0.10403513,-0.1024884,-0.15739733,-0.21926653,-0.20031911,-0.30395004,-0.2509745,-0.33101782,-0.3225108,-0.37200618,-0.48182404,-0.49265116,-0.32328418,-0.29621637,-0.24130747,-0.30008322,-0.37045944,-0.4199548,-0.4184081,-0.33952484,-0.50270486,-0.5251325,-0.53518623,-0.55761385,-0.553747,-0.5390531,-0.6890859,-0.5529736,-0.6535111,-0.7250474,-0.57926804,-0.7323944,-0.6774854,-0.5761746,-0.6419106,-0.6535111,-0.7006864,-0.68135226,-0.6001489,-0.72079384,-0.6712985,-0.66124475,-0.6094293,-0.5289993,-0.5506535,-0.5158521,-0.6163896,-0.62102973,-0.54059976,-0.5243591,-0.09282134,-0.2799757,-0.42304826,-0.5467867,-0.43232867,-0.46481,-0.5119853,-0.562254,-0.5150787,-0.53750634,-0.57308114,-0.6071092,-0.6442307,-0.3333379,-0.29466966,-0.36581925,-0.38592675,-0.2335738,-0.2691486,-0.37741974,-0.41918144,-0.5599339,-0.6152295,-0.45243615,-0.69488615,-0.85574615,-0.8650265,-0.90988165,-0.74824834,-0.6941128,-0.6662716,-0.78382313,-0.6871525,-0.6314702,-0.8124377,-0.8487858,-0.80857086,-0.7845965,-0.59318864,-0.25909486,-0.20805275,-0.028632026,-0.11060874,-0.069620386,0.11908072,0.29463464,0.1128938,-0.057246543,0.013903059,-0.10596854,-0.015484817,-0.09359471,-0.15623729,-0.14076997,-0.18137166,-0.05995332,-0.050672937,0.015063108,0.05141127,0.015063108,-0.01123131,-0.12723608,-0.14811695,-0.10403513,0.40754595,0.25287288,0.29463464,0.21575138,0.04677108,0.011196281,0.047544446,0.0073294546,-0.021285057,0.015063108,0.14808191,0.04058416,-0.18523848,-0.26334837,-0.106355235,0.008876186,0.12874779,0.2192315,0.24475257,0.22696517,0.19216374,0.24784602,0.319769,0.46322823,0.5227774,0.39865226,0.3905319,0.6032073,0.67977047,0.80041546,0.78417486,0.7950019,0.7756678,0.40058565,0.82129633,0.6728102,0.4879759,0.54752505,0.610941,0.6496092,0.57381946,0.61326104,0.6248616,0.77102757,0.69214433,0.5993405,0.53205776,0.61171436,0.6751303,0.67977047,0.43616048,0.44853428,0.49416286,0.5104035,0.5660858,0.5374713,0.5885134,0.59392697,0.4949362,0.47637543,0.5753662,0.68286395,0.8096959,0.814336,0.8228431,0.73931956,0.98370296,0.8274833,0.8321234,0.934981,0.8630581,0.65656954,0.6248616,0.4175997,0.43577376,0.368491,-0.18446511,-0.08779447,-0.1983857,-0.4288485,-0.5347996,-0.4945846,-0.5332528,-0.5904818,-0.57037437,-0.65467113,-0.73278105,-0.74747497,-0.90060127,-0.8812672,-1.0730618,-1.0514076,-1.1016762,-0.9199354,-0.92998916,-0.9207088,-0.8657999,-0.8495592,-0.96324384,-1.0050056,-0.90060127,-0.91606855,-0.9369495,-0.9539635,-0.9671107,-0.91142845,-0.8302251,-1.126424,-1.0614612,-1.0916225,-0.9964985,-1.0545009,-1.2056938,-1.167799,-1.265243,-1.0444472,-1.2041472,-1.1403445,-1.1341577,-1.0289799,-1.0247264,-1.0525675,-0.90678823,-0.82017136,-0.87353355,-1.0077124,-1.0158328,-0.8074108,-0.95589685,-0.9821913,-0.30356336,-0.6345637,-0.65467113,-0.5347996,-0.29892316,-0.28654933,-0.3341113,0.0034626292,-0.018578278,0.05334468,0.032463823,0.093559675,0.17244293,0.17166956,0.3259559,-0.07967413,0.11676063,0.06881199,0.08659939,0.17862985,0.12526764,0.15813567,0.16857609,0.11057371,0.14537513,-0.03404558,-0.10210172,-0.14231671,0.016996522,0.18443008,0.29192784,0.17437634,0.16818942,0.17901653,0.17514971,0.068425305,-0.077354036,0.014676425,0.12488097,0.17592306,0.22928526,0.23315209,0.24707267,0.28110072,0.17746979,0.25712642,0.1395749,0.10941365,0.13338798,0.08543934,0.0073294546,0.18365672,0.1040001,0.0108095985,-0.003110975,0.2772339,0.6507693,0.46516162,0.5803931,0.4705752,-0.049512893,-0.17943823,-0.37896648,-0.3317912,-0.39675388,-0.45630297,-0.34339166,-0.096688166,-0.1137022,0.10670688,-0.6229632,-0.8221047,-0.78111637,-0.6542845,-0.797357,-0.94120294,-0.8770136,-0.9164552,-0.9721376,-1.0278199,-0.95512354,-0.8955744,-1.0711282,-1.0432872,-1.2103341,-1.2613761,-1.2830304,-1.1484648,-1.1500115,-1.1159835,-1.1778527,-1.2172943,-1.1647055,-1.0912359,-1.1693456,-1.3657805,-1.3928483,-1.322472,-1.3920748,-1.4477571,-1.4871988,-1.5668554,-1.5312806,-1.4415702,-1.5776825,-1.4895189,-1.5142665,-1.6132573,-1.6403252,-1.7076079,-1.7752774,-1.7559432,-1.7946113,-1.8348264,-1.8301861,-1.8611209,-1.9562448,-2.0799832,-2.0768898,-1.8417867,-1.7845576,-1.802345,-1.806212,-1.6008834,-1.4392501,-1.282257,-1.1848129,-1.0842755,-1.0254997,-0.84994584,-0.9048548,-0.7238873,-0.6689784,-0.8739202,-1.0517942,-0.9674974,-0.98760486,-1.038647,-1.0835022,-1.1136634,-1.1175302,-1.1608387,-1.1391845,-1.2451355,-1.1693456,-1.1121167,-1.0169928,-1.0193129,-1.072675,-1.0216329,-1.066488,-1.144598,-1.1469182,-1.1817195,-1.1979603,-1.2095608,-1.1198503,-1.0966494,-0.983738,-0.86773324,-0.90330803,-0.98915166,-1.0316867,-0.9249623,-1.1241039,-1.1442114,-1.2184544,-1.1465313,-1.0568211,-1.0282065,-1.1944801,-1.2207745,-1.4071555,-1.2787769,-1.2656296,-1.2493889,-1.3290457,-1.137251,-1.1101832,-1.0150594,-0.95937705,-1.0653281,-1.1612253,-1.0777019,-1.1225572,-1.1465313,-0.76526237,-0.42846185,-0.19954573,-0.21269295,-0.26450843,-0.26373506,-0.40371415,-0.37509966,-0.3580856,-0.28074908,-0.18639852,0.22967194,0.36346412,0.42223987,0.40909266,0.38666508,0.36887768,0.4933895,0.49261615,0.4771488,0.35573047,0.6929177,0.96204877,0.82206964,0.96127546,0.886259,0.90095294,0.951995,0.92724735,1.0602663,1.0997078,0.99685025,0.83985704,0.7331327,0.8669249,0.7810813,0.82438976,0.8970861,0.9086866,0.82438976,0.7377729,0.8015755,0.8224564,0.70799834,0.7536269,0.84643066,0.75208014,1.0792136,0.999557,1.1998585,1.1418562,1.2872488,1.2717816,0.8371503,1.0413188,1.2733283,1.5146183,1.5880879,1.7180132,1.9167681,1.857219,1.7845225,1.7303871,1.6321698,1.1917382,1.7315472,1.648797,1.6255962,1.9202483,1.993718,2.133697,2.148391,2.6228507,2.6553319,2.5447407,2.376147,2.2740629,2.3838806,2.786804,2.810005,2.8455799,2.859887,2.8993287,2.9132493,2.6421847,2.651465,3.080296,3.0489748,3.100017,3.007213,3.1545393,3.1769667,2.8888884,3.0478146,3.0192003,2.93645,2.9418635,3.1174178,3.392736,3.0331206,2.6951602,2.9093823,2.8181252,2.7763634,2.7933776,2.802658,2.945344,2.8869548,3.041628,2.9263964,3.192434,3.1847005,3.166913,3.5976775,2018-04-17
NATI_ARW,0.08396795,0.07960671,-0.62854874,-0.23194897,-0.73131037,-0.53559995,-0.41893688,-0.4655476,-0.43883505,-0.4570977,-0.5143389,-0.3829567,-0.4377447,-0.50725186,-0.44128823,-0.5612222,-0.491715,-0.47045398,-0.30554482,-0.25947925,0.021820351,-0.059680216,-0.060497947,-0.069220416,-0.08775566,0.023455815,0.10550154,0.34836775,0.48492894,0.5945049,0.57978576,0.47865966,0.45330995,0.4802951,0.51136893,0.4862918,0.5309944,0.4456778,0.4489487,0.32628903,0.35191128,0.38380277,0.42250872,0.53235734,0.6356641,0.6397527,0.6413882,0.5329025,0.62176263,0.49256107,0.6135853,0.69781166,0.612495,0.65392673,0.55743444,0.4909256,0.4922885,0.46121472,0.43232152,0.39497846,0.6253061,0.47811446,0.56888264,0.63375604,0.09677907,-0.24993905,-0.13572924,0.14393492,0.25541896,0.24478847,-0.07085587,0.1537477,0.2952152,0.18563922,0.24833196,0.39797682,0.49883035,0.43068606,0.3322857,0.5446233,0.4385908,0.5819664,0.8512726,1.0219059,1.0821455,0.8556338,0.5726988,0.64929295,0.6064983,0.71961784,0.67382485,0.5961404,0.6700088,0.47620642,0.5405347,0.43995368,0.35654506,0.34264362,0.1679217,0.18400376,0.33528405,0.41542175,0.3374647,0.490653,0.5517103,0.6043177,0.5830567,0.827831,0.74905616,0.3859834,0.40942502,0.26386887,0.20744538,0.21344209,0.1297609,0.02863478,0.13548502,0.17528129,0.07006651,-0.113377914,-0.009253444,-0.012796946,0.013643037,0.0049205683,0.024546124,1.4179743e-05,0.032450862,0.04880549,0.05834569,0.90388,1.1472914,1.0464379,0.9185991,0.6413882,0.3513661,0.31783912,0.22570807,0.25078517,0.3058457,0.20199385,0.37862384,0.56070536,0.6212175,0.7531448,0.7765865,0.691815,0.72997576,0.85318065,0.9185991,0.97829354,0.9619389,1.0478008,0.86626434,1.0156367,1.032809,0.78421867,0.8311019,0.84036946,0.8463662,0.7973023,0.7198904,0.8330099,0.748511,0.7504191,0.9104218,0.9104218,0.67627805,0.7010826,0.61222243,0.6896343,0.7880347,0.7185275,0.7237065,0.81256664,0.89406717,0.9837451,1.2034422,1.3781643,1.4940095,1.5853229,1.5646069,1.7330596,1.6294804,1.7458708,1.891427,1.8990592,1.7191583,1.6839957,1.621303,1.4782,1.5095464,1.5212672,1.1876328,0.94612944,1.0627924,1.068244,0.40479124,0.33037767,0.5146398,0.6043177,0.40669927,0.8212891,0.62666905,0.45848894,0.50700766,0.4195104,0.5031916,0.48601922,0.469392,0.39116237,0.3153859,0.2717736,0.41623947,0.21562271,0.2562367,0.25868988,0.21425982,0.110953085,0.26250598,0.100322574,0.20771797,0.11722236,0.07987929,-0.067584954,-0.10083936,-0.12101007,-0.29028052,-0.22840546,-0.267384,-0.26329535,-0.32571554,-0.33089447,-0.35161033,-0.42057237,-0.46881855,-0.613557,-0.38840824,-0.78746116,-0.8692343,-0.7435763,-0.6936947,-0.77001625,-0.8564232,-0.9640912,-0.89649206,-0.9150273,-0.97662973,-1.0434111,-1.0529513,-0.892676,-0.8310736,-0.8258946,-0.9741765,-1.0657625,-0.81689954,-0.682519,-0.10738121,-0.19078982,-0.20687187,-0.2638405,-0.23549248,-0.36224085,-0.6081054,-0.54595786,-0.5086148,-0.5203356,-0.65199035,-0.70759606,-0.7054155,-0.62500525,-0.59992814,-0.6337277,-0.72149754,-0.7171363,-0.6402695,-0.73458123,-0.81090283,-0.8798648,-0.9602751,-0.8278026,-1.0504981,-1.2246749,-1.2614728,-1.3331606,-1.1734304,-1.2205863,-1.237486,-1.2500246,-1.1927834,-1.2050494,-1.2644712,-1.309719,-1.2892758,-1.3214399,-0.8536974,-0.6759772,-0.6757046,-0.5707624,-0.641905,-0.62446004,-0.41348535,-0.31699306,-0.4979843,-0.7623841,-0.7035075,-0.8057239,-0.6517178,-0.7787388,-0.8648732,-0.8809552,-0.9204789,-0.9997988,-1.0175164,-0.93301743,-1.0077035,-1.145355,-0.8406138,-1.093838,-1.0897492,-1.1341792,-0.60783285,-0.87059724,-0.9112112,-1.0450467,-1.2492069,-1.2595648,-1.1957818,-1.2377586,-1.2121364,-1.2399392,-1.0840251,-1.0875686,-1.2268555,-1.2721033,-1.1164619,-1.099562,-1.0458643,-0.9818087,-1.0406854,-1.1036507,-1.1717949,-1.108012,-1.1017426,-0.9905312,-0.9373786,-1.0401403,-1.0049778,-0.7711066,-0.8079045,-0.5786671,-0.63536316,-0.6179182,-0.53996116,-0.9316545,-0.5146115,-0.6669821,-0.82044303,-0.6184634,-0.5061616,-0.59011537,-0.6558064,-0.64599365,-0.6972382,-0.58057517,-0.581938,-0.71686375,-0.84361213,-0.81853503,-0.73021996,-0.6255504,-0.6637112,-0.63209224,-0.58275574,-0.56694627,-0.5598593,-0.5778493,-0.45382676,-0.53669024,-0.6778852,-0.68688023,-0.5906605,-0.44973812,-0.3843196,-0.3082706,-0.28482893,-0.4680008,-0.20087516,-0.3379815,-0.28210318,-0.19160755,-0.31126893,-0.4320206,-0.40585318,-0.54950136,-0.5647657,-0.58793473,-0.6391792,-0.5933863,-0.65117264,-0.79264015,-0.76919854,-0.89240336,-0.92783844,-0.9908038,-1.0952009,-0.9924392,-1.0273291,-1.0949283,-1.1418115,-1.2928193,-1.4233837,-1.4765362,-1.6340858,-1.4898925,-1.5539482,-1.5574917,-1.5067923,-1.5206938,-1.5872025,-1.6150055,-1.4004872,-1.3675054,-1.3904018,-1.4307433,-1.3721392,-1.2680147,-1.2731937,-1.4059387,-1.3947631,-1.4686315,-1.348425,-1.4511865,-1.5048842,-1.5375935,-1.6016492,-1.5220567,-1.6237278,-1.5762994,-1.5285984,-1.4503689,-1.4119354,-1.3947631,-1.3154432,-1.4530946,-1.4209304,-1.4866216,-1.3694135,-1.3854955,-1.5299613,-1.6231828,-0.99707305,-1.3009965,-1.2808259,-1.1317261,-1.01261,-1.1568033,-1.3424283,-1.2429376,-1.2789178,-1.2636535,-1.2734662,-1.18079,-1.1846062,-1.1540775,-1.0270565,-1.4051211,-1.338067,-1.3233479,-1.2846419,-1.2083204,-1.2061398,-1.1884222,-1.2064123,-1.2118639,-1.1985075,-1.3345236,-1.4331964,-1.475446,-1.3165334,-1.1666161,-1.1690692,-1.1347245,-1.209138,-1.1679789,-1.0998346,-1.0543143,-1.1687967,-1.1469905,-1.0434111,-1.0166986,-0.88695186,-0.8512442,-0.80954,-0.7983643,-0.82289624,-0.74412143,-0.82180595,-0.7997272,-0.70214456,-0.6435405,-0.70732355,-0.5222436,-0.5786671,-0.6375438,-0.65498877,-0.42302558,-0.113377914,-0.38459218,-0.41702884,-0.5432321,-0.9959827,-1.0772107,-1.2541132,-1.0842977,-1.0030698,-0.8054513,-0.59474915,-0.44973812,-0.54650307,-0.23058608,-0.103565134,-0.0932072,-0.020429106,0.05316672,-0.1373647,-0.048504554,0.034086324,-0.05995279,-0.113377914,-0.1875189,-0.08339442,0.023455815,-0.029151576,0.090237215,0.010372111,0.010644688,-0.21968299,-0.15344675,-0.11446822,-0.103292555,-0.12727934,-0.13627438,-0.17688838,-0.06322372,-0.14090821,-0.32189944,-0.3867728,-0.1575354,-0.21859269,-0.15344675,-0.07657999,-0.18315765,-0.18124962,-0.038964354,-0.1349115,-0.124008425,-0.07903319,-0.038146622,-0.07031072,-0.0384192,-0.09920389,-0.11555853,-0.13600181,-0.18642859,-0.13545667,-0.08884597,-0.17279972,-0.26302275,-0.27365327,-0.34888458,-0.32435265,-0.26465824,-0.46145892,-0.24748586,-0.21232341,-0.056954447,0.10195804,0.13384956,0.30829895,0.32628903,0.2682301,0.28158635,0.33855498,0.3611789,0.35000324,0.30693606,0.35300156,0.31211498,0.12403679,0.009826956,0.06188919,-0.013614678,-0.057772174,-0.1504484,-0.12809707,0.009281803,-0.05531898,0.06870363,0.10332093,0.08260506,0.014188191,-0.017975911,-0.02179199,-0.09157173,-0.066222064,-0.07167361,-0.020701682,-0.056136712,-0.11583111,-0.10492802,-0.18015932,-0.0027115918,0.073610015,0.118312664,-0.042235278,-0.008435711,0.027817048,0.04498941,0.11776751,0.23361279,0.26168823,0.34591457,0.292762,0.3025748,0.23606598,0.17827964,0.098687105,0.1095902,0.07551806,0.08424052,0.08587598,0.13630275,0.06815847,0.4672114,0.35899827,0.28649274,0.5173656,0.9633018,1.0925033,1.3389132,1.174004,1.1083128,1.0679715,1.1753668,1.1467462,1.130119,1.1966279,1.0791471,1.1663717,1.0279026,1.0159092,0.985108,0.95158094,0.9156008,0.6323931,0.4028832,0.54625875,0.7425143,0.67927647,0.67437,0.8043893,0.81692785,0.7686817,0.6078612,0.46748397,0.5040093,0.52963156,0.42659742,0.15511058,0.1297609,0.10386608,0.1452978,0.19081818,0.1714652,0.19626974,0.14448006,0.036539517,0.06870363,0.21262436,0.1502042,-0.049867436,0.024000969,-0.02097426,0.18236831,0.13875595,0.15620089,0.30557317,0.55552644,0.5203639,0.17337324,0.19517943,0.31974715,0.42332646,0.6236707,0.73460954,0.97256947,0.8905237,1.8971511,1.854629,1.9960966,1.9064187,1.8797061,1.6311159,1.842363,1.8797061,1.7513224,1.8358213,1.8685305,1.8380018,1.7717656,1.7246099,2.0146317,2.0617878,1.8554468,1.888156,1.8979688,2.068057,2.39624,2.5897698,2.608305,2.615392,2.7445936,2.8975093,2.6224792,2.6767218,2.5480654,2.555425,2.6459205,2.5420687,2.8195522,2.8757033,2.8337262,2.9517524,3.1057584,3.0746844,2.8067412,2.698528,2.8108299,2.775395,2.6889877,2.7535887,2.58241,2.8568954,2.7276938,2.765582,2.7222424,2.7639465,2.929401,2.7928398,2.936488,2018-04-17
CSCO_BDC,-2.1820319,-2.1416144,-2.197836,-1.7128288,-1.7185285,-1.829417,-1.7599822,-1.6729295,-1.7511733,-1.6672297,-1.6750023,-1.6661934,-1.6027175,-1.7231921,-1.6190399,-1.6348441,-1.622408,-1.6472801,-1.6838112,-1.7211194,-1.7374418,-1.7120514,-1.6814793,-1.6415802,-1.6853657,-1.7402917,-1.7978086,-1.8055811,-1.8677616,-1.869057,-1.823199,-1.7905542,-1.771641,-1.8522165,-1.8288988,-1.8356351,-1.7742319,-1.7566141,-1.7529868,-1.807913,-1.8374486,-1.8335624,-1.8252716,-1.8470348,-1.8299352,-1.8395213,-1.7514324,-1.7250056,-1.6581618,-1.5521959,-1.5224011,-1.5534912,-1.5112605,-1.4343121,-1.4659206,-1.2708294,-1.1975083,-1.2599478,-1.190513,-1.141805,-1.2625388,-1.1765224,-1.0366164,-0.9752132,-1.0791065,-0.48346964,-0.57078135,-0.31532335,-0.34382272,-0.37672654,-0.31610063,-0.23241614,-0.17256746,-0.16168588,-0.1318911,-0.16298132,0.040141445,0.06320003,0.0049058646,-0.13240926,-0.24044776,-0.31506425,-0.35677698,-0.49694204,-0.4575611,-0.2904512,-0.24951574,-0.32205957,-0.32957304,-0.33060938,-0.22101638,-0.15909503,-0.32050505,-0.25806555,-0.33320025,-0.24433406,-0.2901921,-0.32516858,-0.33501384,-0.4135166,-0.4249164,-0.39952606,-0.37802196,-0.43761155,-0.3583315,-0.27697876,-0.10105996,-0.10598258,-0.1282639,-0.038879525,-0.03810227,-0.11530964,-0.021261735,0.022005484,0.07667245,0.1036173,0.062681854,0.13082124,0.12123509,0.14170282,0.15362073,0.18471095,0.19481526,0.2155421,0.24041425,0.33316675,0.3168444,0.26295468,0.3207307,-0.29071027,-0.32931396,-0.4611883,-0.4505658,-0.4140348,-0.4611883,-0.5153371,-0.56145424,-0.5415047,-0.62285745,-0.6922922,-0.5067873,-0.82546204,-0.75732267,-0.6806334,-0.67311996,-0.63451624,-0.6000579,-0.5834765,-0.694624,-0.7319323,-0.74203664,-0.722087,-0.6280391,-0.6047215,-0.5705222,-0.49720114,-0.35029987,-0.23008436,-0.21324383,-0.18293086,-0.14484535,0.013196589,0.14144373,0.09688109,-0.013748265,0.08884945,0.17538388,0.19766521,0.16502048,0.1157943,0.13963012,0.20388325,0.16579774,0.13418935,0.09947194,0.16320689,0.2204647,0.23575073,0.14636634,0.22435097,0.14118466,0.08340866,-0.014525521,-0.22231181,-0.06426986,-0.22023913,-0.22127546,-0.22593899,-0.15909503,-0.16531308,-0.21117115,-0.23811601,-0.24252045,-0.2539202,-0.26298815,-0.2329343,-0.17671283,-0.22516175,-0.10157813,-0.6593884,-0.61663944,-0.16349947,-0.15080431,-0.19199884,-0.17464015,-0.23163888,-0.2469249,-0.22490266,-0.32516858,-0.30211002,-0.26091546,-0.38838536,-0.4402024,-0.39253074,-0.44097966,-0.5342503,-0.6023897,-0.4456432,-0.32309592,-0.20469402,-0.19925323,-0.22723442,-0.32542768,-0.18059911,-0.16090862,-0.26531994,-0.29641014,-0.29666921,-0.26661536,-0.33941826,-0.299001,-0.2762015,-0.417662,-0.3148052,-0.34719083,-0.3474499,-0.37154484,-0.48424685,-0.4347616,-0.48087874,-0.47932425,-0.4940921,-0.5355457,-0.5117099,-0.4645564,-0.5358048,-0.49150124,-0.43553886,-0.46844268,-0.4627428,-0.5275141,-0.4521203,-0.50393736,-0.47077444,-0.5319185,-0.6023897,-0.67622894,-0.73555946,-0.6669019,-0.7863402,-0.73737305,-0.615603,-0.62467104,-0.64747053,-0.71897805,-0.62052566,-0.5738903,-0.53813654,-0.55575436,-0.42465732,-0.4031532,-0.40289414,-0.40626225,-0.33864105,-0.32102323,-0.3552225,-0.3604042,-0.3860536,-0.39019898,-0.33501384,-0.46377915,-0.42543453,-0.40626225,-0.3668813,-0.3337184,-0.24407496,-0.20028958,-0.28552857,-0.177231,-0.18008094,-0.32568675,-0.33112755,-0.3635132,-0.4593747,-0.34537724,-0.24485222,-0.15313607,-0.16375858,-0.18733531,-0.11815958,-0.0759287,-0.05131561,-0.13629554,-0.19821689,-0.22697534,-0.35729513,-0.35755423,-0.41688472,-0.4212892,-0.37672654,-0.54901814,-0.59824437,-0.38916263,-0.40652132,-0.41118488,-0.4508249,-0.5148189,-0.5238869,-0.48657864,-0.40444866,-0.26506084,-0.29485562,-0.30858713,-0.33242297,-0.3078099,-0.3531498,-0.33682743,-0.31376883,-0.3549634,-0.36843583,-0.33527294,-0.37957647,-0.48865134,-0.5010874,-0.45859745,-0.44745678,-0.29796466,-0.34667268,-0.3456363,-0.30003732,-0.34356365,-0.3707676,-0.286824,-0.31169614,-0.2557338,0.0072376314,0.010087568,0.13652112,0.22124195,0.16398415,0.12719405,0.14092557,0.14299823,0.13652112,0.17952925,0.16087511,0.09791743,0.09480841,0.07123166,0.052059364,-1.6752876e-05,0.049986683,0.013196589,0.07330434,0.01371476,0.0023150132,-0.048983842,0.060350087,0.055168383,0.06371819,-0.10157813,-0.10157813,-0.11634599,-0.1580587,-0.112459704,-0.16039047,-0.24537039,-0.29796466,-0.21272565,-0.031884227,0.04040053,0.02122823,0.05698198,0.089108534,0.09869469,0.21528299,0.2663228,0.18626545,0.22176012,0.21606025,0.17175668,-0.0049393703,-0.04924293,-0.13810913,-0.122304946,-0.19018526,-0.5005692,-0.4788061,-0.50134647,-0.56974494,-0.68322426,-0.64125246,-0.64125246,-0.6523931,-0.62907547,-0.67545176,-0.7643179,-0.75784075,-0.9542273,-0.8446343,-0.98790836,-0.8653611,-0.7783085,-0.6780426,-0.6552431,-0.7428139,-0.64099336,-0.6448797,-0.7182008,-0.69747394,-0.6801152,-0.6902196,-0.68633324,-0.6070532,-0.59979886,-0.597208,-0.64177066,-0.81432134,-0.69566035,-0.6461751,-0.5619724,-0.6586112,-0.71612805,-0.69902843,-0.7505864,-0.667161,-0.6985103,-0.6464341,-0.6897014,-0.63244355,-0.6583521,-0.7003239,-0.664311,-0.53010494,-0.49875563,-0.5311413,-0.6111986,-0.43242985,-0.4627428,-0.37361753,-0.350818,-0.28786033,-0.2956329,-0.23345247,-0.091214724,0.0051649497,0.09973102,0.28264514,0.31503078,0.32772598,0.29922658,0.40726513,0.3883519,0.44042802,0.5663434,0.4893951,0.5020903,0.50364476,0.55597997,0.56401163,0.5627162,0.62411934,0.6399236,0.5818885,0.63526,0.59380645,0.5878475,0.60805607,0.62904197,0.6798227,0.71065384,0.6844862,0.7388941,0.7140219,0.7163537,0.5862929,0.53033054,0.5658252,0.63318735,0.7119492,0.69769955,0.6710138,0.6194559,0.6008017,0.5365486,0.5800749,0.5888838,0.5544255,0.53680766,0.5292942,0.50727195,0.5295533,0.5051993,0.45053232,0.4279919,0.5010539,0.6603913,0.6272284,0.7492575,0.5168581,0.44275978,0.4316191,0.44897783,0.3761749,0.3689205,0.40959686,0.428251,0.5935473,0.5888838,0.7031403,0.21139672,0.12848948,0.23523255,0.18393369,0.14636634,0.072268,0.057759237,0.07874513,0.024337249,-0.09043747,-0.08629211,-0.06349261,-0.15754052,-0.17101295,-0.29977822,-0.39330798,-0.38993987,-0.2469249,-0.22282998,-0.3163597,-0.2743879,-0.213762,-0.15002705,-0.12878208,-0.08447851,-0.1596132,-0.1318911,-0.13085476,-0.17386289,-0.26454267,-0.28967392,-0.3039236,-0.27697876,-0.24951574,-0.34149095,-0.27412882,-0.25651106,-0.30677354,-0.21713011,-0.16686758,-0.2033986,-0.14536352,-0.08655119,-0.08136949,-0.14018182,-0.16246313,-0.15313607,-0.08551486,-0.064010784,0.030555293,0.013196589,-0.015302776,-0.18111727,-0.06297444,0.056463808,0.032627977,0.011901164,0.042473212,-0.003643945,0.047654916,0.07719062,0.13496661,0.17434753,-0.041729458,-0.16919935,-0.12023226,-0.09976453,-0.18215361,-0.11686416,-0.09302832,-0.111423366,-0.15572692,-0.07437419,-0.11867775,-0.15935412,-0.26920623,-0.22308907,-0.19458969,-0.24562947,-0.14821346,-0.1839672,-0.23785691,-0.2417432,-0.20417584,-0.18655807,-0.1979578,-0.16298132,-0.13163202,-0.01400735,0.08029964,0.06734538,-0.06711981,-0.10701892,-0.008307477,-0.109868854,-0.13810913,-0.16583124,-0.15883595,-0.16609032,-0.15391332,-0.2883785,-0.18034,-0.24718398,-0.22023913,-0.2067667,-0.17956276,-0.14665894,-0.08629211,0.010864823,0.11346254,0.09377206,0.12434411,0.17952925,0.2694318,0.21398757,0.20932405,0.15465708,0.10620815,0.1577661,0.13108033,0.15854335,0.13574386,-0.011157414,-0.03421599,0.029259868,0.032109804,0.051800277,0.39793804,0.38550195,0.5202262,0.5015721,0.51349,0.4209966,0.53706676,0.64121896,0.67852724,0.6391463,0.74096674,0.72930795,0.766098,0.8031472,0.82724214,0.8490053,0.9220673,0.9186992,0.99383384,1.0044564,1.1562802,1.1124948,1.0526462,1.2018791,1.1438441,1.1764888,1.1917748,1.2171652,1.2171652,1.3000724,1.3197628,1.3723571,1.2630233,1.3161358,1.3407489,1.3464487,1.4373876,1.3765026,1.4498237,1.4594098,1.5697801,1.6083838,1.4671824,1.6107155,1.7278221,1.7998477,1.7420717,1.8537375,1.9143633,1.742849,1.6521691,2.2434015,2.1247406,1.8824958,2.0467558,2.1731892,2.074996,2.1990979,2.3190544,2.473987,2.418543,2.8556197,2.962622,2.8392973,2.7082002,2.6975777,2.8773828,3.1040823,3.0499337,3.094237,2.9465585,2.8722012,2.947595,2.8548424,2.7916255,2.810798,2.932568,2.9556265,2.9139137,2.9714308,2.9696171,2.8825645,2.7631261,2.8734965,2.8843782,2.8636515,3.0354247,3.1128912,2.8434427,2.6641557,2.883601,2.6359153,2.7139,2.701982,2.8019888,2.6747782,2.7703805,2.975317,2.9341223,3.1507177,3.109005,3.1167774,3.3911486,2018-04-17
CSCO_BMI,0.026457075,0.18969384,0.18031733,0.24510056,0.2779184,0.26385364,0.22634754,0.14792569,0.06737282,0.22933096,0.25831294,0.26129636,0.29581904,0.020490197,0.3456851,0.30434316,0.308179,0.27365637,0.1854318,0.20588967,0.14622086,0.1935297,0.20802069,0.100190654,0.22293788,0.14366364,0.08399484,0.033702575,-0.20284158,-0.23864286,-0.18195748,-0.24759316,-0.16363065,-0.26634622,-0.08222537,0.057143886,0.15900704,0.22080685,0.18798903,0.0805852,0.0430791,-0.018720724,-0.04642409,-0.099699795,-0.30854058,-0.39804378,-0.4014534,-0.38866726,-0.3988962,-0.35968527,-0.45856497,-0.44663122,-0.429583,-0.23651183,-0.17769544,-0.07497987,-0.08520881,-0.09458533,-0.15127067,0.64189804,0.46331787,0.7761528,0.9615523,0.9376848,0.8336906,0.80982304,0.69005924,0.5783934,0.7514329,0.62186635,0.7058289,0.65766764,0.6099326,0.65383184,0.399387,0.3167031,0.45053172,0.45394138,0.41771388,0.27323014,0.24765779,0.054586653,-0.16277824,-0.45643395,-0.55360883,-0.29277098,-0.17982645,-0.17130235,-0.25142902,-0.30342612,-0.18408853,-0.114617,-0.14274657,0.008130232,-0.12612455,0.014097111,-0.15894239,-0.26549384,-0.3264412,-0.39506033,-0.37929073,-0.44876224,-0.45686015,-0.50289035,-0.45600778,-0.4078465,-0.27487034,-0.2850993,-0.28936133,-0.09415913,-0.07796331,-0.16789271,0.055012856,0.20034899,0.23785509,0.16284288,0.18415318,0.17989111,0.24041231,0.31712934,0.33076793,0.42623797,0.41046837,0.8980477,0.82133067,0.87801594,0.8963428,0.68878067,1.0216473,0.7974631,0.7092385,0.56134516,0.5387563,0.5417397,0.6158995,0.5899009,0.560919,0.40322286,0.3137197,0.17562906,0.308179,-0.054522,0.06311077,0.06353697,0.05288183,0.13556573,0.18116973,0.08484726,-0.018720724,-0.03534274,-0.05239097,-0.044293065,0.12789403,0.12917264,0.04393151,0.12022232,0.19139867,0.15090913,0.0805852,0.11723889,-0.13550107,-0.025966221,0.0017371477,0.0072778217,-0.15553275,-0.14786103,0.0358336,0.061405938,0.16412151,0.09720722,0.07589693,0.10274789,0.1266154,0.19907038,0.22719993,0.18884143,0.17605527,0.031571545,-0.107797705,-0.075832285,0.0072778217,-0.0924543,-0.26037934,-0.48158008,-0.35158736,-0.60773695,-0.69297814,-0.5152503,-0.47135112,-0.37545487,-0.3869624,-0.4658105,-0.55233026,-0.61285144,-0.8412977,-1.2858301,-1.1754428,-1.4013319,-1.7214124,-1.7035117,-1.6400071,-1.061646,-0.96830696,-0.9712904,-0.808906,-0.77182615,-0.7773668,-0.70619047,-0.8732631,-0.91673607,-0.8694272,-0.9295222,-0.9717166,-0.871132,-0.8020867,-0.8851968,-1.038631,-0.9487015,-0.8877541,-0.73346764,-0.69425666,-0.5932459,-0.5578709,-0.6175397,-0.6183921,-0.70746905,-0.25270763,-0.2356594,-0.21349671,-0.24077389,-0.29788545,-0.2872303,-0.46410564,-0.25910074,-0.280411,-0.23011875,-0.31109783,-0.3925031,-0.18494092,-0.30683577,-0.28211585,-0.23438081,-0.2433311,-0.29063994,-0.21690637,-0.30427852,-0.23651183,-1.0509909,-0.7939888,-0.837888,-0.83234733,-0.76756406,-0.8907375,-0.86559135,-1.0109276,-1.1315438,-1.2487503,-1.374481,-1.8701582,-1.9336629,-1.9055333,-1.8232754,-1.7256743,-1.7550826,-1.797277,-1.7431489,-1.7069215,-1.5215219,-1.4695247,-1.1123644,-1.0667604,-1.126003,-1.1115121,-0.93804634,-0.9759786,-1.0339427,-1.0684652,-1.1865243,-1.0318116,-0.98833865,-1.1183314,-1.150723,-1.2184896,-1.2291448,-1.0437453,-0.7705475,-0.6772085,-0.73218906,-0.66697955,-0.59068877,-0.84215003,-0.81487286,-0.7573351,-0.72622216,-0.8314949,-0.86772245,-0.7773668,-0.77779305,-0.9469966,-0.7914316,-0.8732631,-0.78589094,-0.7526469,-0.77012134,-0.7317628,-0.71045256,-0.71428835,-0.7049119,-0.6648485,-0.64396447,-0.58003354,-0.39804378,0.104878925,0.039669454,0.3149983,0.3819126,0.35548782,0.19012006,0.20503725,0.28303286,0.35676646,0.44669583,0.46161303,0.42410696,0.30349076,0.27536118,0.27749223,0.24510056,0.15644981,0.38873187,0.4351883,0.39342013,0.25746053,0.3209652,0.43135244,0.5549521,0.70710754,0.88440907,0.9270296,0.90912896,0.94706124,0.9687978,1.0156803,1.0467935,1.0753492,1.0421051,1.0067301,0.954733,0.99309146,0.94194686,0.9551592,0.97007644,0.7825459,0.78510314,0.74674463,0.82175684,0.7339585,0.74674463,0.76507145,0.851165,0.8302809,0.91722685,0.9389634,0.9436517,0.92447233,0.9061455,0.89676905,1.012697,0.967093,0.96069986,0.6798304,0.67088,0.5950154,0.621014,1.2765182,1.1478041,0.9197841,0.93683237,0.9223414,0.90912896,0.9990584,1.0472196,1.0813161,1.0033205,0.9922391,0.99522257,0.98328876,0.85244364,0.9781743,0.9248986,0.79277486,0.5489852,0.35591403,0.31840792,0.5498376,0.6282595,0.11340304,0.07248729,0.036259808,-0.1593686,-0.3618163,-0.24972421,-0.35201356,-0.3993224,-0.3618163,-0.4061417,-0.47859666,-0.5672474,-0.66186506,-0.5565923,-0.8204136,-0.84215003,-0.8144467,-0.59026253,-0.6639961,-0.51652896,-0.44109052,-0.49777588,-0.64950514,-0.6367189,-0.58685285,-0.67592984,-0.63117826,-0.4743346,-0.4240423,-0.39719135,-0.26890346,-0.47135112,-0.39506033,-0.32345778,-0.20582502,-0.37332383,-1.0062393,-0.730058,-0.6337355,-0.6635699,-0.6597341,-0.6635699,-0.52206963,-0.46240085,-0.4551553,-0.66101265,-0.64396447,-0.5825908,-0.49948075,-0.52462685,-0.51738137,-0.37161902,-0.47220358,-0.29149237,0.45436755,0.53790385,0.3831912,0.28899974,0.39128911,0.7876604,0.88313043,1.2257998,1.2394384,1.3293678,1.2662894,1.3327775,1.2432742,1.1469518,1.178491,1.2351763,1.2952714,1.2611749,1.3988394,1.4908997,1.5659119,1.6443338,1.5629286,1.5450279,1.6132208,1.4772612,1.4026752,1.2134398,1.2944189,1.2880259,1.406511,1.3285154,1.3604808,1.2888782,1.2513722,1.0983642,0.983715,1.0050253,1.1439683,1.197244,1.0480721,0.9393896,0.9342751,0.88994974,0.85585326,0.94919235,0.96325713,0.9717812,0.99309146,0.90955526,0.13940157,0.02730949,-0.13464867,0.017932963,0.07078246,0.1108458,0.4522365,0.48207092,0.64445525,0.8336906,0.93342274,0.8711966,0.76251423,0.7714645,0.6742897,0.5984251,0.7062551,0.88014704,0.8413623,0.85585326,-0.03065448,-0.25952694,-0.14317277,-0.069865406,-0.28254205,-0.33709636,-0.34519428,-0.2944758,-0.35883287,-0.39548653,-0.48754698,-0.5045952,-0.61455625,-0.6239328,-0.7624496,-0.92227674,-0.877099,-0.60049146,-0.5600019,-0.568526,-0.4743346,-0.49394006,-0.3690618,-0.27231312,-0.3319819,-0.3852576,-0.26592,-0.3153599,-0.44918847,-0.49394006,-0.60688454,-0.6073107,-0.49394006,-0.5749191,-0.73304147,-0.5958032,-0.65419334,-0.730058,-0.62776864,-0.64694786,-0.64353824,-0.6767823,-0.6703892,-0.775662,-1.5304723,-1.6233851,-1.602501,-1.6826277,-1.716724,-1.6723987,-1.8096368,-1.7133144,-1.7231172,-1.6459739,-1.5061785,-1.5573232,-1.6276472,-1.5564708,-1.5603067,-1.5372915,-1.6080416,-1.5142764,-1.4111347,-1.6442691,-1.942187,-1.8403237,-1.728658,-1.8940256,-1.737182,-1.7529515,-1.7252481,-1.7346249,-1.685611,-1.7329199,-1.648105,-1.8684533,-1.7150193,-1.7295103,-1.7584922,-1.5581756,-1.4443786,-1.53857,-1.6464001,-1.6208278,-1.7563611,-1.718429,-1.7636067,-1.921729,-1.9276958,-1.546668,-1.641712,-2.0414927,-2.1254554,-1.9992985,-2.3202312,-2.3475084,-2.2780368,-2.2226303,-2.1365366,-2.2601364,-2.46642,-2.5508087,-2.6876206,-2.5601852,-2.3781953,-0.7841861,-0.46410564,-0.32345778,-0.34306324,-0.3686356,-0.26975587,-0.32601503,-0.3477515,-0.3388012,-0.34221083,-0.38142174,-0.24375734,-0.41978028,-0.400601,-0.44833606,-0.554035,-0.47817042,-0.63117826,-0.56213295,-0.44023815,-0.38227418,-0.38056934,0.13684435,0.063963175,0.1709408,0.037112217,0.015375728,0.014949523,0.18202214,0.41089457,0.33588237,0.09337137,0.30562177,0.41217318,0.3137197,0.3742409,0.26896808,0.37381467,0.37637192,0.26854187,0.26598465,0.30178592,0.12832023,0.032423954,0.11596027,0.32224378,0.13982779,0.24978885,0.2242165,0.1261892,0.10146928,0.10530512,0.38873187,0.54387075,0.64786494,0.8481816,0.9270296,0.8971952,1.0020418,0.7706121,0.9415207,0.66619176,0.69474757,0.8942118,0.80598724,0.9291607,1.0911188,1.3724146,1.197244,1.3297939,1.6387931,1.4904735,1.3140243,1.4269689,1.1013478,0.7961845,0.88440907,1.1000692,0.55196863,0.95217574,0.9274559,1.1882937,1.3532352,1.879173,2.036869,1.8374048,1.4546723,1.4197234,1.7240343,2.0897186,2.6263118,2.6471956,2.3820958,2.2265308,2.3066576,2.0291975,2.1366012,2.278528,2.4566817,2.4980237,2.4438956,2.5240223,2.6224756,2.4017012,2.1992536,2.5206127,2.3070836,2.0347383,2.172829,2.6079848,2.2469885,1.6997404,2.0543437,1.6353834,1.6196138,1.6660702,1.8830091,1.7935058,1.9465135,2.2708561,2.2674465,2.6591294,2.5819862,2.7239127,3.0908756,2018-04-17
CSCO_CAJ,-2.109585,-1.8418015,-1.8472426,-1.6925579,-1.7139338,-1.7232617,-1.656413,-1.620268,-1.6669066,-1.6362028,-1.537873,-1.5133878,-1.5168856,-1.6735139,-1.5437028,-1.4857932,-1.4216651,-1.558083,-1.4554781,-1.4333247,-1.3489865,-1.3754151,-1.3217807,-1.1977996,-1.2491021,-1.1573794,-1.242495,-1.2883563,-1.2747533,-1.3128415,-1.2526,-1.2646483,-1.1515496,-1.18031,-1.1192912,-1.0796484,-0.94983745,-0.91524714,-0.9863711,-1.1449425,-1.1915811,-1.1418332,-1.2868017,-1.2195643,-1.2160664,-1.2817491,-1.1744803,-1.1099634,-1.2895223,-1.2001315,-1.0582724,-1.1282303,-1.1002471,-1.0256252,-0.92263156,-0.9583879,-0.8670538,-1.0069698,-1.0749844,-1.0990812,-1.0819802,-0.88804126,-0.62336695,-0.7197535,-0.7368543,-0.8266337,-0.70964843,-0.7679467,-0.8639446,-0.9945328,-1.0221274,-0.96538365,-0.98909163,-0.88298875,-0.90514207,-1.007747,-0.7970959,-0.6964342,-0.7500686,-0.95799917,-1.030289,-0.8223584,-0.84451187,-1.0714866,-1.2459929,-1.0979152,-1.0310664,-1.2339445,-1.0695434,-1.0267912,-1.1775895,-1.2183983,-1.1099634,-1.1278416,-1.1391126,-0.95761055,-0.91641307,-1.0264026,-1.0637134,-1.2102365,-1.1033564,-0.91602445,-0.9541126,-0.9004782,-0.8281883,-0.78932273,-0.66689634,-0.575951,-0.55846155,-0.45274723,-0.63075143,-0.7625056,-0.48850352,-0.3509195,-0.33420733,-0.3703523,-0.47179136,-0.48617163,-0.45741114,-0.39328295,-0.45779976,-0.5537976,-0.49005818,-0.3656884,-0.6474636,-0.4690708,-0.32643422,-0.32332498,0.4493219,0.16910139,0.1411182,0.15821904,0.06688502,0.029185446,0.020635027,-0.0967389,-0.1907935,-0.22110862,-0.2875687,-0.32526827,-0.2918439,-0.7454047,-0.6474636,-0.64396566,-0.5639027,-0.5456359,-0.483451,-0.5176527,-0.48772624,-0.49549934,-0.5188187,-0.48733756,-0.44963798,-0.47995314,-0.5845014,-0.5401947,-0.4982199,-0.5013291,-0.5106569,-0.6132619,-0.7314131,-0.70265263,-0.60704345,-0.64357704,-0.62453294,-0.725972,-0.7873795,-0.87521565,-0.81769466,-0.79592997,-0.7897114,-0.7349111,-0.6855518,-0.7045959,-0.7827156,-0.8344068,-0.7333564,-0.6229783,-0.68516314,-0.61442786,-0.5110456,-0.69293624,-0.8091442,-0.91913366,-0.9805412,-1.1018018,-1.072264,-1.1997428,-1.080037,-1.0108564,-1.0446694,-1.1799214,-0.98753697,-1.0376736,-1.1632092,-1.0567178,-1.056329,-1.3175055,-1.3058457,-1.2599845,-1.116182,-0.30505818,-0.2665813,-0.39367163,-0.3431464,-0.5203733,-0.3886191,-0.56429136,-0.62608755,-0.5767283,-0.4830624,-0.5324216,-0.2933985,-0.2525897,-0.33459598,-0.3804573,-0.58178085,-0.39678088,-0.33498463,-0.34236908,-0.22110862,-0.33692792,-0.3874531,-0.32682288,-0.34159178,-0.18107712,-0.26152876,-0.36763167,-0.22188592,-0.27668634,-0.12355612,-0.26619264,-0.2673586,-0.13366117,-0.116948985,0.16482617,0.16482617,0.11313501,0.15161188,0.16327155,3.629189e-05,-0.027946895,-0.14298889,-0.15581451,-0.1900162,-0.23937541,-0.25647625,-0.40844053,-0.37346154,-0.30855608,-0.415825,-0.33809388,0.21496272,0.31096062,0.39840803,0.28919592,0.110803075,0.066107705,-0.0022956403,-0.11889226,-0.043104455,0.046674937,-0.00657085,0.0027568797,-0.025614964,0.016359817,-0.02172841,-0.012789336,-0.02328303,0.35060346,0.3859711,0.35254672,0.42600256,0.51927984,0.5282189,0.5317169,0.47769374,0.40540382,0.4893534,0.5173366,0.38713706,0.38363916,0.4069585,0.48313493,0.5752463,0.58923787,0.7003933,0.49751517,0.4738072,0.4337757,0.3362232,0.12129677,0.1523892,0.14655937,-0.048545633,-0.035720002,-0.041549835,0.038513176,0.19125475,0.31523582,0.2577148,0.4197841,0.48313493,0.6075046,0.50528824,0.4912967,0.6358765,0.5593114,0.7905613,0.825929,0.8302042,1.1185865,1.1244164,1.1162546,1.0882714,1.4376725,1.2336285,1.1854352,0.986055,1.0859394,1.148513,1.1838806,1.0758344,1.0688386,1.0439647,0.999658,0.92153823,0.88889116,0.9549626,1.0260866,1.032305,0.8531349,0.745866,0.77035123,0.8686811,1.0113176,1.0385234,1.112368,1.203702,1.2818218,1.2530613,1.158618,1.1671685,1.1939857,0.9724521,0.91959494,0.84847105,0.8239857,1.158618,1.1232504,1.1714436,1.183492,1.0913807,1.1115906,1.079721,0.9829458,0.999658,1.0303618,0.91531974,1.0050992,0.99149626,0.96079236,1.1080929,1.1325781,1.1492903,1.1593953,1.1792167,1.1162546,1.103429,0.997326,0.802221,0.7901727,0.768408,0.73342896,0.7019479,0.69145423,0.63354456,0.574469,0.62499416,0.6242168,1.1854352,1.0637861,1.0404668,0.9611811,0.93358654,0.8725676,0.87489957,0.85274625,1.1702776,1.1640592,1.2592797,1.3377881,1.4796474,1.4244583,1.516181,1.4905298,0.85274625,0.9845004,0.954574,0.8787861,0.86712646,0.93242055,0.74664325,0.6731874,0.61799836,0.5907925,0.4442694,0.4912967,0.3910236,0.33894378,0.30085558,0.39063492,0.48507822,0.60828197,0.7392588,0.814658,0.84963703,0.84963703,0.7827882,0.76141214,0.743534,0.7668534,0.70700043,0.8504143,0.9891643,0.7843428,0.78745216,0.63198996,0.5872946,0.72138065,0.70622313,0.74236804,0.6008975,0.5150047,0.5014017,0.48702148,0.562032,0.5379353,0.5515383,0.5251097,0.63004667,0.45748368,0.46447948,0.5764122,0.49596056,0.524721,0.5779668,0.86673784,0.92620206,0.93980503,0.964679,0.8815067,0.997326,1.0179248,1.1147,1.2064227,1.3525571,1.5667062,1.6343322,1.8177775,1.721391,1.731496,1.7571473,1.7715276,1.7781346,1.8721893,1.8694687,1.8170003,1.6805822,1.6079037,1.5371684,1.5313386,1.4835339,1.3564436,1.3902566,1.2934815,1.1663911,1.111202,1.1310235,1.0159816,1.034637,0.9922735,1.0183134,0.96195835,0.9269794,0.897053,0.7785131,0.93358654,0.77035123,0.77112854,0.6817378,0.780845,0.73342896,0.7913387,0.8068849,0.71827143,0.73731554,0.6933975,0.73381764,0.4337757,0.492074,0.525887,0.64792484,0.59701097,0.61877567,0.2736497,0.4295005,0.33078203,0.44116014,0.44116014,0.366927,0.34360766,0.34244168,0.099532075,0.08748375,0.15433249,0.0835972,0.30590808,0.29968962,0.1531665,-0.7570644,-0.78154963,-0.66611904,-0.58605605,-0.67972195,-0.7590077,-0.7819383,-0.7489027,-0.98209584,-0.9945328,-1.0928626,-1.1834193,-1.3256671,-1.2086818,-1.1873059,-1.0998584,-1.3295537,-1.0672114,-1.1406672,-1.1103522,-1.0990812,-1.0718752,-1.0295118,-0.96149707,-0.89814633,-0.837516,-0.791266,-1.0139656,-0.8460665,-0.9272954,-1.0131884,-0.8911505,-0.90591943,-0.8561715,-0.45507917,-0.63930184,-0.67233753,-0.8441231,-0.7834929,-0.7543438,-0.7057619,-0.7951526,-0.7181989,-0.941287,-0.9276841,-0.8480097,-0.7205308,-0.90980595,-1.2036294,-1.117348,-1.1915811,-1.1678731,-1.2444382,-1.2327785,-1.1344488,-1.0676,-1.1558248,-1.2180097,-1.296518,-1.1542702,-1.0295118,-1.0159088,-0.99375546,-1.4037869,-1.5825684,-1.4014549,-1.1946902,-1.3575369,-1.1896379,-1.170205,-1.11385,-1.1880832,-0.9618857,-1.0069698,-0.8868753,-1.0147429,-1.0516652,-1.031455,-1.0229046,-0.8114762,-0.69487953,-0.7434615,-0.7481253,-0.7341338,-0.68166524,-0.6847745,-0.5145435,-0.3773481,-0.13949099,-0.08197,-0.100625455,-0.24403928,-0.2910666,-0.24442793,-0.14260024,-0.19195947,-0.264638,-0.2693019,-0.18923888,-0.24054138,-0.45857707,-0.5021065,-0.6614552,-0.7228627,-0.6999321,-0.6466863,-0.7380203,-0.6595119,-0.4671275,-0.47451192,-0.7399636,-0.6676737,-0.8577261,-1.0361189,-1.1558248,-1.2137344,-1.0333983,-1.1822534,-1.1177366,-1.1076314,-1.2895223,-1.45781,-1.5332091,-1.6288184,-1.5087239,-1.469081,-1.2805831,-0.88959587,-0.8138081,-0.6369699,-0.63308334,-0.7119804,-0.78504753,-0.6525161,-0.40766323,-0.29417583,-0.37346154,-0.124333434,-0.02172841,-0.19157082,-0.22421786,-0.27901825,-0.25997415,-0.1900162,-0.2693019,-0.20012122,-0.19701199,-0.103734694,-0.08741117,-0.06486916,0.12518331,0.0047001564,0.012473265,-0.061759915,0.024521582,0.11702156,0.024132926,0.15122323,0.11624425,0.06183249,0.31679043,0.38869166,0.12945853,0.18659087,0.10419594,0.4450467,0.30707407,0.3502148,0.5422105,0.42794582,0.46331352,0.6323786,0.65958446,0.6168324,0.7279878,0.9988806,0.45398575,0.18348163,0.3859711,0.2612127,0.26781985,0.46214753,0.7746265,0.64947945,0.89277774,1.0171475,1.3747104,1.5010234,2.0501935,2.0595212,2.2495737,1.9382607,1.8729665,2.0020003,2.286496,2.1224833,2.0622418,2.1096578,2.164847,2.252683,2.2554035,2.3218637,2.3727775,2.6545525,2.6320105,2.5507817,2.5643845,2.5752668,2.5426197,2.4850988,2.4392376,2.3817165,1.8690801,2.0544686,2.4575043,2.164847,1.6794163,2.031538,1.59741,1.6160654,1.6957397,1.7742481,1.7528722,1.8030087,1.9223258,1.9759604,2.329248,2.356454,2.4065905,2.735393,2018-04-17
NATI_CAJ,-2.6858222,-2.4464657,-3.1815166,-2.9926999,-3.268445,-3.2482295,-2.9231572,-3.006851,-2.9502466,-2.9870396,-2.9276047,-2.797414,-2.7848802,-2.6546896,-2.6943128,-2.6405385,-2.472342,-2.6506467,-2.372071,-2.2220688,-1.9103391,-2.1254368,-2.0158663,-1.898614,-1.9406632,-1.649958,-1.5432179,-1.4668018,-1.298201,-1.2242106,-1.1134273,-1.2783893,-1.1352606,-1.0689523,-0.9719159,-0.9852584,-0.8728578,-0.8506203,-0.9804065,-1.1599239,-1.1194922,-0.9852584,-1.2703029,-1.2513,-1.0883596,-1.2173371,-1.050758,-0.8914564,-1.2173371,-1.2428093,-1.0123477,-1.152242,-1.2646425,-1.3523797,-1.3172039,-1.5557519,-1.4477988,-1.7635716,-1.8403921,-1.864247,-1.7174793,-1.6491494,-1.4279872,-1.4930825,-1.4732709,-1.742547,-1.3681481,-1.1340476,-1.349145,-1.3673394,-1.5731375,-1.3095219,-1.1672018,-1.0915942,-0.94563514,-1.0701653,-1.0867423,-1.1182792,-0.97029865,-1.0742085,-1.1566894,-0.49077678,-0.22352222,-0.23767337,-0.30721617,-0.3472437,-0.37433305,-0.47298676,-0.14629737,-0.004785876,-0.48228607,-0.5712362,-0.32662347,-0.592665,-0.5283784,-0.48026448,-0.29791683,-0.40061375,-0.4887552,-0.60722053,-0.34158325,-0.06098615,-0.15034056,0.0073436806,-0.07554162,-0.05532569,-0.238482,0.103167176,0.15977179,0.22527136,0.0073436806,-0.057347286,0.15047245,0.1710927,0.07850375,-0.18996377,-0.43619376,-0.48269042,-0.47541267,-0.42932037,-0.6820195,-0.9715116,-0.84293824,-0.77137387,-1.2217847,-1.1304088,-0.89469105,-0.73538953,0.3675915,0.45613727,0.6223122,0.6724477,0.64171946,0.6109913,0.6599138,0.49939936,0.2733853,0.28632346,0.2673205,0.18766975,0.064352594,0.1254047,0.17877474,0.280663,0.49859074,0.3243294,0.2851105,0.34697124,0.516785,0.62190783,0.6433367,0.80708575,0.62190783,0.7686755,0.5968401,0.33848056,0.37931675,0.4436034,0.4674582,0.22365408,0.23659228,0.0861858,0.14602494,-0.05573001,0.2107159,0.08092966,-0.31975004,-0.51180136,-0.511397,-0.42042533,-0.3973792,-0.57730097,-0.4495363,-0.43295923,-0.403444,-0.47258246,-0.22837405,0.07446056,0.3089653,0.3506101,0.46422362,0.56247306,0.3918506,0.6946852,0.563686,0.88350195,0.7804007,0.735117,0.8398355,0.73592573,0.71975297,0.7104536,0.7237961,0.6688088,0.5434701,0.6886204,0.498995,0.13793857,0.33201146,0.32554236,0.69953704,0.9534491,0.92474246,0.5329578,0.46503225,0.30128327,0.5289146,0.1973734,0.17756179,0.23295341,0.23578365,0.25761685,0.8095117,0.6732563,0.5766242,0.580263,0.34535396,0.50789005,0.57864577,0.2559996,0.5479176,0.28349322,0.2592341,0.22365408,0.13551266,0.24063548,0.099932626,0.052223038,0.2543823,0.22446273,0.38012537,0.10963628,0.3004746,0.19616045,0.30977392,0.6752779,0.7977865,0.38376424,0.2216325,0.29036665,0.18362656,0.043732353,-0.20734948,-0.44913194,-0.53403884,-0.44104558,-0.65331286,-1.034181,-1.0746127,-0.8417253,-0.89509535,-0.8122101,0.056266226,0.0817383,0.5086987,0.5204239,0.4031715,0.52082825,0.6243338,0.54468304,0.52163684,0.5382139,0.13025652,0.33322442,0.26812914,0.3639526,0.13712993,0.13915153,0.17837043,0.40842766,0.42662197,0.43187812,0.4310695,0.33645898,0.5228498,0.5564083,0.40923628,0.41044927,0.51031595,0.49980363,0.3259467,0.3126042,0.308561,0.40236288,0.55034345,0.42985654,0.54468304,0.37931675,0.26166004,0.08456853,0.1189356,-0.25627202,-0.23322588,-0.35330847,-0.21503153,-0.4281074,-0.54091233,-0.55142456,-0.29104343,-0.123251215,-0.19036809,-0.06381638,0.057479184,0.11529674,-0.09131005,-0.08888413,0.23820956,0.040093485,0.40155426,0.408832,0.42015293,0.5697508,0.5410442,0.5434701,0.3243294,0.76827115,0.919082,0.65425336,0.35182306,0.37729517,0.47473592,0.380934,0.067991465,-0.032279536,-0.11354756,-0.14548874,-0.2364604,-0.29629955,-0.0969705,-0.09009709,-0.05168683,-0.17459968,-0.20088038,-0.10667415,0.042115077,0.11327514,0.04858417,0.117318325,0.14279039,0.19858636,0.105188765,-0.04360046,-0.13780667,-0.16327876,-0.5566807,-0.6031773,-0.6423962,-0.6371401,-0.27001885,-0.15883124,-0.13214621,-0.11799507,-0.10586551,-0.07796753,-0.17176944,-0.3452221,-0.27204043,0.0033004954,-0.111930296,-0.16368307,-0.16772625,-0.26152816,-0.120420985,-0.13538077,0.02189915,-0.029044986,-0.07271139,-0.2667843,-0.25627202,-0.26718864,-0.24171655,-0.22594814,-0.26112387,-0.32460186,-0.465709,-0.46126154,-0.44589743,-0.6771676,-0.6626122,-0.6423962,0.2931969,0.1363213,-0.014893839,-0.048856597,-0.06462502,-0.30559888,-0.28214842,-0.2736577,0.30532643,0.26610753,0.3437367,0.63888925,0.9502145,0.9651743,1.05372,1.0864699,0.86126447,0.99671113,1.0387603,1.0670626,1.2558793,1.1022383,0.8014253,0.67649084,0.39670244,0.65263605,0.4828223,0.47109702,0.4791834,0.105188765,0.1452163,0.17958339,0.17958339,0.29926166,0.4500725,0.5507478,0.60209626,0.5479176,0.52123255,0.5159764,0.63929355,0.7484596,0.63727194,0.86166877,1.2041266,0.93444616,0.78929573,0.79697776,0.6328245,0.79576486,0.80304253,0.7929346,0.71773136,0.46907544,0.5018253,0.25680822,0.4791834,0.41206655,0.49010003,0.38902038,0.60007465,0.37042174,0.27136368,0.110849224,0.11287083,0.27783278,0.5673249,0.67568225,0.7864655,0.7132839,0.62150353,0.55276936,0.799808,0.86935085,0.8196196,0.72622204,0.74643797,0.6946852,0.78323096,0.98619884,0.84185714,0.90452653,0.8050642,0.8790545,0.8438787,1.0605935,0.8515608,0.86409473,0.6663829,0.5119332,0.48646113,0.4500725,0.31503007,0.18888271,0.21112022,0.117318325,-0.13982826,-0.2336302,-0.21462722,-0.4281074,-0.5785139,-0.4099131,-0.47177383,-0.5190791,-0.4733911,-0.27608365,-0.4216383,-0.2712318,-0.5558721,-0.6007514,-0.62218034,-0.4103174,-0.44508877,-0.38484535,-0.22837405,-0.37190714,-0.2603152,-0.26637998,-0.09292732,-0.44185427,-0.32460186,-0.2667843,-0.0423875,-0.07918049,-0.044813413,-0.74347585,-0.61651987,-0.89388233,-0.9464438,-0.96261656,-0.94846535,-0.9173329,-0.86679304,-1.0822948,-0.8724535,-0.36745963,-0.34158325,-0.17217375,-0.3035773,-0.40303966,-0.503715,-0.21139267,0.009365274,0.04898849,-0.15640533,0.06677851,0.0469669,0.01583437,-0.3670553,-0.4264901,-0.5611282,-0.6387574,-0.67555034,-0.34441346,-0.1669176,0.07446056,-0.6185414,-0.30640754,-0.36624667,-0.3496696,-0.27204043,-0.19683719,-0.25910226,-0.087671176,0.025538016,0.15411133,0.1710927,0.046562582,0.33403304,0.4136838,0.44845518,0.6202906,0.53902256,0.7161141,1.4600602,1.0209703,1.0638281,0.9821557,1.0743403,1.2684133,1.3614066,1.1535867,1.2942896,0.9037179,0.99671113,1.2486017,1.4754243,1.2356634,0.7189443,0.39104196,0.21556772,0.36152673,-0.04804796,-0.03187522,-0.075945936,0.022303468,-0.035514083,-0.24858998,-0.18228172,-0.21098836,-0.017724069,-0.27001885,-0.24616407,-0.52514386,-0.5348475,-0.4370024,-0.014893839,-0.25627202,-0.19562423,-0.29508662,-0.12163393,-0.28902182,-0.029449306,-0.09009709,0.025133697,-0.043196138,-0.3626078,-0.13538077,0.029176882,0.24144411,0.39751107,0.40074563,0.39023334,0.35141876,0.49980363,0.50627273,0.72622204,0.8665205,0.97285634,0.8879495,0.7977865,0.96476996,1.0711057,1.03593,1.274478,1.2667959,1.3181444,1.2158518,1.3120795,1.3512986,1.2914594,1.3804095,1.3375517,1.0367386,0.9526404,0.9295943,0.7824223,0.62312084,0.83215356,0.6789168,0.1298522,0.50789005,0.23376206,0.38214695,0.10842332,-0.06664661,-0.03470545,-0.12891167,-0.19764581,0.20909864,-0.2643584,-0.6557388,-0.6023687,-0.6476524,-0.50937545,-0.5918564,-0.32217595,-0.5712362,-0.5211007,-0.54859436,-0.5469771,-0.6820195,-0.83040434,-0.8716448,-0.91895014,-1.0281161,-0.7527752,-0.57689667,-0.92137605,-0.97919357,-1.0632919,-1.020434,-1.0944244,-1.3111391,-1.6135694,-1.6604702,-1.6657264,-1.5149157,-1.6604702,-1.4837831,-1.4308174,-1.4292002,-1.4170706,-1.6818992,-1.5201718,-1.3099262,-1.4773141,-1.3430803,-1.2379575,-1.2513,-1.213294,-1.1469858,-1.4959127,-1.6180168,-1.7089887,-1.4546722,-1.360466,-1.1781183,-0.8829658,-0.9165242,-1.161137,-1.0725912,-1.2513,-1.1271743,-1.0111347,-0.52069634,-1.4465859,-0.26395407,0.093867846,0.2847062,0.96396136,0.34171513,0.62554675,0.84549606,0.8163851,0.6663829,1.1507565,1.3460424,1.3921348,1.2457714,1.6864786,1.8874251,2.0252974,1.7115463,1.5457758,1.2615398,1.3698971,1.9674801,2.273549,2.4045484,2.853342,3.1488988,2.7882466,2.854555,2.8068452,2.6430964,2.4421499,2.5569763,2.8125057,2.9184372,2.9629123,2.9342055,2.2933607,2.5990255,2.72396,2.4611528,2.0527914,2.4215298,1.8708478,1.8194994,2.0168068,1.8494189,2.0568345,2.0168068,1.9642453,2.174491,2.376246,2.6984878,2.5925565,2.6269236,2018-04-17
NATI_CGNX,0.3960118,0.3518909,-0.34292403,-0.39134946,-0.5330386,-0.5567133,-0.3995997,-0.54128885,-0.5409302,-0.39493653,-0.50541824,-0.4340356,-0.42291567,-0.2808678,-0.27046528,-0.26364985,-0.17253834,-0.19190852,-0.18545179,-0.14491794,-0.15209205,-0.20876773,-0.22777918,-0.32247776,-0.31064042,-0.26006278,-0.09182934,-0.11944975,-0.050936762,-0.0064571276,-4.068583e-07,0.08321955,0.12913403,0.096133,0.06851258,0.11083997,0.09182852,0.117296696,0.06062103,0.11263351,0.21414751,0.16643952,0.078915074,-0.08429649,-0.19011496,-0.29987925,-0.22777918,-0.22562695,-0.28588966,-0.38489273,-0.5057769,-0.5567133,-0.569268,-0.46488434,-0.47492814,-0.5642461,-0.5595829,-0.643879,-0.67401034,-0.7371428,-0.7873617,-0.74969745,-0.7342731,-0.71705514,-0.68405414,-0.7296099,-0.6392158,-0.25970408,-0.3138688,0.38560933,0.18760322,0.32714012,0.45699197,0.5172547,0.45232877,0.45770937,0.5079283,0.4921452,0.61051846,0.54953825,0.3838158,0.346869,0.39242473,0.19585347,0.197647,0.41502324,0.4322412,0.5502557,0.52801585,0.31709635,0.32893366,0.41502324,0.33431426,0.37771776,0.26364905,0.15209125,0.13415591,0.053805605,0.11012256,0.21952811,0.20804949,-0.008250662,0.08824145,0.047348883,-0.011120316,0.07927378,0.010043382,0.02905484,0.05559914,0.1764833,0.10474196,0.19083157,0.4078491,0.39780533,0.48568848,0.48425367,0.42542574,0.42470834,0.34220582,0.30095455,0.30203065,0.2672361,0.28373662,0.2726167,0.23064803,0.3300098,0.41932777,0.3748481,0.30131325,0.8479823,0.9433983,0.76583844,0.8139052,1.0380969,0.95523566,0.97317094,0.89389676,0.77516484,0.770143,0.717413,0.60011595,0.56854975,0.69158614,0.82825345,0.92187583,0.87022215,0.8472649,0.87452656,0.8903097,0.97066003,1.0560322,1.135665,1.1130666,1.2813001,0.9846495,0.8892336,0.8860052,0.80780715,0.6826185,0.6467478,0.5940179,0.624508,0.70342344,0.7593818,0.7453922,0.60047466,0.5201244,0.56747365,0.69768417,0.7163369,0.71848917,0.69051003,0.6187687,0.53877705,0.45806804,0.46775314,0.47564468,0.43152374,0.48640588,0.624508,0.5075696,0.57070196,0.5947353,0.5301681,0.5857677,0.60011595,0.47241634,0.7733712,0.6162577,0.68010753,0.5857677,0.65463936,0.5850503,0.49680838,0.3092048,0.385968,0.40210983,0.22060424,0.44013274,0.18724452,0.22598483,0.14276487,0.22060424,0.34399936,0.3791526,0.4917865,0.52442884,0.52442884,0.36085856,0.43188247,0.41538197,0.39421827,0.43403473,0.4706228,0.4860472,0.5029064,0.5212004,0.5570711,0.5323203,0.51581985,0.4641661,0.67723787,0.66970503,0.5427229,0.5857677,0.5409293,0.49071038,0.55886465,0.6173338,0.50577605,0.6166164,0.54559255,0.7697842,0.63562787,0.6826185,0.6718573,0.70952153,0.22383259,0.1933425,0.095415585,0.25647488,0.15209125,0.08501309,0.0799912,0.073534474,0.09326334,0.09182852,0.0857305,0.04555535,0.08286085,0.1280579,0.13594945,0.16392857,0.18222262,0.13523203,0.13989522,0.26902965,-0.20805031,-0.15890749,-0.15029852,-0.16679904,-0.27225882,-0.34364146,-0.30525982,-0.3303693,-0.32498872,-0.29091156,-0.42757887,-0.32714096,-0.2711827,-0.17182094,-0.15316817,-0.06994822,-0.104384065,-0.010044196,-0.009685489,-0.0032287673,0.007891141,0.043761816,-0.026185997,-0.021164104,-0.047708403,-0.07245917,-0.08644873,-0.09182934,-0.29127026,-0.18616919,-0.19872394,-0.1388199,-0.20805031,-0.15029852,-0.16859257,-0.20015877,-0.08357907,-0.24392098,-0.52981025,-0.5003963,-0.482461,-0.36910966,-0.35476136,-0.3924256,-0.31996682,-0.3192494,-0.2069742,-0.20302841,-0.13200448,0.033000614,-0.020805396,-0.003946181,-0.009326782,-0.0071745412,0.0086085545,-0.018653156,0.0430444,-0.062415376,-0.17433187,0.14276487,-0.12447164,-0.119091034,-0.15783137,-0.46524307,-0.527658,-0.6237914,-0.6284546,-0.6607382,-0.6700646,-0.7077288,-0.67329293,-0.631683,-0.5972471,-0.58218145,-0.5990406,-0.5886382,-0.5326799,-0.47564554,-0.49178737,-0.527658,-0.47098234,-0.57428986,-0.53124505,-0.58146405,-0.6001168,-0.67257553,-0.6212805,-0.5663984,-0.5886382,-0.64065063,-0.79202485,-0.7213596,-0.7202835,-0.8447548,-0.7844921,-0.8350697,-0.7780353,-0.7766005,-0.7730134,-0.59473616,-0.50685304,-0.5671158,-0.62343276,-0.64459646,-0.71562034,-0.66898847,-0.6628905,-0.5671158,-0.5437998,-0.65858597,-0.73678404,-0.7536433,-0.7421647,-0.8049383,-0.84367865,-0.82108015,-0.8293304,-0.8235911,-0.9050175,-0.90896326,-1.0111947,-1.0309236,-1.0065315,-0.88887566,-0.79094875,-0.8067319,-0.67903227,-0.7493388,-0.7923836,-0.8174931,-0.89963686,-0.7805463,-0.77839404,-0.6923044,-0.64459646,-0.503266,-0.527658,-0.5090053,-0.5226361,-0.5244297,-0.52729934,-0.54953915,-0.5846924,-0.49071124,-0.5316038,-0.54989785,-0.6176934,-0.74575174,-0.616976,-0.57142025,-0.51904905,-0.5359083,-0.5018312,-0.7235119,-0.70306563,-0.8641249,-0.76404583,-0.876321,-0.8573096,-0.86520106,-0.8537225,-0.8203627,-0.8917454,-0.75471944,-0.6065735,-0.58110535,-0.66827106,-0.5757247,-0.59222525,-0.5430824,-0.4785152,-0.4361878,-0.46057987,-0.5090053,-0.5911491,-0.5427237,-0.66181433,-0.67939097,-0.8006339,-0.87667966,-0.816417,-0.63347656,-0.6011929,-0.4745694,-0.5057769,-0.55097395,-0.7263816,-0.68979347,-0.6750865,-0.63598746,-0.63742226,-0.67114073,-0.70952237,-0.76404583,-0.84403735,-0.7238706,-0.6650427,-0.6298895,-0.664684,-0.6327591,-0.64925957,-1.0111947,-0.9373011,-0.95989966,-0.88636476,-0.9832156,-0.971737,-0.98178077,-0.97460663,-1.1819391,-1.2016679,-1.2314407,-1.2486585,-1.2282122,-1.2027441,-1.1815804,-1.1765585,-1.18445,-1.0954907,-1.1482207,-1.1740476,-1.1675909,-1.2145814,-1.3419223,-1.246865,-1.2967253,-1.3290088,-1.3089212,-1.2569088,-1.300671,-1.3738471,-1.4610128,-1.4613715,-1.5126666,-1.5592985,-1.5144602,-1.4911443,-1.3659557,-1.4032612,-1.333672,-1.2590611,-1.1159371,-1.0187275,-1.0187275,-0.99863994,-0.8913866,-0.84367865,-0.7938185,-0.7948946,-0.7303273,-0.89389765,-1.2859641,-1.1977222,-1.10123,-1.0266191,-0.96671504,-1.0004336,-0.93945336,-0.6654014,-0.67795616,-0.49680924,-0.6327591,-0.5308864,-0.47205848,-0.35225043,-0.26544338,-0.28015038,-0.42183954,-0.16464679,-0.16357067,-0.104384065,-0.07066563,-0.08142684,-0.0043048877,-0.06743727,-0.107253715,0.11370963,0.15244997,0.25468138,0.20446242,0.27727988,0.26651868,0.28481275,0.25898585,0.24356148,0.22275648,0.26580128,0.37197843,0.433676,0.4437198,0.5947353,0.7070105,0.8576674,1.0348685,1.0133461,0.9222346,0.8350689,0.752925,0.6478239,0.87165695,0.9703013,1.0660759,1.2633647,1.3333125,1.3160945,1.4359026,1.3892707,1.3354647,1.2425597,1.3688245,1.1887536,1.1564701,0.7242285,0.6270189,0.1226773,0.061338447,0.0857305,0.09936136,-0.117656216,-0.07066563,-0.17899507,-0.12088458,-0.23782296,-0.23244236,-0.3500982,-0.2388991,-0.3447176,-0.440851,-0.41825247,-0.15280947,-0.26364985,-0.4089261,-0.39565396,-0.45878634,-0.55922425,-0.55994165,-0.49716797,-0.48676547,-0.6320417,-0.71920747,-0.64782476,-0.6650427,-0.63670486,-0.61554116,-0.56030035,-0.62666106,-0.60406256,-0.68154323,-0.6632492,-0.608367,-0.65715116,-0.5832576,-0.34256533,-0.27835685,-0.1807886,-0.04483875,-0.02367505,-0.046990987,-0.08895967,-0.076046236,-0.0634915,-0.05667607,0.049142413,0.13702556,0.3084874,0.24678983,0.21701717,0.019369759,-0.08931838,-0.19513687,-0.18975626,-0.2349533,-0.3235539,-0.2970096,-0.2180941,-0.22598565,0.11873152,-0.02475117,-0.003587474,-0.13092837,-0.36372906,-0.76548064,-0.5635287,-0.813906,-0.81211245,-0.80924284,-0.8705817,-1.0312823,-1.133155,-1.1324376,-1.0703813,-1.311791,-1.3942935,-1.523428,-1.5069274,-1.5944518,-1.5592985,-1.5704184,-1.4229901,-1.333672,-1.396087,-0.98608524,-0.927616,-0.7837746,-0.8325588,-0.97711754,-0.9792698,-1.1385356,-1.0650008,-0.9555952,-0.8268195,-0.93945336,-1.0090425,-0.9699434,-0.87703836,-0.859103,-0.90573496,-0.9003543,-0.87847316,-0.96025836,-0.774807,-0.78915524,-0.91757226,-1.10123,-1.1306441,-1.1715366,-1.1557535,-1.0151404,-1.0309236,-0.8418851,-0.53662574,-0.5014724,-0.46631917,-0.54021275,-0.5793118,-0.43224207,-0.40569776,-0.042686507,0.33180332,0.27405155,1.5219923,1.5155356,1.7429557,1.8552308,1.5424386,1.5420798,1.5697002,1.382814,1.6260172,1.7992725,1.829404,1.9599733,2.3602898,2.23546,2.4244983,2.79289,2.9051654,3.0698118,2.9467754,2.9830048,3.0274844,3.3474507,3.6344163,3.8309877,3.699342,3.40592,3.3722017,3.4267251,3.3937242,3.2696114,3.4371276,3.4285185,3.3474507,3.273916,3.3589296,3.154108,2.9934075,3.1634345,2.7595305,2.9589713,3.2158055,2.8538704,2.7989883,2.9184375,2.9456992,2.7415953,2.8043687,3.1670215,3.2584915,3.3105042,3.4170399,3.3496032,3.4457364,2018-04-17
TEL_CGNX,0.6437973,0.48481777,0.44778642,0.39309064,0.5910169,0.71147525,0.62357897,0.5084412,0.55568814,0.69721603,0.8002228,0.64826655,0.69764173,0.73595,0.7614889,0.7929868,0.8176744,0.78000456,0.7619145,0.7316935,0.53802377,0.70019555,0.5499419,0.45885321,0.49439484,0.505036,0.49184096,0.29519162,0.35946447,0.36584917,0.3626568,0.51674134,0.5584549,0.5043975,0.35265407,0.5795244,0.5078027,0.5656909,0.46417382,0.56249845,0.6765721,0.45417112,0.15877149,0.058318585,-0.2134576,-0.22920656,-0.17323387,-0.20664723,-0.3228491,-0.38073722,-0.6135666,-0.61654615,-0.5380141,-0.4482024,-0.3513675,-0.3486008,-0.430538,-0.48353118,-0.44266897,-0.42628154,-0.55823237,-0.6133538,-0.72678894,-0.789572,-0.6480441,-0.6938012,-0.70146286,-0.6301669,-0.5982433,0.21006204,0.3022148,0.14898157,0.19665414,0.5271697,0.33967182,0.32732803,0.19942085,0.33179736,0.33392558,0.2913608,0.30753544,0.08087792,-0.2545326,-0.638467,-0.6874165,-0.40159395,-0.28156126,-0.09278641,-0.089381225,-0.24346578,-0.08704016,-0.0846991,-0.19749579,0.0451235,-0.10087372,-0.022767337,0.07513168,0.06065965,0.17217939,0.32094333,0.24986014,0.033418182,0.17388198,-0.13386144,-0.12449718,-0.114707276,-0.12917931,-0.38733476,-0.2366554,0.11322716,0.0344823,0.051082566,0.30647132,0.31796378,0.37351084,0.38670594,0.3743621,0.3969215,0.33286145,0.42054492,0.6237918,0.69977,0.7023238,0.7908586,0.32839215,0.6738054,0.6797645,0.6887031,0.5120592,0.53695965,0.69700325,0.7055162,0.8838627,1.2439607,1.2563046,1.3329213,1.2684356,1.099879,1.023688,1.1930959,1.0243266,0.991126,1.0690194,1.0292214,1.1779853,1.2656689,1.36825,1.3388803,1.3639935,1.233958,1.3352623,1.3020618,1.4518898,1.3431368,1.1401027,1.151808,1.1441463,0.9553715,0.84321326,0.8134179,0.6721028,0.6680592,0.78085583,0.9430278,0.82448477,0.7438245,0.9123812,1.0134724,1.1464875,1.1345693,1.143508,1.24013,1.1996934,1.0983891,0.91770166,0.94004816,0.81128967,0.3635081,0.3117919,0.23687787,0.21708524,0.032992534,0.05895706,-0.38371673,-0.3583907,-0.18600331,0.015753796,0.05363646,-0.2223962,-0.10598149,-0.24325295,-0.272197,-0.17834164,-0.12577413,-0.5226908,-0.73594034,-0.5616375,-0.6872037,-0.9100303,-0.9911162,-0.8321368,-0.88002217,-0.7772282,-0.67571115,-0.58738923,-0.5026853,-0.45565125,-0.35775223,-0.528437,-0.50587773,-0.4509691,-0.42947388,-0.54567575,-0.28134844,-0.27368677,-0.098532654,-0.22814246,-0.11747399,-0.2892229,-0.2811356,-0.3913784,-0.21111652,-0.26006603,-0.27687913,-0.22367314,-0.03425983,0.10599115,0.044272203,0.09449866,0.02405393,0.17707434,0.17175373,0.101309024,0.13174285,0.2381548,0.24475235,0.18090518,0.19026943,0.2922121,0.21219029,0.28178373,0.3881957,0.4914153,0.4914153,0.51780546,0.577609,0.63124067,0.6859364,0.25518072,0.21836218,0.21474417,0.03235406,0.13599932,0.2194263,0.10428856,0.052572336,0.1374891,-0.3486008,-0.35413423,-0.3354057,-0.38669628,-0.42904824,-0.39265534,-0.4384125,-0.47459257,-0.6020741,-0.5235421,-0.506729,-0.5069418,-0.585261,-0.62910277,-0.64080805,-0.5043879,-0.4705489,-0.49928012,-0.449905,-0.3869091,-0.49544933,-0.4058504,-0.43798688,-0.3317877,-0.12705107,-0.0757605,-0.09214794,-0.19855992,-0.3309364,-0.22069359,-0.2953948,-0.24729659,-0.19366497,-0.08704016,-0.025321225,0.028523233,0.19856957,-0.7233837,-1.0366606,-1.0805023,-1.0234655,-0.94450784,-0.999842,-1.1549907,-1.1862757,-1.0341067,-0.8353291,-0.76467156,-0.6269745,-0.62931556,-0.51864713,-0.40691453,-0.4794875,-0.50460076,-0.10278914,-0.1308819,-0.20239075,-0.18281095,-0.19004697,-0.29305375,-0.41819423,-0.5099213,-0.55163485,-1.2384176,-1.1592472,-1.2116017,-1.1024231,-1.0556018,-1.0092063,-0.99877787,-0.9449334,-0.95302075,-0.74828416,-0.8136211,-0.656557,-0.59781766,-0.40989408,-0.37605506,-0.34434432,-0.2828382,-0.24325295,-0.22303466,-0.25070179,-0.23367588,-0.19004697,-0.31199506,-0.23431432,-0.35009056,-0.28049713,-0.33136207,-0.54695266,-0.46756938,-0.5682351,-0.63101816,-0.5299268,-0.5705762,-0.449905,-0.32050803,-0.27815607,-0.19260085,-0.23708104,-0.3149746,-0.20302922,-0.3047591,-0.47437975,-0.28709468,-0.39244252,-0.2998641,-0.16812609,-0.13194603,-0.29305375,-0.3790346,-0.48416966,-0.63335925,-0.77956927,-0.80766207,-0.8495884,-0.8278803,-0.7691409,-0.76573575,-0.79510546,-0.72551197,-0.8259649,-0.61846155,-0.57419413,-0.56078625,-0.4731028,-0.39052713,-0.31178227,-0.41819423,-0.45182037,-0.38584498,-0.26623794,-0.17663905,0.084283106,-0.012126139,-0.18813154,-0.19174956,-0.295182,-0.25070179,-0.33306465,-0.36541387,-0.37137297,-0.2917768,-0.15940031,-0.15961313,-0.27666628,-0.15173864,-0.25197873,-0.023405809,0.3217946,0.15919714,0.41650128,0.06981108,0.17707434,0.115781054,0.22581102,0.056615997,0.025756521,-0.13684097,-0.023192983,0.10386291,0.03810031,0.0070280153,0.07023673,0.006602367,-0.02872641,-0.040006075,-0.15344125,-0.18642895,-0.34838796,-0.4064889,-0.31199506,-0.5609991,-0.6463415,-0.45224604,-0.3043334,-0.30816424,-0.2624071,-0.34902644,-0.26453534,-0.1130047,0.0019202403,0.14578922,0.65741795,0.60783,0.58527064,0.5265312,0.50333345,0.52397734,0.5009924,0.53525704,0.62804824,0.6529487,0.43225023,0.46608925,0.4550224,0.5137618,0.53653395,0.54653674,0.43778366,-0.052562688,0.0202231,-0.023831457,-0.15365407,-0.26879182,-0.17855446,-0.15386689,-0.03745219,-0.1557823,-0.23239893,-0.50651616,-0.4631001,-0.3958477,-0.41649163,-0.3852065,-0.28134844,-0.32072085,-0.029790528,-0.13301015,-0.15940031,-0.2411247,-0.45394862,-0.37307554,-0.4435203,-0.4794875,-0.48587224,-0.48565942,-0.60718185,-0.65932375,-0.72274524,-0.86427313,-0.9287588,-0.99813944,-1.0981666,-1.047089,-0.90854055,-0.88108623,-0.927269,-0.89577115,-0.8372446,-0.7523278,-0.7755256,-0.7161477,-0.7923387,-0.64421326,-0.649321,-0.3709473,-0.39989135,-0.291564,-0.44501007,-1.0262321,-1.010696,-0.88938636,-1.0415555,-0.8981121,-0.91896886,-0.90449685,-0.8876838,-1.1007205,-1.071138,-1.0621995,-1.2920493,-1.3095008,-1.2633181,-1.2648078,-1.1781884,-0.88853514,-0.6772009,-0.76339465,-0.5099213,-0.43351755,-0.38478085,-0.4935339,-0.4384125,-0.6712419,-0.5152419,-0.5758968,-0.48182857,-0.3958477,-0.35009056,-0.3883989,-0.29007423,-0.43585864,-0.44415873,-0.3852065,-0.44905367,-0.36541387,-0.4671437,-0.5039623,-0.4437331,-0.3192311,-0.124710016,0.07321627,-0.03958043,0.0029843603,-0.07682461,-0.18557765,-0.15301558,-0.09768136,0.13365826,0.20282604,0.24539082,0.29029667,0.36137986,0.50950533,0.392665,0.16047408,-0.15705924,0.122591406,-0.39733747,-0.3805244,-0.107896924,-0.4213866,-1.3578119,-0.90428406,-1.071138,-0.8502268,-1.0128242,-0.99941635,-0.8876838,-1.1181722,-1.282685,-1.2743849,-1.4310234,-1.3203548,-1.4733752,-1.4746522,-1.2965186,-1.3182266,-1.2430998,-1.4331516,-1.3446168,-1.7053533,-1.5902157,-1.7025867,-1.6323547,-1.5538228,-1.600644,-1.5761693,-1.7000327,-1.677899,-1.5216863,-1.4861447,-1.373348,-1.4925294,-1.3765403,-1.4882729,-1.474865,-1.4097409,-1.4844421,-1.4563494,-1.4254899,-1.136475,-1.140093,-1.1254082,-1.0643276,-1.0945487,-1.0702866,-0.9955855,-0.9081149,-0.9279075,-0.9430181,-0.97919804,-0.9289716,-0.90662515,-0.80127734,-0.85129094,-1.0017574,-1.1420084,-0.96940815,-0.99579835,-1.0928462,-0.90151733,-0.93982565,-1.0468761,-1.0511326,-0.89577115,-0.56610686,-0.53673714,-0.7961695,-1.0121858,-1.1009333,-1.1683985,-1.0277219,-1.0962512,-1.1396674,-1.2648078,-1.1941503,-1.3848405,-0.95812845,-1.1894681,-1.1386032,-1.3667505,-1.430172,-1.383138,-1.3814354,-1.2522511,-0.8866196,-1.072415,-1.2039402,-0.40882996,-0.39882722,-0.3085899,-0.18834436,-0.19834709,-0.013615908,0.12301706,0.1704768,0.50524884,0.6299637,0.45991737,0.32817936,0.44927618,0.33839488,0.23198292,0.4256527,0.35329255,0.31306884,0.36755177,0.3873444,0.32498696,0.10577833,0.41330892,0.22666232,0.0398029,0.097052544,0.23836763,0.27497336,0.3439283,0.27582464,0.17898975,0.19920802,0.3137073,0.10152185,0.8044793,0.8381055,1.2754588,1.4244355,1.4182637,1.6417288,1.7679334,1.7662307,1.8330574,1.6953604,1.9464926,1.6355568,1.6349185,2.1065361,2.0778048,1.7975159,2.0011883,2.630296,2.601139,2.5253737,2.7782085,3.077652,3.5562928,3.6018372,3.3189943,2.8314145,3.0855265,3.20939,3.1806586,2.9365497,3.1053188,3.450094,3.3128223,3.4145522,3.2970734,3.4745686,3.3175044,3.248975,3.2015154,3.2917528,2.736708,2.231464,2.4391801,2.3282988,2.4553547,2.961663,2.8867488,2.9597473,2.9478292,3.0101867,2.610929,2.6128445,3.0638182,3.008697,3.008697,3.10766,3.09106,3.2134335,2018-04-17
CSCO_CNXN,-0.9627249,-0.77716285,-0.66410327,-0.4729854,-0.52854294,-0.5132646,-0.44492885,-0.5752113,-0.6085458,-0.54132116,-0.5610441,-0.52048707,-0.56604433,-0.6188239,-0.7663291,-0.7463284,-0.59548974,-0.6685479,-0.5460435,-0.44854012,-0.5571551,-0.5596552,-0.6466027,-0.57021105,-0.6643811,-0.58882284,-0.7152162,-0.63215774,-0.72077197,-0.6652144,-0.5966009,-0.5824337,-0.57993364,-0.5752113,-0.4702075,-0.7113272,-0.5590996,-0.7113272,-1.1732879,-0.8429985,-0.8554989,-0.8221644,-0.8332759,-0.6791038,-0.9407797,-0.91911227,-0.9249458,-0.74855065,-0.763829,-0.67021465,-0.63132435,-0.72493875,-0.7107716,-0.71216047,-0.6427136,-0.5490992,-0.49493062,-0.553266,-0.50993115,-0.35853693,-0.3018683,-0.24964423,-0.041025776,-0.033803303,-0.075749226,0.22481692,0.118424274,0.1603702,0.26176265,0.2803744,0.17953755,0.29481938,0.28093,0.4684366,0.42454618,0.38982272,0.57816267,0.4817704,0.4442691,0.45371386,0.37121096,0.25759584,0.15092541,0.07370047,0.17342621,0.28009665,0.19259356,-0.00102437,-0.04963719,-0.13158453,0.0050869565,0.13759162,0.030643411,0.09731242,0.12509118,0.22870594,0.15925905,0.07925623,0.091478884,0.16342586,-0.04963719,0.015087309,-0.12463983,-0.14019594,-0.13408461,-0.043248076,0.31593123,0.35843274,0.28926364,0.14564745,0.32426488,0.31593123,0.28065223,0.36315513,0.4081567,0.29565275,0.38315582,0.33843204,0.526772,0.6645546,0.5470505,0.7337237,0.6462206,0.5898297,0.76372474,0.76316917,0.7395572,0.86122817,0.9848437,0.7431685,0.9545648,-0.031581003,0.102034815,0.02036527,0.07453384,0.09064552,0.06481128,0.06314456,0.11314631,0.16092578,0.2162055,-0.19603123,-0.12852886,-0.08436064,-0.077971525,-0.07824931,0.07731172,0.09286782,-0.0026910952,-0.03963684,0.0050869565,-0.09269426,-0.086860724,-0.23297697,-0.30547953,-0.16519682,-0.057415243,-0.1743638,-0.33520278,-0.43548408,-0.38909358,-0.29297906,-0.27186722,-0.18297522,-0.30659065,-0.34659207,-0.13380682,-0.1943645,-0.17491938,-0.1524186,-0.28881225,-0.21047619,-0.19964246,-0.34936994,-0.3282581,-0.2168653,-0.112694964,-0.06713781,-0.11713957,-0.061859846,-0.011024721,-0.065193295,-0.04408144,-0.26270023,-0.21992096,-0.40937206,-0.4371508,-0.43992868,-0.43215063,-0.35603684,-0.3282581,-0.45298472,-1.0388387,-1.2019,-1.226623,-1.1271752,-1.020227,-1.1463424,-1.1693989,-1.2377346,-1.214956,-0.82466453,-0.8707772,-0.68327063,-0.6143793,-0.7388282,-0.72493875,-0.9249458,-1.0635618,-1.0574504,-0.9935593,-1.1255084,-1.2174561,-1.063284,-1.0107821,-1.0688398,-0.9946705,-0.90633404,-0.848832,-0.89855593,-0.7241054,-0.75632876,-0.67354804,-0.68465954,-0.63826907,-0.47159645,-0.5074311,-0.5065977,-0.4660407,-0.47798556,-0.39853832,-0.58021146,-0.76660687,-0.8824443,-1.0399498,-0.81855315,-0.60910136,-0.71243834,-0.62910205,-0.60882354,-0.57882255,-0.55771065,-0.54104334,-0.6218796,-0.62937987,-0.68632627,-0.8888334,-0.8338315,-0.78077406,-0.83216476,-0.82299775,-0.8560545,-0.8760552,-0.7579955,-0.7877187,-0.53604317,-0.53215414,-0.76077336,-0.76355124,-0.6596587,-0.69604886,-0.6279909,-0.42826164,-0.40520525,-0.5185426,-0.5804892,-0.47715223,-0.40242738,-0.37520418,-0.117695145,-0.13741806,-0.086860724,-0.010191359,0.17648187,-0.010746934,0.040088188,0.07147818,-0.10880594,-0.21408744,-0.19575344,-0.16936363,-0.36353713,-0.3504811,-0.29103455,-0.27408955,-0.25908902,-0.24186619,-0.2965903,-0.16325231,-0.24464405,-0.28825668,-0.24769972,-0.26575592,-0.41770568,-0.51965374,-0.32242456,-0.33353606,-0.30492395,-0.27131167,-0.18686424,-0.2124207,-0.09269426,-0.19853131,-0.21269847,-0.3974272,-0.4713187,-0.52104264,-0.49048603,-0.4799301,-0.49270836,-0.46826303,-0.26242247,-0.20019805,-0.19742018,-0.28297874,-0.25992236,-0.35770357,-0.42715046,-0.44548443,-0.51020896,-0.24853308,-0.22631007,-0.18853098,-0.2168653,-0.30992413,-0.26714486,-0.28658995,-0.44270656,-0.486597,-0.4465956,-0.47715223,-0.5304874,-0.57187784,-0.50409764,-0.77632946,-0.5560439,-0.53659874,-0.40687197,-0.3196467,-0.39603826,-0.39048252,-0.31825775,-0.36103702,-0.35881475,-0.0043578204,-0.09436099,0.17675966,-0.017413836,-0.024636313,0.054533143,0.047588453,0.10925729,-0.2438107,-0.16714133,-0.16464125,-0.14880736,-0.299646,-0.19297557,-0.15964106,-0.20158699,-0.321869,-0.3643705,-0.36992624,-0.24242176,-0.3282581,-0.29381242,-0.3082574,-0.27603406,-0.29353467,-0.29575697,-0.6518806,-0.6138238,-0.51659805,-0.47687444,-0.36048144,-0.34492534,-0.37187073,-0.33603615,-0.29547918,-0.14491832,0.030921198,0.05925553,0.54982835,0.49871543,0.5353834,0.5587175,0.4859372,0.31843135,0.31565347,0.473159,0.2759298,-0.009635784,-0.38492677,-0.24853308,-0.2793675,-0.2924235,-0.6660478,-0.6599364,-0.79188555,-0.9252236,-0.95300233,-0.80827504,-0.9066118,-1.1243973,-0.8866111,-0.9938371,-0.9816144,-1.2044001,-1.2699579,-1.5130221,-1.4919101,-1.6005251,-1.4985771,-1.506355,-1.3549609,-1.3160707,-1.3069036,-1.396629,-1.4174632,-1.5835801,-1.3094038,-1.3174596,-1.2602354,-1.1849549,-1.3024591,-1.3127372,-1.1396756,-1.2513462,-1.2905142,-1.1332865,-1.10523,-1.0543948,-1.1143969,-1.0413388,-1.1546761,-0.99578166,-1.1699544,-0.9749476,-1.0099487,-0.91161203,-0.9177233,-0.9516134,-1.0768956,-1.0107821,-0.8546655,-0.86911047,-1.0652285,-0.98800355,-0.8882778,-0.75382864,-0.563822,-0.54187673,-0.5004864,-0.50104195,-0.58521163,-0.6296576,-0.5138202,-0.35131446,-0.3879824,-0.22992133,-0.14380717,-0.017691625,0.07342269,0.0909233,0.1134241,0.024254296,0.07592278,0.060644466,0.03925483,0.038421463,-0.13241789,-0.054915152,-0.12602878,-0.277423,-0.38659346,-0.3621482,-0.51965374,-0.70132685,-0.5679888,-0.48048568,-0.3999273,-0.5835449,-0.52770954,-0.48354134,-0.42965057,-0.55243266,-0.70271575,-0.97550315,-0.84383184,-0.7704959,-0.89577806,-0.8938336,-1.0543948,-0.72521657,-0.72271645,-0.69077086,-0.71299386,-0.72854996,-0.16908585,-0.39853832,-0.5596552,-0.6471582,-0.81160843,-0.92855704,-0.8291091,-0.7213275,-0.49604177,-0.69299316,-0.5907674,-0.3949271,-0.56909996,-0.45242912,-0.5238205,-0.69243765,-0.6018789,-0.563822,-0.4754855,-0.3488144,-0.3040906,-0.054359578,-0.53076524,-0.4360397,-0.27797857,-0.11658399,-0.30992413,-0.35603684,-0.31770217,-0.20242034,-0.21492079,-0.38603792,-0.31547987,-0.2879789,-0.19880912,-0.24714415,-0.35548127,-0.38659346,-0.46326286,-0.23881052,-0.2785341,-0.2526999,-0.22047655,-0.13102895,-0.15047407,-0.0026910952,-0.16436346,-0.30464616,-0.26492256,-0.3124242,-0.29770148,-0.5496548,-0.59548974,-0.44381773,-0.47270763,-0.43437293,-0.4668741,-0.299646,-0.32103562,-0.3638149,-0.33881402,-0.29909042,-0.22714345,-0.19630903,-0.10547249,-0.12019523,-0.15352973,-0.3124242,-0.34992552,-0.593823,-0.3818711,-0.13769585,-0.073804714,-0.12825108,0.033699073,0.028143324,0.14231402,-0.26214468,-0.3324249,-0.23853274,-0.14741842,-0.029914277,0.0353658,0.35871053,0.5287165,0.3148201,0.12592454,-0.009080209,0.27315193,0.23537284,0.2117609,0.32204258,0.32954282,0.09592348,0.2812078,0.20453842,0.23370612,0.065644644,0.08564534,0.039532617,0.057588805,0.096756846,0.07342269,0.010087132,-0.00102437,0.07814508,0.08731207,0.008975983,0.1067572,0.17425957,0.14314736,0.2159277,-0.021302862,-0.27603406,-0.25408885,-0.3446476,-0.44715118,-0.4038163,-0.3546479,-0.357148,-0.29381242,-0.3435364,-0.33686954,-0.39909393,-0.5635442,-0.54854363,-0.60604566,-0.62354624,-0.277423,-0.13630691,-0.121861964,0.07814508,0.24898443,0.3439878,0.22287239,0.36315513,0.26870733,0.24481761,0.44954705,0.39426735,0.49038184,0.44149122,0.4598252,0.5826072,0.50232667,0.5864963,0.5473283,0.52399415,0.6595544,0.85650575,0.85595024,0.9723432,0.9559537,0.91234106,1.0220672,0.88650686,0.99345505,0.7992816,0.86956185,1.0606797,1.0359566,1.0226227,1.1359601,1.1434604,1.3745795,1.472083,1.4748609,1.4429152,1.4651383,1.3318003,1.3418006,1.3181887,1.5070843,1.4543047,1.4143032,1.4431932,1.4590269,1.4045807,1.3918024,1.5068064,1.6168103,1.5956985,1.719314,1.6023654,1.5937539,1.6851461,1.6482004,1.8204286,1.9043205,1.9568223,2.136551,1.8323735,1.9457109,2.1490512,2.2251654,2.129884,2.3223908,2.4723961,2.402116,2.2507217,1.9434885,2.0440476,1.9520999,2.2735002,2.4446175,2.141551,2.3068347,2.7049043,2.242388,2.6535137,3.17881,3.1418643,3.4663198,3.1535313,3.1554759,3.1451974,3.364094,3.3246484,3.49771,3.1471422,3.1060295,3.2835357,3.2104776,3.031027,2.9349122,3.076584,3.1174188,3.110474,3.1976993,3.2465901,3.0499165,2.8901887,2.9888031,2.9574132,2.8257418,2.999637,3.2668686,2.9307456,2.7465725,2.9807472,2.367948,2.1665518,2.2262764,2.2679443,2.1307173,2.3018346,2.3290577,2.400449,2.6157346,2.5849001,2.509342,2.7918518,2018-04-17
FLEX_CSCO,-0.16433056,-0.37402084,-0.25342974,-0.7135194,-0.5307125,-0.43470043,-0.45620713,-0.5414658,-0.44775808,-0.5076696,-0.43085995,-0.41549805,-0.43162805,-0.023000851,-0.16433056,-0.20350346,-0.25342974,-0.20657586,-0.3402246,-0.28568977,-0.2833855,-0.33177555,-0.35481843,-0.38554227,-0.423179,-0.35328224,-0.31103694,-0.22424208,-0.16663484,-0.16509865,-0.16049008,-0.22424208,-0.279545,-0.22424208,-0.20427157,-0.2787769,-0.33715224,-0.423179,-0.36864415,-0.27186406,-0.2787769,-0.33868843,-0.33484793,-0.303356,-0.28799406,-0.45620713,-0.4876991,-0.48001814,-0.6175074,-0.5837111,-0.7273451,-0.6966213,-0.6328693,-1.0468732,-1.0330474,-1.1559428,-1.1459576,-1.14903,-1.1866666,-0.9623826,-0.9570059,-1.0169173,-1.24581,-1.2796063,-1.1797538,-1.0998719,-1.022294,-1.053786,-1.1267551,-1.0176855,-0.83795094,-0.9954107,-0.9447164,-0.9162968,-0.89018154,-0.79032904,-1.0706842,-1.1229147,-1.0522498,-0.93780345,-0.89709437,-0.83564675,-0.82489336,-0.7565328,-0.7150556,-0.7242727,-0.654376,-0.6105945,-0.6413183,-0.6789551,-0.7165918,-0.64899933,-0.6966213,-0.74347514,-0.43009186,-0.50075674,-0.4385409,-0.35558653,-0.32639888,-0.2388359,-0.16509865,-0.2588064,-0.343297,-0.4646562,-0.56066823,-0.6152031,-0.75730085,-0.75499654,-0.69738936,-0.7350261,-0.6451588,-0.5069015,-0.64362264,-0.7803438,-0.9086158,-1.0330474,-0.83334243,-0.84179145,-0.85254484,-0.7757352,-0.6889403,-0.8586896,-0.9278182,-0.55221915,-0.7204323,-1.0660756,-0.9908021,-1.0161493,-1.1544067,-1.0906546,-1.0399603,-0.9692954,-0.7995462,-0.60291356,-0.6098264,-0.582943,-0.582943,-0.5890878,-0.64208645,-0.6451588,-0.84870434,-0.39399135,-0.50075674,-0.6858679,-0.6912446,-0.6996937,-0.68202746,-0.63517356,-0.5844792,-0.630565,-0.6152031,-0.57295775,-0.51304626,-0.68509984,-0.55221915,-0.58140683,-0.73886657,-0.77957565,-0.7542285,-0.76574993,-0.5168867,-0.6528398,-0.6052178,-0.7304175,-0.58140683,-0.5983049,-0.64592695,-0.6052178,-0.58140683,-0.4815543,-0.54607445,-0.63670975,-0.62826073,-0.5721897,-0.47694573,-0.41088948,-0.46696046,-0.37555704,-0.6720422,-0.95086116,-0.95546967,-0.94702065,-0.9669911,-0.9424121,-1.0891185,-0.90323913,-0.90323913,-0.7296494,-0.7895609,-0.63517356,-0.69508505,-0.63978213,-0.12899813,-0.089057125,-0.12746194,-0.2595745,-0.26955977,-0.16202627,-0.35097796,-0.18046057,-0.06447805,-0.8018505,-0.8003143,-0.758069,-0.8848048,-0.93780345,-0.92320967,-0.86253005,-0.8018505,-0.7726628,-0.7857204,-0.6996937,-0.599073,-0.63670975,-0.6259564,-0.44852617,-0.46388808,-0.5422339,-0.66128886,-0.76037323,-0.7703585,-0.71889603,-0.6221159,-0.59139204,-0.5237996,-0.54069775,-0.5376253,-0.5483787,-0.38323802,-0.31564555,-0.4661924,-0.4239471,-0.4861629,-0.49614817,-0.40397662,-0.35097796,-0.44161332,-0.37709323,-0.43700475,-0.43085995,-0.43546852,-0.30873266,-0.24344449,-0.23499542,-0.19275013,-0.175852,-0.25419784,-0.28953025,-0.36249942,-0.30796456,-0.2611107,-0.3655718,-0.25112543,-0.26802358,-0.1336067,-0.10441905,0.2266304,0.27578858,0.27425238,0.24429663,0.18899372,0.18131275,0.013867767,0.065330215,0.1536613,0.12754601,0.30958483,0.2266304,0.39561158,-0.07753569,-0.0952019,-0.010711312,-0.16740294,-0.44238138,-0.3809337,-0.3041241,-0.37402084,-0.14282386,-0.14743245,-0.20119919,-0.18199678,-0.14359197,-0.059101377,-0.04373945,-0.08598475,-0.1766201,-0.06217376,0.077619754,0.080692135,-0.081376165,0.11141599,0.13061841,0.21587707,0.13983555,-0.032218006,-0.39859992,-0.43239617,-0.55759585,-0.75960517,-0.81029946,-0.8318062,-0.89171773,-0.8571534,-0.46849668,-0.38477418,-0.39015087,-0.486931,-0.29874742,-0.37171656,-0.41857043,-0.3801656,-0.35712272,-0.42625138,-0.57679826,-0.63440543,-0.7235046,-0.7688224,-0.79032904,-0.77112657,-0.9608464,-1.0484093,-0.94164395,-1.0261345,-0.95086116,-0.9124563,-0.8886453,-0.7849523,-0.8003143,-0.7427071,-0.77880764,-0.76267755,-0.7957057,-0.694317,-0.6059859,-0.6874041,-0.82335716,-0.7895609,-0.7872566,-0.81413996,-0.7887928,-0.62288404,-0.630565,-0.6966213,-0.74040276,-0.79032904,-0.8126038,-0.7688224,-0.9308906,-1.0914228,-0.9431802,-0.7473156,-0.81029946,-0.6881722,-0.6244202,-0.6013773,-0.44161332,-0.4085852,-0.34176078,-0.23269114,-0.29644313,-0.37325275,-0.5069015,-0.4285557,-0.47848195,-0.39322326,-0.14896864,-0.059869476,-0.06370995,-0.11747669,-0.07676759,0.099894546,0.0015782281,0.058417346,0.123705536,0.1536613,0.2266304,0.13599508,0.09374978,0.022316827,-0.12285335,-0.06217376,0.12677793,0.5254199,0.26349905,0.2527457,0.1536613,0.05457687,-0.029913718,-0.026073238,-0.052956607,-0.09750619,-0.06831853,-0.15127292,-0.16663484,-0.25342974,-0.0952019,0.34722152,0.30420813,0.40098828,0.6252724,0.8219051,0.7197482,0.7128353,0.81345594,0.58302706,0.53540516,0.87797606,0.91868514,1.0507977,0.90485936,1.0047119,0.90409136,0.8848889,0.74816775,0.59838897,0.68979245,0.5561437,0.5046813,0.61759144,0.7335739,0.66751766,0.6598367,0.6014614,0.47242123,0.4985365,0.55383945,0.47165313,0.6836477,0.4762617,0.5100579,0.4532188,0.60914236,0.5837952,0.5730418,0.7489359,0.7074587,0.83035403,0.6997777,0.6836477,0.6367938,0.765834,0.8956423,1.0031757,1.4701782,1.5055107,1.3027333,1.2382132,0.98858184,1.0108566,0.9954948,0.8833527,0.87720793,1.0676959,1.2942841,1.2343727,1.2397493,1.2712413,0.9678433,0.89794654,1.03774,1.0262185,1.0070162,0.9286704,0.933279,0.79118115,0.86722267,0.7366463,0.7681383,0.6183595,0.79118115,0.765834,0.83419454,0.89487416,0.9225256,1.0415804,1.0715363,1.0561744,1.0100887,0.925598,0.7973259,0.9071637,0.97706044,0.93020654,0.9540176,0.9424961,0.9901181,1.1667802,1.1544907,1.132984,1.109173,1.0231463,1.0262185,0.98858184,0.8733674,0.8664546,0.8180646,0.84955645,0.837267,0.78657264,0.8257455,0.7435592,0.7435592,0.69132864,0.76737016,0.62911284,0.47318932,-0.06217376,-0.015319889,-0.08982523,-0.2204016,-0.33561602,-0.39783183,-0.26725546,-0.099810466,0.023853019,0.69670534,0.58302706,0.5131303,0.81960076,0.60376567,1.32424,1.6975348,1.8142854,1.682941,1.9648324,2.0954087,1.94563,2.1100025,2.1645374,2.3396633,2.2920413,2.2282894,2.2643898,2.1407263,2.209855,2.272839,1.8434732,1.6875496,1.6875496,1.6721877,1.5492922,1.6890857,1.6360872,1.8089088,1.7589825,1.8273431,1.7075201,1.475555,1.5047426,1.500902,1.5124235,1.4471353,1.3780067,1.4417586,1.532394,1.6168847,1.6545215,1.7075201,1.619189,1.7597505,1.7405483,1.7059839,1.6959985,1.6115081,1.5654223,1.818894,1.7059839,1.8089088,1.9241233,1.3257761,1.1183901,1.2827628,1.2259237,1.0523338,1.0323634,1.1045644,1.0446529,1.0369719,1.0868982,0.8802804,0.87413555,0.7650659,0.89103365,1.116854,1.1206944,1.0231463,0.9663071,1.02161,1.0815215,0.91484463,0.99472666,1.0953473,1.1383606,1.0799854,1.2558794,1.3749343,1.1698526,1.1667802,1.3411381,1.3833834,1.4586568,1.3411381,1.3219357,1.32424,1.3349934,1.4463673,1.3157909,1.284299,0.98858184,0.8096155,0.9248299,0.9839733,1.0500296,0.8334265,0.9286704,0.9279022,1.0515658,1.0085523,1.0845939,1.0193057,1.2159383,1.3157909,1.4832358,1.5201045,1.5615817,1.5346984,1.5999866,1.5684947,1.4540483,1.4263967,1.3411381,1.3234719,1.1160859,1.5531328,1.5938419,1.5047426,1.5208726,1.6345509,1.7566782,1.9064571,1.7489972,1.8135175,1.9279637,1.9932519,1.9318043,1.8780373,1.8542265,1.3910643,1.5024383,1.4141072,1.5554371,1.484004,1.7021434,1.2359089,0.9424961,0.61375093,0.64140236,0.49392793,0.47779787,0.64524287,0.3295553,0.36488774,0.35951108,0.4186545,0.4962322,0.20281944,0.25428188,0.2719481,0.16595083,0.6360257,0.46781266,0.31188908,0.14290795,-0.041435163,0.016172055,0.21203658,0.24429663,0.23738375,0.2696438,0.3149615,0.14674842,0.05227258,0.20742802,0.09451787,0.120633155,0.1505889,0.1720956,0.26810762,0.36719203,0.36719203,0.11141599,-0.29797933,-0.43700475,-0.45467097,-0.26648736,-0.74040276,-1.0015554,-0.9439482,-0.8909496,-0.9132244,-0.7703585,-1.0169173,-1.0445689,-1.0123088,-1.2435057,-1.3840674,-1.6751758,-1.8456932,-1.9570671,-2.0277321,-1.884098,-1.7181891,-1.692842,-1.8218821,-2.0953243,-2.1314251,-1.9839505,-1.8095926,-1.6152642,-1.8787214,-1.6628863,-1.4393703,-1.4247766,-1.5461357,-1.6160325,-1.5753233,-1.9294157,-2.1106863,-1.8856341,-1.9847187,-2.0507748,-1.9470819,-1.9355605,-2.2812037,-2.5984273,-2.3710709,-2.292725,-2.6952076,-2.3157682,-2.1183672,-2.1652212,-2.3987224,-2.33113,-2.4455764,-2.5915146,-2.5561821,-2.6537304,-2.4363592,-2.419461,-2.7074971,2018-04-17
NATI_EXTR,1.5851159,1.5385475,0.6107969,0.4570761,0.35082784,0.4064386,0.5262505,0.32912606,0.48782027,0.6008503,0.44125187,0.5384577,0.6094406,0.8761915,0.825102,0.9643548,0.9756579,1.0177051,0.9905779,0.9969075,1.0299124,1.0005245,1.0262953,0.866697,0.89201576,0.9426531,1.1524369,1.2188985,1.3111311,1.3124875,1.2989237,1.3418752,1.2776742,1.1189799,1.137517,1.0760286,1.1280223,1.2821953,1.1610272,1.2745093,1.3115832,1.2668233,1.1583145,0.98515236,0.8106341,0.7152367,0.82781464,0.8761915,0.8825212,0.78848016,0.6252648,0.60491943,0.641089,0.68042344,0.6157703,0.49414998,0.629786,0.43899128,0.4014653,0.3417854,0.30335522,0.2830098,0.31963155,0.31149337,0.4055344,0.3078764,0.3481151,0.81967646,0.81199044,0.81651163,0.7165931,0.69896036,0.63566357,0.7848632,0.633403,0.6632429,0.6618865,0.5786964,0.6885616,0.59678125,0.4308531,0.39061442,0.39830044,0.098996885,0.108491406,0.41141194,0.48691604,0.62797755,0.44622517,0.12657622,0.06418363,0.118890174,0.0040516485,0.18354335,0.03750854,-0.17317946,-0.1718231,-0.46886602,-0.2857574,-0.03889977,-0.07280879,-0.26948106,-0.30474645,-0.40376076,-0.68000615,-0.5303544,-0.55024767,-0.5561252,-0.59681606,-0.37798992,-0.4521376,-0.36126146,0.024397058,-0.008607716,-0.0067992355,-0.031665847,-0.1763443,-0.12435049,-0.1736316,-0.29163495,-0.27445439,-0.36397418,-0.37301657,-0.37437296,-0.44173884,-0.35402754,-0.067835465,-0.22743389,-0.2098012,0.5371013,0.7215664,0.45662397,0.44803366,0.43718278,0.29973823,0.27487162,0.18399549,0.14918223,0.19936757,0.030726742,-0.13203652,-0.15328617,0.044290345,0.13471438,0.30697218,0.19394211,0.04655095,0.05197639,0.032535218,0.09447569,0.19936757,0.22197357,0.15958098,0.3318388,-0.005442875,-0.06738334,0.15189494,-0.08953723,-0.17046675,-0.22472116,-0.2681247,-0.25908232,-0.2075406,-0.21341816,-0.27897558,-0.457563,-0.44671217,-0.38567594,-0.2233648,-0.26541197,-0.25636956,-0.31966642,-0.41913283,-0.53894466,-0.61173606,-0.4742915,-0.5647155,-0.7044206,-0.56561977,-0.3576445,-0.39200562,-0.4430952,-0.5023229,-0.4964454,-0.33684698,-0.26269925,-0.5222162,-0.15057346,-0.5086526,-0.41461164,-0.60133725,0.26356864,0.43808702,0.23237234,-0.10129236,0.17178823,0.3056158,-0.00092167314,0.27984497,0.013998292,0.10035325,0.25316986,0.287531,0.51268685,0.6320466,0.77220386,0.7776293,0.7785335,0.55473405,0.5692019,0.5248941,0.588191,0.6076321,0.68268406,0.76090086,0.7581881,0.795262,0.82374555,0.9634507,0.82284135,0.7857675,0.9516955,0.9480785,0.7708475,0.83414435,0.81470317,0.90738773,0.9752058,0.9593816,0.7957141,0.7120719,0.5723668,0.89111143,0.7740123,0.86081946,0.86534065,0.8088256,0.10351808,0.036604304,-0.04206461,0.19394211,-0.025788283,-0.032117967,-0.009964077,-0.04070825,-0.009964077,0.0026952885,-0.08320755,-0.18403035,-0.12615897,-0.024431923,0.0108334515,0.052428506,-0.09496267,-0.23059872,-0.4336007,-0.3775378,-0.39290988,-0.39878744,-0.3508627,-0.30474645,-0.51136535,-0.54753494,-0.5466307,-0.54753494,-0.57014096,-0.50820047,-0.7080376,-0.59952873,-0.5760185,-0.4336007,-0.53849256,-0.37708566,-0.3463415,-0.19397698,-0.13248865,-0.111239,-0.11711656,-0.069643945,-0.026240403,-0.0027301537,-0.009511957,-0.061505783,0.048811547,-0.012224678,-0.2925392,-0.32554397,-0.3323258,-0.30203372,-0.31514522,-0.22698176,-0.22698176,-0.28259254,-0.14107893,-0.28168833,-0.69899523,-0.5421095,-0.55160403,-0.32463974,-0.35447964,-0.4222977,-0.3214749,-0.2907307,-0.2721938,-0.28394893,-0.11214324,0.0678006,-0.015841639,-0.039804008,-0.031665847,-0.035282806,-0.05246337,-0.22833812,-0.1446959,-0.2929913,-0.41054255,0.05740183,-0.25546533,-0.2296945,-0.19397698,-0.30293795,-0.44761643,-0.53894466,-0.5769228,-0.6515226,-0.72657454,-0.6275602,-0.63705474,-0.54391795,-0.47971693,-0.4932805,-0.4941848,-0.45891938,-0.34588936,-0.30067736,-0.3259961,-0.36623478,-0.2975125,-0.39019713,-0.359453,-0.40828195,-0.46931815,-0.47836053,-0.40150017,-0.42862737,-0.4317922,-0.5484392,-0.7627442,-0.6668947,-0.6243954,-0.93093294,-1.0317557,-1.0195485,-1.0507447,-1.058883,-0.9765971,-0.73380846,-0.68407524,-0.7243139,-0.73380846,-0.7369733,-0.83417916,-0.73380846,-0.87758267,-0.80750406,-0.7668132,-0.8807475,-0.9847352,-0.99649036,-0.8983802,-0.95037407,-0.98202246,-0.758223,-0.7401381,-0.69628245,-0.74691993,-0.6745807,-0.81202525,-0.73109573,-0.92369896,-0.79167986,-0.78987134,-0.6777455,-0.63298565,-0.6121881,-1.0313035,-1.0141231,-1.0606914,-0.55069983,-0.49056783,-0.41054255,-0.44445157,-0.34362876,-0.28530526,-0.18583883,-0.14198318,-0.08727663,-0.10536144,-0.122542,0.05288063,0.09583204,0.07684299,0.03027462,-0.020362841,-0.029405244,0.03117886,0.0031474086,-0.048394293,0.08045996,0.02801402,-0.108526275,-0.20708849,-0.20121092,-0.23376358,-0.37256446,-0.427271,-0.40330866,-0.35900086,-0.3888408,-0.43495706,-0.15328617,-0.094510555,-0.056532457,-0.23376358,-0.093606316,-0.13655773,-0.22426905,-0.0217192,-0.06014942,-0.19985455,-0.27128956,-0.20211515,-0.18855155,-0.3300652,-0.26902896,-0.56742823,-0.45530242,-0.46660542,-0.34679362,-0.2586302,-0.11756868,-0.12163776,-0.121185645,-0.38929293,-0.3463415,-0.2988689,-0.01900648,-0.21748725,-0.13384502,-0.27987984,-0.3264482,-0.37030387,-0.23059872,-0.22517328,-0.20708849,-0.47836053,-0.5421095,-0.51950353,-0.48469025,-0.5769228,-0.5054878,-0.37256446,-0.5294501,-0.6067627,-0.4643448,-0.30971977,-0.4643448,-0.3621657,-0.30971977,-0.37663355,-0.9137523,-0.87441784,-0.7518933,-0.7315479,-0.73109573,-0.60947543,-0.7261224,-0.7261224,-0.6967346,-0.8567851,-0.83237064,-0.67548496,-0.6967346,-0.74104244,-0.63253355,-0.47745633,-1.14569,-1.3396496,-1.3604472,-1.1945189,-1.1407167,-1.1289616,-1.0719944,-1.0218091,-1.0471278,-1.1759821,-1.2768048,-1.1927105,-1.0946004,-1.0385375,-0.8834602,-0.867636,-0.7749514,-0.6537832,-0.7912277,-0.81112105,-0.6546874,-0.79574895,-0.8237804,-0.8179028,-1.4043027,-1.4938225,-1.7167177,-1.7949346,-1.664724,-1.3419101,-1.2089869,-0.89114624,-1.0932441,-0.8151901,-0.86130637,-0.5511519,-0.5344235,-0.6185178,-0.89566743,-0.6361505,-0.6090233,-0.5877736,-0.7234097,-0.8739657,-0.9246033,-1.2252631,-0.9625813,-0.9051621,-0.9142045,-0.49825385,-0.6791019,-0.5240247,-0.4946369,-0.46163213,-0.31876215,-0.3906493,-0.6221348,-0.75867504,-0.713463,-0.5448223,-0.4222977,-0.2098012,-0.15283406,0.06689635,0.42542765,0.48691604,0.4606931,0.42271495,0.35354054,0.099901125,0.32505697,0.49414998,0.6198394,0.90151024,0.89291996,0.9498871,1.1488199,1.0045935,1.1393254,1.3079661,1.6000359,1.4128581,1.5426166,1.0375984,1.1289266,1.3016365,1.0353377,0.942201,0.8526813,0.75411904,0.7143325,0.6840404,0.8418304,0.72247064,0.38202414,-0.61354446,-0.52085984,-0.9530868,-1.1556367,-0.96936315,-0.720697,-1.1000259,-0.97840554,-1.1203712,-1.2049177,-1.3907391,-1.3645161,-1.1823118,-1.2867515,-1.533157,-1.4893013,-1.3084533,-1.3581865,-1.5173328,-1.296246,-1.0313035,-1.066569,-0.90154505,-1.1574451,-1.2062742,-1.1949711,-1.0652126,-1.1294136,-1.0394418,-1.0521011,-0.97478855,-0.8481949,-0.8382482,-0.8834602,-1.1040949,-0.9661983,-0.8640191,-0.8292058,-0.8151901,-0.36849537,-0.09270207,0.043386105,-0.042516727,0.062375147,0.02801402,0.3105891,0.21157481,0.22197357,0.22694689,0.10894353,0.27984497,0.20931421,0.5334844,0.22739902,0.20931421,0.30019036,0.24231899,0.1505386,0.6519399,0.44622517,0.35670537,0.61260545,0.85855883,0.5000275,0.14511314,0.16365007,-0.514078,-0.57963544,-0.6885964,-1.3455272,-1.1859287,-1.3174957,-1.4115367,-1.446802,-0.90742266,-0.80569553,-0.93907106,-1.3025757,-1.4535838,-1.2673103,-1.3297029,-0.9729801,-1.1583494,-1.2324971,-1.4911098,-1.3722023,-0.9417838,-1.2049177,-1.2564595,-1.3812447,-1.2352098,-1.2451564,-1.3328677,-1.4002336,-1.3667768,-1.4748335,-1.3464314,-0.96212924,-1.2365661,-1.4748335,-1.1045471,-0.7975574,-0.93319345,-1.0385375,-1.0426066,-0.45937154,-0.45665878,-0.44173884,-0.50729626,-0.57963544,-0.7356169,-0.9675547,-0.59952873,-0.4024044,-0.11395172,-1.5521461,-0.13339289,0.1509907,0.51901656,0.5402662,0.1310974,1.6574551,1.8107239,2.0015185,1.8093674,1.6628805,1.8387552,2.0611985,2.154335,1.9942845,2.5151272,2.8022234,2.800867,2.7796173,2.6864805,3.0924847,3.232642,3.4962277,3.478143,3.8737483,3.676624,3.0346131,3.0554106,3.0129116,2.811718,2.5956047,2.740283,2.928365,2.8659725,2.7832344,2.7999628,2.563052,2.375422,2.78233,2.6340349,2.9053068,3.3673737,2.7529423,3.0965536,2.8709457,2.965891,2.7420914,2.8433664,3.248466,3.3854585,3.2679074,3.8624456,3.9682417,3.763883,2018-04-17
NATI_FLEX,0.2696128,0.33595538,-0.29598564,-0.0117808655,-0.28670892,-0.33253026,-0.20237519,-0.22683196,-0.22402084,-0.18860066,-0.32775137,-0.27574554,-0.23498423,-0.31819353,-0.32747024,-0.3035757,-0.22430195,-0.23891981,-0.0843079,-0.07025228,0.008459238,-0.028928729,0.007897013,-0.03989212,0.006772563,0.032634918,0.17600231,0.15716776,0.20804913,0.26680166,0.26427165,0.2659583,0.2991296,0.2963185,0.26820722,0.2991296,0.29575628,0.37165666,0.30137852,0.27776504,0.3483243,0.39639455,0.35310325,0.24684267,0.2538705,0.3663155,0.39161566,0.41691577,0.5001251,0.3663155,0.4264736,0.37840334,0.26117942,0.5009684,0.42225692,0.40567127,0.38992897,0.32246193,0.36125547,0.17178562,0.21086027,0.135241,0.20327023,0.27635947,0.23110037,0.11050309,0.15829222,0.43069026,0.4444648,0.46076936,0.23784707,0.47032714,0.55016315,0.5091207,0.5462275,0.48663166,0.5445409,0.4852261,0.57180876,0.5844588,0.52570635,0.6007634,0.73429185,0.7846109,0.8405524,0.7739287,0.67919374,0.7978233,0.8383035,0.82368565,0.76549536,0.7286696,0.76099753,0.729794,0.4959084,0.40960684,0.40792015,0.3637855,0.3570388,0.38936675,0.36603442,0.37221888,0.42225692,0.51530516,0.46526712,0.4914106,0.40679574,0.48944283,0.46076936,0.48550722,0.4354692,0.44081032,0.50181174,0.50827736,0.5633754,0.56393766,0.35535213,0.3522599,0.31824526,0.21029805,0.083516285,0.14226879,0.21114138,-0.15289938,-0.026398716,0.18837126,0.16616337,0.24290709,0.21535805,0.5965467,0.67891264,0.6016067,0.5453842,0.39330232,0.4245058,0.4264736,0.38402563,0.40061122,0.48325834,0.45542818,0.49253502,0.5130563,0.5900811,0.8056944,0.90436494,0.7989477,0.7095539,0.7376652,0.7601542,0.8759725,0.9158905,0.9510296,0.7699931,1.0272111,0.8655714,0.72248507,0.827059,0.8666958,0.82228005,0.78854656,0.66457593,0.67497706,0.6091968,0.65979695,0.6409625,0.62803125,0.5057473,0.4759494,0.4512115,0.40623352,0.45908266,0.39695677,0.38964787,0.3342687,0.305033,0.25274602,0.3120608,0.24487488,0.6367458,0.8633225,0.8338057,1.0187777,1.0609446,1.2535068,1.378883,1.4812078,1.3743851,1.4143031,1.3682007,1.1604584,1.2003764,1.2706546,0.7328863,0.6831294,0.69465494,0.8071,0.7376652,0.6311235,0.9057705,0.67863154,0.6575481,0.7250151,0.7112406,0.64714694,0.71630067,0.85179687,0.85713804,0.7958555,0.7455363,0.72613955,0.66260815,0.6443358,0.6370269,0.60441786,0.6336535,0.5476331,0.62578243,0.62409574,0.68341047,0.61397564,0.6527692,0.6266258,0.57321435,0.44587034,0.37587336,0.31177968,0.32302418,0.40792015,0.25583827,0.19033904,0.25274602,0.19230683,0.40033013,0.222667,0.20861135,0.11443867,0.23475482,-0.11270027,-0.17060946,-0.1914118,-0.057883322,-0.22992422,-0.31847465,-0.40337062,-0.45368975,-0.38650388,-0.41545847,-0.45537645,-0.45312753,-0.43569857,-0.39437503,-0.33646587,-0.45144087,-0.5104745,-0.5082256,-0.45312753,-0.59958714,-0.56754035,-0.46662095,-0.38762832,-0.41011733,-0.50204116,-0.5245302,-0.47617877,-0.56219923,-0.5413969,-0.7432357,-0.72665006,-0.81098384,-0.6136428,-0.5807526,-0.60773945,-0.50457114,-0.40702507,-0.3398392,-0.37863272,-0.34574255,-0.46071762,-0.46380982,-0.45593867,-0.44244528,-0.4806766,-0.5686648,-0.60605276,-0.5931216,-0.64597076,-0.7730336,-0.7977716,-0.82475835,-0.7631947,-0.7943982,-0.8199794,-0.91415215,-0.8686119,-0.5886238,-0.516659,-0.5014789,-0.44666195,-0.2321731,-0.20855965,-0.19759627,-0.20462407,-0.22092861,-0.5686648,-0.6358507,-0.59143496,-0.44188306,-0.6361318,-0.59340274,-0.58131486,-0.6088639,-0.77556366,-0.75391793,-0.6068961,-0.6698653,-0.6943221,-0.3266269,-0.46690208,-0.454252,-0.37947607,-0.33000025,-0.50963116,-0.5228435,-0.6136428,-0.6743631,-0.671552,-0.73508346,-0.7134378,-0.7097833,-0.71934116,-0.72187114,-0.6195462,-0.6209518,-0.6493441,-0.5846882,-0.5523603,-0.64597076,-0.65890193,-0.72046554,-0.7654436,-0.93214333,-0.92989445,-0.9369222,-0.91949326,-0.886322,-0.8469662,-0.86580074,-0.78287256,-0.7227145,-0.76909804,-0.97065574,-0.8857598,-0.9231477,-0.9557568,-0.9923014,-1.090972,-1.0482428,-0.98696023,-1.0502106,-1.0906909,-1.0136659,-0.9501346,-1.0482428,-1.0431827,-1.0398093,-1.2498006,-1.3881079,-1.4465792,-1.3816422,-1.3504387,-1.3304797,-1.2481139,-1.291124,-1.3405999,-1.3971034,-1.4505148,-1.323452,-1.3824856,-1.3366643,-1.2216893,-1.2573905,-1.3945735,-1.7594575,-1.4704739,-1.4659761,-1.4946495,-1.4114401,-1.328512,-1.2107259,-1.2020113,-1.1783979,-1.136231,-0.97543466,-0.88744646,-0.8241961,-0.91246545,-0.85596186,-0.86720634,-0.8955987,-0.98443025,-1.0178827,-1.0724185,-1.0774785,-1.168559,-1.1157099,-0.91443324,-1.1556278,-1.2169104,-1.2208459,-1.2267492,-1.2326527,-1.2205648,-1.3032119,-1.2048224,-1.1539412,-1.2245003,-1.128641,-1.1061519,-1.1573145,-1.2455839,-1.0822574,-1.0184449,-0.9591301,-0.9040321,-0.8472473,-0.86580074,-0.86411405,-0.8649574,-0.7527935,-0.8177305,-0.7570102,-0.90515655,-0.7980526,-0.87395304,-0.9720613,-1.1027787,-1.1277977,-1.0490862,-0.9830247,-0.96362793,-1.0001726,-1.046275,-1.2025735,-1.785601,-1.7369685,-1.5092673,-1.3493143,-1.331042,-1.3240142,-1.3816422,-1.3667433,-1.3344154,-1.4207169,-1.5747666,-1.6169335,-1.7529919,-1.8716215,-1.8210212,-1.7662042,-1.902825,-1.8848337,-1.8460401,-1.8468835,-1.8235512,-1.7543975,-1.7414664,-1.7861632,-1.7524297,-1.6236802,-1.78026,-1.7161663,-1.7830709,-1.8435103,-1.8227079,-1.9393696,-1.8986083,-1.9146316,-1.878087,-1.8151177,-1.7771677,-1.9621397,-1.867967,-1.8901749,-1.8868015,-1.7996566,-1.7012672,-1.8016244,-1.8640314,-1.8783681,-1.8764004,-1.7704209,-1.733033,-1.6863683,-1.6158091,-1.5320374,-1.5261341,-1.5238853,-1.4398327,-1.3200786,-1.2402427,-1.1404477,-1.1404477,-1.0282838,-1.0355928,-0.9313,-0.83909506,-0.47083762,-0.59537053,-0.6695842,-0.5773793,-0.39774838,-0.27180997,-0.3508026,-0.39521837,-0.35417593,-0.6279795,-0.46015534,-0.44891086,-0.766568,-0.55320364,-0.42951408,-0.5155345,-0.5413969,-0.48348773,-0.7730336,-0.6336018,-0.49388885,-0.6614319,-0.71259445,-0.84078175,-0.75982136,-0.6842021,-0.59537053,-0.40055948,-0.35698706,-0.37272936,-0.25803545,-0.17060946,-0.13771929,-0.15318048,-0.009250852,-0.052542184,-0.12282032,-0.22261527,-0.17763728,-0.18354064,-0.11185693,0.18668458,0.20664358,0.27354836,0.37615448,0.40735796,0.43265808,0.39442676,0.3882423,0.24431266,0.2985674,0.41213685,0.48859948,0.49675173,0.5302041,0.5206463,0.5864266,0.64011914,0.72220397,0.6055423,0.73625964,0.65220696,0.537513,0.67497706,0.7952933,0.7649331,0.5993578,0.73822737,0.6389947,0.57490104,0.6659815,0.5914867,0.6094779,0.6460225,0.6842538,0.612289,0.53554523,0.48016608,0.5945789,0.5661865,0.7351352,0.67104155,0.5094018,0.5743388,0.5788366,0.46189377,0.4070768,0.49309725,0.30390853,0.22575922,0.24150154,0.36462885,0.29266402,0.25077826,0.18865237,0.3123419,0.32724088,0.3140286,0.3567577,0.2721428,0.34213984,0.3140286,0.42787915,0.487475,0.3618177,0.56365657,0.62409574,0.7522831,0.7385085,0.80428886,0.8132844,0.80147773,0.7348541,0.8762537,0.90830046,0.94934297,0.93219507,0.7936066,0.68565935,0.6353402,0.5819288,0.43069026,0.50349844,0.44137257,0.47257605,0.6255013,0.8208745,0.8115978,0.6794749,0.7106784,0.5681543,0.5358264,0.34916764,0.49337837,0.50293624,0.3930212,0.36996996,0.39245898,0.3885234,0.3393287,0.33089533,0.2946318,0.15295109,0.07311512,-0.022744253,0.007897013,-0.17707504,0.056529485,0.07901848,0.0950419,0.33567426,0.31880748,-0.014310878,-0.038486555,0.20298912,0.26876944,0.22800812,-0.0072830645,-0.19056845,-0.042984355,-0.12282032,-0.10426689,-0.10370466,-0.40337062,-0.39971617,-0.16105163,-0.024993155,0.015205939,-0.0095319655,-0.12282032,-0.19478515,-0.17173392,-0.04214102,-0.00784529,-0.07896676,0.010989251,-0.08009121,-0.114386946,-0.07503118,-0.22430195,-0.055915534,0.032072693,-0.057321094,0.055123918,0.09391745,0.33707982,0.29884848,0.4146669,0.30306518,0.73569745,0.86444694,1.8677377,1.8559309,2.0524285,2.118209,1.8348475,1.706379,1.7730027,1.7485459,1.7496704,1.9762471,2.2106948,1.9439191,1.9203056,1.8525575,2.130859,2.2348704,2.106121,2.0498984,2.0330317,2.0296583,2.120458,2.1488502,2.4052246,2.5123286,2.4504838,2.146039,2.0903788,2.1640303,2.0625486,2.2019806,2.4195614,2.415626,2.537629,2.688305,2.6467004,2.6346123,2.8145247,2.8926737,2.693646,2.7881,3.107725,2.6899917,2.5249786,2.625617,2.683245,2.6534472,2.7158542,2.8322346,2.8769317,2.7968144,2.771233,2.665535,2.6987062,2018-04-17
NATI_GLW,-0.052045383,0.043395735,-0.3551619,-0.3649579,-0.5661959,-0.5270119,-0.3025433,-0.44780415,-0.40162295,-0.3467653,-0.47551286,-0.31233934,-0.281272,-0.19898552,-0.17211646,-0.1474865,-0.15252444,-0.18862975,-0.25132418,-0.14412786,-0.055404015,-0.058202874,-0.0030653381,-0.048966635,-0.052605152,0.010089302,0.20656925,0.18081976,0.25051135,0.22252277,0.25219068,0.19397439,0.29893163,0.273462,0.3493111,0.23147912,0.23091933,0.22000378,0.2295199,0.22560151,0.27794018,0.26954362,0.26450565,0.21468596,0.2356774,0.18613759,0.19061576,0.24687284,0.21720493,0.15814899,0.13715753,0.08817749,0.07614239,0.15339091,0.12008449,0.080060795,-0.013421119,0.014567479,0.034999155,0.018205997,-0.022377469,-0.02517633,0.013447934,0.051512428,0.10916893,0.049553227,0.10609019,0.369183,0.45230916,0.44699132,0.40025035,0.5236801,0.6653024,0.6611041,0.7428308,0.7145623,0.78593326,0.7277169,0.76130325,0.78845215,0.703087,0.78397405,0.91188186,0.8435897,0.8838933,0.9124417,0.8309949,0.8808146,0.85646445,0.7727786,0.7347141,0.73359454,0.6395529,0.6065263,0.5967303,0.5211611,0.49009377,0.44783098,0.41424465,0.45790687,0.4847759,0.49261272,0.5068869,0.5617446,0.52815825,0.56986123,0.5589457,0.6126838,0.52647895,0.5511089,0.57797796,0.6361942,0.690772,0.6333954,0.6571857,0.6135234,0.6944105,0.7699797,0.81056315,0.722679,0.78929186,0.7285566,0.7635423,0.74730897,0.727437,0.5947711,0.71792096,0.7526268,0.3711422,0.7151221,0.7780964,0.752067,0.74870837,0.7089646,0.6874134,0.64599025,0.65102816,0.63675404,0.59029293,0.599809,0.5866544,0.6208005,0.6370339,0.6815357,0.74143136,0.6462701,0.62723786,0.6311563,0.68097603,0.7503877,0.8824939,0.94602805,0.8654208,0.97625566,1.0599415,0.96757925,0.94714755,0.93399286,0.82931554,0.81308216,0.44503212,0.60736597,0.7277169,0.5877739,0.6815357,0.5693015,0.49177307,0.5208812,0.5306772,0.5550273,0.6415121,0.5421525,0.48057762,0.43579587,0.4534287,0.4290786,0.49037364,0.4590264,0.44251314,0.52619904,0.5046478,0.59029293,0.563144,0.6373138,0.7327549,0.7646619,0.5891734,0.83127475,0.7887321,0.5653831,0.42544007,0.43831486,0.2978121,0.21020778,0.16654557,0.15926853,0.05459117,0.018485883,0.2633861,-0.044768345,0.08565851,0.21300663,0.13883685,0.22028367,0.2535901,0.4058481,0.5054875,0.46966207,0.4411137,0.55978537,0.518922,0.46378446,0.48057762,0.48785466,0.4892541,0.5127645,0.5396336,0.38205776,0.48533568,0.43187746,0.4556678,0.4615454,0.45846665,0.3333576,0.369183,0.19901234,0.2535901,0.25079125,0.21272674,0.13855696,0.0817401,0.0016927234,0.12932073,-0.018459065,0.022964058,0.04647448,0.035279043,-0.3529228,-0.4089,-0.48167032,-0.29246742,-0.4069408,-0.49930316,-0.5023819,-0.42317417,-0.47355366,-0.4903468,-0.5275716,-0.5692746,-0.50630033,-0.50825953,-0.5043411,0.038077902,-0.008383172,0.0481538,0.06830559,0.11084825,0.10720973,0.17494215,0.18893644,0.16822489,0.09237578,-0.08227307,-0.08003399,-0.108582355,-0.08339262,-0.18247224,-0.28351107,-0.17827396,-0.12873414,-0.1771544,-0.20570278,-0.19814585,-0.17603487,-0.14636695,-0.22893332,-0.3347302,-0.26587826,-0.34424633,-0.34228715,-0.31597784,-0.34032792,-0.30842093,-0.34760496,-0.24656612,-0.3369693,-0.3529228,-0.32661355,-0.26531848,-0.3649579,-0.3224152,-0.3246543,-0.4192558,-0.37643322,-0.2809921,-0.4251334,-0.40666088,-0.46179843,-0.49370545,-0.42373398,-0.3814712,-0.38566947,-0.46515706,-0.51161814,-0.49398533,-0.5418458,-0.41141897,-0.4707548,-0.44976333,-0.4567605,-0.4366087,-0.48950714,-0.49986294,-0.48306975,-0.5698344,-0.6599577,-0.29834503,-0.7514804,-0.6999814,-0.74308383,-0.7355269,-0.83320713,-0.9465609,-0.9952611,-1.076428,-1.108335,-1.0870637,-1.0775476,-1.0358446,-1.0498389,-0.9613949,-0.941523,-0.94907993,-0.9297678,-0.8877849,-0.90513784,-0.89786077,-0.85727733,-0.9210913,-0.9322868,-1.0014186,-1.0050571,-1.0372441,-1.0070163,-1.0386434,-1.015133,-1.0649527,-1.1559157,-1.0996585,-1.0895827,-1.1581548,-1.1088948,-1.1774669,-1.1374433,-1.1374433,-1.118131,-1.0176519,-0.9972203,-1.000579,-1.0831453,-1.1505979,-1.1861434,-1.1799859,-1.2051758,-1.0990988,-1.1682307,-1.2841034,-1.324407,-1.3090134,-1.3081737,-1.2614328,-1.2384821,-1.2880219,-1.2908207,-1.3202088,-1.3817836,-1.3865417,-1.4887,-1.4394403,-1.1973388,-1.1472392,-1.1497582,-1.0750287,-0.9756691,-0.9935818,-1.0907023,-1.066632,-1.1013379,-0.9599955,-1.012614,-0.94236267,-0.9661529,-0.8379652,-0.7901047,-0.7954225,-0.79962087,-0.8304083,-0.8452422,-0.8416037,-0.83488643,-0.8178134,-0.8819073,-0.91101545,-0.93704486,-1.0243692,-0.8085771,-0.8376853,-0.8200525,-0.8768693,-1.0131738,-1.0302469,-0.97343,-0.9706311,-0.9140942,-0.98042715,-0.9045781,-0.941523,-0.93620515,-1.0137336,-1.1200902,-0.9753892,-0.90681714,-0.9020591,-0.8715515,-0.7814282,-0.76939315,-0.75679827,-0.6845877,-0.67339224,-0.75791776,-0.7442034,-0.72321194,-0.74700224,-0.8175335,-0.86315495,-0.8541986,-0.88106763,-0.87574977,-0.8989803,-0.87043196,-1.1374433,-1.2048957,-1.2256074,-1.4148102,-1.3717078,-1.2841034,-1.1505979,-1.1990181,-1.2446396,-1.3132116,-1.312372,-1.3000569,-1.2709488,-1.2118928,-1.1914612,-1.388221,-1.3837428,-1.4733064,-1.4198482,-1.3683492,-1.3717078,-1.3081737,-1.3938189,-1.3582733,-1.4122913,-1.4486765,-1.5113709,-1.4777846,-1.4461575,-1.4629507,-1.4380407,-1.4209678,-1.3845825,-1.4265655,-1.1869831,-1.2060153,-1.2477183,-1.2373625,-1.2463189,-1.2863426,-1.4671489,-1.3518358,-1.4038947,-1.4066936,-1.361352,-1.2790656,-1.2642317,-1.1508777,-1.1892222,-1.1612335,-1.2034963,-1.1662714,-1.1906216,-1.192021,-1.1561956,-1.1547961,-1.1343645,-1.074189,-1.0825856,-0.9720306,-0.9669926,-0.9392839,-0.8975809,-1.1122534,-1.0783873,-1.207135,-1.1270875,-1.3188093,-1.3526756,-1.2843834,-1.2384821,-1.1276472,-1.1934204,-1.1934204,-1.1088948,-0.78590643,-0.8340468,-0.7545592,-0.890024,-0.6871066,-0.6747917,-0.5989426,-0.5068601,-0.47187433,-0.60538,-0.49678418,-0.42597303,-0.42093506,-0.40022352,-0.48894736,-0.4091799,-0.39770454,-0.34032792,-0.20710221,-0.0537247,0.02548303,-0.26391906,-0.28295133,-0.22949308,-0.30450255,-0.2527236,-0.23201206,-0.31821692,-0.31233934,-0.28658983,-0.26391906,-0.31961635,-0.25832134,-0.2815519,-0.3585205,-0.17771418,-0.21297981,-0.33137158,-0.21969709,-0.24684602,-0.3851097,-0.20458323,-0.19002917,-0.14608707,-0.06268105,-0.099626005,-0.1572825,-0.09178919,-0.113340415,-0.11585939,-0.026295872,0.0028122673,0.39185378,0.62415916,0.3498709,0.31936333,0.35630825,0.036958355,0.19677326,0.15674956,0.16290705,0.1421955,0.03248018,0.16178751,0.03751813,0.038357787,0.22532162,0.32244202,0.28045914,0.21524572,0.09965281,0.28325802,0.17830078,0.12624198,0.081180334,0.14499435,0.09937292,0.19341461,0.25694874,0.18669735,0.11084825,0.043395735,0.08761771,0.13519832,0.20293075,0.18697724,0.14163572,0.13072015,0.15283115,0.17018408,0.05067277,0.013168048,-0.03889074,0.036958355,0.058509577,0.098533265,0.20013188,0.30620867,0.3437134,0.36638415,0.41088605,0.43803498,0.4394344,0.58301586,0.6683811,0.8248374,0.9978069,1.0059236,1.01488,0.91664,0.92643595,0.8335138,0.67173976,0.786493,0.7442302,0.18529792,0.36806348,0.34483293,0.78145504,0.65298736,0.6280775,0.52843815,0.49205294,0.44195336,0.6364741,0.39437276,0.37394106,0.45202926,0.52815825,0.48449603,0.403609,0.46434426,0.4369154,0.3932532,0.3733813,0.37058243,0.33027884,0.31376562,0.21776469,0.12260346,-0.20178437,0.041436534,0.15423058,-0.27007654,-0.2804323,-0.090669654,-0.018459065,-0.19114871,-0.35544178,-0.5104986,-0.42569315,-0.38399014,-0.34760496,-0.43604892,-0.3963051,-0.45312196,-0.35908028,-0.3750338,-0.4981836,-0.44584495,-0.3814712,-0.41421783,-0.43632883,-0.44388574,-0.4466846,-0.46767604,-0.37951195,-0.3814712,-0.3490044,-0.36831653,-0.56031835,-0.38902807,-0.17547509,-0.1651193,0.0022524954,-0.07583569,0.0053312406,0.011488733,0.13547821,0.17830078,0.35071054,0.6941306,1.8864447,1.8175929,1.9138736,1.9698509,1.8623745,1.7518196,1.836905,1.7400644,1.7089971,1.9365444,2.1836836,2.3588924,2.3684084,2.2878013,2.6096702,2.6522129,2.6776826,2.61023,2.5791626,2.6997933,2.8708038,3.0017905,3.144812,3.2634838,3.311624,3.0605667,2.9998312,3.0947125,2.9211833,2.9052298,2.9981518,3.0952723,3.1252203,3.1372552,3.1277392,3.0378957,3.007948,3.1168234,2.8979528,2.9013114,3.068963,2.7070704,2.696155,2.7921557,2.8106282,2.8193047,2.8632467,3.0334177,3.0630856,3.1008701,3.2024686,3.1697218,3.2441716,2018-04-17
MSI_LFUS,-0.86949706,-0.972054,-1.3033726,-1.2085323,-1.1871248,-1.1181728,-1.3148232,-1.3275183,-1.0967653,-0.98624265,-1.2680253,-1.3155699,-1.3046173,-1.2829608,-1.3198017,-1.2881882,-1.3207974,-1.365106,-1.384771,-1.3397156,-1.3628656,-1.3768054,-1.2712613,-1.295407,-1.2095281,-1.2919221,-1.3068576,-1.364608,-1.3155699,-1.5191903,-1.4699032,-1.47065,-1.3115871,-1.5572757,-1.4405301,-1.4529762,-1.5206838,-1.5002719,-1.5505548,-1.3003855,-1.3354838,-1.4084188,-1.3927364,-1.4333112,-1.4776198,-1.4534742,-1.4427704,-1.4823494,-1.4649247,-1.3807881,-1.2398969,-1.1973307,-1.2189871,-1.1014949,-1.0902933,-0.82120574,-0.8650164,-0.9250073,-0.8045278,-0.74204767,-0.7664423,-0.8413686,-0.64496714,-0.82070786,-0.7801332,-0.77415895,-0.67558485,-0.61484724,-0.6837993,-0.53917414,0.2944741,0.2033677,0.2832725,0.10305112,0.024888808,0.3960353,0.291487,0.38109985,0.39205253,0.56729543,0.5429008,0.3188687,0.16677581,0.08811564,0.0856264,0.40225843,0.5085492,0.49709868,0.5585831,0.56530404,0.56132126,0.61359537,0.94615865,1.482342,1.2314261,1.3409529,0.9817548,0.98324835,0.9297295,0.9080731,0.892142,1.0278058,1.0494622,1.0442349,1.3300002,1.406669,1.6503661,1.4360421,1.2605503,1.3163093,1.3680856,1.4761189,1.5704613,1.4522222,1.541586,1.4138877,1.278224,1.3190475,1.1911002,1.2135035,1.2423788,1.3227814,1.2958975,1.4223512,1.5555259,1.7623821,1.7867768,1.5129597,1.5901264,1.1109465,0.9976859,1.0195913,0.97105104,1.0624063,-0.33132222,0.14113656,0.21780533,-0.4224286,-0.18868846,0.12321401,0.19963384,0.20286986,0.31712624,0.700719,0.74477863,0.80999684,0.7014658,0.74154264,0.74079585,0.7313367,0.67732006,0.76245224,0.73855555,0.82194525,0.70818675,0.8000399,0.49162233,0.33778697,0.29845688,0.2548951,0.25564185,0.23174511,0.45403472,0.46448958,0.31364128,0.2862596,0.16727364,0.29945257,0.29298055,0.2765515,0.3684047,0.37437886,0.38806972,0.22801124,0.21183115,-0.051033184,-0.07567671,-0.005728913,-0.104551956,-0.0826466,0.06770383,-0.16454278,-0.2937346,-0.5406677,-0.5284704,-0.6267956,-0.615594,-0.4709689,-0.3990297,-0.4699732,-0.017926214,-0.08961649,0.2307494,0.21755642,-1.0365255,-0.64521605,-1.0285599,-1.2043006,-1.2784802,-1.2351673,-1.4873278,-1.6177644,-1.5092332,-1.3658527,-1.0156158,-1.0683877,-0.7915837,-0.59468436,0.21407147,0.6673631,0.91977257,1.116423,0.84011674,0.12072476,0.06496566,0.0826393,0.02015924,0.020906014,0.14337689,0.19341072,0.12893927,0.023644185,0.07940328,0.1242097,0.15482742,0.16055268,0.05301728,0.32558966,0.5008326,0.4112197,0.32758105,0.52945894,0.31737515,0.56605077,0.72561145,0.796555,0.977772,1.0208359,1.0912815,0.9088199,0.96358335,0.90757525,0.9100645,0.79307,0.7101781,0.89463127,0.80452055,0.9401844,0.9045882,0.8819361,0.91429627,0.9571113,0.9274893,0.9605962,1.0387584,1.1052214,1.1746713,0.8973694,0.7607098,0.8478334,0.4376057,0.55111533,0.4637428,0.341023,0.6096126,0.55908096,0.5702825,0.5707804,0.41146863,0.28899777,0.20560803,0.25564185,0.238715,0.04803879,0.037583955,-0.015685895,-0.10430304,-0.22030188,-0.34053245,-0.36791414,-0.3348072,-0.526728,-0.487149,-0.62903595,-0.7833692,-0.7161596,-0.605886,-0.5202559,-0.51353496,-0.5819892,-0.43487483,-0.50009304,-0.59095055,-0.6501945,-1.1480438,-1.2926688,-1.4114059,-1.229691,-1.0270663,-0.8956342,-1.0554438,-0.91380566,-0.9419341,-0.84983206,-0.87472445,-0.8416175,-0.8281756,-0.813489,-0.8699949,-0.81622726,-0.7465284,-0.76768696,-0.74379015,-0.622315,-0.6178344,-0.6820569,-0.72611654,-0.7139192,-0.76519763,-0.62579995,-0.7188977,-0.6992327,0.13615808,0.6581529,0.90209895,0.91703445,0.8884081,1.1517702,0.934957,0.9747849,1.0474709,0.9854887,0.9035925,0.93346345,0.9501414,0.9493946,1.0044068,0.97055316,0.829413,0.8485802,0.86525816,0.796306,0.75797164,0.94889677,1.1226461,1.0783374,0.98125696,1.0805779,1.0292994,0.9708021,0.8289151,0.7161523,0.6713459,0.62629056,0.5877073,0.5705315,0.45826644,0.7042039,0.6860325,0.70893353,0.7694222,0.9098156,0.5760078,0.4555283,0.3634262,0.1971446,0.20560803,0.24817412,0.23921286,0.15208925,0.087119944,-0.12894657,-0.077419184,-0.058003068,0.1931618,0.1799688,0.20087846,0.20386556,0.13391775,-0.43562162,-0.6501945,-0.73906064,-0.9255051,-1.0656497,-0.8938917,-0.9703115,-1.0096418,-0.03833803,-0.11973636,0.1413855,-0.0552649,-0.018921914,-0.019170837,-0.25664487,0.04654524,-0.111521855,-0.14413096,-0.24295402,0.13093066,0.113505945,-0.10953045,-0.2775545,-0.001995045,0.1617973,0.18220912,-0.11127292,-0.0037375167,0.12595217,0.41097078,0.44233528,0.21780533,0.017918918,-0.01319665,0.48689276,0.41843852,0.4458202,0.57550997,0.57177603,0.47444654,0.5757589,0.5481282,0.4617514,0.3432633,0.42018098,0.35794985,0.44333097,0.6793115,0.28924665,0.24344456,0.4537858,0.6233034,0.48241213,0.53244597,0.42615518,0.22104135,0.023893109,0.1565699,0.34674826,0.45005193,0.51402557,0.6190717,0.6422217,0.21208006,0.070442,-0.23996691,-0.50034195,-0.9735475,-0.69599664,-0.74204767,-0.5244877,-1.5134649,-1.3389689,-1.6658068,-1.4228565,-1.4278349,-1.3168145,-1.2085323,-1.3163167,-1.2491071,-1.1156834,-1.1985754,-1.1458035,-1.0614179,-1.3006344,-1.2038028,-1.3606253,-0.9673244,-0.9889809,-0.9740454,-0.9832556,-0.747524,-0.41396517,-0.2173148,-0.28079054,0.19365965,0.33952942,0.3036843,0.21133329,0.17026074,0.3890654,0.19067255,0.33131492,0.23498113,0.22776233,0.071437694,0.15408064,0.2927316,0.68204963,0.57874596,0.6170804,0.77489847,0.77116466,0.8956269,0.7641947,0.5844712,0.48689276,0.54837716,0.49734762,0.3552117,0.44158852,0.38508263,0.61832494,0.61932063,0.67732006,0.63998145,0.7261093,1.0579257,1.1024832,1.1858729,0.2379682,-0.034355238,-0.27307388,-0.4224286,-0.059496615,0.104793586,0.008708711,-0.124217,-0.07393424,-0.23897122,-0.25166637,-0.4637501,-0.4386087,-0.12297238,-0.38459206,-0.47022215,-0.4657415,-0.54689085,-0.3228588,-0.10629443,0.113505945,0.14511937,0.51054066,0.58397335,0.17723063,-0.012200952,0.057249,0.2601225,0.39479068,0.14960001,0.1212226,0.21183115,0.46623203,0.61484003,0.67732006,0.9227597,1.1550062,0.95138603,1.0444838,0.82169634,0.60562986,0.50307286,0.44781163,0.314637,0.13690485,0.33828482,0.49286696,0.43685892,0.41346005,0.40499657,0.41619822,0.3492375,-0.4851576,-0.27058464,-0.21407877,0.021154938,-0.04431222,0.087866716,0.48589706,0.6068744,0.39130574,0.27082628,0.47768256,-0.1456245,-0.2509196,0.034347937,-0.226525,-0.41993937,-0.37015444,-0.45926946,-0.53245324,-0.5750193,-0.5329511,-0.5085565,-0.37787113,-0.21109167,-0.21607015,-0.51403284,-0.54614407,-0.5197581,-0.49187854,-0.09260359,-0.48266837,-0.61584294,-0.80228746,-0.88244116,-1.0609201,-1.3297586,-1.1552625,-1.384522,-1.110705,-0.8468449,-1.1833911,-1.4193715,-1.2393991,-1.3720758,-1.4878258,-1.5754472,-1.5732069,-1.817153,-1.9097528,-2.202488,-2.2343502,-2.5711453,-2.1783423,-1.922697,-2.0269961,-2.1380165,-2.2318609,-1.7379949,-1.724553,-1.9314092,-1.9381301,-2.0260005,-1.5256623,-1.8808776,-1.9463447,-2.1317935,-1.8736588,-1.8823711,-1.9431088,-2.0628412,-2.014301,-1.8009728,-1.7661233,-1.9704903,-1.8517535,-0.29473034,-0.058003068,0.8353872,0.12893927,-0.10579659,-0.25739163,-0.5526161,-0.7276101,-0.6215682,-0.9760368,-1.0810829,-1.3695865,-1.4517316,-1.2964028,-1.6344423,-1.3919898,-1.2598108,-1.0345341,-0.76942945,-0.44284043,-0.5897059,-0.7281079,-0.28352872,-0.75748104,-0.4323856,-0.38683242,-0.5429081,-0.5451484,-0.15607934,0.04754094,-0.16752987,-0.29945987,-0.22179542,-0.34775123,-0.74329233,-1.0131266,-0.962097,-0.7027176,-0.7069493,-0.8625272,-0.96458626,-0.9486551,-1.2899307,-1.242635,-0.85854435,-0.89662987,-0.9441744,-0.7313439,-0.5735258,-0.16105784,-0.2598809,-0.3208674,-0.21109167,-0.8916514,-1.0265685,-0.7024687,-0.797309,-0.10480089,-0.040827278,0.26734132,0.50182825,-0.31016365,-0.74179876,0.9058328,0.7577227,1.0549386,1.2963954,1.2598034,0.96358335,1.4074156,1.6934301,2.053624,1.9030246,1.9012821,1.8173945,1.6020747,1.4380335,1.9060116,1.7357472,1.8865955,1.9694874,2.007075,1.8163987,2.1631508,2.1529448,2.0974345,2.139752,1.7554122,1.4639217,1.650615,1.7937466,1.6934301,1.5303844,1.7748284,1.9473331,1.8900805,2.1034088,1.8609562,2.00135,2.462109,2.0205169,1.8385531,2.1965067,2.1965067,2.5196106,2.604992,2.2510211,2.3612947,2.7553422,2.742896,2.7013257,2.7102869,3.0109878,2.8800535,2018-04-17
NATI_MEI,-1.4258182,-1.3568294,-1.7525592,-1.6000193,-1.7631167,-1.9211174,-1.7947897,-1.8605019,-1.8373843,-1.8615942,-2.027058,-1.9409585,-1.9518801,-1.9380461,-1.8858038,-1.9580692,-1.918569,-1.9080114,-1.91238,-1.9007303,-1.8011608,-1.8577716,-1.8475779,-1.8763384,-1.930947,-1.8885343,-1.9220276,-1.8475779,-1.8490342,-1.7634808,-1.7860525,-1.8051653,-1.7217963,-1.7989764,-1.8048012,-1.3047693,-1.3535528,-1.2907531,-1.2599903,-1.1882712,-1.2439718,-1.2630848,0.008929329,0.046791226,0.2353726,0.2481146,0.27669305,0.28579447,0.32438445,0.26959392,0.28579447,0.31127843,0.23355232,0.20369966,0.15455201,0.122150965,0.091024116,0.09138817,0.13835149,0.10940898,0.06535812,0.0684526,0.11796431,0.12779385,0.040056176,0.008201216,0.020943202,0.23063986,0.23300624,0.2475685,0.23792101,0.25867224,0.30873004,0.33567023,0.29817238,0.27869534,0.32147202,0.30927613,0.34349746,0.3617003,0.24920675,0.31928766,0.4152166,0.38336167,0.38317963,0.37480634,0.25284734,0.31692132,0.32747898,0.24410996,0.11323158,-0.44868994,-0.4354019,-0.40154463,-0.35221493,-0.4414088,-0.47399193,-0.4796348,-0.4951072,-0.4421369,-0.4321254,-0.5477134,-0.54625714,-0.52077323,-0.56973886,-0.5766559,-0.6199786,-0.5367917,-0.5486235,-0.49092054,-0.53715575,-0.5116718,-0.44359317,-0.45961168,-0.49856576,-0.5220474,-0.52641606,-0.5307847,-0.59103614,-0.56537014,-0.6043242,-0.62962615,-0.6021399,-0.60705465,-0.5400682,-0.5804785,-0.54589313,-0.46070382,-0.49892977,-0.31235072,-0.15362199,-0.25228137,-0.38516206,-0.39280725,-0.42357004,-0.416835,-0.51804274,-0.38825652,-0.44668767,-0.49092054,-0.5569968,-0.44595954,-0.4514204,-0.2903253,-0.2814059,-0.31307885,-0.37806293,-0.4643444,-0.4781786,-0.4727177,-0.44559547,-0.39262524,-0.53551745,-0.35348913,-0.39863217,-0.4610679,-0.4264825,-0.46452644,-0.42284194,-0.048409607,-0.18966362,-0.2209725,-0.18948159,-0.25646803,-0.20258763,-0.2555579,-0.3274591,-0.37369427,-0.37041777,-0.371874,-0.28504646,-0.29778847,-0.2750349,-0.3263669,-0.31944984,-0.25391963,-0.24354401,-0.1709147,-0.0657023,0.064812034,0.06863463,0.20096925,0.23318827,0.29635212,0.36534086,0.32220012,0.27268842,0.39974424,0.36843532,0.33785456,0.32802504,0.36843532,0.2879788,0.20588402,0.22299469,0.26831973,0.24356389,0.1774876,0.2475685,0.14508654,0.09812322,0.13161644,0.1307063,0.16201517,0.19896695,0.26522526,0.2961701,0.2000591,0.18895537,0.16692995,0.15400593,0.098669305,0.08993194,0.06808855,0.1962365,0.28743273,0.29871848,0.27268842,0.30508947,0.30454338,0.34295136,0.32638678,0.3547832,0.3207439,0.33894673,0.2533934,0.2719603,0.21443935,0.30053875,0.31455496,0.3098222,0.32438445,0.38154137,0.16893224,0.2084324,0.3591519,0.38572803,0.12651965,0.062991746,0.05188802,0.06280972,0.016210465,-0.052414227,-0.09118627,0.0018302232,-0.060969565,-0.106294625,-0.18347465,-0.26320305,-0.17601149,-0.3531251,-0.29706034,-0.36695924,-0.37278417,-0.30015483,-0.2511892,-0.23225825,-0.2544657,-0.2415417,-0.15161969,-0.18329261,-0.24682051,-0.2910534,-0.25410166,-0.19912909,-0.16072111,-0.15562432,-0.2184241,-0.1574446,-0.05933131,-0.060423475,-0.05587277,-0.10793288,-0.16945846,-0.09118627,-0.08772773,-0.03785196,-0.020377237,0.010021499,0.033685185,0.021853343,0.031136788,-0.050593946,0.014208152,0.07191114,0.004560649,-0.028750544,-0.04349484,-0.044951066,-0.091914386,-0.06806867,-0.012003932,-0.23061998,-0.36714125,-0.5113077,-0.5766559,-0.6749512,-0.7222786,-0.7577741,-0.7836221,-0.7166357,-0.6549281,-0.6483751,-0.6689443,-0.6465548,-0.61215144,-0.5418885,-0.5469853,-0.56919277,-0.56919277,-0.53151286,-0.58848774,-0.6274418,-0.59613293,-0.6722208,-0.70098126,-0.6072367,-0.66675997,-0.66148114,-0.7129952,-0.6762254,-0.7450321,-0.7839862,-0.82912916,-0.89702576,-0.93834627,-0.8848299,-0.87645656,-0.8558874,-0.86244035,-0.8506085,-0.8780948,-0.879369,-0.9008483,-0.85424906,-0.8673551,-0.9321572,-0.89393127,-0.93142915,-0.89848197,-0.9190512,-0.92979085,-0.64710087,-0.76141465,-0.79527193,-0.80455536,-0.8395048,-0.821666,-0.821302,-0.77797925,-0.7983664,-0.7925415,-0.7981844,-0.76250684,-0.7439399,-0.7719723,-0.68969554,-0.64127594,-0.6740411,-0.69333607,-0.70098126,-0.62580353,-0.6649397,-0.71699977,-0.7013453,-0.71900207,-0.7932696,-0.77361053,-0.802007,-0.7494008,-0.77379256,-0.74758047,-0.81274664,-0.7772511,-0.4475978,-0.45851952,-0.3969939,-0.48236522,-0.5573609,-0.461796,-0.39590174,-0.30816406,-0.27139434,-0.29323775,-0.32964343,-0.42138574,-0.52769023,-0.5651881,-0.4257544,-0.43012306,-0.4272106,-0.5333332,-0.48964635,-0.57210517,-0.53660965,-0.5113077,-0.54789543,-0.6017758,-0.6210708,-0.5795684,-0.65729445,-0.6980688,-0.7375689,-0.6591148,-0.7022555,-0.699161,-0.6731309,-0.75540775,-0.7965461,-0.82439643,-1.1833564,-1.213027,-1.2414235,-1.2010131,-1.2603543,-1.2485225,-1.181354,-1.2355986,-1.2459741,-1.2507068,-1.1502272,-1.1010795,-1.1008976,-1.0659481,-1.0391899,-0.9938649,-0.9749339,-1.0098833,-0.92469406,-0.90485305,-0.8076498,-0.86316854,-0.8560694,-0.9743878,-0.9374361,-0.92578626,-0.95127016,-0.9749339,-0.94362503,-0.92724246,-0.9323393,-0.90776545,-0.9570951,-1.0553905,-0.96292,-0.9891321,-0.97966665,-0.8713598,-0.91632074,-0.8915649,-0.9416227,-0.8873783,-0.90266865,-0.87336206,-0.911224,-0.9279706,-0.9321572,-0.89957416,-0.8697215,-0.8784589,-0.83295184,-0.7868986,-0.8078319,-0.8129287,-0.76250684,-0.8842837,-1.0963467,-1.0979851,-1.0572107,-1.0275401,-1.0120677,-0.9259683,-0.9084936,-0.97548,-1.0633997,-1.1098169,-1.1797158,-1.2720041,-1.1693401,-1.0544803,-1.084879,-1.0464711,-1.1398516,-1.1132755,-1.091432,-1.1251073,-1.1513194,-1.1828103,-1.0153443,-1.0861533,-1.0049685,-1.0288143,-1.0428305,-0.97456986,-0.99040633,-0.9347057,-0.9356158,-0.9226917,-0.82621676,-0.8043734,-0.8673551,-0.83895874,-0.83586425,-0.78871894,-0.76760364,-0.7042578,-0.69715863,-0.7821659,-0.77543086,-0.20804848,-0.31762955,-0.2209725,-0.28996125,-0.32727703,-0.3294614,-0.20222355,-0.11521401,0.0014661667,0.040056176,0.27341652,0.2717783,0.37116578,0.33639836,0.3456818,0.20479184,0.31473696,0.37280405,0.3893686,0.36024407,0.33494213,0.28178984,0.27705708,0.37553445,0.40720737,0.30964017,0.3715298,0.15418796,0.23646478,0.31091437,0.31728536,0.4477997,0.6913537,0.6698743,0.7199321,0.5593831,0.5835929,0.5490075,0.565026,0.6192704,0.55082774,0.57085085,0.49476302,0.61417365,0.66860014,0.6460286,0.6594987,0.71064866,0.7779992,0.8171353,0.9159767,0.95256436,0.872836,0.9378201,0.8868522,1.0342952,1.0925442,1.1480628,1.1178461,1.0807123,0.92398596,0.872836,1.0117236,0.8768406,0.9358177,0.87957096,0.87520236,0.892495,0.85572535,0.8599119,0.9005043,0.8513566,0.7931075,0.8322436,0.7308538,0.719204,0.77344847,0.9365459,0.8120385,0.74213964,0.71574545,0.7665314,0.7350405,0.74687237,0.6544019,0.7536074,0.7860084,0.82550853,0.97786635,0.92507803,0.975682,0.95110816,0.9034167,0.8830295,0.8648267,0.83206165,0.8222321,0.85008246,0.8318796,0.74323183,0.732128,0.6547659,0.7079182,0.7355866,0.77272034,0.7608885,0.76616734,0.73540455,0.6738789,0.67406094,0.7858264,0.86955947,0.9380021,0.93836623,0.8802991,0.8236883,0.7971122,0.74669033,0.66241115,0.6507613,0.6143556,0.64184195,0.68807715,0.6589526,0.85172063,0.74232167,0.6942661,0.7221164,0.66586965,0.67970383,0.8287851,0.8963176,0.85900176,0.7900131,0.7592503,0.68662095,0.63310456,0.7199321,0.7390451,0.5954247,0.5855952,0.5814085,0.6349248,0.59251225,0.6050722,0.5213392,0.45216838,0.5344452,0.5466411,0.45835733,0.48183903,0.49276072,1.0248296,0.9403685,1.0348412,1.0457629,1.01409,1.0623275,0.9831452,0.9734976,1.0348412,0.9764101,0.99552304,1.0244656,0.97877645,0.994977,1.0104494,0.96931094,1.0317467,1.2097704,1.252001,1.1274936,1.1922958,1.1857427,1.1784616,1.1983027,1.18101,1.2317959,1.3776006,1.4272944,1.4717091,1.4815387,1.5175803,1.4276584,1.4709811,1.6111429,1.7564015,1.6404495,2.2129285,2.2196639,2.2888346,2.1663294,2.0552921,2.0052342,1.9742894,1.9336972,2.0250754,2.1029837,2.3004842,2.221848,2.2083778,2.221666,2.3656504,2.3991437,2.375844,2.3922267,2.381851,2.5154598,2.717147,2.6088402,2.7138708,2.8540325,2.837104,2.6543474,2.6721864,2.6876588,2.5513194,2.5382135,2.6197622,2.6184878,2.5853586,2.6390572,2.6725502,2.5336626,2.543492,2.5698862,2.4774158,2.3838532,2.5580544,2.2054656,2.2231224,2.298482,2.31177,2.2052834,2.3232377,2.5474968,2.4817846,2.5338447,2.5562341,2.4646738,2.5289297,2018-04-17
SNX_MSI,-0.6327449,-0.41894788,-0.42203447,-0.6504413,-0.6008503,-0.62986416,-0.4646292,-0.3946668,-0.50887024,-0.48582375,-0.37655887,-0.3675049,-0.26955745,-0.14691737,-0.08189343,-0.096709006,-0.06790094,0.008234684,0.056796864,0.009057772,-0.07016443,0.064204656,0.046508264,0.025931071,0.02346181,0.05535646,0.13375556,0.09939166,0.24302047,0.10494749,0.055768006,0.031692684,-0.002465457,0.085399166,0.024079125,0.14136913,0.15741934,0.20742193,0.17182338,0.17079452,0.1753215,0.12120348,0.024902213,-0.7029131,-0.731927,-0.7560023,-0.7070286,-0.7551792,-0.75867736,-0.7868681,-0.88687325,-0.832138,-0.7590889,-0.88460976,-0.8344014,-0.9494279,-0.84036887,-0.80271256,-0.86650187,-0.9562184,-0.8434554,-0.78007764,-0.980088,-0.9387278,-0.90601003,-0.78666234,-0.8325495,-0.8047703,-0.7870739,-0.7385117,-1.0060152,-1.0965549,-1.031531,-0.9107429,-0.91979676,-1.0401733,-0.99243426,-1.0132172,-0.9595108,-1.1111647,-1.1570519,-1.0154808,-0.90991974,-0.9735033,-1.0675411,-0.96115696,-0.8014779,-0.9704167,-0.9453125,-1.0436715,-1.0560179,-1.0397618,-1.2467685,-1.0527256,-0.86464995,-0.91609293,-0.6378892,-0.72637117,-0.6255429,-0.5535227,-0.66813767,-0.77493334,-0.7424214,-0.6950938,-0.7864566,-0.877202,-0.9261757,-0.9846149,-1.0142461,-0.78275263,-0.8743212,-0.7870739,-0.66710883,-0.4642177,-0.45166558,-0.26873437,-0.20371044,-0.10514566,-0.10926111,-0.117286205,-0.1936276,-0.1679061,-0.103911035,-0.11605158,-0.32902554,-0.27758256,-0.1026764,-0.25844577,-0.32305816,-0.40166306,-0.5773923,-0.60620034,-0.6224564,-0.39013982,0.42368826,0.23540692,0.2808825,0.12717086,0.17984849,0.09980321,0.01090972,0.0030903858,0.0051481053,-0.05246804,-0.11111306,-0.1401269,-0.09444552,-0.15185589,-0.28704807,-0.29548472,-0.19198143,-0.2310781,-0.31482726,-0.32408702,-0.37511846,-0.30844834,-0.19095257,-0.11564003,-0.21585098,-0.21255863,-0.24692255,-0.26729396,-0.18704289,-0.18704289,-0.25042066,-0.14465389,-0.11769776,-0.16481952,0.05988345,0.097951256,-0.3317006,-0.27614215,-0.16152719,-0.34569305,-0.4998162,-0.5125741,-0.47718132,-0.5140145,-0.9181506,-0.7356309,-0.6214275,-0.6584664,-0.62739486,-0.61422545,-0.55763817,-0.5463207,-0.60496575,-0.48952764,-0.69427073,-0.61566585,-0.85456705,-0.7025016,-0.69262457,-0.5835654,-0.4026919,-0.4245037,-0.35845092,-0.36215484,-0.14239039,-0.020984933,0.13169785,-0.09794364,-0.029215813,0.106387906,-0.013165599,0.21174315,0.18293506,0.3160695,-0.23581086,-0.41030547,-0.36585873,-0.55558044,-0.41483244,0.01296744,0.03642544,0.07078936,0.11914576,0.3374698,0.154127,0.1284055,0.11338415,0.07511057,0.02778302,0.094658904,0.16318096,0.037865844,0.20166032,0.124495834,0.28026518,-0.50454897,-0.16461377,-0.1893064,-0.95313185,-1.0206251,-0.8370764,-0.8848156,-1.0963491,-1.0420253,-1.1025223,-1.1280379,-1.2218701,-1.2683744,-1.3920434,-1.2214584,-1.2844247,-1.4554212,-1.4675617,-1.5772382,-1.5655091,-1.6424679,-1.7332134,-1.7315673,-1.6422621,-1.5513109,-1.631562,-1.7500868,-1.9449527,-2.081174,-2.0435174,-2.081997,-1.5887614,-1.5317625,-1.4702368,-1.3253733,-1.5994616,-1.518799,-1.409534,-1.4350498,-0.9961382,-0.9409913,-0.84242654,-0.76999485,-0.60393685,-0.6562029,-0.57451147,-0.38334936,-0.2825211,-0.16770034,-0.066460535,-0.031067759,0.09548199,0.26524386,0.17100029,0.28664413,0.2841749,0.14610188,0.03333886,0.00041535043,-0.028804269,-0.09547438,-0.087655045,0.046302494,0.0491833,0.09301273,0.44796938,0.25701296,0.41051885,0.3638086,0.3909705,0.26071686,0.264215,0.37224525,0.393234,0.27326894,0.5109356,0.49097568,0.6436585,0.673907,0.76053697,0.73090583,0.6944842,0.7329635,0.6815205,0.6103234,0.7142383,0.8230916,0.82494354,0.66938,0.60209256,0.7119748,0.70929974,0.69098604,0.5062028,0.24816477,0.2310857,0.2543379,0.32224268,0.34137946,0.45023283,0.33726403,0.19857372,0.15289235,0.30722132,0.40331683,0.4559945,0.47369087,0.42780373,0.34055638,0.26833043,0.32676968,0.3895301,0.34405452,0.37553763,0.2582476,0.20083722,0.30166548,0.16009438,0.010292404,0.07860869,-0.01440023,-0.029627355,0.022227177,-0.01234251,0.23087993,0.2516629,0.3537258,0.5881001,0.4440597,0.4123708,1.3992531,1.2395741,0.9930593,1.1570596,1.0247481,1.1574711,1.1585,1.193687,1.016723,1.004994,0.8593075,0.70971125,0.7315231,0.5555881,0.54427063,0.5197838,0.5197838,0.5527073,0.53768593,0.4763659,0.41298813,0.3806819,0.3471411,0.34467182,0.43768078,0.31853878,0.40393415,0.39220515,-0.10432258,0.027371475,-0.23828012,-0.05740657,0.016671335,0.26606694,0.4152516,0.46072724,0.64283544,0.7127979,0.87021345,0.89902145,1.0549966,1.0895663,1.1272227,1.076397,0.9751571,1.0290693,1.1998601,1.2881362,1.4272381,1.3829972,1.4387614,1.6739585,1.7025609,1.6175772,1.6846588,1.5299183,1.5109873,1.3605679,1.3348465,1.3566583,1.2319605,1.1473882,1.2039754,1.3043922,1.1930696,1.2762015,1.0967683,1.0430619,1.28114,1.3502793,1.1626154,1.0416214,1.2362816,1.7770503,1.558109,1.6249849,1.5019332,1.4142745,1.1881311,1.1957446,1.0743393,1.0132248,0.9284469,0.9988209,1.0196038,1.1111724,1.2706456,1.1595289,1.1041762,1.193687,1.006846,1.3969896,1.2527435,1.4924678,1.3323772,1.4297073,1.4229169,1.330731,1.3366984,1.2434838,1.2617974,1.3511025,1.2827863,1.2117949,1.2963672,1.135865,1.3576871,1.2019178,1.1175513,1.1387458,1.1091146,0.9556088,0.8070414,0.80210286,0.8451092,0.6405719,0.6866648,0.67658204,0.7555984,0.69242644,0.42821527,0.43665192,0.5745191,0.57760566,0.6800801,0.093630046,-0.009050159,-0.12201896,-0.19095257,-0.18025242,-0.20988359,-0.54385144,-0.80826837,-0.7134075,-0.7634101,-0.70229584,-0.58706355,-0.3703857,-0.3454873,-0.30741948,-0.42861915,-0.3654472,-0.41483244,-0.26503047,-0.26688242,-0.22469917,-0.38643593,-0.48891032,-0.41647857,-0.49961045,-0.5592843,-0.5339744,-0.26132658,-0.18889484,-0.36441833,-0.3761473,-0.34281227,-0.26214966,-0.18045819,-0.09773786,-0.28848848,-0.24239555,0.11358991,0.006382737,0.07428748,0.17964272,0.36236823,0.20124876,0.11173797,0.052269887,0.043421686,-0.13786341,-0.37985122,-0.044442937,0.11420724,0.43685767,0.57431334,0.38047615,0.3308851,0.5413898,0.6346046,0.5660825,0.55599964,0.6313122,0.60476756,0.6325468,1.1395689,0.95540303,0.5154626,0.6105292,0.5393321,0.51566833,0.46504843,0.44652897,0.38644353,0.52513385,0.3411737,0.34672952,0.3010482,0.36812982,0.40743226,0.47266197,0.3572239,0.33582363,0.30557516,0.10844562,0.15165773,0.13252094,0.07181822,-0.02077916,0.07819715,0.00020957849,-0.037858233,-0.009667475,-0.05555462,-0.031479303,0.22655872,0.2545437,0.2216202,0.15721357,0.09074924,0.13087475,0.15350968,0.20433535,0.02469644,-0.0835396,-0.12551709,0.11791113,0.009469316,0.0712009,0.17100029,0.12717086,0.18252353,0.24878208,0.35043344,-0.09156471,-0.17778316,-0.14424233,-0.30618486,-0.14115575,-0.091976255,-0.059052743,0.13951717,0.28479218,0.24343202,0.32985625,0.30331165,0.098157026,0.16585599,0.36998177,0.49632576,1.460779,1.3418427,1.503991,1.3373158,1.3692104,1.4620135,1.4706559,1.5945307,1.1753732,1.269411,1.3068614,1.4772407,1.4253862,1.4257977,1.4531653,1.3908165,1.4496672,1.2422491,1.2735264,1.2537723,1.3185905,1.3058326,1.458927,1.4183899,1.5009044,1.5683976,1.3562468,1.3813509,0.6776109,0.86527485,0.8541632,0.8086876,0.9918247,1.0621986,1.0498524,0.9475837,0.95540303,1.2169392,1.1883368,1.0488235,1.1387458,1.0794834,1.0309213,1.0545851,1.3733258,1.3175616,1.3060384,1.2274336,0.9516991,1.3354638,1.0683718,0.9064293,1.0070517,1.1455363,1.0292751,1.0615813,0.9488183,1.037506,1.222495,1.4410248,1.5490551,1.5939133,1.659143,1.5957654,1.5651053,1.7009146,1.6404178,1.7424806,1.911831,2.0332363,1.7764331,1.7879562,1.9151233,1.0029364,1.3753835,1.1533556,1.0099325,0.7494253,0.64551044,0.76979667,0.48336214,0.17120607,0.01728865,-0.39507833,-0.57204217,-0.68459946,-0.7981856,-0.6535279,-0.6014676,-1.4373133,-1.7531734,-1.7696351,-1.7225133,-1.5869094,-1.5902019,-1.5280586,-1.6644856,-1.7373288,-1.5490474,-1.5747689,-1.5099508,-1.3469794,-1.1292726,-1.2025274,-0.9877016,-1.1875061,-1.3002691,-1.48176,-1.2642591,-1.372495,-1.3294888,-1.2607609,-2.367814,-1.7959738,-1.7023475,-1.6714818,-1.7190151,-1.6531682,-1.4017147,-1.8922751,-1.9147043,-1.7920641,-2.0227346,-2.1311765,-2.0513368,-2.2025793,-2.028702,-1.7852737,-3.8464913,-3.777146,-3.7343457,-3.9808605,-3.9345615,-3.900609,-3.7201474,-3.558822,-3.5193138,-3.5359812,-3.6436002,-3.7964888,2018-04-17
TXRH_CBRL,-0.10491756,-0.040815637,0.08913012,0.06334999,-0.103872426,-0.11467221,0.4204395,0.1943409,-0.05997654,-0.1756387,-0.15612943,0.01666707,-0.07948582,-0.13313635,0.053943735,0.13267763,-0.11362707,-0.13871042,-0.17494194,-0.12407847,-0.4999805,-0.49127102,-0.5647792,-0.5351669,-0.35923502,-1.224611,-1.0235957,-1.0228989,-0.62957793,-0.7414079,-0.57766926,-0.68322843,-0.72364044,-0.71667284,-0.24357282,-0.30279744,-0.436227,-0.58359176,-0.47594234,-0.61355245,-0.56930816,-0.45329762,-0.63724226,-0.6271392,-0.5689598,-0.7072666,-0.89992076,-0.8382575,-1.0145378,-1.3374861,-1.2667649,-1.3479375,-1.5019214,-1.8168571,-1.7799288,-1.5938938,-1.240288,-1.2172949,-1.1131294,-1.0741107,-1.0734141,-1.0389245,-1.0866525,-1.1159164,-0.99049956,-1.0120991,-0.91176575,-0.9058432,-0.72851783,-1.1915148,-1.1462255,-1.2765197,-1.186986,-1.1427417,-1.1079037,-1.1949987,-1.3472408,-1.008267,-1.1343806,-0.9622808,-1.0810784,-0.90340453,-0.7445433,-0.32544214,-0.35679635,-0.78216827,-1.1580703,-1.0765494,-1.0169765,-0.98388034,-0.8981789,-1.0915297,-1.0842139,-1.1883794,-1.2956805,-1.3542084,-1.2618877,-1.417962,-1.3709306,-0.6891509,-0.625049,-0.7170213,-0.9619324,-0.76509774,-0.8866824,-0.4937097,-0.44423974,-0.5072965,-0.6856671,-0.9695968,-1.060524,-1.1068585,-1.1859409,-0.79610354,-0.87030846,-0.38431838,-0.31638423,-0.5149609,-0.7267759,-0.5125222,-0.6685965,-0.812129,-0.4111436,-0.48047125,-0.52576065,-0.659887,-0.69925386,-0.87100524,-0.7765943,-0.7281694,-0.7232921,-0.77485234,-0.98283523,-0.5428313,-0.59334636,-0.63062304,-1.0946652,-0.80202603,-0.74419487,-0.6173846,-0.43796888,-0.33693868,-0.28955898,-0.31777775,-0.47001985,-0.44180107,-0.65222263,-0.69611853,0.3267253,0.43751013,0.655596,0.8855269,0.96426076,0.82699907,0.782058,0.96913815,0.84859866,0.6653507,0.4695611,0.49987012,0.54028225,0.6650023,0.45980647,0.7155174,0.9499772,0.8632305,0.8179412,0.9290744,0.99247956,1.2098687,1.1924497,1.2708352,1.1283478,1.0701684,1.3133376,1.4802116,1.5174882,1.4680184,1.550236,1.2398294,1.5495392,1.5868158,1.866565,1.4366641,1.2426164,1.1837403,1.236694,1.271532,1.2959186,0.70123386,0.72492373,0.57999754,0.7043693,0.705066,0.687647,0.70402086,0.8357085,0.9377839,0.63748026,0.43855524,0.2556558,0.39918834,0.26854584,0.157761,-0.17145815,-0.09620806,-0.3174294,-0.53307664,0.17831542,0.50474745,0.4169557,0.24903654,0.12675516,0.21245666,0.011789749,0.29223567,0.30651927,0.17274132,0.13685818,0.02154439,0.114561856,-0.0017970729,0.12745191,0.19120547,-0.010158193,-0.03907374,-0.2808495,-0.39790517,-0.19096743,-0.14846507,-0.14114909,-0.012596853,0.051156692,0.24067542,0.19782469,0.5291341,0.59846175,0.40162697,0.16577373,0.22360481,0.17030266,0.47548357,0.43541986,0.061259713,0.2061858,0.2535655,0.087039836,0.23997867,0.18110244,0.2413722,0.25600415,0.19782469,0.2758618,0.02886037,-0.07669878,-0.05684112,0.12710354,0.6660474,0.56815267,0.6284224,0.51241183,0.6653507,0.7162142,0.95520294,0.8182895,0.7750904,0.7346783,0.8987653,0.85939837,0.95171916,0.9513707,0.8761207,0.7176077,0.65176386,0.6343448,0.5528239,0.603339,-0.84418,-1.1733991,-1.0758528,-1.3270347,-1.3817304,-1.207192,-1.3761563,-1.3531632,-1.1326386,-1.0939685,-1.1681734,-1.2120693,-1.1688702,-1.0086154,-1.1873343,-1.4263229,-1.436426,-1.5437272,-1.625248,-1.6461508,-1.619674,-1.6433638,-1.4921669,-1.4165684,-1.0580853,-1.2381978,-0.83163834,-0.26517236,-0.114323825,0.17308971,0.32533178,0.38351122,0.34414428,0.23614648,0.010744608,0.04070529,0.29780975,0.22151452,-0.21883784,-0.07530526,0.043840714,0.11978757,0.07554329,-1.4148264,-1.2225207,-1.1563284,-0.92779124,-0.6281844,-0.48465183,-0.4275175,-0.4766391,-0.4083566,-0.4421495,-0.5940432,-0.6490872,-0.7466335,-0.9612357,-0.99189305,-0.9246558,-0.9190817,-0.92779124,-0.7313048,-0.6271392,-0.15438752,-0.13452987,-0.024790157,0.07798196,0.13232924,-0.026880436,-0.04116402,0.01945411,-0.033151276,-0.21953459,0.98829895,1.1443733,1.3216987,1.2349521,1.3293631,1.1325283,1.1593536,1.3655946,1.1158061,1.045085,0.90259755,0.9064297,0.85277915,0.7632455,0.85905004,0.5218181,0.3782855,0.3545957,0.29955167,0.41521382,0.44970343,0.4800125,0.37549847,0.34693134,0.47757384,0.5981133,0.7562779,0.45945808,0.551082,0.5671075,0.66883445,0.64584136,0.3873434,0.41382027,0.8182895,0.40023348,0.46119997,0.65455085,0.87298524,0.5423725,0.30686763,0.6047325,0.5691978,0.20723096,0.06927245,-0.0850599,-0.24183092,-0.30001038,-0.027577197,-0.8365156,-0.9803965,-0.6706867,-0.47872934,-0.78983265,-0.8082968,-1.1486641,-1.03126,-1.1455288,-1.053208,-0.7187632,-0.6877574,-0.8661279,-0.81143224,-0.94451344,-1.0518144,-1.111039,-1.0863041,-1.3364409,-1.334699,-1.2176434,-1.0845622,-0.98283523,-0.84522516,-0.98631907,-0.7999357,-0.8755342,-0.50346434,-0.30384254,-0.4111436,-0.69855714,-0.67277706,-0.47211015,-0.32857755,-0.27562377,-0.22510868,-0.06903442,-0.309765,-0.47176176,-0.42159504,-0.44180107,-0.66755134,-0.41915634,-0.52576065,-0.54701185,-0.68880254,-0.36341557,-0.5585084,-0.537954,-0.5651276,-0.42507884,-0.45887172,-0.44458812,-0.68148655,-0.7320016,-0.84661865,-0.79122615,-1.0040864,-1.1552833,-1.2653714,-0.30105552,-2.159663,-2.1189024,-2.2795057,-2.3031955,-2.1624498,-2.1537406,-2.4860952,-2.1746433,-2.0436525,-2.192759,-2.0791872,-2.2930925,-2.4739017,-2.342214,-2.288912,-2.135625,-2.0896387,-1.7499679,-1.5346693,-1.3538599,-1.2409848,-1.0472856,-1.0911814,-1.2591007,-0.9009659,-1.1524963,-1.2416816,-1.1315935,-1.1702636,-1.0622659,-1.0734141,-1.0737624,-1.1497092,-0.9107206,-0.7755491,-0.76788473,-0.9319717,-0.903753,-0.98074496,-0.91455275,-1.0371826,-0.9939834,-1.0141895,-1.1451803,-0.90549487,-0.79749703,-0.6487388,-0.93475884,0.3817693,0.38943368,0.030253889,-0.029319094,-0.21570241,-0.34286115,-0.309765,-0.5142641,-0.5543278,-0.56965655,-0.3135972,-0.034196414,0.07972386,0.06892408,-0.3700348,-0.48674208,-0.61877817,-0.79680026,-0.7271243,-0.8145677,-0.874489,-0.8096903,-0.58568203,-0.53481853,-0.6257457,-0.44946542,-0.2913009,-0.32648724,-0.34251273,-0.021654734,-0.11954952,-0.1481167,-0.14045233,-0.41462746,-0.34773844,-0.45260087,0.02816361,-0.09620806,-0.08018258,-0.05440246,-0.10526594,-0.11362707,-0.13592339,-0.3571447,-0.027925575,-0.13348472,0.105155595,-0.0035389732,0.03826663,0.22360481,0.13337438,0.10341369,0.3852531,0.42601362,0.37480173,0.29119053,0.28700998,0.31313848,0.3127901,0.2096696,-0.05231218,-0.2247603,-0.3536609,0.24241732,-0.07530526,0.13650979,0.33787346,0.7301494,0.66082174,0.6322546,0.7534909,0.6942662,0.6639572,0.66778934,0.6409641,0.6932211,0.7531425,0.6486284,0.789374,0.7479168,0.8252571,0.7991286,0.6597766,0.43158767,0.5566561,0.6367835,0.5594431,0.60926145,0.43507144,0.7127304,0.8928429,1.0381174,0.9130489,0.91931975,0.8945848,0.7963416,1.0879357,1.1635342,1.2903445,1.2126558,1.1168512,1.127651,1.2380874,1.1948884,1.0506591,0.85208243,0.65141547,0.82804424,0.66047335,0.47409,0.84859866,0.8193347,1.2652612,1.3774395,1.1220769,0.9990988,1.0147759,0.66744095,0.56327534,0.47478682,0.25391385,0.7005371,0.5155473,0.4134719,0.722485,0.6249386,0.26122984,0.34135726,0.16333507,0.07414977,-0.11014327,0.11700052,-0.057886258,0.1974763,0.19677955,0.23022403,0.15323204,0.18667653,0.18807006,0.2413722,-0.06694414,0.16507697,0.84337294,1.0938582,1.1081418,1.2656095,0.8862236,0.64618975,0.662912,0.4744384,0.007609188,-0.24670824,-0.0798342,-0.23416655,-0.10456919,-0.3466933,-0.23939225,0.011092989,-0.034893177,-0.095859684,-0.09307264,0.085297935,0.4451745,0.75244576,0.5956747,0.8395408,0.81201875,0.7681228,0.91095865,1.0764391,1.1833918,1.5857707,1.2307715,0.61692584,0.032692548,0.11700052,0.08738821,0.7221366,0.5367984,0.6932211,1.0384657,0.49429607,0.610655,0.57825565,0.82734746,0.9830733,0.617971,0.4848898,0.31662226,0.2849197,0.45283884,0.8033092,0.6479317,0.6925243,0.4866317,0.5883587,0.5361017,0.4329812,0.7799678,0.78240645,0.6935695,0.4256652,1.7394063,2.126805,1.860991,1.9358927,1.9968592,2.0836058,2.0062654,2.172791,2.3542972,2.3856514,2.3539488,2.206584,2.2163386,2.1494496,2.3455875,2.0491161,2.494346,2.4480114,2.7580695,2.6490266,2.7845464,2.5974662,2.647633,2.6058276,2.7298508,2.6647038,2.617324,2.4870298,2.5218678,2.4967844,2.5479965,2.6047823,2.9106598,2.580744,2.8671124,2.7267153,2.8751254,2.8054495,3.1642807,3.4374106,2018-04-17
ESGR_ACGL,0.18918082,0.22475877,0.2913268,0.22683631,0.17325297,0.18216911,0.1906524,0.33859095,0.3296748,0.4551066,0.41061252,0.5683328,0.58737695,0.45692444,0.34889212,0.2363584,0.2973863,0.46333024,0.39710847,0.25116092,0.22233498,0.44870085,0.4718135,0.5223671,0.66796845,0.7385184,0.9408193,0.8645562,0.7514165,1.0355208,1.0103306,0.97129005,0.9566606,0.7766067,0.5253969,0.6940243,0.4971769,0.4738045,0.36845565,0.46592715,0.67645174,0.5244447,0.4699091,0.3214512,0.3315792,0.3017145,-0.04791903,0.112311654,0.072751716,0.017090824,-0.09544287,0.08798706,0.2577398,0.31331414,0.6121344,0.6334292,0.62131023,0.6094509,0.4089678,0.45891544,0.49518588,0.31703642,0.2706379,0.24865055,0.34655485,0.34006253,-0.074580856,0.004712118,-0.11353483,0.00038389876,-0.14625616,-0.1847773,-0.17542835,-0.36500436,-0.30899718,-0.30207205,-0.20468712,-0.2382741,-0.24424705,-0.7077993,-0.8669047,-0.82336277,-0.6288526,-0.32959953,-0.43650654,-0.43650654,-0.65560097,-0.6708363,-0.6829553,-0.48515573,-0.4422198,-0.46463996,-0.35626137,-0.4874064,-0.51502043,-0.45234782,-0.54220164,-0.4820394,-0.6531772,-0.67706895,-0.6632187,-0.32760856,-0.60980844,-0.56574714,-0.50783557,-0.8375593,-1.0424572,-1.1394958,-1.323272,-1.2092668,-1.364823,-1.5591599,-1.4128662,-1.4992574,-1.3591098,-1.393216,-1.3053533,-1.3746047,-1.4243792,-1.2527221,-1.1703129,-1.3288988,-1.5376055,-1.3090755,-1.342143,-1.2682171,-1.2837987,-1.1716979,-1.3488952,-1.0440154,-0.9323473,-0.7685675,-0.89676934,-0.87426263,-0.6878895,-0.6117128,-0.6047877,-0.65274435,-0.6078174,-0.43590057,-0.8314998,-0.73835653,-0.65663975,-0.68511945,-0.7484846,-0.8026739,-0.7602573,-0.7188796,-0.9704357,-1.0148432,-0.7429445,-0.6889283,-0.79566216,-0.93658894,-0.85521847,-0.991038,-0.9526899,-1.0120732,-0.8617974,-0.7308254,-0.63621056,-0.60045946,-0.5505984,-0.6399329,-0.6067787,-0.6464251,-0.51406825,-0.42681134,-0.3041496,-0.42239654,-0.66036206,-0.55622506,-0.38716483,-0.5872151,-0.4228294,-0.46273556,-0.38318288,-0.49961194,-0.3650909,-0.2812966,-0.22606853,-0.09596225,-0.015457384,0.08556325,-0.059778348,0.21315914,0.21376511,0.17273359,0.030508304,0.14364795,0.04245419,0.05691044,0.6001885,0.1478896,0.06470123,-0.061682764,-0.098905444,-0.3501153,-0.7496099,-0.66157395,-0.6122322,-0.46342805,-0.24935435,-0.2175852,-0.008359103,-0.053026326,-0.07284957,-0.02030499,0.059767064,0.06409528,0.29816538,0.317123,0.4055052,0.5593301,0.38334474,0.17160825,0.25687417,0.43874592,0.48107594,0.5306773,0.52608943,0.44991273,0.49605155,0.42229867,0.42368373,0.42264494,0.102962695,0.07820527,-0.021170633,-0.0540651,0.0046255533,-0.024979465,0.36291552,0.25116092,0.2737542,0.2973863,0.105126806,0.25150716,0.33634028,0.19783726,0.20744589,0.25427723,0.29383716,0.46731216,0.4155467,0.17740807,0.17212763,0.20839812,0.31279474,0.28440166,0.1860645,-0.010350084,0.16961727,0.03777971,-0.018227443,0.015186408,0.091795884,-0.032943387,0.030335175,0.020120576,0.046868972,0.002461444,-0.14469801,-0.36907288,-0.2916843,-0.3782487,-0.36024332,-0.41824144,-0.35617477,-0.4691413,-0.33894846,-0.46273556,-0.43979597,-0.36180145,-0.49303308,-0.36309996,-0.5664397,-0.4722576,-0.6071249,-0.61413664,-0.48212597,-0.41754892,-0.5069699,-0.50186265,-0.48100063,-0.13708034,-0.03320308,-0.053459145,-0.06817509,-0.19326063,-0.13656095,-0.015284255,-0.15707672,-0.17283143,-0.2521244,-0.108167835,-0.08496858,0.04920621,0.073097974,-0.08860429,0.06634595,0.041934803,0.08331258,0.25505632,0.35789478,0.5465186,0.6787024,0.92593026,1.1662331,1.1106586,0.9765704,0.9875641,0.8635174,0.8412703,0.8876688,0.965144,1.141995,0.63065916,0.36646464,0.34897867,0.121747166,0.26146206,0.16944414,0.2387822,0.2383494,0.08062908,-0.06817509,-0.09951139,-0.14071605,-0.5136354,-1.1160369,-1.1701397,-1.207622,-1.1953299,-1.1302335,-0.94031125,-1.0998495,-0.9959721,-0.95502716,-0.95511377,-0.96385676,-1.0153625,-1.1358602,-1.1898763,-1.4738075,-1.4546769,-1.4300925,-1.4879174,-1.3841268,-1.6099734,-1.5740491,-1.5388174,-1.4255911,-1.5319787,-1.5839175,-1.409317,-1.1401018,-1.2294363,-1.2618114,-1.1880585,-1.147027,-1.2554057,-0.9195358,-0.9919036,-1.0126791,-0.7225153,-0.42482033,-0.7690869,-0.42456067,-0.4120954,-0.5646218,-0.81366754,-0.8094259,-0.9062049,-0.8224106,-0.73454773,-0.7224287,-0.65984267,-0.5599473,-0.5309483,-0.60175794,-0.39192587,-0.44447047,-0.34751832,-0.34431547,-0.3935706,-0.44377792,-0.3909737,-0.23818754,-0.106349975,0.5683328,1.0791492,1.8468021,1.8062035,2.03785,2.2954655,1.8753684,1.6752315,1.6270152,1.8803892,1.7713181,1.4780378,1.6494354,1.5160397,1.2923573,1.2012916,0.9288734,0.82819915,0.78664815,0.4181436,0.36611843,0.43234017,0.30812028,0.63966185,0.75539845,0.79902685,0.7041523,1.1786116,1.082785,0.77608734,0.7241487,1.0021935,0.75444627,0.88212866,0.86715305,0.7895914,0.87182754,1.2524512,0.98591936,0.8895732,0.86897093,0.741375,0.8092415,0.34629518,0.37061977,0.5063527,0.317123,0.17429174,0.15723856,0.2305586,0.54089195,0.47709396,0.43952504,0.29305807,0.0545732,0.09482565,-0.050256263,-0.45096278,-0.37521896,-0.6164739,-0.64079845,-0.77350163,-0.87426263,-0.8212852,-0.85617065,-0.7736748,-0.60253704,-0.9093212,-0.91728514,-0.71896607,-0.9336458,-0.94654393,-0.9501796,-0.90196323,-0.929231,-0.686591,-0.73506707,-0.8316729,-0.87971616,-0.972946,-1.0624536,-1.1939449,-1.3133172,-1.2307348,-1.0486033,-1.0698116,-1.0362246,-0.99562585,-1.0642715,-1.0379559,-1.3501935,-1.307604,-1.3712287,-1.4900817,-1.5711924,-1.5151852,-1.3649095,-1.1761992,-1.1290216,-1.4730284,-1.4532052,-1.4403071,-1.2582623,-1.3294181,-1.4049022,-1.464978,-1.4718165,-1.578031,-1.5434053,-1.6262474,-1.6256415,-1.4275821,-1.2336779,-1.1885779,-1.1238277,-1.3171259,-1.2374002,-1.2943596,-1.4865326,-1.4854937,-1.5110302,-1.6502256,-1.451647,-1.2500386,-1.8796214,-1.867589,-1.8736484,-1.8625681,-1.7983373,-1.6493602,-1.719131,-1.747524,-1.5900635,-1.5924007,-1.5463485,-1.337988,-1.40118,-1.5141466,-1.9061966,-1.8148712,-1.628325,-1.3976308,-1.6049526,-1.2817211,-0.9987422,-0.3579061,-0.41564453,-0.5641025,-0.6239184,-0.54739547,-0.5586489,-0.6728273,-0.84197414,-0.83305794,-0.5925821,-0.5949194,-0.6115397,-0.5868689,-0.42248312,-0.24970059,-0.29549316,-0.29990792,-0.63647026,-0.53605556,-0.25558698,-0.2868367,-0.44992402,-0.4325246,-0.4134804,-0.4880989,-0.45338657,-0.5279185,-0.61604106,-0.6452998,-0.58288693,-0.6867642,-0.75263965,-0.8891517,-0.43278426,-0.4438645,-0.6120591,-0.5933612,-0.83807874,-0.9336458,-0.7115216,-0.5557923,-0.53415114,-0.62218714,-0.6741258,-0.8257,-0.6811375,-0.6395,-0.5426345,-0.6275541,-0.5017761,-0.5070565,-0.5591683,-0.5369212,-0.45667604,-0.5461836,-0.4105372,-0.5496462,-0.6162142,-0.19854105,-0.31341198,-0.7167154,-0.41806832,-0.13967727,-0.29203057,-0.49164802,-0.3962541,-0.1648675,-0.14911279,-0.04826529,-0.15335444,0.026006958,-0.03554032,-0.14149512,0.1355109,0.4354565,0.5286863,0.8141756,0.8608339,0.8930358,1.033097,1.1263268,1.0137066,1.1477083,1.1469291,1.1475351,1.3589253,1.4796827,1.4067088,1.640779,1.5330063,1.4831451,1.3078523,1.3103627,1.318846,1.2140166,1.3104492,1.2199029,1.3092374,1.4718919,1.1489202,1.1752357,1.4695545,2.056721,2.1062355,2.0873647,1.9778606,1.7387699,1.5081624,1.2004259,1.1967902,1.3385828,1.2885485,1.685879,1.6540233,1.8310475,1.8603061,1.8177165,1.5091146,1.6560142,1.3352066,1.4446241,1.4660054,1.4273977,1.467477,1.2628388,1.0647795,1.1385324,1.3473257,0.8456851,1.1299626,1.306727,1.1062438,1.3559821,1.3308784,1.3153834,1.4491254,1.7014606,1.3418722,1.1042528,1.000116,0.47276574,0.3053502,0.6284951,0.88619727,1.1905576,1.466871,1.3882707,1.6124724,1.6490026,1.6850133,1.250893,1.006262,1.2918379,1.2723609,0.84274185,0.33097327,0.5292057,0.61074936,0.75938046,0.7999791,0.82213956,0.8709619,0.87338567,0.91433066,0.81642634,0.9423775,0.69047517,0.4879145,0.4969172,0.5210687,0.4467964,0.38360444,0.062190864,0.2305586,0.21324572,0.19939542,0.19247027,0.16035488,0.37970904,0.48774135,0.36958098,0.49129054,1.1105721,1.3816051,1.4972552,1.416231,1.606586,1.5974101,2.083123,2.416136,2.444183,2.5142136,2.699375,2.5825994,2.5444245,2.3766627,2.3836744,2.2775464,1.9221132,2.261532,2.071437,2.120259,1.9907587,1.9647027,1.9944811,1.870694,2.0162086,2.1721978,3.0103142,3.3655744,3.10943,2.872244,2.911804,3.0275402,2.9422743,2018-04-17
ARGO_AIG,-1.7341938,-1.6852102,-1.7358176,-1.8050983,-2.0578647,-2.1414886,-1.9734286,-1.9715343,-2.1100957,-2.1690924,-1.9937258,-1.5796653,-1.4527409,-1.4118762,-1.4034866,-1.4562591,-1.5715466,-1.6703256,-1.7428539,-1.7715404,-1.7201211,-1.6854808,-1.6548998,-1.5842661,-1.5807478,-1.7766824,-1.9293164,-1.9493428,-1.8938642,-1.8040158,-1.8984648,-1.9585441,-1.9655805,-1.9561086,-2.1994028,-1.9818182,-1.9211975,-1.8835803,-1.7864249,-1.8500224,-1.9111843,-1.8865572,-1.8573294,-1.8210653,-1.7190387,-1.7214743,-1.7203918,-1.6559824,-1.4936057,-1.6516523,-1.4968534,-1.6465105,-1.6925172,-1.818359,-1.894676,-2.0297194,-2.0308018,-1.9672043,-1.983442,-1.9650393,-2.1341817,-2.1958847,-2.0562408,-1.9772176,-2.1260626,-2.247845,-2.1804588,-2.085198,-2.0795147,-1.7474545,-1.8481281,-1.6091638,-1.6938702,-1.8594943,-1.7704579,-1.8362204,-1.7661278,-1.8373029,-1.7934612,-1.5734409,-1.3101201,-1.1978096,-0.9112148,-0.7537095,-0.78456104,-1.1428722,-1.6275665,-1.6857514,-1.320404,-1.1618161,-1.2005159,-1.3044369,-1.121222,-1.285493,-1.2210836,-1.1780539,-1.1442254,-1.0156771,-1.2294731,-1.2589715,-1.1645224,-1.018654,-1.0072876,-0.9003897,-0.7672409,-0.52340525,-0.6644023,-0.3602167,-0.32449386,-0.5190752,-0.5610225,-0.37374812,-0.39539832,-0.28092277,-0.21164209,-0.17646049,-0.16644725,-0.21434836,-0.24141115,-0.17646049,-0.21624276,-0.29526606,-0.29797232,0.046266146,-0.065232486,-0.02896837,-0.02761523,0.024886552,-0.07281006,-0.23599857,-0.4871411,-0.74153125,-0.85492426,-0.42679116,-0.46386713,-0.58159024,-0.3415434,-0.21001832,-0.18106116,-0.07578697,0.01081391,0.045183633,-0.20054635,-0.2665795,-0.23302168,-0.23545733,-0.14073761,-0.18782684,-0.36211112,-0.45628956,-0.5983691,-0.62678504,-0.601346,-0.48172855,-0.4654909,-0.70743215,-0.5382898,-0.5932272,-0.74099,-0.5288178,-0.35290977,-0.17646049,-0.38755012,-0.60513484,-0.5014844,-0.6462703,-0.671168,-0.6105474,-0.696607,-0.7794191,-0.74017805,-0.82840276,-0.9480202,-1.033268,-0.9225812,-0.8278615,-0.65763664,-0.5918741,-0.59458035,-0.51853395,-0.6692736,-0.7098678,-0.4828111,-0.4681972,-0.5512799,-0.39756334,-0.37780753,-0.58673215,-0.62353754,-0.6736037,-0.46061963,-0.2906654,-0.42273173,-0.37645438,-0.30717367,0.04545426,-0.069291905,-0.12883002,-0.0936484,-0.52178144,-0.33531895,0.103368595,-0.31745753,-0.19946383,-0.26224947,0.074952684,0.24328314,0.19078135,0.4430064,0.64949536,0.57128394,0.6597792,0.7569345,0.7753373,0.6854888,0.49875575,0.38265643,0.5009207,0.46195036,0.41431987,0.25816765,0.3618181,0.22352731,0.13340828,0.2565439,0.3520755,0.19348763,0.23245804,0.20431274,0.11175805,0.054384977,0.06250381,0.26791027,0.090107836,0.17346118,0.0026950776,0.0018831945,-0.034110293,-0.15318649,-0.00082308304,0.07820021,-0.05386612,0.059256274,-0.19161564,-0.31745753,-0.27253333,-0.28173468,-0.39810458,-0.5420786,-0.5520918,-0.6438346,-0.38700885,-0.47983417,-0.58970904,-0.5699532,-0.6619667,-0.65763664,0.06737511,0.10499236,-0.0065062656,0.06954013,0.08577779,-0.06279683,-0.11638113,-0.12828875,0.06115067,0.15668227,-0.08282329,-0.2665795,-0.2820053,-0.24709432,-0.37510124,-0.43274495,-0.5878147,-0.51609826,-0.55750436,-0.5063557,-0.33207142,-0.32530573,-0.27307457,-0.21597213,-0.17294233,0.022992158,0.06521009,0.22704548,0.16263609,0.16047105,0.106345505,0.08794281,-0.004070616,-0.08119953,-0.11015669,-0.07091567,-0.10122598,0.5382674,0.70335025,0.575614,0.3610062,0.34395668,0.41134298,0.790763,0.72391796,0.5848153,0.39970598,0.25681454,0.26980466,0.3853627,0.25194323,0.19862957,0.05655,0.025427805,0.0026950776,0.012437676,0.024886552,0.033546638,0.047348656,0.12231253,0.10282734,0.009190144,0.022450902,0.00242445,-0.3152925,-0.18620309,-0.46494967,-0.46657342,-0.42760304,-0.3580517,-0.4205667,-0.28146404,-0.33098894,-0.3648174,-0.22760913,-0.1824143,-0.099872835,-0.15237463,-0.08985961,0.05763251,0.085236534,0.061691925,0.037064802,0.020827135,-0.10663853,-0.03356904,-0.11719301,-0.04385289,0.109593034,0.11879438,-0.0644206,-0.00082308304,0.0043188445,-0.06793876,-0.04791231,0.08658967,-0.0005524553,0.007566377,0.07549394,0.038417943,-0.102849744,-0.12260557,-0.14912708,-0.1580578,0.0010713113,-0.13586631,-0.18457931,-0.060631815,-0.18268493,-0.2741571,-0.19432192,-0.08119953,-0.09391903,-0.15426901,0.035170406,0.01433207,-0.05603114,-0.09933159,-0.11556924,-0.288771,-0.41975483,-0.44546446,-0.49661312,-0.67901623,-0.90499043,-0.8010693,-0.8200133,-0.79511553,-0.23681046,0.42000306,0.60781866,0.29930308,0.30471566,0.2524845,0.28712484,0.542868,0.72500044,0.62135005,0.8830471,0.77371347,0.6965845,0.5693896,0.5325842,0.4283925,0.5490925,0.659238,0.5775084,0.5049802,0.3011975,0.25600263,0.1861807,0.17129616,0.0043188445,-0.046288542,0.15965916,0.33015466,0.054655608,0.056279372,0.1317845,0.2468013,0.17129616,0.32636586,0.36506563,0.5001089,0.4808943,0.376432,0.4633035,0.52338284,0.51282835,0.59699357,0.5158053,0.3434154,0.10174482,-0.09581342,-0.09635468,0.008919516,-0.046017915,-0.0067768935,-0.026803346,0.007837005,-0.14019637,-0.11015669,0.22298606,0.33664972,0.36127684,0.35938242,0.4519371,0.2800885,0.33421406,0.32365957,0.45978534,0.42703936,0.28847796,0.26385087,0.16128294,0.28035915,0.30282125,0.3423329,0.5006501,1.5923624,1.5103621,1.2751867,1.2002227,1.2543484,1.3298535,1.2868237,1.0751928,1.0362223,1.3241704,1.360705,1.1728895,1.145556,1.2575958,1.249477,1.3114508,1.42322,1.2473121,1.3247116,1.3428435,1.2954838,1.4026524,1.2586784,1.161523,1.2251205,1.3157809,1.3964279,1.3539393,1.2332394,1.2318863,1.274916,1.5274117,1.6410754,1.5106328,1.3896623,1.3114508,1.2860117,1.3366193,1.6145539,1.5631346,1.4470353,1.5953393,1.6573131,1.7723298,1.5891149,1.6960129,1.8464818,1.8056171,2.0881524,1.7761186,1.4724743,1.4248438,1.3912859,1.2505594,1.1406847,0.9734367,1.1041499,1.1812788,1.3406786,1.1539454,1.0053709,0.88629466,0.5972642,0.3550524,0.4476071,0.5507162,0.43948823,0.3899634,0.33881474,0.20214772,0.19132262,-0.05603114,0.027322201,0.093084745,0.062233184,-0.070374414,-0.21516025,-0.11962867,-0.0887771,-0.09824907,-0.21786653,-0.22327907,-0.3231407,-0.1718598,-0.23166855,-0.4354512,-0.39404517,-0.4419463,-0.45791334,-0.38782075,-0.43193305,-0.4722566,-0.3366721,-0.17862551,-0.012730703,0.016226465,-0.071456924,-0.10555602,0.02515718,-0.09229526,-0.0887771,-0.10961544,-0.3355896,-0.41704854,-0.40162274,-0.3550748,-0.3104212,-0.33964902,-0.42679116,-0.47929293,-0.48822364,-0.6140656,-0.90390784,-0.7266467,-0.79755116,-0.74017805,-0.8865877,-0.9331357,-0.7347655,-0.6411283,-0.7277292,-0.78374916,-0.39350393,-0.3493916,-0.14344388,-0.24168177,-0.17483672,-0.0048824986,0.2262336,0.19592328,0.18969885,0.3109401,0.40944856,0.35992372,0.2798179,0.34991047,0.4281219,0.40998983,0.45626718,0.09606164,0.30498627,0.11635873,0.0032363331,0.20810154,0.09200223,0.40538916,0.476023,0.7195879,0.686842,0.6963139,0.48522434,0.41973242,0.41459048,0.3696663,0.4573497,0.4108017,0.5693896,0.4126961,0.5512575,0.6646505,0.47710553,0.5041683,0.5374555,0.598888,0.6205382,0.5239241,0.32230645,0.37047818,0.13232575,0.18996948,0.30661005,0.10309797,0.12501882,0.09362599,0.08794281,0.095520385,0.14098586,0.2505901,-0.054948628,0.0051307273,-0.06983316,-0.11178046,0.2554614,0.031652246,-0.078493245,0.08604842,-0.063338086,-0.054948628,-0.08282329,0.015685208,0.014061443,0.07305829,0.016226465,0.29307863,0.4329932,0.64949536,0.7444857,0.78697425,0.6979377,0.75016886,0.6754756,0.64191777,0.87465763,0.62378573,0.5978055,0.5902279,0.49496695,0.51499337,0.5060627,0.67737,0.77452534,0.75341636,0.80727136,0.7098453,0.628657,0.7379906,0.78210294,0.64002335,0.5496337,0.75585204,0.77479595,0.59239286,0.4224387,0.35775867,0.15559976,0.16913114,0.11744123,0.100391686,0.32961342,0.40051785,0.401871,0.5553169,0.4430064,0.54882187,1.17749,0.88927156,0.2468013,0.012167049,-0.18403806,-0.16536474,-0.028427113,-0.26739138,-0.33423644,-0.12179368,-0.050347958,-0.01191882,0.036794174,0.36262998,0.17697935,0.16615425,0.1853688,0.1472103,0.6294689,0.5569407,0.14477466,0.0898372,0.11933564,0.15857667,0.6156669,0.68657136,0.5561288,0.72878927,0.74259126,1.1929158,1.282223,1.4324214,1.6759863,1.7690823,1.8941123,2.2751563,2.5528202,2.809105,3.2293897,3.0986764,2.9463131,3.0440097,2.7758176,2.808834,2.7382004,2.662154,2.8505108,2.8491578,2.9836597,3.0296664,2.9657981,2.8672898,2.960115,3.0266895,3.0404916,3.1249273,3.3538785,3.0846038,3.0396798,3.055647,2018-04-17
HMN_AIG,-0.12120621,0.028113114,-0.016085407,-0.20721415,-0.38639733,-0.5572187,-0.4517992,-0.4314918,-0.60828584,-0.69638425,-0.5802138,-0.5521418,-0.606494,-0.47091207,-0.46762705,-0.48763585,-0.51152694,-0.5631914,-0.70116246,-0.7653698,-0.659353,-0.57513696,-0.5715533,-0.5366126,-0.53541803,-0.67189586,-0.78985816,-0.97441685,-0.94186527,-0.8107628,-0.8707892,-0.91110545,-0.97411823,-0.9469421,-1.2366216,-0.90244496,-0.8678028,-0.8015051,-0.71460116,-0.766863,-0.85824645,-0.8071792,-0.6945924,-0.6324756,-0.6447197,-0.6226205,-0.56528187,-0.51481193,-0.4771835,-0.5160065,-0.46912023,-0.5724492,-0.5730465,-0.7235604,-0.751931,-0.76118886,-0.72983176,-0.8047901,-0.8681015,-0.85227364,-0.98516786,-1.0678908,-0.82240975,-0.7375964,-0.82688934,-1.3733982,-1.4668721,-1.3411453,-1.3605567,-1.0496738,-1.1748034,-1.2219883,-1.3268105,-1.4441755,-1.3518962,-1.4620938,-1.4752339,-1.5902097,-1.5964813,-1.5678118,-1.5388439,-1.3784751,-1.1488218,-0.8167356,-0.7534242,-1.0681894,-1.2757432,-1.2342325,-1.1225417,-0.92872506,-0.9878556,-1.108207,-0.95440805,-0.9475394,-0.883332,-0.85555863,-0.762682,-0.6799591,-0.7856772,-0.8307717,-0.68175095,-0.645317,-0.5948471,-0.49450454,-0.43925637,-0.29292342,-0.24693309,-0.011904465,-0.18780263,-0.44313866,-0.5333276,-0.595743,-0.52645886,-0.4386591,-0.24215487,-0.15525101,-0.34010836,-0.30636218,-0.4819617,-0.4455278,-0.55124587,-0.6748823,-0.6061954,-0.56050366,-0.6945924,-0.7268454,-0.7826908,-0.69728017,-0.7587997,-0.9935297,-1.4761298,-1.3787737,-1.4319314,-0.99263376,-1.0377282,-1.2040701,-1.0947682,-1.0257827,-1.029665,-0.9436571,-0.8746715,-0.9027436,-1.1443422,-1.2408026,-1.403262,-1.3668281,-1.189138,-1.2975439,-1.3545839,-1.3076977,-1.2888834,-1.3071003,-1.3414439,-1.2814174,-1.1792829,-1.4071443,-1.2909739,-1.4137144,-1.4226735,-1.175998,-1.0135385,-0.8349526,-0.99771065,-1.1521069,-1.0523615,-1.1634551,-1.0523615,-1.1667402,-1.2497617,-1.2324407,-1.2234815,-1.3241228,-1.3501043,-1.4259586,-1.4528359,-1.4644829,-1.2829106,-1.258721,-1.2617073,-1.2207937,-1.204966,-1.139564,-1.1804775,-1.1317993,-1.2500603,-1.09656,-1.2575263,-1.2688746,-1.2488658,-1.204966,-0.94067067,-0.8740743,-0.99233514,-1.075058,-1.0320541,-0.89109665,-0.8546627,-0.79374045,-0.5724492,-0.6620408,-1.0054753,-0.45448694,-0.45687604,-0.27888742,-0.3180091,-0.09522465,0.0072084083,-0.039976496,0.024828088,0.12397612,0.120691106,0.15473591,0.23477107,0.083958544,0.06633887,0.029307667,0.027814476,0.034384526,-0.020564986,0.019452592,0.059470173,-0.05908937,-0.1134416,-0.20392913,-0.15644556,-0.014890852,-0.05908937,-0.1830244,-0.24932219,-0.2654487,-0.24782899,-0.2107978,-0.10448244,-0.27679694,-0.28067926,-0.43447816,-0.47867668,-0.45150054,-0.5133188,-0.36250624,-0.3359274,-0.49450454,-0.475093,-0.67368776,-0.6011185,-0.48166308,-0.5637887,-0.63367015,-0.59872943,-0.6396429,-0.73192227,-0.68623054,-0.71131617,-0.7540215,-0.74386775,-0.7716412,-0.8397308,-0.22095153,-0.14151365,-0.16450882,-0.13942318,-0.2045264,-0.34608114,-0.3212941,-0.36161032,-0.23170252,-0.14868097,-0.32099548,-0.44761825,-0.45956382,-0.48614264,-0.51122826,-0.53631395,-0.5900689,-0.5097351,-0.6017158,-0.41835168,-0.29770166,-0.2980003,-0.35294983,-0.35683212,-0.23050795,-0.14838234,-0.13942318,-0.022655455,-0.036392834,-0.062971674,0.055289235,0.08873676,0.007507047,0.10964147,0.02661992,0.06753342,0.083958544,0.4969758,0.7570901,0.64748967,0.5767123,0.4814466,0.49817035,0.7108011,0.72901803,0.71109974,0.527437,0.5820878,0.5952279,0.59761703,0.54893893,0.55461305,0.42709434,0.4566596,0.49369076,0.5277356,0.48741937,0.47756428,0.527437,0.44560996,0.38080534,0.2828519,0.3407878,0.4112665,-0.2663446,-0.23886985,-0.32726687,-0.357728,-0.34100425,-0.3090499,-0.3523525,-0.28217244,-0.24275215,-0.32398185,-0.34040698,-0.29561117,-0.23379298,-0.26186502,-0.23976575,-0.17735027,-0.058790732,-0.14420138,-0.17048158,-0.12508851,-0.15883468,-0.19586588,-0.22035423,-0.14838234,-0.09641921,-0.14270818,-0.23886985,-0.27082416,-0.30636218,-0.368479,-0.25200993,-0.13165857,0.017063484,0.106655076,0.23775744,0.21954049,0.105759166,-0.009216717,0.038864106,0.06424839,0.13114345,-0.031315975,0.00033971955,-0.0077235242,0.058872897,0.112329215,0.0797776,0.078284405,0.100980945,-0.02623912,0.06693614,0.100980945,-0.010709911,-0.03489964,-0.12986673,-0.18541351,-0.26126775,-0.11702526,-0.27918607,-0.5273548,-0.6936965,-0.6781673,-0.67099994,-0.43298498,-0.71519846,-0.5195902,-0.5085405,-0.7244563,-0.71519846,-0.72594947,-0.69548833,-0.36907628,-0.28157517,-0.5927566,-0.5204861,-0.37833408,-0.30457035,-0.24424534,-0.12956809,-0.20542231,-0.11194841,-0.00861944,0.11501696,0.09381362,-0.09850968,-0.10507972,0.021244425,0.21834594,0.12935162,0.1708624,0.26105127,0.32645315,0.15234679,0.15891685,0.24402885,0.16041003,0.2526894,0.24134111,0.20610175,0.23716018,0.26612812,0.24761252,0.359602,0.48353705,0.391855,0.45486775,0.44262356,0.42410797,0.20012899,0.12965025,0.073804826,0.18758616,0.115912884,0.19983035,0.08993132,0.094410904,-0.009813995,0.019751232,0.16339642,0.37901354,0.38916725,0.35601836,0.23029149,0.124872044,0.2219296,0.15383999,0.27628183,0.29509607,0.18549569,0.527437,0.20998406,0.24611934,0.19116981,-0.030718701,-0.07282675,1.0342268,0.8562381,0.72304523,0.6101598,0.5665586,0.6582407,0.6053816,0.55610627,0.43157396,0.66510934,0.64241284,0.605083,0.5486403,0.53520155,0.43306714,0.49369076,0.48025206,0.42171884,0.558794,0.5289301,0.5190751,0.5525226,0.405891,0.3309327,0.38319448,0.45218003,0.4930935,0.4011128,0.36109522,0.40618965,0.41843385,0.51160914,0.38976452,0.32585585,0.34646192,0.35362926,0.46412554,-0.13374904,0.103071414,0.13711622,0.06454703,0.17116104,0.3183899,0.5023513,0.5223601,0.654657,0.58358103,0.3763258,0.45068678,0.19027391,0.18459976,0.04692735,0.06305384,0.114718325,-0.095821925,-0.17078023,-0.10448244,-0.17645437,-0.011605827,-0.23439026,-0.091342345,-0.1883999,-0.29172888,-0.34697703,-0.25887862,-0.31472406,-0.11314297,-0.21826378,-0.26425412,-0.3135295,-0.34757432,-0.49420586,-0.45627877,-0.4819617,-0.3126336,-0.37564635,-0.35026205,-0.2965071,-0.18601081,0.0095975185,-0.19855362,-0.25200993,-0.29829893,-0.18451759,-0.21856241,-0.39416194,-0.16540474,-0.40789932,-0.47807938,-0.5273548,-0.6468102,-0.53720987,-0.42492172,-0.46314746,-0.34578246,-0.3021812,-0.43746457,-0.51182556,-0.48405218,-0.6142586,-0.65965176,-0.98934877,-1.1243335,-1.0831213,-1.1201525,-1.178387,-1.1500164,-1.156885,-1.2425944,-1.2046673,-1.1049219,-1.1649483,-1.1455368,-1.1153742,-1.1616633,-1.1177634,-1.1583782,-1.2978426,-1.0762527,-1.0849131,-0.8830334,-0.76089025,-0.6393443,-0.74058276,-0.4974909,-0.63187826,-0.53989756,-0.40252385,-0.297403,-0.30009076,-0.24753036,-0.2239379,-0.1280749,-0.23797391,-0.55542684,-0.48106578,-0.4789753,-0.63844836,-0.68175095,-0.58977026,-0.5434813,-0.50226915,-0.6052995,-0.5375085,-0.42492172,-0.13852724,-0.025940482,0.1980385,0.29748517,0.30375656,0.1532427,0.011986626,-0.031614617,-0.013696297,0.3330232,0.38916725,0.43157396,0.295992,0.34556597,0.4181352,0.36378297,0.3763258,0.22879829,0.2837478,0.3494483,0.3649775,0.30047157,0.19624668,0.12098974,0.14129716,0.30913207,-0.07969543,-0.09432874,-0.23229979,-0.15913332,0.51967233,0.83593065,1.0270593,0.9273141,0.8302565,0.71438473,0.7815785,1.4529179,1.5834231,1.7440908,1.8238273,1.670327,1.8504062,1.7844069,1.9307399,2.0218246,2.1714425,2.1983202,2.2837307,2.2831335,2.3365898,2.40229,2.430661,2.4557464,2.5713196,2.5184608,2.5760982,2.6194005,2.500841,2.1881664,2.2350528,2.0979776,1.8704149,1.8280082,1.8772835,1.8907223,1.8402524,1.9229753,1.6936208,1.6768969,1.887736,1.9874814,2.0722947,2.0343676,1.9307399,1.9229753,1.8435373,1.5251886,1.6114951,1.5460933,1.641359,1.6315039,1.5431069,1.6210515,1.6285176,1.4636691,1.577749,1.5311613,1.6870508,1.5699844,1.2749294,0.70841193,0.6630189,0.5543144,0.35840747,0.61045843,0.30763888,0.2843451,0.23327787,0.32943952,0.34885103,0.81233823,0.7573887,0.7164752,1.0769321,0.9135767,1.3451096,1.4720309,1.4508275,1.2041521,1.1623427,1.1426326,1.2928478,1.71572,1.6616665,1.584319,1.8390578,1.9098352,1.9683684,1.9247671,1.9913636,2.18518,2.510696,2.4476833,2.5053205,2.6161156,2.7755885,3.097521,3.0557117,2.831434,2.853832,2.6352286,2.4751582,2.6199977,2.480235,2.6119347,2.6056633,2.559374,2.7723036,2.7938054,2.8738408,2.8391986,2.9377494,3.040481,3.0336125,3.074227,3.2029407,3.3170207,3.2259357,2018-04-17
PGR_CNO,-0.92199856,-1.1192961,-1.1847467,-0.5826943,-0.7658146,-0.8225229,-0.81118125,-0.95767754,-1.0169848,-1.0781826,-1.3690486,-1.4777395,-1.366922,-1.2454718,-1.1448147,-1.2367294,-1.2735897,-1.1535573,-1.2525604,-1.2320037,-1.0231283,-1.1835654,-1.0999207,-1.040377,-0.971382,-1.1554475,-1.2145185,-1.1630086,-1.2112106,-1.1247306,-1.2057761,-1.36196,-1.4368622,-1.4763217,-1.2835137,-1.3983479,-1.3191926,-1.3489645,-1.7076441,-1.6301428,-1.6504633,-1.5939913,-1.4075629,-1.4484402,-1.102756,-1.1949071,-1.0928322,-1.1029924,-0.9940653,-0.9477536,-0.6928027,-0.77219427,-0.904041,-0.9784705,-1.0037531,-1.0210018,-1.1330005,-0.88135767,-0.95295185,-1.007061,-1.002099,-0.9378297,-1.0578622,-0.8298477,-0.99595565,-1.0791277,-0.36200464,-0.38019854,-0.30364242,-0.29726273,-0.31474778,-0.33435938,-0.19566047,-0.60206956,-0.50731957,-0.46620607,-0.5623738,-0.6890222,-0.58647484,-0.5477242,-0.36673036,-0.1573824,-0.14556818,0.11836145,0.22799739,0.05976292,-0.33317795,-0.41942173,-0.51180893,-0.36554894,-0.4442316,-0.44801217,-0.32987,-0.55292237,-0.5179523,-0.5347285,-0.556703,-0.5316568,-0.6840602,-0.7674686,-0.6575964,-0.42816427,-0.6894948,-0.7251737,-0.75518185,-0.8454425,-1.0063521,-0.8099998,-0.9451544,-0.97658026,-0.9094755,-0.778574,-1.0628241,-0.9685466,-1.1561564,-0.92105347,-0.9305048,-1.0332886,-0.948935,-0.88466567,-1.0538453,-0.8938807,-0.89080906,-0.9312137,-0.6833514,-0.8014935,-1.0781826,-0.8792311,-0.5819854,-0.9371208,-0.8057467,-0.7367517,-0.9255429,-1.0280902,-0.71808517,-1.0399045,-1.3664495,-1.2813871,-1.459073,-1.3638504,-1.2258604,-1.328644,-1.3232094,-1.4115797,-1.509874,-1.4685243,-1.6610961,-1.4966422,-1.5337389,-1.6670032,-1.7416689,-1.7867993,-2.0363157,-1.7154415,-1.6528261,-1.7435594,-1.5599664,-1.447495,-1.1953796,-1.2712269,-0.98036087,-0.7109967,-0.91042066,-0.92743313,-0.87804973,-0.67153716,-0.704617,-0.74265873,-1.007061,-1.2903659,-1.0994481,-1.140798,-1.0009176,-0.9619307,-0.7114692,-0.7124144,-0.46762377,-0.085315675,-0.05270843,-0.14698587,-0.10965296,-0.06877577,0.08386393,0.3288908,0.3700043,0.42245942,0.31589517,0.15640323,0.4030841,0.14506158,0.3773291,0.17152543,-0.058851823,0.013214908,0.09166131,0.20200612,0.2008247,0.270056,0.8302862,1.2043244,1.1698269,1.2633955,0.9923773,0.6365331,0.32274744,0.28777736,0.13537394,0.15900236,0.26225862,0.27572685,0.23343194,0.15947494,0.23461334,-0.011122381,-0.009468391,-0.011358666,-0.028843708,-0.13895221,0.18239452,0.08551791,0.109855205,-0.10705384,-0.064286366,0.017704312,0.04416816,0.06945058,0.021721145,0.07181342,0.16207406,0.2780897,0.37992826,0.32558283,0.2126389,0.21500176,0.52666086,0.40851864,0.56824684,0.61195946,0.704583,0.95882493,0.88510424,0.7806665,0.5753354,0.21145749,-0.09169535,-0.16825148,-0.06334123,-0.23582882,-0.5531587,-0.6604318,-0.81590694,-0.7355702,-1.0058795,-0.8742691,-0.38468796,-0.24149962,-0.36365864,-0.17652142,-0.12052204,-0.22165175,-0.378072,-0.353971,-0.55008703,-0.5337834,-0.5295302,-0.48274595,-0.60348725,-0.55150473,-1.0446302,-0.8293751,-0.90569496,-0.85489386,-1.0897604,-1.2591764,-1.1854557,-1.3236821,-1.2520878,-1.1894724,-1.2896571,-1.0236008,-1.1140978,-1.1474138,-1.139144,-0.8945896,-0.71359575,-0.54937816,-0.47211316,-0.51299036,-0.52362317,-0.5772597,-0.67838943,-0.66137695,-0.649799,-0.8366999,0.0006918364,0.86336607,0.8040587,0.62282854,0.44041702,0.42293197,0.7215954,0.7036378,0.722068,0.49192703,0.33905104,0.012978624,0.07748425,0.025501695,0.023611419,-0.06286866,-0.02128261,-0.10445471,-0.12831941,-0.19778703,-0.21692605,-0.31049466,0.2126389,0.29793757,0.3019544,1.1431267,1.5535526,1.6709859,1.6319991,1.8077947,1.9136499,1.9205022,1.7841662,1.7591201,1.8115752,1.6104972,1.4618742,1.3928792,1.4784142,1.4401361,1.450769,1.2551254,1.0608997,1.0131704,1.1740799,1.0601909,0.95244527,0.9819808,1.1131186,1.0252209,1.0015924,1.0453049,0.91936547,0.9708755,0.90542465,1.016242,0.99639416,0.9841073,1.3645252,1.3437321,1.3224666,1.327901,1.1577764,1.1825862,1.3257746,1.1816411,0.9722931,1.1046125,1.3203399,1.4153262,1.2872602,0.9685126,0.91015035,1.0942159,0.89337415,0.97512853,1.0559378,1.4148537,1.3193948,1.2950575,1.2055058,1.2501636,1.3503481,1.3451498,1.368542,1.557097,1.4077653,1.3002558,1.428322,1.4401361,1.3997315,0.6707943,0.8470624,0.93117964,0.8338305,0.9722931,0.9911959,0.77664965,0.52193516,0.2624949,0.36811402,0.24217445,0.25327983,0.25327983,0.04582215,0.01983087,0.041332744,0.050784122,0.17506969,0.2702923,0.08220994,0.030936234,0.08102851,-0.12052204,-0.28355825,-0.2145632,-0.52244174,-0.67366374,-0.47636628,-0.44470417,-0.34003022,-0.5408719,-0.33932135,-0.43619794,-0.6826425,-0.5465427,-0.45722723,-0.4595901,-0.43596166,-0.34735504,-0.33341426,-0.2873388,-0.34239304,-0.426274,-0.2464616,-0.3355408,-0.11792292,-0.11981319,-0.15809126,0.105602086,-0.22826771,-0.020101188,-0.11272466,-0.176994,-0.10256443,-0.020101188,-0.17817542,-0.13115484,-0.10681755,0.086699344,0.03566192,0.24052046,0.13773677,0.29982784,0.09260645,0.103475526,0.15663952,-0.36909318,-0.39508447,-0.5753694,-0.7117055,-0.90829414,-0.8643452,-0.60065186,-0.62168115,-0.6890222,-0.6708283,-0.60065186,-0.47636628,-0.6590141,-0.4917248,-0.56898975,-0.46856892,-0.50708324,-0.43312624,-0.31380263,-0.20298529,-0.14769474,-0.089096226,-0.0054515568,-0.05105444,0.07772053,-0.033569396,-0.12217603,-0.24244477,-0.019864902,0.080555946,-0.047510173,-0.036168523,-0.052472144,-0.02081004,-0.03924022,-0.176994,-0.29135564,-0.23086683,-0.2979716,-0.2311031,-0.53520113,-0.5328383,-0.4551007,-0.48321855,-0.1963693,-0.028134856,-0.13280882,-0.18857193,-0.23063055,-0.37074718,-0.32963368,-0.525986,-0.5666269,-0.19518788,-0.59332705,-0.5307117,-0.65948665,-0.84095305,-0.5819854,-0.5942722,-0.38728708,-0.42721912,-0.38941363,-0.42981827,-0.5881288,-0.4855814,-0.5673358,-0.685478,0.35228297,0.40733722,0.22965139,0.2870685,0.22965139,0.27714455,0.34613958,0.33928734,0.3851265,0.3652786,0.14813328,0.2187823,0.5736814,0.9004627,0.6974944,0.46286404,0.2854145,0.2702923,0.2698197,0.52500683,0.67410225,0.72065026,0.8328854,1.0226218,1.2626866,1.1454896,1.0963424,1.0119889,0.95008236,0.63393396,0.3761477,0.39883098,0.29864642,0.46451804,0.43970817,0.5231165,0.622356,0.51201123,0.40733722,0.45506665,0.5791159,0.3801645,0.40733722,0.18310337,0.3047898,0.26485777,0.3293634,0.11316319,0.35086527,-0.34381077,-0.12950084,-0.21527207,-0.3688569,-0.17108688,-0.13446282,-0.34144792,-0.537564,-0.6112846,-0.551741,-0.49337876,-0.35538867,-0.26040238,-0.30269727,-0.025299443,0.28943133,0.43758163,0.61526746,0.46877116,0.4638092,0.32723683,0.3142412,0.15900236,0.29203045,0.024083987,-0.020101188,-0.36531264,-0.23252083,0.04369559,0.15522182,0.16585462,0.14080846,0.0540921,-0.03333311,-0.033805683,-0.18833564,-0.297499,-0.19896844,-0.24008194,-0.20322156,-0.22472343,-0.2570944,-0.25071472,-0.7076886,-0.5770234,-0.29631758,-0.39484817,-0.33223283,-0.3825614,-0.55835694,-0.55953836,-0.55410385,-0.6604318,-0.7117055,-0.7832997,-0.8066918,-0.9111295,-0.90640384,-1.1022836,-1.0510099,-0.78022796,-0.8631638,-1.0101327,-1.1710423,-0.8551301,-0.94609964,-0.7814094,-0.63869363,-0.58033144,-0.50637436,-0.29702646,-0.33365053,-0.15950896,-0.15454698,-0.08035371,0.072285995,0.004944955,0.17176172,0.21736461,0.14789699,0.053146962,-0.037586227,-0.22165175,-0.29419103,-0.08815108,0.039678756,-0.19873217,-0.7211569,-0.4988133,-0.3445196,-0.37996227,-0.42887315,-0.349009,-0.40453583,-0.31002212,-0.379726,-0.1663612,0.27974367,0.42576742,0.15096869,0.29935527,0.40379295,0.4999607,0.3577175,0.2414656,0.3021907,0.4271851,0.37496626,0.39953983,0.33928734,0.43592763,0.06023549,0.054564673,0.004472386,-0.025299443,-0.51629835,-0.77692,-0.5403993,0.016759174,0.15971121,0.37874684,0.25847808,0.25446126,0.041332744,-0.24149962,-0.25331384,-0.5342559,-0.7017816,-0.30600524,0.017468026,0.23012395,0.57651687,0.86502004,0.9708755,1.0382165,1.0793298,1.2674123,0.98694277,1.1109921,1.5044055,1.7971618,1.7955078,1.6301088,1.649484,1.8945107,1.847963,1.9299536,1.9190844,2.2229462,2.5766637,2.6862998,2.8167286,2.7259955,2.5199556,2.78105,2.7163079,2.7673452,2.518774,3.0719159,3.0199332,2.818619,2.9405417,2.9592083,2.8651671,3.1205904,3.3996422,3.085384,3.2460575,3.1661932,3.3852289,3.2321167,2.810349,2.887614,2.9719675,3.0650637,3.1316957,3.0253677,3.004811,2.917622,2.8831246,2.887614,3.1822608,2018-04-17
PUK_LFC,-1.3140692,-1.5276439,-1.3568424,-1.3972877,-1.5282259,-1.5465573,-1.3984517,-1.5468482,-1.638505,-1.2331785,-1.1915692,-1.2846808,-1.028333,-0.8982677,-1.0306609,-0.9523889,-1.0457915,-1.1351204,-0.9203818,-1.4220206,-1.7388909,-1.6018423,-1.3617889,-1.2695502,-1.570126,-1.4732319,-1.3699362,-1.383321,-1.4214386,-1.570417,-1.4810882,-1.1362842,-1.1159161,-1.1979707,-1.0952569,-1.0132024,-1.0198948,-0.79322624,-0.81272143,-0.78653383,-0.83483547,-0.8848829,-0.74026895,-0.6471574,-0.86364186,-1.0760527,-0.8098117,-0.84007305,-0.82523334,-0.5540458,-0.44027504,-0.40332136,-0.3995387,-0.26627272,-0.26772758,-0.017781146,-0.083541214,-0.16384996,-0.14755544,-0.52087474,-0.7001146,-0.7632559,-0.7981728,-0.57761467,-0.5749959,-0.673345,-0.43096384,-0.4193249,-0.3419259,-0.42048883,-0.34367174,-0.21797109,-0.32912305,-0.56161106,-0.10769203,-0.12980604,-0.21797109,-0.23688437,-0.1778167,-0.11845806,0.049724765,-0.12806019,-0.3529829,-0.4041943,-0.5383332,-0.5482263,-0.86305994,-0.78769773,-0.7437607,-0.8031193,-0.86335087,-0.83832717,-0.89855874,-0.89244825,-0.8211597,-0.75976425,-0.7423059,-0.8889566,-0.83541745,-0.9180539,-1.0050551,-1.2221215,-1.1822581,-1.217466,-1.1883686,-1.1979707,-1.0594672,-1.2250313,-1.3175609,-1.0990397,-1.0751798,-0.97042924,-0.8191229,-0.7423059,-0.6035113,-0.61194956,-0.6686895,-0.61107665,-0.7702393,-0.79177135,-0.762092,-0.5723771,-0.584889,-0.68411106,-0.7231015,-0.78304213,-0.83367157,-0.7565635,-0.8825552,-0.5202928,-0.49090448,-0.31922993,-0.15657562,-0.07743076,-0.09285238,-0.42310756,-0.5028344,-0.30031663,-0.6637429,-0.45656955,-0.66577977,-0.663161,-0.6643248,-0.44958618,-0.49497807,-0.37015033,-0.46791753,-0.5770327,-0.56801254,-0.41816103,-0.23368366,-0.24532261,-0.05095215,-0.22844614,-0.3317418,-0.22582738,-0.14377278,-0.13184287,-0.021854779,-0.13504356,-0.08645095,-0.29275134,-0.27383804,-0.16384996,-0.28955063,-0.43009096,-0.38644487,-0.24823235,-0.13562551,-0.11816709,-0.030002043,0.0020050702,0.023246152,-0.09663503,-0.25026917,-0.2022585,-0.4603522,-0.69575,-0.67887354,-0.57994246,-0.5715042,-0.6209698,-0.52756715,-0.6599602,-0.5028344,-0.6331907,-0.68789375,-0.5415339,-0.707098,-0.418452,-0.4603522,-0.31370142,-0.19643903,-0.22757322,-0.92678314,-0.5988558,-0.44667643,-0.7231015,-1.0210587,-1.1665455,-0.9477333,-1.3097047,-0.99778074,-1.062377,-0.75947326,-0.751326,-0.83163476,-0.939877,-1.0920563,-1.0996217,-0.89855874,-0.94162285,-0.8054471,-0.52553034,-0.37684274,-0.26510882,-0.43823823,-0.40914083,-0.38702685,-0.20284045,-0.28314918,-0.17228821,-0.3142834,-0.56044716,-0.4527869,-0.24357678,-0.23339269,-0.30206248,-0.4882857,-0.50661707,-0.5080719,-0.51941985,-0.36927745,-0.4705363,-0.4658807,-0.53687835,-0.44114795,-0.5921634,-0.3596753,-0.50196147,-0.31922993,-0.2985708,-0.08063148,0.037503865,-0.055607732,-0.051825076,-0.027965227,0.23507506,0.38143486,0.43701082,0.4815298,0.4503956,0.46174362,0.30374485,0.26300853,0.24525914,0.32324007,0.20219502,0.08202285,0.05321645,0.054671317,0.053507425,0.06019982,0.06340053,-0.006142195,-0.09954477,-0.061427206,-0.034075677,0.21121521,0.23274727,0.29501566,0.26533633,0.6919038,0.7873432,0.6820107,0.70703447,0.45854288,0.27901208,0.28395864,0.18648243,0.16087674,0.05670813,0.027610758,-0.1324248,-0.485085,-0.56830347,-0.7443427,-0.72397447,-0.6337726,-0.4347465,-0.103618406,0.14458221,0.19753945,0.46028873,-0.81737703,-1.6580002,-1.0498651,-0.83483547,-0.8089388,-0.78740674,-1.2989386,-1.5032022,-1.4711951,-1.2791524,-1.1776025,-0.82261455,-0.8831371,-0.7789685,-0.9538438,-0.9020504,-0.8488022,-0.75045305,-0.75365376,-0.7772227,-0.69254935,-0.8071929,-0.79235333,-0.89972264,-0.67509085,-0.8048652,-0.74288774,-0.70127857,-0.61107665,-0.5883807,-0.5470624,-0.60147446,-0.43591043,-0.50545317,-0.5578284,-0.62737113,-0.6439567,-0.6221337,-0.6267893,-0.6876027,-0.5901266,-0.5112726,-0.57179517,-0.69167644,-0.83745426,-0.72513837,-0.7385232,-0.61049473,-0.5476443,-0.42689022,-0.4219437,-0.5904175,-0.7478343,-0.9419138,-0.7638379,-1.0306609,-0.98643285,-0.9811953,-1.1467593,-1.1965158,-1.1522878,-1.0530658,-0.939295,-0.9980718,-1.0434636,-1.117953,-0.9974898,-1.0844909,-1.0437546,-0.99399805,-0.9788675,-0.92823803,-1.1141703,-1.1714921,-1.27246,-1.2419078,-1.1787665,-1.3978697,-1.4895264,-1.515714,-1.4022342,-1.3204707,-1.271587,-1.3559694,-1.294283,-1.3073769,-1.2992296,-1.2899184,-1.3667355,-1.4743958,-1.4217296,-1.4351144,-1.3332734,-1.4778875,-1.360625,-1.3446214,-0.84763837,-0.2232086,-0.4437667,-0.39110047,-0.41146863,-0.49672395,-0.50749,-0.5947821,-0.6995327,-0.6937132,-0.6262073,-0.8435647,-0.8554946,-0.78507894,-0.8473473,-0.57325006,-0.517965,-0.33901614,-0.40681306,-0.17112431,-0.24590456,-0.38702685,-0.34890926,-0.3454176,-0.39517412,-0.31544727,-0.23368366,-0.33377862,-0.15744855,-0.24124898,-0.19818486,-0.18247227,-0.1845091,-0.26016226,-0.16705067,-0.10158159,-0.14726445,-0.06433695,-0.34832734,-0.3084639,-0.45395076,-0.5880897,-0.5234935,-0.5063261,-0.47460994,-0.5234935,-0.75365376,-0.6972048,-0.6393011,-0.5805244,-0.5086539,-0.30351737,-0.3430898,-0.4062311,-0.5435707,-0.56975836,-0.41525128,-0.48712182,-0.3494912,-0.7082619,-0.72251964,-0.83017987,-0.6905125,-0.64424765,-0.74026895,-0.7815873,-0.7018604,-0.69545907,-0.7673296,-0.7810053,-0.7548177,-0.7306668,-0.7687844,-0.6701443,-0.718446,-0.66287,-0.6692714,-0.55520964,-0.57761467,-0.706516,-0.7350315,-0.6064211,-0.6427928,-0.6279531,-0.35269192,-0.28053042,-0.21564329,-0.18712786,-0.25841644,-0.18189034,-0.19382025,-0.20604116,-0.19585706,-0.16384996,-0.18014449,-0.27034637,-0.14260888,-0.08877874,-0.2488143,-0.24735944,-0.23542951,-0.18596396,-0.22291763,-0.10507327,0.020336416,-0.08121343,-0.085869,0.013062073,-0.018654069,-0.002359536,0.09860835,0.07416656,0.30723655,0.257771,0.32324007,0.52139324,0.39685646,0.41780657,0.53012246,0.5394336,0.68550235,0.80160093,0.6802649,0.5359419,0.5696949,0.52313906,0.46436235,0.42886356,0.490841,0.324113,0.535069,0.56038374,0.37357858,0.34506312,0.32789567,0.25835297,0.19753945,0.1536024,0.21878052,0.3601938,0.36281252,0.40587664,0.18619145,0.26126269,0.19724846,0.2723197,0.31014627,0.30694556,0.35117358,0.4518505,0.58860815,0.5891901,0.56212956,0.49811533,0.39772937,0.5077175,0.58395255,0.62556183,0.69859624,0.6919038,0.61305,0.6200333,0.6302173,0.6325452,0.62090623,0.68462944,0.3089824,0.4052947,0.5170286,0.46145263,0.33633393,0.27843013,0.34360826,0.42013437,0.5400155,0.512955,0.69364965,0.81120306,0.84786576,0.8501935,1.1062504,1.021577,0.9962624,0.98404145,1.0154666,0.98724216,1.0163395,0.91566265,0.90955216,0.7166366,0.856304,0.8018919,0.8615415,0.84670186,0.86183244,0.80829334,0.745443,0.7105261,0.8394275,0.6392376,0.5990832,0.58278865,0.53448707,0.6715357,0.7521354,0.5647483,0.6025749,0.61625063,0.7178005,0.79840016,1.0093563,0.9307932,0.97182053,0.9584357,1.0055735,1.0413632,1.1565889,1.211001,1.2034357,1.0591127,0.8906389,1.1094512,1.2622123,1.2069273,1.2203121,1.0250688,1.0154666,0.9174085,1.0800627,1.1047956,1.2037266,1.2153656,1.1853952,1.2045995,1.1650271,1.1123608,1.0882101,1.155425,1.13302,1.2139107,1.1056684,1.1260366,1.133893,0.9406864,0.9342849,0.97531223,0.6744454,0.6724086,0.67328143,0.7108171,0.6398195,0.5784241,0.6051936,0.5670761,0.70034206,0.79549044,0.8554311,0.83826363,1.0137208,1.0265237,1.0582398,0.9572719,1.0483466,1.1408763,1.254647,1.3695816,1.3166245,1.2278774,1.166191,1.0285605,1.17783,1.1929606,1.2590117,1.2261317,1.2066363,1.2296232,1.3742373,1.3855853,1.622438,1.4941185,1.4798607,1.465894,1.4571648,1.4833524,1.6017787,1.6512443,1.6788868,1.5785009,1.5523132,1.7364995,1.9439639,1.8680197,1.8665649,2.2282453,2.243085,2.3242664,2.2250445,2.2378473,2.2721822,2.3408523,2.3248484,2.209332,2.1720874,2.15201,2.1019626,2.2462854,2.1566658,2.0830493,2.1773248,1.8703475,1.3983881,1.3946055,1.7001278,1.5075033,1.5607514,1.7108939,1.8566718,1.9788808,2.0734472,2.0542428,2.0807216,1.964041,1.9256325,1.9669509,1.9945933,1.9471645,1.8456147,1.7935305,1.8013867,1.8182632,1.8883878,1.9762619,1.9963392,2.042022,2.0475507,2.0149615,2.6583045,2.6361907,2.509617,2.475282,2.5046704,2.5768318,2.332123,2.221844,2.3693676,2.274801,2.3702404,2.2331917,2.131351,2.108946,2.186636,2.3021526,2.254142,2.3123367,2.4461846,2.4630613,2.574795,2.8064103,2.731339,2.7252285,2018-04-17
SIGI_PRA,0.0626197,-0.05354284,-0.03309317,-0.12142729,-0.11425937,-0.12416797,-0.17898151,-0.23906559,-0.18994424,0.1338773,0.31982172,0.19838864,0.16360313,0.15706766,0.13661799,0.102254115,-0.015595002,-0.08073879,-0.035201382,-0.05269955,-0.04595327,0.014341626,-0.053964484,-0.11763252,-0.08558768,-0.07420333,-0.109199665,-0.104139954,-0.07420333,-0.106458984,-0.057970088,-0.09064739,-0.10034517,-0.08516604,-0.111518696,-0.14293106,-0.28628957,-0.2894519,-0.32571316,-0.31770194,-0.31538293,-0.27848917,-0.27026713,-0.2671048,-0.28038657,-0.24644434,-0.34236804,-0.34510872,-0.3411031,-0.39444092,-0.2757485,-0.22915699,-0.16844046,-0.12754112,-0.24222793,-0.21608606,-0.17539756,-0.16422403,-0.18003562,-0.25656375,-0.30167952,-0.20849651,-0.33541092,-0.19500394,-0.31137732,-0.42964807,-0.25150403,-0.19774462,-0.32002097,-0.14145532,-0.15326132,-0.21524279,-0.25150403,-0.17560838,-0.13787135,-0.17539756,-0.2521365,-0.223254,-0.27342948,-0.36914235,-0.4456705,-0.47750452,-0.49310526,-0.5268367,-0.52536094,-0.45115185,-0.41151744,-0.35059008,-0.25445557,-0.22156742,-0.18425205,-0.3697748,-0.25129324,-0.3408923,-0.37525615,-0.35733637,-0.39654914,-0.39633828,-0.3250807,-0.39760324,-0.27511603,-0.3408923,-0.43449697,-0.3567039,-0.3666125,-0.25867197,-0.39528418,-0.3411031,-0.37694272,-0.37778604,-0.37778604,-0.22873536,-0.22641632,-0.41995028,-0.41952863,-0.29345748,-0.2283137,-0.2281029,-0.1779274,-0.16085088,-0.11931908,-0.20870732,-0.22177826,-0.25846115,-0.29640898,-0.30378774,-0.11974073,-0.26309922,-0.3708289,-0.15515871,-0.36302853,-0.24096298,-0.34531954,-0.27848917,-0.24159545,-0.14377436,-0.30758253,-0.46084964,-0.42564246,-0.4159447,-0.38706216,-0.3320378,-0.49795416,-0.44925445,-0.56689274,-0.5544543,-0.51861465,-0.53990763,-0.44503802,-0.49479184,-0.5087061,-0.58207184,-0.39865732,-0.27216455,-0.2827056,-0.34363297,-0.38642967,-0.29493326,-0.25719622,-0.24834172,-0.23105437,-0.0029457228,0.055030137,0.16908447,0.17224678,0.13240157,0.29220414,0.15011056,0.10773547,0.13514224,0.04849468,0.07231748,0.060511492,0.026990907,-0.034779742,-0.10055599,-0.14862324,-0.21798347,-0.24496858,-0.29619816,-0.260991,-0.23653573,-0.3242374,-0.38769463,-0.23295178,-0.029298386,-0.5586707,-0.6912773,-0.65838915,-0.6868501,-0.7583185,-0.77897894,-0.79963946,-0.84707433,-0.64405334,-0.6775739,-0.4941594,-0.1056157,0.014341626,0.024250228,-0.06366226,0.028255835,-0.27026713,-0.13260083,-0.17328934,-0.22725959,-0.40751183,-0.41067412,-0.41425812,0.022142014,-0.118686624,-0.16021842,-0.13217919,-0.24033052,-0.33520013,-0.03920699,-0.057548445,0.036899507,0.09044812,0.047440574,-0.22915699,-0.26499662,-0.14651503,-0.29408994,-0.3183344,-0.15747774,-0.06387308,-0.1016101,-0.06577048,-0.09528546,-0.08748507,-0.087063424,0.056084245,0.0056979517,0.073160775,0.055662602,0.037742794,0.09993508,0.17519829,0.1347206,0.142521,0.18426362,0.24982902,0.24160701,0.084966764,0.16170573,0.1277635,0.18426362,0.14188851,0.16866283,0.24223949,0.1574893,0.18131211,0.25193727,0.197967,0.39824727,0.42818385,0.35903448,0.3168702,0.42797303,0.38264647,0.28166306,0.28840935,0.3839114,0.38749537,0.42797303,0.48974368,0.4747754,0.25594285,0.08053952,-0.044899162,0.040061828,0.06873352,0.02319612,-0.094652995,-0.12627618,-0.24517941,-0.14461765,-0.1848845,-0.22367564,-0.18235466,-0.08073879,-0.112783626,-0.14061204,-0.063029796,0.023828585,0.005908773,-0.06471637,-0.0472182,-0.060499944,-0.08748507,0.0124442335,0.0744257,0.049127143,-0.09697203,-0.07799812,-0.24054135,-0.31327468,-0.37146136,-0.2698455,0.004011381,-0.061132405,-0.05839173,0.033315547,0.036477864,0.15727848,0.23992044,0.2513048,0.31096724,0.33626577,0.28419292,0.24982902,0.2704895,0.23401745,0.1692953,0.22811444,0.25678617,0.42987046,0.27259773,0.23823386,0.15917587,0.17646323,-0.16654307,-0.25255814,-0.3655584,-0.32592398,-0.42564246,-0.48467243,-0.50217056,-0.48593736,-0.39444092,-0.36914235,-0.40413868,-0.31580457,-0.4623254,-0.38917035,-0.37420204,-0.36049867,-0.39654914,-0.35438484,-0.3448979,-0.36682332,-0.23379505,-0.16422403,-0.15368295,-0.04700738,0.010968484,0.09635111,0.10963286,0.14589413,0.084966764,0.1119519,0.15390535,0.15137549,0.1604408,0.17372255,0.22347637,0.37041882,0.3246706,0.26943544,0.25278053,0.26690558,0.16486806,0.047440574,-0.0501697,-0.31896687,-0.3708289,-0.38980284,-0.34890348,-0.30779335,-0.33161613,-0.12058402,-0.10730227,-0.064083904,-0.12627618,-0.06661376,-0.064294726,-0.06492719,-0.0048431144,-0.10477242,-0.045531627,-0.5386427,-0.4549466,-0.60926783,-0.5019598,-0.50701946,-0.31179893,-0.22072415,-0.28523546,-0.24201709,-0.33393517,-0.23653573,-0.21439949,-0.08411193,-0.24496858,-0.116156764,-0.12037319,-0.14967735,-0.12943852,-0.14967735,-0.22915699,-0.23801148,-0.4180529,-0.4574765,-0.42669654,-0.64426416,-0.91685617,-1.1143957,-0.88987106,-1.063377,-1.0245858,-1.4860737,-1.3083513,-1.1348454,-1.2039948,-1.3094054,-1.3840362,-1.6199453,-1.6262699,-1.3770791,-1.3013942,-1.2413102,-1.2267635,-1.2080004,-1.1595116,-1.1890265,-1.0673827,-1.0180504,-1.0016063,-1.0393434,-1.1392726,-1.2254987,-1.2765173,-1.3104596,-1.1888157,-1.2231796,-1.2598624,-1.1993568,-1.1439108,-1.0730748,-1.0129907,-0.9954926,-1.0541009,-0.93730587,-0.87806505,-0.98199993,-0.98452985,-1.0779237,-0.85740453,-0.8664699,-0.70266163,-0.84433365,-0.90209866,-0.98958945,-1.0203695,-1.0888864,-1.020791,-1.124726,-1.1493921,-1.196616,-1.2548028,-2.4450996,-1.8453132,-1.8286582,-1.6764454,-1.761828,-1.7181878,-1.6637962,-1.4089131,-1.2488997,-1.1883941,-1.2204388,-1.221493,-1.1649928,-1.1074386,-1.0886755,-1.1584574,-1.2729334,-1.1285208,-1.0612688,-1.130629,-1.124726,-1.178907,-1.2284501,-1.3943664,-1.3718085,-1.5811541,-1.4964039,-1.7346319,-1.818328,-1.8157982,-1.8381451,-1.8817852,-1.8286582,-1.7356861,-1.7084901,-1.5254973,-1.5965441,-1.4618293,-1.4512882,-1.554169,-1.543628,-1.7808018,-1.5594395,-1.6819267,-0.9160128,-0.8097589,-0.96850735,-0.9647127,-0.92592156,-0.67209256,-1.0878322,-0.8040667,-0.6708276,-0.6813687,-0.6107436,-0.46295786,-0.5753256,-0.57764465,-0.42627493,-0.450941,-0.43955666,-0.46569854,-0.55656254,-0.5588815,-0.65206456,-0.62360364,-0.69338554,-0.49078625,-0.6168574,-0.6337231,-0.5295774,-0.65185374,-0.56120056,-0.55803823,-0.58418006,-0.22536221,-0.32592398,-0.41299316,-0.61643577,-0.976097,-1.0536792,-1.0840375,-1.0106717,-0.9354084,-0.9598637,-1.0553658,-1.0188937,-1.0224776,-1.0049795,-1.1179796,-1.0614796,-1.0684366,-1.0671717,-1.1525544,-0.9706156,-0.97883767,-0.9484794,-0.87427026,-0.8919793,-0.8738486,-0.80448836,-0.8057533,-0.83632237,-0.8668915,-1.0536792,-1.0688584,-0.9824216,-1.0671717,-1.2065247,-1.2647114,-0.5506595,-0.29345748,-0.29092765,-0.16232663,-0.22262153,0.57702374,0.65966564,0.6398485,0.43703836,0.41195062,0.5688017,0.7030949,0.6255126,0.6917105,0.7859476,0.8285336,0.8747034,0.99950963,0.95228565,1.0079424,1.0243865,1.0361925,1.0033044,0.96999454,0.77877975,0.68116945,0.78362864,0.64258915,0.8346474,0.77561736,0.74357253,1.0195376,1.0678157,1.0323976,1.0926926,0.9710487,1.0794108,1.0806758,1.1053419,0.99571484,1.061491,1.1690099,1.2360511,1.3629656,1.2712584,1.2383702,1.1569932,1.1521443,1.089952,1.1496143,1.2206612,1.1354893,1.2004223,1.0743512,1.0756161,1.0625452,1.0140562,1.0861571,1.0859463,1.0412523,1.2995083,1.6891062,1.8613473,1.8082201,2.0097654,1.7348545,1.6855221,1.4789172,1.5333091,0.5040796,0.5534117,0.5688017,0.5793427,0.64069176,0.66704446,0.76613045,0.97336775,0.99234164,1.1432897,1.171329,1.0534799,1.1456088,1.0170077,1.1711181,1.0576963,0.80681896,0.847929,0.4939601,0.49796572,0.5521468,0.6101227,0.5818726,0.6643038,0.6383728,0.57112074,0.5137773,0.5310647,0.065571204,0.10815712,0.07337159,0.18278787,0.22537377,0.13535307,0.14589413,0.20155095,0.22052488,0.35018,0.3316277,0.36072105,0.3267788,0.4543257,0.77877975,0.9122296,0.9126512,0.95523715,0.93415505,1.2170771,0.995504,1.1639502,0.94828004,1.0092074,0.8650056,0.84940475,0.8466641,1.0005636,0.94174457,0.84877235,0.9071698,1.2189746,1.3165848,1.4169358,1.3728741,1.5465909,1.5817981,1.65158,1.5423745,1.6235408,1.5442718,1.722205,1.5699921,1.658537,2.701681,2.898799,2.6723769,2.606179,2.6209364,2.693248,2.8182652,2.7044218,2.6219907,2.6112385,2.47041,2.7767334,2.8891013,2.6999946,2.790226,2.8465152,2.8728678,2.8222709,2.8229034,2.8165786,2.8937392,2.8741329,2.9443362,2.919881,3.0396276,3.087695,3.108777,3.1591632,3.7060337,3.6579661,3.540539,3.524727,3.5647833,3.764642,3.7138338,3.5165052,3.4469342,3.4450366,2018-04-17
EXPD_AAL,-3.0687451,-2.8917584,-2.594605,-2.583483,-2.6378844,-2.4401045,-2.164228,-1.8619968,-2.2166953,-2.2195966,-2.3549962,-2.2621508,-2.3499186,-2.292374,-2.236038,-2.2389395,-2.1463358,-1.3540066,-1.2495557,-1.3767344,-1.2614031,-1.2763937,-1.3714151,-1.4724813,-1.673888,-1.5679864,-1.0508085,-1.0532262,-0.88760364,-0.82208,-0.9045286,-0.7589741,-0.5133207,-0.6777344,-0.5974618,-0.5505555,-0.59842896,-0.4814051,-0.8406974,-1.0220361,-1.0706348,-1.1820977,-1.223201,-1.0556442,-1.0043857,-0.98891157,-0.74591774,-0.81506824,-1.1216514,-1.2870322,-1.2514899,-1.2510062,-1.420981,-1.4647442,-1.4514459,-1.4850541,-1.473932,-1.531235,-1.3467531,-1.2355322,-1.4352463,-1.8071115,-1.3450607,-1.4033308,-1.3822955,-1.000759,-0.917585,-0.8472256,-1.0790973,-1.12552,-0.97295374,-0.9845594,-0.84190637,-0.7268167,-0.9069464,-0.92169535,-0.89896756,-0.8099907,-1.0039022,-0.8571388,-0.80974895,-0.60399,-0.50582534,-0.4586773,-0.2717776,-0.1840097,0.004824274,0.018364226,-0.1987586,-0.44997305,-0.43691668,-0.50534177,-0.7292346,-0.5416095,-0.6924833,-0.7169035,-0.7372135,-0.8281246,-0.7652605,-0.93281746,-1.1368839,-1.4891644,-1.3056498,-1.1968465,-1.2519735,-1.0827241,-0.89727503,-0.862458,-0.7775916,-0.6010886,-0.50800145,-0.36800796,-0.45771018,-0.06964546,-0.18957075,-0.22849813,-0.5769101,-0.7509952,-0.7945165,-0.7679202,-0.764777,-0.7998358,-0.92749816,-0.92314607,-0.85834765,-0.96449125,-0.8061222,-0.90670466,-1.1733934,-1.2865487,-1.1463135,-1.2785698,-1.0977147,-1.3561828,-1.3540066,-1.3315207,-1.21087,-1.21087,-1.0406535,-1.0128483,-1.1465553,-1.1985389,-1.0058365,-0.7795258,-0.58271295,-0.73116887,-0.7338285,-0.7698544,-0.5491048,-0.5783608,-0.48938397,-0.62961924,-0.8946154,-1.368272,-1.4212228,-1.4393568,-1.7278061,-1.6204536,-1.552512,-1.4940001,-1.2094193,-1.1206844,-1.306375,-1.2826802,-1.3407085,-1.3472368,-1.5689534,-1.4877137,-1.5916812,-1.6639749,-1.5832187,-1.6647003,-1.5636342,-1.5911976,-1.5290589,-1.3941429,-1.7241793,-1.8085623,-1.7674588,-1.843621,-1.8910109,-1.7560949,-1.7043529,-1.6158597,-1.464986,-1.4248496,-1.5263994,-1.5348618,-1.4347628,-1.3225746,-1.3605348,-0.99519795,-0.99858296,-1.0590292,-0.8348946,-0.9096061,-0.713035,-0.44465378,-0.2064957,-0.3520502,-0.70118755,-0.67580014,-0.6835372,-0.6245417,-0.70191294,-0.7536549,-0.80177003,-0.97778946,-1.2459288,-1.2326307,-1.2560838,-1.1313227,-1.2229593,-1.2539077,-1.2360157,-1.1833066,-1.0740198,-1.089494,-0.86100733,-0.97367907,-0.88059187,-0.9686016,-1.0466981,-0.89243937,-0.95361096,-0.74785197,-1.044522,-1.050083,-0.9478081,-0.7722723,-0.48696613,-0.5437856,-0.6064078,-0.6310699,-0.5452363,-0.2737119,-0.48503187,-0.40862787,-0.4025832,-0.40645176,-0.39895645,-0.34479663,-0.4328063,-0.43401524,-0.5969783,-0.4301467,-0.4393345,-0.37477794,-0.46351302,-0.39121935,-0.021288492,0.18229437,0.36121517,0.55754447,0.57374406,0.7458949,0.91852933,0.24975236,0.53070635,0.57785445,0.7473456,0.74033386,0.6924605,0.6438617,0.96857876,0.80198896,0.6721505,0.62911284,0.6561927,0.7587095,0.93424535,1.0512692,1.0778656,1.0041211,1.1308165,1.1414549,1.0667435,1.0781074,1.0894712,1.3793713,1.3948455,1.2176172,1.2524341,1.1288822,1.0125836,1.1254972,1.2744366,1.2500163,1.5048575,1.4610946,1.4840641,1.4050004,1.4214419,1.451423,1.6849873,1.9016265,1.7563138,1.719079,1.8116826,1.7795253,1.761633,1.7896801,1.6719309,1.7081987,1.4862401,0.9095833,0.9850201,0.7364653,0.6958454,0.68955904,0.673843,0.64942276,0.7524231,0.6496645,0.70503324,0.682789,0.6312889,0.65111524,0.635641,0.6552256,1.4079019,1.3346411,1.1832837,1.1956148,1.1808659,1.148225,1.2536432,1.1356521,1.1380699,0.9381139,0.77224946,0.7809537,0.7125286,0.83970743,0.90885794,0.859292,0.8636441,0.8092425,0.8614681,0.8723484,0.75532454,0.7519395,0.8812944,0.8638859,0.8812944,0.5323988,0.39965898,0.34840056,0.52635425,0.52683777,0.61919963,0.6808548,0.81722146,0.7683809,0.8510713,1.0636003,0.99493325,0.9344871,1.0249146,0.9765577,1.0137925,0.9932408,0.89507616,0.68109655,0.7712823,0.7582259,0.66876554,0.699714,0.48500904,0.527805,0.7185732,0.30850607,0.41779286,0.4407624,-0.064567976,-0.23188311,-0.23913667,-0.07472294,0.046894845,0.087756485,0.1801183,0.14602663,0.23621239,0.17987652,0.23379454,0.23621239,0.23983915,0.17576617,0.11749603,-0.30055,-0.59190077,-0.3438295,-0.43425703,-0.29861572,-0.5021986,-0.53919166,-0.84021384,-0.83320206,-0.69804436,-0.58924115,-0.5551495,-0.56699693,-0.5778773,-0.5701401,-0.49373612,-0.22342065,-0.32206887,-0.06577691,-0.1871529,-0.30345142,0.046894845,-0.4891422,0.018606013,-0.068920106,-0.23575167,-0.4178157,-0.42869598,-0.4913183,-0.6363892,-0.74325806,-0.65428126,-0.63687277,-0.64436805,-0.62695956,-0.55925983,-0.48696613,-0.38590005,-0.44755518,-0.3312567,-0.36220515,-0.53774095,-0.82546496,-0.6692719,-0.60785854,-0.45166555,-0.4156396,-0.4838229,-0.50534177,-0.6475113,-0.7268167,-0.7434999,-0.74422526,-1.0070454,-0.47463512,-0.16998619,-0.2577541,-0.1745801,-0.13347667,0.03673988,-0.24929161,-0.14024664,-0.06698583,-0.17941579,-0.059248716,-0.1475002,0.029244546,0.057775162,0.17794223,0.26377586,0.1975268,0.38756973,0.29303184,0.42166138,0.42383745,0.33195922,0.40739608,0.53747636,0.28045902,0.5261125,0.5261125,0.4833165,0.7471038,0.81625426,1.1325089,1.2193097,1.1095394,1.0200789,1.1591053,1.1288822,1.2035937,1.2720188,1.0950322,1.0285414,0.9830859,1.0130672,1.1025276,1.0652927,1.0783491,0.94633454,1.3443124,1.2323661,1.1760302,1.0017034,1.0021869,0.670458,0.6039672,0.63225603,0.62693673,0.668282,0.5348167,0.4966147,0.5751948,0.52272743,0.49830723,0.4117482,0.8421253,0.92965144,1.0048466,0.23887202,0.23959738,0.3307503,0.20768178,-0.031927023,-0.4828558,-0.5720744,-0.41007856,-0.34793985,-0.42748708,-0.54088414,-0.37284368,-0.2430052,-0.3099796,-0.41805744,-0.37767938,-0.43715844,-0.6919997,-0.8905051,-0.6206731,-0.6383235,-0.56820583,-0.5200907,-0.5771519,-0.6448517,-0.7991104,-0.9115404,-0.63687277,-0.26839262,-0.18328436,-0.1329931,0.13103597,0.13466273,-0.16853549,-0.12332171,-0.23647703,-0.40838605,-0.21979387,-0.12211279,-0.09938501,-0.121871,-0.2577541,-0.2640405,-0.15838051,-0.32666275,-0.63929063,-0.6417085,-0.5225085,-0.25823763,-0.7161782,-0.73963135,-0.77251405,-0.64001596,-0.22849813,-0.06601869,-0.030476315,0.03673988,0.16778727,0.40280217,0.34598273,0.29085577,0.23621239,0.26788622,0.13611346,0.32639816,0.40667075,0.3626659,0.28505296,-0.33536702,-0.29668143,-0.36607373,-0.3996818,-0.19198862,-0.16974442,-0.11558458,0.099362165,0.1975268,0.19680145,0.42625532,0.51595753,0.6859322,0.29182294,0.43447602,0.6104954,0.70503324,0.62524426,0.62185925,0.8757334,0.7867565,0.89821935,1.0292667,0.6673148,0.77660155,0.36484194,0.5846244,0.58365726,0.7040661,0.92384857,0.9395646,0.7282446,0.6924605,0.55464303,0.7749091,1.0089568,0.9468181,1.0000108,1.0691613,0.55029094,0.47872263,0.54835665,0.43350884,0.47582123,0.038915943,0.14119093,0.21541888,0.14578484,-0.07714079,-0.23816952,-0.076173656,0.06623763,-0.004605335,0.22436492,0.05946766,0.13732238,0.6552256,0.8752498,0.7466203,0.77998656,0.6184743,0.6320143,0.56721586,0.45236808,1.6878887,1.3445542,1.3099791,1.2778215,1.1907791,1.1731288,0.83342105,0.9294096,0.83317924,0.77031523,0.7964279,0.76330346,0.7959444,0.90619826,0.9978347,1.7154522,1.677492,1.8706781,1.8102319,1.8636664,1.7335861,1.4676228,1.5072755,1.3878337,1.581987,1.7538961,1.5602263,1.4951862,1.5391911,1.4806792,1.3527749,1.1196944,1.2995822,1.2732277,1.435949,1.4589185,1.3810637,1.2766128,1.4132211,1.3382678,1.3612374,1.5464445,1.6861962,1.2420374,0.99130654,0.7023736,0.50024146,0.60493433,0.5785797,0.70068115,0.70309895,0.77394193,1.43474,1.6668534,1.7405978,1.6288933,1.3431035,1.0331353,1.0229803,1.1192108,1.0947905,0.86195165,0.88395405,0.9729309,1.0754477,1.1738541,1.2069787,1.2978897,1.3107044,1.3104626,0.77926123,1.0669852,1.1126826,1.3126386,1.303209,1.1569291,1.0280578,0.71349573,0.83124495,0.87766767,0.86316055,0.6090447,0.5969555,0.6532913,0.56189656,0.6989887,0.59840614,0.5708427,0.61992496,0.76886445,0.6661059,0.8496206,0.79836226,0.66344625,0.8474446,0.85566527,0.86243516,1.0539289,1.1999668,1.3111879,1.1119572,1.0573138,0.95600593,1.0208043,1.8266733,2.1941862,2.1746018,2.240367,2.3361137,2.5121334,2018-04-17
EXPD_CNI,-1.8942337,-1.7862405,-2.0180218,-1.8909277,-1.9445571,-1.7910157,-1.7105719,-1.1493013,-1.1566478,-1.2767627,-1.2187256,-1.0967741,-0.9660069,-0.6809637,-0.83891284,-0.6067643,-0.64386404,-0.6104376,-0.71255356,-0.75846905,-0.7154921,-0.6967586,-0.7199,-0.7503879,-0.5039137,-0.505383,0.13008687,-0.11418334,-0.034106787,-0.20344298,-0.3639634,-0.18324019,0.009604727,-0.023821725,-0.095449835,-0.21483,-0.34706652,-0.30225304,-0.29600853,-0.2864581,-0.42530647,-0.49032277,-0.42236787,-0.34302595,-0.4646101,-0.38894144,-0.39041072,-0.52558583,-0.6265998,-0.682433,-0.78087574,-0.6093356,-0.6501085,-0.5270551,-0.6974933,-1.0196362,-1.024044,-1.2477441,-1.2165216,-1.2359897,-1.3175355,-1.4163456,-1.5287467,-1.4589552,-1.4281,-1.147832,-1.1768507,-1.0600417,-0.910541,-0.84295344,-0.57884777,-0.7055744,-0.6030911,-0.57297057,-0.28976402,-0.39665523,-0.31437472,-0.12336643,-0.010598073,0.18555275,0.4992471,0.6976019,0.61311746,0.41513,0.9903588,1.3540093,1.3429894,1.2309558,1.0281931,0.9506879,1.6585205,1.2489547,1.0164387,1.0373762,0.830573,0.7552717,1.0439881,0.9620749,0.95178986,0.48675814,0.38500947,0.009972051,-0.056513526,-0.1182239,0.07719228,0.06764186,0.1771043,0.091150574,0.175635,0.076090306,0.27591437,0.10547619,0.19436851,0.29905576,0.19032796,-0.043657202,-0.0050882185,0.24799778,0.3699492,0.5087975,0.5822623,0.50953215,0.58262956,0.4261497,0.48565614,0.45920885,0.58079296,0.5701406,0.6230352,-0.14430389,0.04927568,0.14477982,0.5190826,0.17159444,0.034950055,0.17820628,0.43312886,0.13008687,0.54002005,0.5440606,0.4246804,0.29611716,0.3747244,0.5374488,0.43753675,0.163146,0.107680134,0.28068957,0.43423083,0.340196,0.43863872,0.10510887,0.19032796,-0.12924361,-0.10940814,0.4232111,0.5881394,0.6358915,0.3589295,0.66454273,0.7978812,0.6079749,0.43239424,0.3945599,0.122740395,-0.29968175,-0.4102462,-0.1946272,-0.2736018,-0.26148012,-0.20123902,-0.30923218,-0.29453924,-0.34302595,-0.42530647,-0.14577317,-0.10132701,-0.20748353,-0.22584972,-0.20895283,-0.21225874,-0.17001653,-0.1369574,-0.12630503,0.2546096,0.68805146,0.56316143,0.38464215,0.3232991,0.40521228,0.31558532,0.06323398,0.14257587,0.15984009,0.16828853,-0.08002224,0.050744973,0.41696662,0.36921453,0.08086551,-0.04549382,-0.24348125,-0.0083941305,0.22338708,-0.003986248,-0.035943404,-0.031168198,-0.12226446,-0.5329323,-0.5659914,-0.5259532,-0.5149334,-0.5156681,-0.56488943,-0.3624941,-0.22180915,-0.37498313,-0.44954982,-0.40326706,-0.5145661,-0.096184485,-0.28682545,-0.3404547,-0.29674318,-0.42640844,-0.5626855,-0.48481292,-0.532565,-0.32612908,-0.12557037,-0.15716021,-0.17001653,-0.30886486,-0.53587085,-0.45285577,-0.40326706,-0.6482719,-0.5692973,-0.60456043,-0.64459866,-0.81834275,-0.64459866,-0.8080577,-0.78344697,-0.8135675,-0.46020222,-0.5277898,-0.47709912,-0.70300317,-1.0075145,-1.0938355,-0.9660069,-0.12299911,0.04560244,-0.139896,0.0029929015,0.2299989,-0.62770176,-0.17626104,-0.22805366,0.024664996,0.15910544,0.029807525,-0.1990351,-0.15348697,-0.17662837,-0.24678716,-0.15826218,-0.16413936,0.1708598,0.25754818,0.40374297,0.5209192,0.2299989,0.029440202,0.13008687,0.2314682,0.29868844,0.2935459,0.2748124,0.32880896,0.25901747,0.32697234,0.4805136,0.4408427,0.38831538,0.2608541,0.31338137,0.3589295,0.26746592,0.29538253,0.3607661,0.22375442,0.27591437,0.27371043,0.25056902,0.20685753,0.19363388,0.38978466,0.5767524,0.44965842,0.30236167,0.477575,0.5227558,0.5624268,0.28619942,0.23661074,0.09886436,0.06837651,0.010706698,0.009604727,-0.26588798,-0.22805366,-0.08736871,-0.18177089,0.015481905,-0.21997252,-0.1365901,-0.31327274,-0.15605824,0.6061383,0.427619,0.3166873,0.53597945,0.4210072,0.3446039,0.4044776,0.2667313,0.34827712,0.2439572,0.21053077,0.023930347,-0.16267006,-0.032270167,-0.08002224,-0.09691913,0.01805317,-0.04806508,-0.12777431,-0.18434213,-0.03447411,-0.116019964,-0.008026808,-0.114917986,0.030542172,0.0007889596,0.008135432,0.23183553,0.33284953,0.36113346,0.25754818,0.091517895,0.040092587,-0.10022505,-0.026392989,-0.1336515,-0.21042213,-0.056513526,-0.005455542,0.1491877,0.072417066,0.016216552,-0.09324589,-0.23466548,-0.117121935,-0.28829473,-0.33898538,-0.30004907,-0.43008167,-0.4642428,-0.32502708,-0.5020771,-0.45983487,-0.43926477,-1.1316699,-1.0111877,-0.80475175,-0.7213693,-0.5516658,-0.5520331,0.014012611,0.05552018,0.2950152,0.40153906,0.42798632,0.36590865,0.29428056,0.37876496,0.44157732,-0.2177686,-0.3452299,-0.28094825,0.044133145,0.27848563,0.21604061,0.24616116,0.022461055,0.104006894,-0.0576155,0.08160016,0.21163273,0.18702205,0.10143563,0.18628742,0.17636965,0.21346934,0.21677525,0.44047534,0.4606781,0.5253271,0.75710833,0.43900606,0.9352603,0.8147781,0.8834676,0.6722566,0.4863908,0.63993204,0.4290883,0.31411603,0.28619942,0.28950533,0.28105688,0.08086551,0.00042163595,0.07939622,0.13816799,-0.16671062,-0.315844,-0.21152408,-0.17295511,-0.33825076,-0.30445698,-0.3713099,-0.340822,-0.38453355,-0.13769205,-0.08479745,-0.36800396,-0.80475175,-0.8407495,-0.5086889,-0.48554754,-0.4212659,-0.40289974,-0.6592916,-0.49473065,-0.41281745,-0.18691342,-0.18066892,-0.14834444,-0.11344869,0.001523607,0.05405089,-0.012434691,0.017318523,0.3306456,0.34717515,0.43937334,0.24983439,0.36443937,0.36223543,0.7523331,0.6520537,0.7798823,0.82249194,0.6825416,0.36737794,0.2670986,0.124944344,0.19069529,0.13816799,0.26636395,0.23697805,0.3633374,0.16828853,0.12567899,0.23954934,0.22081582,0.12200575,0.12163843,-0.002884277,0.008502756,-0.12483573,-0.08920533,-0.114917986,-0.052840285,-0.0903073,-0.08038956,-0.042922553,-0.021250457,-0.08700139,-0.22915563,-0.33531216,-0.2769077,-0.24862377,-0.2739691,-0.28388685,-0.23099224,-0.20564692,-0.30262035,-0.24752182,-0.1725878,0.35819486,0.3166873,0.33174756,0.10474154,-0.099857725,-0.9296418,-0.85397315,-0.7070437,-0.96343553,-1.1695042,-1.2304798,-1.4053259,-1.2106444,-1.3219434,-1.4831985,-1.5555613,-1.3524313,-1.340677,-1.5783353,-1.642617,-1.4306712,-1.6650237,-1.9364759,-1.9452916,-1.8839487,-1.7384884,-1.6940423,-1.4696075,-1.5735601,-1.6804513,-1.5254407,-1.8009335,-1.6609831,-1.363451,-1.2683142,-1.0798773,-0.9065004,-1.415611,-1.5243388,-1.6304953,-1.626822,-1.7928524,-1.7135104,-1.6216795,-1.7315094,-1.8409718,-1.6473923,-1.4589552,-1.4831985,-1.4725461,-1.63123,-1.5441742,-1.5371951,-1.4196515,-1.7792614,-1.7142451,-1.718653,-1.5467455,-1.1808912,-0.846994,-0.7566324,-0.7647135,-0.6093356,-0.38306424,-0.045861144,-0.2412773,-0.25890884,-0.20270832,-0.3529437,-0.37351382,-0.08553209,-0.024556372,-0.3095995,-1.4556493,-1.5500513,-1.6499635,-1.8541954,-1.591559,-1.5812739,-1.5842127,-1.7891791,-1.7035927,-1.6587791,-1.4971569,-1.6679623,-1.6808187,-1.654004,-1.4552819,-1.3175355,-1.3186375,-1.577968,-1.4751173,-1.2701508,-1.4865044,-1.5662136,-1.4468335,-1.4714442,-1.1757486,-1.335167,-1.3256167,-1.503034,-1.5265428,-1.5195636,-1.1930128,-1.4056932,-1.1077938,-1.0640823,-0.8627889,-0.90503114,-0.84809595,-0.7173287,-0.45248842,-0.35478032,-0.3110688,-0.11308137,-0.052840285,-0.17993428,-0.24788913,-0.20601423,-0.10867349,-0.18103625,-0.52117795,-0.7885896,-0.76214224,-0.9153162,-0.7812431,-0.7305524,-0.99980056,-0.78234506,-0.6203553,-0.5659914,-0.8300971,-0.7481839,-0.61741674,-0.7929974,-0.85323846,-1.0266153,0.60540366,0.009604727,-0.25927615,-0.33825076,-0.3558823,-0.3327409,-0.40216509,-0.15973148,-0.33604681,-0.2941719,-0.049534377,-0.06459464,-0.07745097,0.2314682,0.7659241,2.2120771,2.1566112,1.9049946,1.9578892,1.881486,1.6217881,1.4480441,1.5450175,1.4752259,1.5038772,1.5946062,1.2272825,1.4788992,1.6298692,1.3620903,1.2761366,1.1130449,1.3139709,1.410577,1.3510706,1.324256,1.1236973,1.0634562,1.0627215,0.8687747,0.75710833,1.0248872,1.2882583,1.6621938,1.9505428,2.157346,1.6710094,2.0368638,2.0159264,2.0783715,2.2778282,2.3509257,2.5647078,2.6620488,2.6297243,2.3020716,1.9343804,1.7066399,1.6375831,1.5799133,1.2008352,1.2405063,1.5321611,1.264015,1.2188342,1.4752259,1.9876424,1.8873631,2.1143692,2.2278721,1.6254615,1.9795613,2.0849833,2.493447,2.5702178,2.0695555,2.2796648,1.8712008,2.118777,2.2943575,2.551117,2.4383485,2.4471643,2.717882,2.6326628,2.8728924,2.3983102,2.5327508,2.6862922,2.8703213,2.8710558,2.663518,2.462592,2.1496322,2.434308,2.216485,2.23228,2.4996915,2.1874664,2.694006,2.4905086,2.2399938,1.7213328,1.5530987,2.213179,2.0680864,2.4016163,2.3858213,2.476183,2.5180578,2018-04-17
HTLD_CP,-1.3492364,-1.1396829,-1.3726128,-1.2799418,-1.2949696,-1.4135216,-1.437733,-1.2907951,-1.1421875,-1.0394979,-0.9476617,-0.7297594,-0.73142916,-0.586161,-0.7289246,-0.3340289,-0.13115437,-0.319836,-0.4484067,-0.66547406,-0.7289246,-0.09024553,0.41485357,0.3488985,-0.026795061,-0.11028251,0.29379675,0.35140312,0.525057,0.74629873,0.484983,0.51754314,0.31550348,0.0040952954,-0.34070787,-0.37159824,-0.4784622,-0.38829574,-0.32150576,-0.21714644,-0.18876071,-0.32317552,-0.36992848,-0.33569863,-0.46510416,-0.21464182,-0.18709098,-0.41668147,-0.45926008,-0.3824516,-0.32150576,-0.08690603,0.11346387,0.14769372,-0.08273166,-0.43087432,-0.35824025,-0.4818017,-0.61705136,0.1844282,-0.35907513,-0.4784622,-0.60536313,-0.6738228,-0.25889018,0.56346124,0.44657883,0.6143886,0.87987864,0.98924714,0.983403,0.97171485,0.5709751,0.61689323,0.5484335,0.42320234,0.4666158,0.7270966,0.7930517,0.8531626,0.82978624,0.5676356,0.7621614,0.94249415,0.7529777,1.2263515,0.81141895,0.7821983,0.58266336,0.26207155,0.7863727,0.71206886,1.0092841,0.9316409,0.8431441,0.99091697,1.2021402,1.1044599,1.190452,1.0986158,1.0735695,0.9449988,0.72960126,0.8539975,0.85065806,0.72960126,0.90575975,0.9399896,0.94583374,0.43906495,0.5000107,0.6001957,0.631921,0.558452,0.54926836,0.73210585,0.91160387,1.1704149,0.57598436,0.6461138,0.8398047,1.1578919,1.3549223,1.249728,1.4885021,1.1336805,1.1553872,1.1478734,0.52756166,-0.5302244,-0.44339746,-0.27558768,0.108454615,0.14852859,0.42487207,0.67533445,0.9884123,0.30381525,0.59017724,0.77635425,0.06921551,-0.034308933,-0.10026402,0.1351706,-0.2680738,-0.28644103,-0.3958096,-0.09859427,-0.14785187,-0.22799982,0.11429873,-0.38579112,-0.49933404,-1.0971043,-1.0971043,-0.70638293,-0.7439523,-0.6813367,-0.9685335,-0.6145467,-0.8232654,-0.6896854,-0.62706983,-0.6087026,-0.6487766,-1.0420026,-0.81825614,-0.87085325,-0.7898704,-0.78068674,-0.91593647,-0.9543407,-1.0086075,-1.0144517,-1.2473816,-0.8875507,-0.7564754,-1.0211307,-0.9718731,-0.84831166,-0.7948796,-0.71890604,-0.5502614,-0.38662598,-0.6738228,-0.59283996,-0.4676088,-0.93096423,-1.1229854,0.009939417,-0.6237303,-0.92094576,-0.48597607,-0.3073129,-0.22382545,0.16940045,0.4424044,0.6870227,0.69453657,0.8005656,0.51921284,0.41151407,0.7813635,0.8339606,0.3806237,0.7145735,0.5125339,0.53006625,0.78553784,0.89908075,0.62941635,0.74295926,0.42236742,0.37644935,0.2954665,0.4131838,0.6135537,0.32301736,0.009104542,0.041664653,0.29797113,0.11346387,0.108454615,0.09676636,0.17941895,0.53006625,0.82394207,0.57598436,0.49082714,0.42570692,0.292127,0.17273995,0.26207155,-0.0944199,-0.07104342,-0.034308933,-0.20295358,-0.47762734,-0.7414477,-0.9977542,-1.211482,-1.5387529,-1.7775269,-1.6189008,-1.5471016,-1.5178809,-1.4535958,-1.4961743,-1.5120369,-2.056375,-1.8743722,-1.8084172,-1.0503513,-0.58198667,-0.76482415,-1.0394979,-0.98523104,-1.0996089,-1.2565653,-1.138848,-0.9092575,-0.91009235,-0.7105573,-0.98272645,-0.9885706,-0.99858904,-1.0403328,-0.95935,-1.0945996,-0.6871808,-0.38996547,-0.5277198,-0.20796283,-0.1369985,-0.13115437,-0.10443839,0.034985654,-0.026795061,-0.12948462,-0.15453087,-0.035978682,-0.11863126,-0.0944199,-0.3340289,-0.20963256,-0.28894565,-0.46927854,-0.3816167,-0.24052292,-0.31649652,-0.048501797,-0.4517462,-0.9535058,-0.89005536,-0.7464569,-0.8299444,-0.8299444,-0.81909096,-0.7882006,-0.7506313,-0.905918,-0.7514661,-0.7815216,-0.5561055,-0.5277198,-0.6287396,-0.47261804,-0.7765124,-0.77317286,-0.98690087,-1.1087924,-1.5946895,-1.5178809,-1.2014636,-1.238198,-1.1179761,-1.2206657,-0.96936846,-1.0177912,-1.0269748,-0.8591651,-0.73977786,-0.32150576,-0.05768542,-0.2972944,-0.46176466,-0.47595754,-0.43337893,-0.5369034,-0.5945097,-0.5778122,-0.6562905,-0.7005388,-0.4751227,-0.45926008,-0.18124683,-0.16872373,-0.60035384,-0.66296947,-0.7890355,-0.8149166,-0.79320985,-0.72725475,-0.6971993,-0.7564754,-0.5427475,-0.2547158,-0.57113326,-0.5811517,-0.64627194,-0.5285547,-0.1236405,-0.2388532,-0.30230364,-0.3949747,-0.67131823,-0.7155665,-0.69219005,-0.8675138,-0.7339338,-0.7264199,-0.79154015,-0.8933949,-0.9184411,-1.0678837,-1.1380131,-0.95517564,-0.9543407,-0.91927594,-1.1046181,-1.112132,-1.3968242,-1.4285494,-1.4285494,-1.5011835,-1.2448771,-1.1037832,-1.1689035,-1.0779022,-1.1021135,-0.85332084,-0.69886905,-0.9184411,-0.7556405,-0.9543407,-1.0244702,-0.9843962,-0.65295094,-0.12447538,0.10344536,0.4432393,0.62190247,1.4843278,2.021987,1.975234,2.0754192,2.0520425,1.6404494,1.3924916,1.2405443,1.375794,1.5202273,1.6437888,1.375794,1.157057,1.3749592,1.4676303,1.256407,1.3064996,1.5836778,1.7665154,0.9925867,1.3131784,0.9675405,1.2839578,1.4993556,1.0284863,1.2939763,1.3131784,1.1128086,1.097781,1.1670755,1.1528826,0.91995263,0.91661316,0.80557483,0.9934216,0.8272816,0.47830403,0.298806,0.37394473,0.3480636,0.37561446,0.40233043,0.8164282,0.32886147,0.5968562,0.090922244,0.112629,-0.13950312,0.015783539,0.4933318,0.24203454,0.14518909,0.46745065,0.5467637,0.5910121,0.15019836,0.42236742,0.54425913,0.28043875,0.42904642,0.49750617,0.89741105,0.83145595,0.41652334,0.5793238,0.6995458,0.5676356,0.44490904,0.36142159,0.47496453,0.73628026,0.9917518,0.85065806,1.2230121,0.84564877,0.54258937,0.6427743,0.28711778,0.35474262,0.24704379,0.4073397,0.22951142,0.3029804,0.48080865,0.6394348,0.62524194,0.42570692,0.29463163,0.43906495,0.3681006,0.32134762,0.039994903,0.18275845,0.1677307,0.23786016,0.32802662,0.21030931,0.13433573,-0.008427822,-0.1595401,-0.1795771,-0.029299684,-0.3073129,-0.5669589,-0.66630894,-0.44005796,-0.5143618,-0.49933404,-0.6087026,0.018288162,0.1844282,0.12765673,0.36893547,0.34555897,0.045839023,-0.04933667,-0.16538423,-0.12531026,-0.09024553,-0.38412136,-0.62456524,-0.6212257,-0.6429324,-0.72558504,-0.8215956,-0.99858904,-0.9468268,-0.89673436,-0.78569597,-0.9109272,-0.82660484,-0.76565903,-0.8224305,-0.6671438,-0.8341187,-0.72475016,-0.75814515,-0.71723634,-0.42669994,-0.25054145,-0.23634855,0.072555006,0.03582053,0.37644935,0.45910192,0.4432393,0.44574392,0.53674525,0.4140187,0.52756166,0.41485357,0.2887875,0.27542952,0.20696981,0.23452066,0.22867654,0.41819304,0.32719174,0.18192357,0.21949294,0.23619041,0.42320234,0.6728298,0.40900946,0.49583638,0.8130887,0.75715214,0.7437941,0.74963826,0.59184694,0.71039915,0.7154084,0.71791303,0.7145735,1.0134585,1.0927716,0.5008457,0.5133688,0.67116004,0.6853529,0.35557747,0.37394473,0.71958274,0.6143886,0.50168055,0.57598436,0.49082714,0.5676356,0.917448,0.8581719,0.7705101,0.8005656,0.70288527,0.75631726,0.75882185,0.62858146,0.43071616,0.9191177,1.2004704,1.5202273,1.5803384,1.5402644,1.6120635,1.7731946,1.6487981,1.716423,1.8416543,1.668835,1.763176,1.7523226,1.4776487,1.6680002,1.6621561,1.5786686,1.7548273,1.5644757,1.4993556,1.3515826,1.5302458,1.7857175,1.729781,3.174114,3.2367296,2.6272712,2.401855,2.4644704,2.4987004,2.2615962,2.2340453,2.0979607,2.029501,1.5928614,1.5210623,1.4918416,1.30316,1.3340504,1.7590017,1.6120635,1.642954,1.6846976,1.929316,0.7746845,-0.18876071,-0.101098895,-0.32901964,-0.097759396,-0.20629308,-0.25972503,-0.102768645,0.0065999194,-0.22966957,-0.29228514,-0.17039347,-0.08857578,-0.43337893,-0.31399187,-0.45759028,-0.26222968,0.065876015,-0.21798132,-0.18792583,-0.19126534,0.47496453,0.9090992,0.99926573,0.8656857,0.81225383,0.5993608,0.81809795,0.99425644,0.70205045,0.47830403,0.4891574,0.6269117,0.3480636,0.7337756,0.7529777,0.8197677,0.8514929,0.7746845,1.1704149,1.0760741,1.1186528,1.0577068,0.9825682,1.1879473,1.0986158,0.8890623,0.771345,1.0677254,0.8531626,0.9358153,1.1378549,0.77635425,0.6744996,0.61689323,0.9024202,0.94249415,1.0126237,0.9449988,0.94666857,0.69787604,0.7805286,0.6160583,0.16856559,0.33971485,0.3931468,0.31800812,-0.040153053,-0.11529175,-0.10694302,-0.5068479,-0.5694635,-1.2540606,-0.39080036,-1.265749,-1.3734477,-1.3968242,-1.5963591,-1.862684,-1.7407924,-1.8376378,-1.922795,-1.9052627,-1.8326286,-1.7082323,-1.405173,-1.6790116,-1.7073975,-1.7483064,-1.8768768,-1.6264147,-1.7666734,-1.890235,-1.9394925,-1.7583247,-1.631424,-1.5036881,-1.638103,-1.5228902,-1.7825361,-2.0814211,-2.1582296,-2.629099,-2.8444965,-2.9438467,-2.7710276,-2.5840156,-2.542272,-2.8294687,-2.9179654,-3.2151809,-3.0047925,-2.9789114,-2.9112866,-3.0064623,-2.6858704,-2.6382825,2018-04-17
ODFL_CSX,-0.4313147,-0.38217285,-0.55110615,-0.595034,-0.72355884,-0.6085904,-0.5470653,-0.56036097,-0.5125226,-0.57443875,-0.5039195,-0.4598613,-0.38947242,-0.44226408,-0.5181276,-0.44017848,-0.4525617,-0.50457126,-0.43705007,-0.49088454,-0.47550327,-0.4354859,-0.39533818,-0.5870827,-0.57222277,-0.6300981,-0.57795817,-0.52868605,-0.43705007,-0.48176005,-0.45034575,-0.4300112,-0.502616,-0.49688062,-0.515651,-0.50561404,-0.48358494,-0.51187086,-0.40863386,-0.43326995,-0.45999166,-0.4420034,-0.438875,-0.4481298,-0.3398092,-0.3181711,-0.32481897,-0.3154338,-0.36835578,-0.41019806,-0.35180134,-0.30956805,-0.32038707,-0.2535177,-0.33759323,-0.45347416,-0.30331126,-0.30852526,-0.22705667,-0.13242278,-0.12590528,-0.12890331,-0.16957244,-0.15771063,-0.13072821,0.021129237,0.210006,0.27687544,0.37411633,0.38597816,0.43512002,0.4219547,0.40422714,0.42247608,0.5632538,0.49495053,0.5048571,0.5240185,0.52962357,0.50446606,0.5158065,0.4966451,0.43903053,0.40826797,0.45115304,0.42312786,0.3254959,0.27739683,0.26775095,0.18419676,0.23737945,0.26592606,0.31363404,0.26527432,0.22525693,0.31089672,0.207399,0.18341465,0.2050527,0.13622804,0.10598692,0.058539614,0.114459656,0.07561543,0.1418331,-0.067508586,-0.029316112,-0.007938757,0.04133345,-0.12799087,-0.1377671,-0.090971544,-0.086148605,-0.09970497,-0.242829,-0.383346,-0.27385223,-0.19851008,-0.23005472,-0.11378275,-0.18247706,-0.11130609,-0.08302021,-0.017454287,0.05827891,-0.0027247665,-0.023841424,0.09516789,0.020347139,-0.20958981,-0.006635259,-0.058514453,-0.08653965,0.011613705,0.07379053,0.13935645,0.23386002,-0.017323937,0.030253718,0.12892847,0.027777074,0.022172036,0.03416421,0.045243938,-0.113000646,-0.18065217,-0.27815378,-0.22040884,-0.16070867,-0.14767368,-0.09996568,-0.15588571,-0.2150645,-0.08275951,-0.045609828,0.02386658,0.056845065,0.12918916,0.1371405,0.1918874,-0.1375064,-0.13424766,-0.20685247,-0.075720616,-0.031141007,-0.2140217,-0.18052182,-0.1699635,-0.22562282,-0.23214032,-0.20176883,-0.22862087,-0.19668518,-0.17048489,-0.20111707,-0.12134303,-0.063728444,-0.13476907,-0.1497593,-0.18873385,-0.14102586,-0.14024374,-0.28493196,-0.28454092,-0.3707021,-0.33342206,-0.27580747,-0.18299846,-0.22014815,-0.10283336,-0.10935085,-0.20281163,-0.08523615,0.09660174,0.10859391,0.06440535,0.35417283,0.3467429,0.34491798,0.30815938,0.17754892,0.20192432,0.25862646,0.30151153,0.29395127,0.32262817,0.38389257,0.33123127,0.44333205,0.42286715,0.4361628,0.5401819,0.54474413,0.69282144,0.66388375,0.65619314,0.67978644,0.6799168,0.69438565,0.6296018,0.64745975,0.6014462,0.4883027,0.49781823,0.5026412,0.5739424,0.5532169,0.56221104,0.56612146,0.61213493,0.56390554,0.5902362,0.7139381,0.64276713,0.72632134,0.7336209,0.7512181,0.69594985,0.72123766,0.6863039,0.65580213,0.7458738,0.7035101,0.62451816,0.58593464,0.67366004,0.6677943,0.65488964,0.6891717,0.44150716,0.39901316,0.36212417,0.4426803,0.62191117,0.22238922,0.18928039,0.17024933,0.22786392,0.16894583,0.11107056,0.17402948,0.2940816,0.2584961,0.265535,0.25758365,0.19045354,0.15056652,0.14743814,0.04589569,0.14157239,0.17780961,0.24207203,0.28443572,0.24819848,0.2136558,0.22460517,0.14613463,0.10611727,0.0027499225,-0.04587053,0.013438601,-0.010154702,-0.06776928,-0.21623765,-0.27463433,-0.29640272,-0.36757368,-0.35323521,-0.35310486,-0.33602905,-0.19551204,-0.26629192,-0.23917921,-0.22679597,-0.20893806,-0.166053,-0.21284856,-0.15692851,-0.1408955,-0.07780622,-0.07350468,-0.1375064,-0.13137996,-0.05551641,-0.008069106,-0.0143258935,-0.19538169,-0.19707623,-0.10283336,-0.109741904,-0.098662175,-0.1571892,-0.10374582,0.08069907,0.08408816,0.10520481,0.1578661,0.29786175,0.3042489,0.32132468,0.32354066,0.27505052,0.3148072,0.3420503,0.37919998,0.36394906,0.36277592,0.37620193,0.32002118,0.36277592,0.35873508,0.31154847,0.23151371,0.27452913,0.26696888,0.28560886,0.3283636,0.3278422,0.28156805,0.2792217,0.342311,0.40905008,0.4177835,0.40983218,0.34583047,0.2797431,0.21913049,0.14926302,0.14235449,0.037683655,0.009267409,0.07691892,0.040812045,0.07587613,-0.013543796,-0.06438019,-0.08445405,-0.15588571,-0.15171453,-0.15210558,-0.18690896,-0.18430197,-0.15080208,-0.10283336,-0.05577711,-0.052127317,-0.07532957,-0.06763893,0.047590233,0.056454018,0.08265431,-0.15705886,-0.15627676,-0.13164067,-0.1120882,-0.10270301,-0.035442553,0.006008666,0.0640143,0.016306296,0.29447266,0.56012535,0.4426803,0.36029926,0.30907184,0.22173747,0.16620849,0.1599517,0.12840708,0.16633885,0.06466605,0.26957586,0.35717088,0.5444834,0.6319481,0.78028613,0.85510683,0.7991868,0.7393563,0.67848295,0.8227801,0.8552372,0.73505473,0.6757456,0.58228487,0.63025355,0.5474814,0.52180254,0.6760063,0.69503736,0.7138077,0.509289,0.50824624,0.43525037,0.48100314,0.48712957,0.56638217,0.54643863,0.5637752,0.49416843,0.41413373,0.41400337,0.4057913,0.3325348,0.42521346,0.43303442,0.5228454,0.4361628,0.2930388,0.2105274,0.25263035,0.27661473,0.2128737,0.15056652,0.18888934,0.15578052,0.4709662,-0.97565526,-0.73437786,-1.0177583,-0.98086923,-0.9512798,-1.1784796,-1.0646842,-1.062077,-0.9926007,-1.151106,-1.1297287,-0.98816884,-1.0305325,-1.2229288,-1.1877344,-1.0074606,-0.8691595,-0.8647276,-0.9425464,-0.7719186,-0.843611,-0.98569214,-1.0532134,-1.0189314,-1.0250578,-1.0543865,-1.0336609,-1.0669001,-0.931206,-1.0277952,-1.2389617,-1.3287728,-1.1848665,-1.0957074,-1.1717013,-1.1342908,-1.1916448,-1.2723312,-1.2534306,-1.2432632,-1.1707889,-1.2437847,-1.1829113,-1.3019207,-1.2250143,-1.302442,-1.3041366,-1.3565371,-1.3959028,-1.3656617,-1.2712885,-1.3689204,-1.4675951,-1.5242974,-1.588299,-1.6064177,-1.5426766,-1.5095679,-1.5445015,-1.6696373,-1.6645536,-1.6125441,-1.6477385,-1.9163892,-2.0361807,-1.7730047,-1.9193875,-1.8027244,-1.6117619,-1.6955769,-1.8268391,-1.8113275,-1.868551,-1.9406344,-2.1314662,-2.112305,-2.1344643,-2.1413727,-2.2829328,-2.2829328,-2.1117835,-2.00985,-1.9167804,-1.8834109,-1.8345298,-1.9392005,-1.9025723,-1.8911015,-2.0514317,-2.1709623,-2.1751335,-2.1793046,-2.1879077,-2.1502366,-1.975177,-1.9143037,-1.7482381,-1.7275126,-1.6042017,-1.5929916,-1.6018554,-1.5997698,-1.6160635,-1.489494,-1.5523225,-1.5665306,-1.6158028,-1.7417207,-1.691927,-1.7355942,-1.7371584,-1.6899718,-1.630793,-1.7279035,-1.5847796,-1.6120226,-1.593513,-1.5519315,-1.5309452,-1.4625115,-1.5073519,-1.4320097,-1.4035934,-1.3859962,-1.4810213,-1.0605129,-0.9829548,-1.0874953,-0.848825,-0.8572977,-0.89171004,-0.9086555,-0.76787776,-0.84895533,-0.8574281,-0.79564226,-0.9508888,-0.72642654,-0.8477822,-0.9039629,-0.96418446,-0.9783926,-0.9647059,-0.91569436,-0.9832156,-0.92912036,-0.81323946,-0.8527354,-0.92612237,-1.013196,-0.9566242,-0.8948384,-0.8094593,-0.7621424,-0.67402595,-0.6856271,-0.6761115,-0.57626367,-0.44552281,-0.6500416,-0.8437413,-0.64195997,-0.7850839,-0.7779147,-0.89979166,-0.9596222,-0.9905151,-0.7913407,-0.6990531,-0.7362027,-0.70596164,-0.6201915,-0.57730645,-0.5477171,-0.47745854,-0.46494493,-0.44030884,-0.2397006,-0.19694589,-0.22705667,-0.31712833,-0.24934648,-0.31908357,-0.2896245,-0.39859694,-0.38869035,-0.43626797,-0.3710931,-0.6203218,-0.38803858,-0.36040446,-0.277502,-0.27150592,-0.2627725,-0.14910755,0.4714876,1.0040966,0.8762235,1.1081158,1.0546722,0.94661236,0.95704037,0.9497407,0.89786154,0.9251047,0.9665559,0.9735947,0.9682504,1.091822,1.0675769,0.9841531,1.0055305,1.1597342,1.3221499,1.198057,1.1962321,1.2616677,1.1586914,0.94309294,0.9228887,0.70559573,0.59740543,0.7600819,0.89629734,0.8986437,0.9273206,0.68460935,0.7186307,0.60183734,0.5858043,1.3939728,1.2821326,1.1197169,0.9956239,1.0963843,1.3470467,1.3595604,1.4011419,1.3561713,1.2455044,1.2788738,1.179026,1.2924303,1.244592,1.1996212,1.2461561,1.2336425,1.452239,1.5120696,1.6557149,1.9340116,1.9864123,2.2511528,2.3121564,2.4253001,2.3812418,2.5278852,2.3520434,2.296775,2.253499,2.2387693,2.3370533,2.3662515,2.3855433,2.1928864,2.462971,1.9838052,1.7785044,1.5827191,1.8242571,1.8195646,1.5777658,1.5071163,1.6256042,1.6858257,1.8971226,1.7927126,1.8477201,1.8520217,2.0462427,1.8268642,1.8228234,1.5785478,1.719456,1.918109,1.9585173,2.1136336,2.2056606,2.2691412,2.161863,2.2723997,2.243071,2.3464382,2.4843483,2.5466557,2.4638836,2.3835878,2.4941247,2.2279503,2.234077,2.426734,2.1224976,2.2194777,2.4073117,2.281394,2.120803,2.0532815,2.1209333,2.1902792,2.2302969,2.1966665,2.3751154,2.5113308,2018-04-17
XPO_FWRD,-1.4558648,-1.5278215,-0.565485,-0.13922666,-0.38867688,-0.5594886,-0.3446462,-0.41574633,-0.4714272,-0.76747805,-0.79214895,-0.9213285,-0.86907417,-0.9840337,-0.8699308,-1.0642141,-1.2749448,-1.171978,-1.1721493,-0.8880913,-0.7916349,-1.0297778,-0.8402915,-0.6211658,-0.911563,-1.0345749,-1.4493543,-1.1983621,-1.4764237,-1.306126,-1.3095526,-1.5226816,-1.5929253,-1.6662526,-1.6708785,-1.5560902,-1.3028709,-1.3799675,-1.4575781,-1.5703104,-1.404467,-1.492871,-1.1178391,-1.1932224,-1.0140158,-1.1490203,-1.2425642,-1.1221223,-1.1574154,-1.1449085,-1.0631862,-1.1152693,-1.1706074,-1.3532406,-1.2848817,-1.0141871,-1.0222393,-0.8582807,-0.8337811,-0.835323,0.037581462,0.19468713,0.52671635,0.5811979,0.2805213,0.1444887,0.15836608,-0.07326626,0.074930474,-0.20056127,-0.38525036,-0.3449888,-0.08919956,-0.572852,-0.67736065,-0.4395606,-0.4128338,-0.65577364,-0.44829825,-0.5038077,-0.38901952,-0.23105724,-0.34995726,0.09651751,0.32609394,0.2512246,0.27298298,0.3384294,0.26424536,0.61323583,0.5657786,0.48714012,0.52089125,0.38725722,0.46126992,-0.01878469,0.14860052,0.1477439,0.123244315,0.08675194,0.12735613,0.41072887,0.23820385,0.4789165,0.55018795,0.23083685,-0.08508774,-0.05664767,0.012396587,0.34065664,0.6896471,0.5815406,0.17275743,0.2858324,0.09891607,0.05094487,-0.07155301,0.050430894,0.45715812,0.35025087,0.36789745,0.47206348,0.4165539,0.122216366,0.17207213,-0.35029992,-0.68626964,-0.4347635,-0.15070547,-0.30781117,-0.5963236,-0.5848448,-0.5269367,-0.6381271,-0.58056164,-0.3669185,-0.77244645,-0.10804538,-0.24373534,-0.39090413,-0.06401467,-0.17040794,-0.33094013,-1.2199491,-0.96947104,-1.0702106,-1.1560447,-1.2370818,-1.2117256,-1.3472441,-1.4887592,-1.2814552,-1.4106348,-1.0117885,-0.8022572,-0.7657648,-0.5363596,-0.74195045,-0.39364532,-0.25247297,-0.044997524,-0.02803628,-0.3730862,-0.13580014,-0.046882104,0.21798742,0.07595842,-0.12826182,0.039980024,-0.046025474,-0.07429422,-0.08748629,-0.081147246,0.12735613,0.12735613,-0.1668101,-0.2780005,-0.18034483,-0.1728065,-0.33505195,-0.31397888,0.1938305,0.04786101,0.18132372,0.16796033,0.08829387,0.24265832,0.07013335,0.30090907,0.1311253,0.14140484,-0.09005619,-0.36263537,-0.49832532,-0.51254535,-0.44521436,-0.7032309,-0.31911865,-0.4409312,-0.2860528,1.4097289,1.8863571,1.5932188,1.0759865,1.0914057,1.0086555,1.0463471,0.8506932,1.2039669,0.9694219,0.95040476,0.63876337,0.6570952,0.38931316,0.38348806,0.22603972,0.29799652,0.33877203,0.5162655,0.41878116,0.51335293,0.33757275,0.30073774,0.48731145,0.3045069,0.07475914,-0.4167743,-0.47999346,-0.19782005,-0.017071433,-0.088171594,0.02661662,-0.47125584,-0.3449888,-0.36160743,-0.43527743,-0.46388885,-0.32802758,-0.43921793,-0.17760362,-0.24322136,-0.4462423,-0.39090413,-0.2927345,-0.3600655,-0.31569216,-0.5562334,-0.60454726,-0.65251845,-0.27765784,-0.69483596,-0.6518332,-0.77244645,-0.828984,-0.57730645,-0.5062063,-0.49781132,-0.35441172,-0.2541862,-0.27765784,-0.14625101,-0.3141502,-0.41060656,-0.120380834,-0.048424035,-0.0014807951,-0.08046194,0.08469603,0.0824688,0.06293767,-0.12671988,-0.10564682,-0.49318555,-0.38782024,-0.44110253,-0.55400616,-0.60454726,-0.6999757,-0.669137,-0.62767625,-0.6336726,-0.83463776,-0.84149075,-0.75822645,-0.67033637,-0.6484066,-0.60317665,-0.5483524,-0.58056164,-0.6965492,-0.90145475,-0.9917434,-0.99928176,-1.154674,-0.7772436,-0.39518723,-0.43013766,-0.48838845,-0.57233804,-0.6684517,-0.6042046,-0.5906699,-0.76302356,-0.94497144,-1.0409139,-0.7402373,-0.8238442,-0.89785695,-0.879525,-0.6460081,-0.49575543,-0.50946146,-0.38901952,-1.166153,-1.2218338,-1.0511935,-0.8517703,-0.9005981,-0.8402915,-0.7986593,-0.7859812,-0.82624274,-0.4256832,-0.37171564,-0.19901933,-0.1808588,-0.16955131,-0.11215719,-0.029920861,-0.04585415,-0.062472746,-0.046710778,-0.09810849,-0.047567405,-0.055619713,-0.14899223,-0.37445685,-0.21392466,-0.05304983,-0.15207608,-0.3086678,-0.1940509,-0.33984905,-0.4894164,-0.40495282,-0.5462965,-0.49609807,-0.21786515,-0.37565613,-0.11387046,-0.03831582,-0.08748629,-0.021525903,-0.11558371,0.47531864,0.85274917,0.88547236,0.98758245,1.103056,1.0610812,0.997862,1.0634797,0.8606301,0.6785109,0.8222531,0.7898726,0.7360763,0.78199166,0.5601249,0.7252828,0.78576076,0.8498366,0.9092866,0.9344715,1.1037413,1.1784393,1.2800355,1.3555901,1.0934618,1.2502247,1.6142919,1.4642105,1.4100716,1.1532544,1.088836,1.0509729,1.1297828,1.0196204,0.6502422,0.6046696,-0.06641324,-0.06367202,-0.57507926,-0.56171584,-0.20638636,-0.38679227,-0.35989416,-0.3994704,-0.40118363,-0.5522929,-0.33111146,-0.35321245,-0.20929888,-0.05030862,-0.16800937,-0.109929964,0.24197301,0.11484936,-0.17503373,-0.28862268,-0.3583522,-0.2034738,-0.117982276,0.13695037,0.3990787,0.12906939,-0.02923556,-0.17126456,-0.10290561,0.0012604161,-0.06589925,-0.07789206,-0.1262059,-0.045168847,-0.059560206,0.039980024,-0.26497975,-0.32100323,-0.12534927,-0.5178564,-0.29496172,-0.5821036,-0.78392535,-0.39655787,-0.46354622,-0.273546,-0.35526833,-0.51117474,-0.5843308,-0.56617033,-0.6177393,-0.51134604,-0.2834829,-0.45960572,-0.31158033,-0.08131857,0.012396587,0.32335272,0.13677904,0.16196392,0.4210084,0.44088218,-0.5267654,-0.36177874,-0.4023829,-0.21495263,-0.27097613,-0.21855047,-0.28382555,-0.33847845,-0.14299582,0.015823102,-0.05185055,-0.102048986,0.07612975,-0.030263513,0.36087307,0.58393914,0.58411044,0.68570656,0.6939302,0.81625676,0.602271,0.65332603,0.6841647,0.52860093,0.5390518,0.42477757,0.5037587,0.53271276,0.4945071,0.52448916,0.58034134,0.7014685,0.5157515,0.62985444,0.624372,0.3990787,0.4544169,0.39702278,0.29936713,0.24094507,0.4712068,0.47394803,0.090521105,0.4037045,0.49484977,0.39051244,0.24163036,0.18149506,-0.0059352634,-0.14059725,-0.33059746,-0.3682891,-0.28502485,-1.6767035,-1.3899043,-1.0619869,-1.0779202,-1.1616985,-0.7488035,-0.36914572,-0.3347093,-0.11781095,-0.118153594,0.06276634,0.057969224,-0.28433952,-0.25932598,0.10576909,0.059168506,0.14945714,0.10165728,0.020791547,-0.36143607,-0.58330286,-0.5814183,-0.7112832,-0.7649082,-0.8324105,-0.9266396,-0.57593584,-0.475539,-0.32922688,-0.40786535,-0.5548628,-0.6211658,-0.6982625,-0.39398795,-0.39381665,-0.18034483,-0.024095789,0.05968248,0.21867272,0.10302789,-0.06144479,-0.021868555,0.022676129,-0.12706253,0.031585064,0.037924115,-0.221463,-0.26086792,-0.054077785,-0.30267137,-0.30130076,-0.18925378,-0.19130968,-0.12826182,-0.52179694,-0.752744,-0.35441172,-0.5348177,-0.5384155,-0.4715985,-0.5070629,-0.66348326,-0.40872195,0.38246015,0.3930823,0.09017846,0.3596738,0.30210835,0.17943914,-0.07052505,-0.010561057,0.05985381,-0.06675588,-0.07892001,-0.030263513,-0.06298672,0.023532756,-0.1866839,-0.006106589,-0.08046194,0.0089700725,0.18954735,0.22089997,0.20959248,0.17172948,-0.057675626,-0.052193202,0.069962025,0.09531823,0.19108929,0.20770788,-0.004907309,-0.30575526,-0.2869094,-0.21889313,-0.3162061,-0.4616616,-0.29736027,-0.5096328,-0.54800975,-0.49798268,-0.5629151,-0.594439,-0.58039033,-0.82624274,-0.81836176,-1.2937906,-1.0876858,-1.0763782,-1.5146294,-1.6309596,-1.4447285,-1.4488403,-1.6691653,-1.5514644,-1.5578035,-1.5847017,-1.8019426,-1.6909236,-1.5608873,-1.6047467,-1.7669922,-1.5905268,-1.5377584,-1.3933309,-1.3986418,-1.4132046,-1.1099582,-1.2214912,-0.9019687,-0.9922573,-0.8404628,-0.81322205,-0.5593173,-0.47708094,-0.31380755,-0.14470908,-0.23893823,-0.053735133,-0.0013094695,0.07595842,0.2966259,0.355562,0.57588685,0.65264076,0.5906209,0.5692051,0.6214595,0.55721235,0.34768102,0.257221,0.104569815,-0.005592612,-0.45446596,-0.25110236,-0.40461016,-0.6223651,-0.40786535,-0.47331178,-0.3660619,-0.39415932,-0.14830692,-0.18582727,-0.27868578,-0.12312204,0.024732035,-0.003194052,0.92402065,0.85566163,0.9966627,0.9271044,1.1697017,1.146744,1.1626773,1.0869514,0.88136053,0.26424536,0.5676632,0.5890789,0.43471444,0.43522844,0.36412826,0.53134215,0.14363207,-0.3001015,0.04015135,-0.077549405,0.15956536,-0.16167033,0.028501201,0.19040397,0.24745545,0.31255922,0.37012467,0.4857695,0.64870024,0.76879954,0.34031397,1.4823712,1.4864829,1.6915598,1.5795127,2.1839497,2.022047,1.7782506,2.267728,2.3821738,2.423806,2.536024,2.5783415,2.6376204,3.0518858,3.2609034,3.1101365,3.4784868,3.4831126,3.2621026,3.0631933,2.9185944,2.91157,2.7919846,3.0602808,3.120416,3.0001454,2.8312182,3.2237256,3.2573051,3.639876,3.8387847,3.7327342,3.9090283,3.67534,3.7344475,3.4803712,3.3200107,3.1611917,3.0153935,3.0013447,3.3731215,3.4817421,3.3388565,3.330804,3.3266923,3.3328598,3.7250247,2018-04-17
ODFL_KNX,-0.31652498,-0.47728264,-0.30703762,-0.13837387,-0.4029652,-0.4330084,-0.42589292,-0.43696147,-0.62749887,-0.64673704,-0.5837517,-0.681524,-0.51892155,-0.7582133,-0.61326784,-0.75531435,-0.9637723,-1.0499489,-1.0230682,-0.692329,-0.6369862,-0.79247314,-0.7745526,-0.49652085,-0.36343458,-0.43485317,-0.7998522,-0.59692854,-0.71604735,-0.5392139,-0.39690384,-0.54791063,-0.27567673,-0.13389374,-0.04139219,0.2640474,0.43376535,0.25745896,0.38290265,0.4176896,0.30594984,0.79428416,0.7265551,0.604801,0.8180026,0.65276474,0.5665881,0.5942595,0.5352271,0.3220256,0.22346267,-0.075652026,-0.3597451,-0.7300148,-0.29122543,-0.23113894,-0.13547496,-0.14601645,0.23347707,0.06797573,0.91761965,0.9502982,1.0085399,1.1671892,0.98350394,0.9716447,1.2193696,1.2620627,1.1761495,1.0251428,1.0752149,1.2061929,1.3550913,1.261272,0.9305329,0.89732724,0.7895405,0.5845086,0.7834792,0.6688405,0.9284246,1.3013297,1.2159437,1.1063122,1.0441175,0.3929171,0.39950553,0.039513726,0.022910882,0.3773684,0.14809103,0.29830724,0.26141202,0.13201526,0.18182379,0.21186703,-0.13442081,0.08563273,-0.100688055,-0.23851798,-0.32627586,-0.41192544,-0.3526296,-0.27225074,-0.22402346,-0.023471659,0.05374473,0.45063174,0.8269628,0.906024,0.7908582,0.8622768,0.856479,0.59610426,0.37552363,0.3873828,0.4045127,0.42164263,1.0754783,0.6822809,0.5544654,0.36050203,0.27564305,0.42585924,0.3794767,1.5385132,1.0844386,0.9052333,1.0799586,0.6348442,0.51071817,0.23084171,-0.30756474,-0.25169486,-0.18159397,-0.21559027,-0.38557175,-0.33760795,-0.36949593,-0.15076013,0.11620304,0.43929964,0.5391802,0.15547007,0.3660363,0.2002714,0.28249502,0.01105171,-0.40270165,-0.33312783,-0.37134072,-0.10754002,-0.08935595,0.37025288,0.66515094,0.62219447,0.6988837,0.77689075,0.73525184,0.5122994,0.4943789,0.34310856,0.11989256,0.2442821,0.4063575,0.76186913,0.6501294,0.6000573,0.3689352,0.23215939,0.54787695,0.3731518,0.3249245,0.39423478,0.47909373,0.38290265,0.6358984,0.83855844,0.98403096,1.0082763,1.1558572,1.2491493,0.7874322,0.5354907,0.5800285,0.35496774,0.052427046,-0.12335225,-0.1130743,-0.9413716,-0.50205517,-0.25195837,-0.47807327,-0.23614617,-0.32548526,-0.67783445,-0.35342017,-0.55186373,-0.40718177,-0.45619968,0.29250944,0.2627297,0.35944787,0.39739722,0.27274412,0.4482599,0.8390855,0.5824003,0.50307566,0.65355533,0.73815084,0.81035995,1.3376979,1.3142431,1.6874117,1.3160878,0.71074295,0.86306745,1.3255752,0.927634,1.0562401,0.9160384,1.0733701,1.2249038,1.2631168,1.2143624,0.6432774,0.52811164,0.7903312,0.75633484,0.7307717,1.1297671,0.89205647,0.9929912,1.0248792,1.2151531,1.1010414,1.2928965,1.2515212,1.4684123,1.4950294,1.6075599,1.5416756,0.9070781,0.92605275,0.95715016,0.89126587,0.7758366,0.8451469,0.4427256,0.21713777,0.24849871,0.086159796,0.28328565,-0.12335225,0.16311266,0.068502806,0.05901548,0.07456417,-0.058785643,-0.08645705,0.0020914457,-0.46305165,-0.2435252,-0.18870948,0.4029315,0.51388067,0.3710435,0.5283752,0.41241884,0.19658187,0.55789137,0.43561012,0.25218824,0.24797162,0.22451681,0.13675894,-0.10464112,-0.17157955,-0.27225074,-0.56899357,-0.5218204,-0.6744085,-0.8464982,-0.9044764,-1.1026564,-1.0235952,-0.9698337,-1.0705048,-1.2618328,-1.4526337,-1.0067288,-0.83015895,-0.51918507,-0.51549554,-0.41798678,-0.50969774,-0.63118833,-0.8781227,-0.95112246,-0.9516496,-1.1435047,-1.2299448,-1.2244105,-1.2547174,-1.3155944,-1.6118102,-1.0678694,-1.0478407,-0.97668564,-0.86336464,-0.87285197,-1.0119996,-1.3925472,-0.87575084,-0.9679889,-0.92872185,-1.1680136,-1.196212,-0.9403175,-0.60061806,-0.5782174,-0.60667944,-0.86046576,-0.5908672,-0.6008816,-0.4251023,-0.32996538,-0.20610292,-0.003969909,-0.084348746,-0.10200574,-0.2769944,-0.5740008,-0.56793946,-0.794845,-0.74319166,-0.45646322,-0.35447434,-0.38873416,-0.23245665,0.035033595,-0.18238457,-0.09752561,-0.2372003,-0.43406254,-0.5299901,-0.5576615,-0.72184515,-0.8114478,-0.8923537,-0.93372905,-1.0315013,-1.0019852,-0.94084454,-0.8549314,-0.77560675,-0.5218204,-0.511279,-0.8217257,-1.0228046,-1.0359814,-0.752679,-0.8559855,-0.78693885,-0.46884948,-0.24826886,-0.21822564,-0.2883265,-0.24088982,-0.19556144,0.06507683,0.2342677,0.39133587,0.35022405,0.4332383,0.36840814,0.17154585,0.16258557,0.08800456,0.5874075,0.4725053,0.28038672,-0.03743913,-0.26460814,-0.2456335,-0.06168455,-0.41218898,-0.88471115,-1.156945,-1.6592469,-1.2441759,-1.4924278,-1.5290595,-1.5208899,-1.308479,-1.1885695,-1.291349,-1.3659301,-1.3350961,-1.2122878,-1.064707,-1.1543096,-0.9669347,-1.3332514,-1.450789,-1.7825823,-2.0187116,-2.1330867,-2.6166773,-2.6348615,-1.5830846,-1.7744125,-1.1171509,-1.2916125,-1.3356231,-0.9036858,-1.0001404,-0.93504673,-0.77797854,-0.67809796,-0.68863946,-0.6087877,-0.51048833,-0.5331525,-0.4301095,-0.5560802,-0.61932915,-0.19503437,-0.11122954,-0.25195837,-0.36738768,-0.62960714,-0.61195016,-0.7850941,-0.5761091,-0.74319166,-0.540268,-0.18633763,-0.20531231,-0.12598762,-0.04560878,0.3768413,0.17628953,-0.15155073,-0.21111013,-0.15734854,0.14756396,0.25956726,0.28644806,0.29698956,0.37367886,0.63537127,0.2442821,0.1704917,0.8180026,0.69124115,0.76687634,0.8490999,1.0296229,1.2320195,1.2765572,1.1250234,0.7721471,0.8021903,0.93501306,1.0420091,0.78479683,0.5571008,0.59689486,0.43824548,0.4951695,0.2838127,0.37763193,0.045838617,-0.054569047,-0.17790446,-0.4364344,-0.16920772,-0.14259046,-0.07090835,0.16126789,0.5431333,0.83724076,0.6751654,0.4822562,0.5080828,0.5086099,0.53206474,0.54787695,0.541025,0.7961289,0.5291658,-1.7058929,-1.0499489,-0.094890244,-0.13731973,-0.39927566,-0.39611322,-0.85176903,-1.1237394,-1.3148037,-1.6336838,-1.4937456,-1.2473382,-0.81039363,-0.74398226,-0.762957,-0.741874,-0.7297513,-0.69022065,-0.8918266,-0.7402928,-0.5745279,-0.3839905,-0.41930446,-0.2087383,-0.23667324,0.07719954,0.21924607,0.025282718,0.34442624,0.12226439,0.03266176,-0.15972038,-0.43748853,-0.023735197,-0.24695118,-0.08408521,-0.061157472,-0.26144573,-0.25116777,-0.220861,-0.35104835,-0.17078894,-0.41956803,-0.5711019,-0.7115672,-0.6048347,-0.6896936,-0.45962566,-0.89946926,-0.98959893,-1.2586703,-1.3798975,-1.4073054,-1.38306,-1.5807128,-1.3825328,-1.4779333,-1.2649953,-1.380161,-1.1537825,-0.89024544,-0.87285197,-0.16367343,0.06692159,-0.13125837,0.32307974,0.12410915,0.16469388,0.49068937,0.55183005,0.13913077,0.107769854,0.10276264,-0.45857152,-0.49204072,0.0126329325,0.17945196,-0.30703762,-0.35579202,-0.2917525,-0.38504463,-0.6443652,-0.8852382,-0.88049453,-1.0072559,-0.98485523,-1.1724937,-1.5200993,-1.4510525,-1.156418,-1.2307354,-1.4281248,-1.8632247,-1.5011246,-1.5453988,-1.3701465,-1.5306407,-1.8142067,-2.113585,-1.8679683,-1.7058929,-2.1452096,-2.5273383,-2.2785592,-2.6501465,-2.4169161,-2.3162448,-2.2619565,-1.8856254,-1.649496,-2.0719461,-1.8742932,-1.8690225,-2.1549604,-2.2959526,-1.8466218,-1.3374679,-1.2552444,-1.4584315,-1.1213676,-1.4191645,-1.4212729,-1.2489195,-1.1337538,-0.86283755,-0.6145855,-0.5313078,-0.6918019,-0.8412275,-1.0017216,-0.5908672,-0.11860858,0.057961326,-0.13600203,-0.01688323,-0.252749,-0.3428787,-0.3215322,-0.48703355,-0.09199133,0.8730818,0.725501,0.53654486,0.5531477,0.57686603,0.654346,0.8546342,2.273782,2.0281653,1.866617,1.9907429,2.0819268,1.7915088,1.8371009,1.6138848,1.6697546,1.8270864,1.9625444,1.8191803,1.8407904,1.7978338,1.6094047,1.3769648,1.1619185,0.74658394,0.7921759,0.9049698,1.0857563,0.9924642,1.1426803,1.0201355,0.962948,0.5067651,0.73498833,0.67332065,0.5531477,0.6348442,0.29224586,0.6227215,0.77030236,0.8844139,1.0981425,1.1231786,0.95293355,0.93106,0.7442121,0.757389,1.1292399,1.2301748,1.6123036,1.6441915,1.6088777,2.0879881,2.242421,2.81008,2.1617787,2.1019557,2.2163308,2.376298,2.252699,2.350471,2.3525796,1.9965408,2.613745,-0.11570968,0.3122747,0.65276474,0.067185126,-0.2827922,-0.16420051,-1.2001652,-1.4160022,-1.312959,-1.3269265,-0.8111843,-1.2225658,-1.1848799,-0.8327943,-0.9202887,-0.20425816,-0.59640145,-0.64489233,-0.6878488,-0.47649205,-0.8986786,-0.6585963,-0.362644,-0.2711966,0.30173323,0.53206474,0.5241586,0.47777605,0.49464244,0.30410507,0.22820634,-0.0023886862,0.26457447,0.7494829,0.6878151,0.4535306,0.87545365,1.661585,1.7011156,1.6955813,2.2329335,1.6776608,1.6713359,2.1612515,2.3997526,2.6161168,3.0264442,2.9821699,3.219617,3.6491823,3.571966,3.5118797,3.813893,2018-04-17
NSP_ABM,-0.4263657,-0.4501133,-0.49240753,-0.5445148,-0.3186185,-0.3293147,-0.4065434,-0.39633784,-0.3666043,-0.33255303,-0.3195998,-0.3382446,-0.32362318,-0.3530623,-0.32872593,-0.334025,-0.39094064,-0.4406928,-0.4096836,-0.39368832,-0.37082392,-0.41841716,-0.41586578,-0.39908546,-0.39309952,-0.36228654,-0.4381414,-0.40801534,-0.39231446,-0.42734703,-0.48789355,-0.53794,-0.5149775,-0.5126224,-0.53529054,-0.5084028,-0.50830466,-0.52174854,-0.53931385,-0.4849496,-0.5551129,-0.5838651,-0.551482,-0.5542297,-0.52920645,-0.5342111,-0.53156155,-0.4855384,-0.42283306,-0.39574903,-0.41508073,-0.36572114,-0.38259956,-0.4231274,-0.44471613,-0.4516834,-0.43912268,-0.4662067,-0.45256656,-0.4675805,-0.51429063,-0.5239074,-0.4774917,-0.510071,-0.54127645,-0.5766034,-0.5840614,-0.57150066,-0.6902385,-0.6989721,-0.688374,-0.72095335,-0.6640377,-0.6832712,-0.6487293,-0.64804244,-0.6510845,-0.72105145,-0.72654676,-0.7437196,-0.74548596,-0.74224764,-0.74607474,-0.6666872,-0.6142856,-0.6607012,-0.67463577,-0.65608907,-0.7121216,-0.63469666,-0.59534633,-0.4740571,-0.38309023,-0.41223496,-0.4340199,-0.4146882,-0.42950588,-0.47238892,-0.4900524,-0.4674824,-0.41802466,-0.4529591,-0.3749454,-0.3668987,-0.38387525,-0.35944077,-0.3382446,-0.30066064,-0.27485234,-0.18103962,-0.16396491,-0.21352081,-0.23844594,-0.23363754,-0.25758138,-0.33255303,-0.32303438,-0.29222143,-0.26484302,-0.24973094,-0.2564038,-0.2609178,-0.27495047,-0.21479648,-0.22186188,-0.27514672,-0.25728697,-0.29300648,-0.2833897,-0.24433376,-0.14993227,-0.20321712,-0.25522625,-0.35227725,-0.32097363,-0.2946747,-0.32195494,-0.30370268,-0.32588017,-0.34982398,-0.3505109,-0.3434455,-0.39035186,-0.4045808,-0.406249,-0.4381414,-0.46856183,-0.42764142,-0.4481507,-0.46267402,-0.46159455,-0.49701965,-0.51399624,-0.44334233,-0.36493608,-0.40713218,-0.36061832,-0.29349712,-0.26131034,-0.22784784,-0.17593683,-0.18143213,-0.18653493,-0.22568898,-0.18398353,-0.16602565,-0.18879192,-0.20920306,-0.23756276,-0.23795527,-0.21567968,-0.20527785,-0.18624052,-0.12795104,-0.019222517,-0.023442125,-0.010587038,0.056828577,-0.100670785,-0.11607726,-0.1329557,-0.18349287,-0.23854406,-0.3366745,-0.41841716,-0.35610434,-0.3197961,-0.41566953,-0.41586578,-0.39045,-0.3982023,-0.42518818,-0.4755291,-0.4561974,-0.42518818,-0.40222564,-0.43539372,-0.3695482,-0.428819,-0.5347999,-0.56198204,-0.59112674,-0.48867857,-0.5134074,-0.4916225,-0.5558979,-0.6778741,-0.6593274,-0.63872,-0.68042547,-0.69465435,-0.5836688,-0.52959895,-0.47700104,-0.40477705,-0.38161826,-0.36895943,-0.3924126,-0.4001649,-0.49240753,-0.40605274,-0.37033325,-0.33745953,-0.3108662,-0.3465857,-0.3901556,-0.4024219,-0.41714147,-0.4347068,-0.37671173,-0.37033325,-0.38358086,-0.40997794,-0.4226368,-0.44481426,-0.38348272,-0.3975154,-0.42283306,-0.424305,-0.4760197,-0.45148712,-0.40281442,-0.425777,-0.45708057,-0.42410874,-0.48092628,-0.42253867,-0.4643422,-0.4529591,-0.41331437,-0.41910407,-0.4127256,-0.43186104,-0.46188894,-0.4504077,-0.40144062,-0.27259535,-0.026287911,0.0130624,0.042894054,0.07635654,0.03543614,0.061440706,0.070174314,0.07841728,0.11080032,0.16653842,0.118061975,0.26780903,0.3050986,0.28164542,0.24788855,0.17880473,0.16850103,0.1951925,0.17782342,0.1942112,0.22090267,0.19882332,0.21815503,0.29557994,0.25573897,0.24357082,-0.019418778,-0.041105606,-0.022460822,0.002464311,0.038968835,0.036908094,0.051235143,0.07831914,0.07635654,0.0910761,0.0469174,0.118748896,0.11030967,0.12561803,0.12659933,0.15701976,0.1490712,0.18390751,0.20736067,0.07606214,0.07321636,0.07880979,0.0636977,0.07488458,0.13356659,0.122575976,0.15280016,0.17811781,0.14779551,0.21619242,0.2009822,0.21864566,0.18724394,0.08813219,0.13081893,0.102459244,-0.3988892,-0.29585224,-0.37926313,-0.38132384,-0.34452495,-0.4031088,-0.38976306,-0.3917257,-0.45119274,-0.4516834,-0.4755291,-0.5151738,-0.53342605,-0.5169402,-0.52017844,-0.5510895,-0.5496175,-0.5452998,-0.54726243,-0.5107579,-0.5166457,-0.58877164,-0.6135005,-0.6208603,-0.627435,-0.6270425,-0.5429447,-0.79366803,-0.5918137,-0.56531847,-0.6226266,-0.64843494,-0.510071,-0.46728614,-0.39790788,-0.36876315,-0.3753379,-0.39977238,-0.40330508,-0.3933939,-0.35423985,-0.38554347,-0.4001649,-0.44471613,-0.44638434,-0.3647398,-0.34001094,-0.3314736,-0.29977748,-0.24227303,-0.23540388,-0.19330592,-0.20831989,-0.17632936,-0.15032478,-0.16082475,-0.18761435,-0.23363754,-0.23344128,-0.30517462,-0.29045507,-0.3177353,-0.3508053,-0.30586156,-0.2764224,-0.574739,-0.6204677,-0.40320697,-0.50977665,-0.5325429,-0.5268513,-0.5766034,-0.66354704,-0.7508831,-0.9242796,-1.0181905,-0.8408688,-0.8663827,-1.014069,-1.0096531,-0.99885875,-0.971186,-0.99336344,-1.0137746,-1.0768725,-0.9896345,-0.933602,-1.0115175,-1.011812,-0.8680508,-0.8663827,-0.8670696,-0.8624574,-0.8236959,-0.88699,-0.4832814,-0.5042813,-0.57954735,-0.6066314,-0.66197693,-0.6240986,-0.6418602,-0.59426695,-0.6091828,-0.62557054,-0.6246874,-0.668061,-0.6604068,-0.6642339,-0.640192,-0.57346326,-0.52341676,-0.50437945,-0.57405204,-0.5728745,-0.57110816,-0.57562214,-0.5441223,-0.57562214,-0.54098207,-0.5615895,-0.6299864,-0.618407,-0.6610938,-0.7198739,-0.6553041,-0.60839766,-0.629692,-0.58474827,-0.624393,-0.58523893,-0.57719225,-0.559725,-0.5746408,-0.54657555,-0.14885283,-0.0175543,-0.035119653,-0.031979475,-0.043166347,-0.10695113,-0.13864726,-0.22137125,-0.23177306,-0.2912401,-0.13933417,-0.15611447,-0.07515687,0.016300702,0.030431487,0.10373494,-0.15660512,-0.14257248,-0.18476857,-0.22637588,-0.22667028,-0.25728697,-0.28427285,-0.3237213,-0.26916078,-0.28034765,-0.30301577,-0.29398778,-0.29202518,-0.29752046,-0.24129173,-0.24197865,-0.29545972,-0.2325581,-0.2524786,-0.25777763,-0.16857706,-0.18800688,-0.16367052,-0.1671051,-0.19546479,-0.24502067,-0.20321712,-0.1613154,-0.16435744,-0.21832919,-0.14267062,-0.18928258,-0.19929188,-0.16308174,-0.093801655,-0.058474697,-0.085362434,-0.31969795,-0.3147914,-0.4038939,-0.3856416,-0.5106598,-0.48308513,-0.45570675,-0.4655198,-0.4005574,-0.3946696,-0.40252006,-0.38132384,-0.3695482,-0.3720996,-0.35002023,-0.5061458,-0.5166457,-0.5854352,-0.58523893,-0.61193043,-0.6846451,-0.7583411,-0.8017147,-0.85715836,-0.8242847,-0.7121216,-0.69985527,-0.82683605,-0.7105515,-0.4096836,-0.47435153,-0.43186104,-0.49898228,-0.57336515,-0.5646315,-0.5674773,-0.52204293,-0.591323,-0.63086957,-0.70544875,-0.81839687,-0.7761026,-0.75549525,-0.76893914,-0.7850325,-0.7489205,-0.7139861,-0.70927584,-0.69818705,-0.70348614,-0.8161399,-0.9177049,-0.9364478,-0.9341908,-0.9351721,-0.96264863,-0.9919896,-1.0288867,-1.0794238,-1.0586202,-1.0618585,-1.0492978,-1.0017046,-0.9740317,-0.38966495,-0.5878885,-0.60064536,-0.60201925,-0.595837,-0.635678,-0.55059886,-0.55059886,-0.49917853,-0.5364681,-0.52341676,-0.5707156,-0.56590724,-0.56561285,-0.577781,-0.68994415,-0.6874909,-0.66972923,-0.6797385,-0.7468598,-0.66688347,-0.73685044,-0.7371449,-0.70358425,-0.66747224,-0.68493944,-0.16210043,-0.15729205,-0.26631498,-0.21224512,-0.17574057,-0.10675488,-0.078100786,0.029057661,0.06713227,0.034847356,0.06958553,0.058006145,0.024936182,-0.011470212,0.007076442,-0.059848525,-0.04326448,0.0058007464,-0.016278602,-0.008526298,0.026015615,0.036809966,0.026113747,0.0131605305,-0.0048954724,-0.03325517,-0.040222432,0.041127704,0.06320705,0.08940788,0.113155454,0.13690302,0.15780482,0.20078593,0.20068781,0.24857546,0.23473907,0.19764575,0.21118775,0.46936896,0.6745597,0.5729947,0.7955546,0.7708257,0.9585492,0.93048394,0.9278344,1.0190958,0.9974088,1.0388199,1.161483,1.339099,1.3306599,1.2111369,1.1766932,1.1646231,1.1673708,1.1778708,1.1670763,1.1348896,1.1053524,0.9513857,1.0605068,0.9978014,1.0647264,1.1049598,0.9837687,0.99564254,0.9966239,1.6679342,1.8508494,1.8026674,1.7287751,1.8486905,1.6082709,1.6562567,1.6144531,1.6177895,1.6959996,1.7247517,1.6670511,1.5980653,1.6175932,1.6223035,1.828868,1.6717613,1.6795136,1.7491863,1.7138593,1.8237653,2.0091338,1.7861813,1.7517376,1.7816674,1.8434895,1.738588,1.8978539,1.9612461,1.9617367,1.937106,2.0195355,2.0246384,2.0166898,2.1882217,2.1626098,2.0400448,1.9805778,2.0525074,2.346212,2.3926275,2.4957626,2.6297107,2.3591652,2.4333518,2.6093976,2.6688647,2.6804442,2.6433508,2.6965375,2.7454064,2.9574664,3.095536,2.9282236,2.9596252,2.973756,2.860219,2.9686532,2.862476,2.8444202,2.860808,3.215746,3.3247688,3.3298714,3.442329,3.4649973,3.4084742,3.387278,3.5657773,3.3631377,3.2638297,3.360292,3.2664793,3.360292,3.3283014,3.4856048,3.3453763,3.5112164,3.6552722,3.58609,3.6734262,3.7714584,3.8184628,4.0506396,2018-04-17
CBZ_BCO,-0.72728866,-0.69016194,-1.022399,-0.83771706,-1.2356398,-1.2061288,-1.4412651,-1.4926713,-1.3612996,-1.2556312,-1.292758,-1.2994218,-1.2080328,-1.2756226,-1.3365486,-1.3051336,-1.1775697,-1.016687,-1.1147399,-1.2194564,-1.4660162,-1.3308367,-1.4079461,-1.4469768,-1.5012391,-1.4498328,-1.3717713,-1.4564965,-1.4336493,-1.3032296,-1.2537273,-1.1604344,-1.0433422,-1.0709493,-1.0423902,-1.0328707,-1.0338225,-0.8262934,-0.8015422,-0.85199654,-0.6663627,-0.6749304,-0.53308713,-0.61210054,-0.76155955,-0.61495644,-0.49500838,-0.6625548,-0.5407029,-0.6482753,-0.7034895,-0.6768344,-0.4712092,-0.41504306,-0.34650132,-0.34554937,-0.34935725,-0.3179423,-0.43027455,-0.45788166,-0.44931394,-0.5197596,-0.56164616,-0.60258085,-0.64351547,-0.7577517,-0.6187643,-0.68159425,-0.73109657,-0.7092013,-0.5511745,-0.56830996,-0.9367218,-0.78345484,-0.7072973,-0.68635404,-0.6635068,-0.61019653,-0.5530784,-0.5816375,-0.52642334,-0.67112255,-0.5473666,-0.656843,-0.6073407,-0.68159425,-0.5473666,-0.4017155,-0.43408245,-0.5464147,-0.28747928,-0.31889427,-0.296047,-0.19609033,-0.19894624,-0.09803756,0.03428605,0.008582899,-0.054247018,-0.14468402,-0.09803756,-0.036159616,-0.03330371,-0.13802025,-0.13516435,-0.043775365,-0.115173,-0.0609108,-0.11898087,-0.17705096,0.011438806,0.01429471,0.5426372,0.5531089,0.47409546,0.51693404,0.5131262,0.61784273,0.36937895,0.42935297,0.62450653,0.5692923,0.50836635,0.6216506,0.6606813,0.69971204,0.73112696,0.6844805,0.4217372,0.6168908,0.18755296,0.2532388,0.2646624,0.1685136,0.14947423,0.05713329,0.1923128,0.07617266,0.02000652,-0.096133634,-0.15896355,-0.23226513,-0.25796828,-0.3445974,-0.19323441,-0.21322577,-0.19799426,-0.18466671,-0.105653316,-0.14944388,-0.052343078,0.06379707,0.217064,0.28750965,0.18469706,0.21896793,0.2503829,0.277038,0.11329944,0.08854825,-0.14944388,-0.09042182,-0.024735996,0.020958489,0.0076309317,-0.029495837,-0.19513835,-0.20656197,-0.18847458,-0.18942654,-0.20085016,-0.13516435,-0.2541604,-0.36268482,-0.4626415,-0.44931394,-0.34078953,-0.3207982,-0.30747065,-0.30747065,-0.08471001,-0.23797694,-0.2789116,-0.39219582,-0.3779163,-0.37886828,-0.27034387,-0.18657063,-0.2636801,-0.23988087,-0.31699032,-0.28747928,-0.19609033,-0.1513478,-0.13135646,-0.047583237,-0.15039584,0.049517546,0.08854825,0.06474905,0.07046085,0.20564038,0.16280179,0.23229548,0.21611202,0.28465375,0.115203366,0.15804194,0.06474905,0.17517738,0.21135218,0.29702935,0.28560573,0.16470571,0.17993721,0.16375376,0.06379707,0.07426873,0.18184115,0.04094983,-0.20656197,-0.32175016,-0.4017155,-0.3683966,-0.27510372,-0.34078953,-0.51690364,-0.46740133,-0.53689504,-0.7606076,-0.7377603,-0.81582177,-0.6635068,-0.6225721,-0.70158553,-0.68635404,-0.51785564,-0.7501359,-0.7377603,-0.91292256,-0.90911466,-0.92815405,-0.96242493,-0.87103593,-0.9043548,-0.70824933,-0.72157687,-0.73680836,-0.7996383,-0.8291493,-0.8577084,-0.86818004,-0.8853155,-0.83390915,-0.55593437,-0.6444674,-0.59020525,-0.10470135,-0.0009367848,-0.09803756,-0.12183679,-0.107557245,-0.043775365,-0.10850922,-0.08851788,-0.05805489,-0.04472733,-0.39219582,-0.037111584,-0.011408438,0.11234746,0.09330809,0.11996321,0.17803329,0.28084585,0.2656144,0.24752697,0.31987658,0.24467108,0.25895062,0.24847895,0.19040887,0.3094049,0.24847895,0.2560947,0.26942223,0.25895062,0.25704667,0.26942223,0.24562302,0.277038,0.42554507,0.32082856,0.46933562,0.3284443,-0.036159616,-0.097085595,-0.04472733,0.18088919,0.2256317,0.24847895,0.34272385,0.29988524,0.36652303,0.4721915,0.42840096,0.47504744,0.4217372,0.41316947,0.34177184,0.45600808,0.47123957,0.32368445,0.42744902,0.31797263,0.33796397,0.3141648,0.21516004,0.046661638,0.1142514,0.036189985,-0.034255676,-0.055198982,0.09711596,-0.19323441,-0.1484919,-0.107557245,-0.02188009,0.036189985,0.11139549,0.028574238,0.03523802,0.17898524,0.33606002,0.34272385,0.28084585,0.25990257,0.24752697,0.14661832,-0.0028407217,0.06474905,0.096164,0.009534868,0.0038230577,0.04761361,0.5397813,0.5540609,0.28465375,0.3855624,0.16470571,0.050469514,0.059037227,-0.008552532,-0.13611631,-0.05043914,-0.09898954,0.031430144,0.048565578,1.5183788e-05,-0.073286384,-0.0609108,-0.116124965,-0.086613946,-0.12850057,-0.0275919,-0.048535205,-0.23131315,-0.2084659,-0.236073,-0.3198462,-0.1484919,-0.1637234,-0.005696627,-0.14753993,-0.16181946,-0.1427801,-0.072334416,-0.19133049,-0.12374072,-0.15991552,-0.51785564,-0.72824067,-0.56450206,-0.507384,0.18184115,-0.30080688,-0.57402176,-0.6330438,-0.51119184,-0.7844068,-0.53689504,-0.5825895,-0.14944388,-0.0009367848,0.03999786,0.24847895,0.096164,0.2798939,0.2989333,0.38365847,0.3141648,0.21516004,0.457912,0.82251596,0.6682971,0.75302225,0.8891538,1.3004042,1.243286,1.2632774,1.4194002,1.5793309,1.7706765,1.4336797,1.5117412,1.5536277,1.6545364,1.6888072,2.052459,1.7497333,1.8011395,1.7973317,1.8144671,1.8239868,1.7954278,1.8058994,1.7954278,1.9439348,1.7049907,1.6174096,1.4384396,1.3156356,1.4041687,1.2023513,1.3165876,1.1423774,1.0071979,0.9481758,0.9300884,0.88820183,0.8272758,0.9519837,1.0738356,0.8367955,0.8367955,0.8567868,0.76920575,0.7149435,0.759686,0.7539742,0.80633247,-0.030447807,-0.011408438,0.010486837,-0.19513835,-0.052343078,0.012390774,0.09426006,0.30845296,0.45600808,0.41221753,0.38175452,0.30083722,0.23039155,-0.011408438,0.217064,0.22087185,0.42078525,0.50836635,0.45696002,0.4493443,0.41983327,0.6302183,0.7082797,0.6378341,0.8548829,0.9148569,0.83203566,0.730175,0.8244199,0.6349782,0.56262857,0.66734505,0.40269783,0.41031358,0.23800729,0.19612068,0.22658367,0.50551045,0.6321222,0.6721049,0.6016593,0.56167656,0.43887264,0.5216939,0.3103569,0.29131752,0.30083722,0.31321278,0.65592146,0.94151205,0.8996254,1.0738356,1.0167174,0.9976781,1.3089719,1.3917931,1.4146403,1.3956009,1.2594694,1.3194435,1.3194435,1.0719317,0.9957742,1.031949,0.7825333,0.96816707,0.9795908,1.1661766,0.87201834,0.8244199,0.90057737,0.7958609,0.82537186,0.5426372,0.57214826,0.50836635,0.40174586,0.5569167,0.397938,0.41126555,0.18564902,0.3313002,0.29131752,0.1685136,0.69019234,0.43506476,0.306549,0.4550561,0.277038,0.26942223,0.14852226,0.08759628,0.0628451,0.18755296,0.19326477,0.2227758,0.18755296,0.08854825,0.16470571,0.004775026,0.09426006,0.110443525,-0.009504501,-0.038063552,-0.20941788,-0.12659663,-0.12374072,-0.024735996,0.080932505,0.14566635,-0.014264342,-0.037111584,-0.27986354,-0.35126117,-0.55212647,-0.4940564,-1.6811612,-1.6154753,-1.474584,-1.4641123,-1.3279808,-1.5764446,-1.3098935,-1.1175958,-1.3489242,-1.5145665,-1.6687856,-1.474584,-1.5507413,-1.1823297,-1.2299281,-1.2051768,-1.3127493,-1.473632,-1.1118839,-1.3660594,-1.0747571,-1.2775265,-1.2727666,-1.4012823,-1.5488374,-1.5250382,-1.2127926,-1.3251249,-1.3974745,-1.5402697,-1.7458949,-1.8277642,-1.621187,-1.5193264,-1.5964359,-1.5555012,-1.5136147,-1.3003738,-1.3993784,-1.4003303,-0.9843202,-0.75679976,-0.61114854,-0.6625548,-0.5387989,-0.5407029,-0.8472367,-0.47787294,-0.66826665,-0.49691233,-0.46740133,-0.5321352,-0.3836281,-0.30080688,-0.416947,-0.5759257,-0.5216635,-0.22845724,-0.52927923,-0.39981157,-0.356973,-0.64637136,-0.35602105,-0.35602105,0.19421674,0.5883317,0.66258526,0.44458446,0.7758695,0.5159821,-0.017120248,-1.2756226,-1.4307934,-1.3260769,-1.2794304,-1.2432556,-1.2727666,-1.3146533,-1.1490108,-1.2984698,-1.2137445,-1.2661029,-1.5259902,-1.6059556,-1.7021043,-1.6678334,-1.8391879,-1.6059556,-1.4603045,-1.894402,-1.6811612,-1.320365,-1.378435,-1.6392745,-1.6154753,-1.6564099,-1.7040083,-1.6449863,-1.7401831,-1.6459383,-1.6402265,-1.5098068,-1.4155619,-1.3889067,-1.3927147,-1.3355966,-1.3298846,-1.1347312,-1.0043114,-0.9748005,-0.8662761,-0.5035761,-0.43884227,-0.64541936,-0.7520399,-0.78345484,-0.25511238,-0.8929312,-0.8129658,-0.64637136,-0.45026588,-0.72157687,-0.5787816,-0.90911466,-0.7320485,-0.74061626,-0.7263367,-0.57211787,-0.628284,-0.5407029,-0.5283273,-0.43884227,-0.42837062,-0.69301784,-0.61400443,0.110443525,0.048565578,-0.19228245,0.1685136,0.33320412,0.26942223,1.9058561,1.6526324,2.358993,1.8068514,2.1019616,2.1105292,2.418015,2.5484347,2.0952978,2.2247653,2.3437614,2.6759987,2.93779,3.1891093,3.324289,3.5042112,3.4566128,3.1234236,3.0577378,3.1072402,3.1653104,3.4128222,3.3718874,3.299538,3.0367947,2.6436315,2.783571,2.5560505,2.6160245,2.5389152,2.5912733,2.7083654,2.8349771,2.7340686,2.5608103,2.6179285,2.6550553,2.5560505,2.7102692,2.6141207,2.721693,2.634112,2018-04-17
NSP_DLX,-1.265419,-1.3926139,-1.358966,-1.0485927,-0.8407587,-0.86889535,-0.7116782,-0.7496772,-0.7037014,-0.7959431,-0.7844854,-0.5605526,-0.6152305,-0.76911175,-0.73009753,-0.81247705,-1.134743,-1.223794,-1.1836196,-1.0777446,-0.7527229,-0.85207134,-0.77360785,-0.6411916,-0.6845568,-0.61639076,-0.7119683,-0.6351002,-0.6549698,-0.6916635,-0.6786104,-1.003342,-0.96505296,-0.9444581,-0.8219042,-0.8736815,-0.7804244,-0.9260388,-0.79826367,-0.7256015,-0.82872087,-0.78782123,-0.53560674,-0.5202331,-0.14618987,-0.36823726,-0.4884706,-0.39854938,-0.2184169,-0.16489927,-0.08339006,0.1609926,-0.035818838,-0.17577684,-0.21160029,-0.14415939,-0.035673805,-0.1344421,-0.16011314,-0.17331126,-0.24785884,-0.79565305,-0.40145007,-0.48977593,-0.6197265,-0.8667198,-0.87194103,-0.8958717,-1.024952,-1.1285065,-1.0060977,-0.92908454,-0.7570739,-0.90123796,-0.76127994,-0.7176246,-0.7034113,-0.7463414,-0.8860094,-0.7564938,-0.659901,-0.41305283,-0.15402171,0.22364737,0.4948613,0.082819134,-0.13589244,-0.13676265,-0.038284417,0.2678828,0.19464052,0.07556743,-0.26482785,-0.20304327,-0.11718304,-0.109061114,-0.15083095,-0.17200595,-0.2638126,-0.2933996,-0.25757614,0.013927895,0.054972578,0.28760746,0.35287285,0.38782609,0.5601267,0.69964963,0.66353613,0.40465003,0.5171966,0.43815294,0.22654806,0.1406878,-0.2446681,-0.39361823,-0.3234217,-0.43973914,-0.39869446,-0.25627083,-0.5079052,-0.50297403,-0.5100807,-0.37577903,-0.095717974,-0.017979631,-0.27411002,-0.09020667,0.053232167,-0.3738936,-0.41015214,-0.20304327,-0.38636655,-0.47077644,-0.3770843,-0.24191244,-0.25511053,-0.038284417,0.14300834,0.20218231,0.44540468,0.480793,0.45686236,0.50602895,0.28862268,0.12647444,-0.0057967566,-0.20202804,-0.24307272,-0.29963607,-0.26729342,-0.2960102,-0.5206682,-0.3802751,-0.3081931,-0.5000733,-0.36055046,-0.14459449,0.020164367,0.26353177,0.663101,0.83250093,0.7887007,0.624812,0.853531,1.0000155,0.7665104,0.7212598,0.7537474,0.8055246,0.82655454,0.7018252,0.69616884,0.87079006,1.227284,1.0152441,1.1897202,1.472682,1.1728961,0.9550549,0.9473681,1.1682551,0.99261874,1.1209741,1.2274292,1.2725347,1.3269225,1.0676014,1.2084296,0.96520734,1.3396856,0.29253858,0.3895665,0.73025185,0.96303177,0.959841,0.9467879,1.1389583,1.1615835,1.010603,0.9389561,1.0216256,1.1939262,1.1144475,0.94722307,0.6957337,0.65120816,0.44119868,0.50588393,0.27397424,0.17796159,0.07643764,0.18231261,-0.0899166,0.06701042,-0.068161465,-0.19506639,-0.15938798,-0.06395548,0.09442188,0.115451835,-0.18099807,-0.0627952,0.011897416,-0.04771164,-0.218852,-0.26729342,-0.14865544,-0.11906847,0.05671299,-0.068741605,-0.17925766,-0.48789048,-0.47672284,-0.56504864,-0.51907283,-0.39173278,-0.18259345,-0.32603228,-0.14415939,-0.11500752,-0.029582366,-0.17099072,-0.32951313,-0.30645266,-0.37360352,-0.44742593,-0.45163193,-0.53314114,-0.34401655,-0.3960838,-0.25467545,-0.4867302,-0.5270497,-0.6255279,-0.5567817,-0.43132713,0.120382994,0.34895688,0.19043453,0.06251436,0.08310921,0.0024701927,0.17955697,0.2907982,0.51835686,0.36360535,0.58768326,0.79377687,0.6604904,0.4448245,0.442649,0.14271827,0.17070988,0.17578608,0.07324688,0.137352,-0.06569588,-0.19738694,-0.07106215,-0.052932873,-0.097313344,-0.16692977,0.004065569,0.24859324,0.34750655,0.4221992,0.3862307,0.2883326,0.24467734,0.17433573,0.23844086,0.4533815,0.03814861,0.66237587,0.98420674,0.66165066,0.45613718,0.24032629,0.18825902,0.49196061,0.34895688,0.06715545,-0.06932174,-0.10325975,-0.15880784,-0.15387668,-0.15808268,-0.17708215,-0.2043486,-0.2451032,-0.33981055,-0.15010579,-0.26468283,-0.17519669,-0.07178732,-0.21435595,0.026980976,0.07252171,-0.6393061,-0.5968111,-0.6221921,-0.6105894,-0.7189299,-0.85990316,-0.8246598,-0.67687,-0.5588122,-0.5567817,-0.63452005,-0.5783918,-0.67846537,-0.71254843,-0.846415,-0.838003,-0.92922956,-0.97114444,-1.0132043,-0.9853578,-1.0084182,-1.0226315,-0.9477939,-0.9115353,-1.0764393,-1.1170489,-1.1312622,-1.1245906,-0.7580892,-0.876147,-0.75533354,-0.56983477,-0.5021038,-0.32487202,-0.28107166,-0.2903539,-0.4252357,-0.7093576,-0.4124727,-0.17853248,-0.11790821,-0.27251464,-0.013193502,-0.19274585,-0.10935119,-0.120808885,0.01581334,-0.029872434,0.019584231,-0.13516727,-0.080054276,-0.04858185,0.10587958,0.17912187,0.2398912,0.2488833,0.23031895,0.40856594,0.5367762,0.45613718,0.5138608,0.5473637,0.95099396,1.0330833,1.1305463,0.6427963,0.6171252,1.1173482,0.95070386,0.9251779,0.64917773,0.41436735,0.45729747,-0.12066386,-0.2828121,-0.2920943,-0.22624874,-0.28658298,-0.39448845,-0.42581585,-0.5901395,-0.7198001,-0.8258201,-0.7280671,-0.61552054,-0.43712848,-0.6654123,-0.4443802,-0.46570024,-0.7720125,-1.0121891,-1.4371395,-1.5308316,-1.3705686,-1.4704973,-1.2499002,-1.2828231,-1.3752098,-1.5763723,-1.58783,-1.4728178,-1.2864488,-1.3595461,-1.4380096,-1.3129902,-1.3028377,-1.3406917,-1.3672329,-1.570571,-1.5353277,-1.1506968,-1.2776017,-1.4519328,-1.481955,-1.4452614,-1.5757921,-1.5889902,-1.4581693,-1.4834052,-1.6327906,-1.5994327,-1.7370702,-1.8615094,-1.5512813,-1.5331521,-1.5006644,-1.5605636,-1.4253917,-1.3646224,-1.6251037,-1.4021862,-1.342142,-1.5215493,-1.7826109,-1.7773896,-1.1891309,-1.1363384,-1.2935555,-1.1834745,-1.3142954,-1.4159644,-1.3422871,-1.490802,-1.4867412,-1.5464952,-1.0065328,-1.2929754,-1.007403,-0.9325653,-0.7776688,-0.732128,-0.7461964,-0.6145053,-0.72850215,-0.6596109,-0.74445593,-0.7799893,-0.71689945,-0.769982,-0.58143747,-0.40478587,-0.28469753,-0.24901912,-0.27454513,-0.20753933,-0.20753933,-0.3154448,-0.3772294,-0.34213108,0.02915649,0.1933352,0.34823173,0.2548297,0.24772303,0.22509772,0.097032495,0.19377032,0.3161792,0.17303042,0.17665629,-0.015659085,-0.034658562,0.05062155,-0.038864557,-0.0793291,-0.040169865,-0.09963389,-0.1115267,-0.5631632,-0.5873839,-0.6739693,-0.4303119,-0.6210319,-0.6617865,-0.4485862,-0.5141417,-0.41595352,-0.23959188,-0.1866544,-0.065985955,0.120963134,0.093551666,-0.024651203,-0.28324717,-0.23683624,-0.24872905,-0.24843898,-0.34372646,-0.32574224,-0.418129,-0.63771075,-0.71907496,-0.6732442,-0.44496036,-0.5138516,-0.59217006,-0.8459799,-1.062806,-0.94518334,-0.94068724,-1.0091434,-1.0235018,-1.0365548,-0.8693304,-0.5765064,-0.6171159,-0.6691832,-0.73473865,-0.69456416,-0.67890054,-0.816538,-0.93227524,-0.87266624,-0.9605569,-0.93445075,-1.1506968,-1.2203132,-1.1734672,-1.1743374,-1.1254609,-1.1882607,-1.0886221,-1.053959,-1.088332,-1.0310435,-1.0659968,-1.1295218,-1.1763679,-1.0390204,-1.6146613,-1.4206055,-1.2580221,-0.46149424,-0.55808705,-0.37099293,-0.26323247,-0.15358661,-0.1794027,-0.14749517,0.005225843,0.17520593,-0.23074481,-0.08382516,-0.16678472,-0.16925031,-0.1840438,-0.047566608,-0.14647993,-0.15315151,-0.040314898,-0.108045876,-0.22523351,-0.0517726,-0.19651674,-0.4102972,-0.3128342,-0.12994605,-0.16925031,-0.08135958,-0.05655873,-0.29281947,-0.5490949,-0.4378537,-0.31762034,-0.31094876,-0.097893484,0.036553234,-0.13212156,-0.122694336,-0.32327667,-0.40942696,-0.5725905,-0.6786104,-0.7602647,-0.6390161,-0.6410466,-0.70428145,-0.5163172,-0.48658517,-0.47367713,-0.3773744,-0.36577168,-0.32168126,-0.47266188,-0.388397,-0.19245578,-0.10877105,-0.34126088,-0.26120198,-0.31384942,-0.23828658,-0.20043266,-0.31747526,0.0075463904,0.4871745,0.569989,0.5068991,0.7011,1.0367091,1.0438159,1.3163351,1.4999484,1.5347565,1.4354081,1.5349016,1.7160493,1.7076373,1.858473,1.9041586,2.1195345,1.9765308,1.8667399,1.8877698,1.921853,1.892846,1.6670278,1.5808774,1.6551349,1.9495544,1.0551285,1.1263403,1.468766,1.5248942,1.4023403,1.3985693,0.96158147,0.64540684,0.6929781,0.6768792,0.7100921,0.7595488,0.9250328,0.5218377,0.55403525,0.46063325,0.404505,0.4223442,0.38652074,0.281371,0.40131426,0.4414887,0.4230694,0.752007,0.6200259,0.6240868,0.5290894,0.4417788,0.7170537,0.92894876,0.8068299,0.7283664,0.65309364,0.73416775,0.59464484,1.685592,0.8957359,1.1614386,1.0554186,1.4512168,1.4622394,1.4136529,1.9301198,1.7185149,1.3981344,1.5472295,1.8519464,2.3157659,2.3898785,2.4927077,2.5924911,2.050208,2.278492,2.147381,2.2692099,2.2258446,2.1671057,2.2274399,2.621498,2.833248,2.8612397,2.8565984,2.557828,2.6113455,2.5514464,2.5398436,2.5127225,2.4819753,2.457029,2.6856031,2.783066,2.7855315,2.9346268,2.9597178,3.0168614,3.1636357,3.1407206,2.6977859,2.4668918,2.5859647,2.6107655,2.4663112,2.2030742,2.2644236,2.282408,2.6339707,2.7515936,2.8056912,2.9108412,3.0529747,2.8848803,3.1318734,2018-04-17
HCSG_EXPO,-1.0174756,-1.0425459,-1.2259873,-1.0382656,-1.0483549,-1.1055274,-1.0697564,-1.0663933,-0.90557647,-0.83923185,-0.87867177,-0.86491364,-0.88814956,-0.75484896,-0.7209123,-0.6499817,-0.8132444,-0.8603276,-0.8062125,-0.825168,-0.8502383,-0.6671028,-0.60198116,-0.737422,-0.62613434,-0.62644005,-0.55061764,-0.49619675,-0.5729363,-0.48610747,-0.53257924,-0.39377537,-0.30511212,-0.24518797,-0.05868937,-0.10363247,-0.121059395,-0.118919246,-0.12747984,-0.14032072,-0.18954413,-0.19657604,-0.16477956,-0.249774,-0.30664077,-0.3567814,-0.39530402,-0.4295464,-0.52248996,-0.55642664,-0.5273817,-0.6047328,-0.70654273,-0.55275774,-0.57843953,-0.49589097,-0.20269075,-0.3136727,-0.28890812,-0.25007975,-0.13512322,0.20913485,0.13973291,0.15899423,0.13728702,0.28189987,0.17886704,0.1828416,0.23298222,0.2828171,0.2864859,0.35772225,0.33937815,0.30972183,0.3870729,0.067885086,0.13422967,0.24215427,0.18131292,0.18589894,0.20821764,0.18834484,0.12780923,0.12903216,0.1440132,0.17825557,0.14279027,0.083477594,0.11038231,0.016827274,0.007043742,-0.056549225,-0.08375967,-0.044319805,0.12658629,-0.01955524,0.036700074,-0.01221759,0.081337444,0.14523615,0.16327453,0.06819083,0.036700074,0.049540963,0.18651043,-0.15316162,-0.019860974,-0.32712507,-0.3525011,-0.12961999,-0.2332643,-0.29594004,-0.31795296,-0.3968327,-0.47479525,-0.39285815,-0.39377537,-0.41609403,-0.48916483,-0.45950848,-0.34546918,-0.21369722,-0.17976059,-0.32743078,-0.32498488,-0.7499572,-0.49558526,-0.33140534,-0.27392712,-0.05868937,-0.14123793,-0.25191414,-0.25711167,-0.24732813,-0.22776106,-0.21583736,-0.2610862,-0.3136727,-0.2445765,-0.22072914,-0.27545577,-0.13695765,-0.10699557,-0.009160235,-0.06602702,-0.0287273,-0.17395163,-0.14704691,-0.31244972,-0.3956098,-0.34944373,-0.34577492,-0.2766787,-0.3310996,-0.6135992,-0.6710774,-0.7643267,-0.6224655,-0.5600954,-0.46134287,-0.51454085,-0.6123762,-0.5561209,-0.58547145,-0.6099303,-0.6915617,-0.56651586,-0.54327995,-0.5341079,-0.51178926,-0.47662967,-0.45767406,-0.6041213,-0.63591784,-0.6291917,-0.42648906,-0.47387803,-0.6894216,-0.6564022,-0.37940583,-0.38307464,-0.27484432,-0.18526383,-0.33171108,-0.61054176,-0.7762504,-0.92606074,-0.77197015,-0.7698299,-0.752403,-0.5918919,-0.580274,-0.71724343,-0.7258041,-0.48641318,-0.6469243,-0.9566343,-0.9352328,-0.7747217,-0.5438915,-0.43168655,-0.4582855,-0.41273096,-0.255583,-0.39774993,-0.15591323,-0.21186282,-0.14001499,-0.110358655,-0.082231,0.083477594,0.1275035,0.08470054,0.015910069,-0.084676884,-0.06419261,-0.065415554,-0.15041,-0.0030455266,-0.06694423,-0.022612594,-0.061746728,-0.15316162,-0.42282024,-0.45492247,-0.5179039,-0.5292161,-0.5460316,-0.6239941,-0.5469488,-0.4943623,-0.30572358,-0.21828325,-0.2711755,-0.26322636,-0.027810095,-0.05532628,-0.09660057,0.07399979,0.10335039,0.06268758,0.030891104,0.1042676,0.07613994,0.1706122,0.104879074,0.10640775,0.1146626,-0.031173185,-0.15255015,-0.17181146,-0.0434026,0.04617787,0.190485,0.3320405,0.20057426,0.29840958,0.3075817,0.23328795,0.29871532,0.1544082,0.17397527,0.17825557,0.17458674,0.15104511,0.19262514,0.2259503,0.17336379,0.14248453,0.123528935,0.0152985975,0.10793642,0.19323662,0.0981529,0.058101553,0.07247112,-0.08314821,-0.010077442,0.022330511,-0.0770335,-0.14337808,-0.14643544,-0.09568335,-0.059300844,-0.20299648,-0.20116207,-0.14490676,-0.18618105,-0.23632164,-0.2350987,-0.32498488,-0.2332643,-0.2299012,-0.24824531,-0.112498805,-0.11127586,-0.09996365,-0.069695845,-0.17731471,-0.11861352,-0.123811014,-0.31550708,-0.31336695,-0.24488224,-0.1944359,-0.15927634,-0.93553853,-1.1000242,-0.99485123,-1.1009414,-1.0942153,0.020801837,-0.014052002,0.15532543,0.2623328,0.20730042,0.27028194,0.25896972,0.3302061,0.33448637,0.3140021,0.3078874,0.37637213,0.29871532,0.28770885,0.26508442,0.33326346,0.35986245,0.26263854,0.2693647,0.190485,0.4271242,0.5503356,0.7988984,0.8404785,0.79033786,0.7166557,0.7294965,0.7102352,0.84628737,0.8395613,0.88695025,0.87227494,1.0385951,1.1624179,0.41520053,0.40297112,0.23756824,0.27119914,0.2656959,0.3723976,0.36964595,0.36689436,0.37545493,0.29382357,0.3354036,0.43079305,0.5598134,0.51303583,0.44669127,0.48093364,0.54422086,0.57173705,0.6102597,0.70595485,0.62646365,0.6029221,0.75823563,0.7814715,0.7979812,0.23726252,0.5170104,0.3775951,0.31430784,0.25958118,0.09020377,-0.72182953,-1.0981898,-1.1425214,-1.1712606,-1.1241773,-1.0602785,-1.0422401,-1.1229544,-1.5509839,-1.612131,-1.6252776,-1.5094038,-1.6289464,-1.4898369,-1.8683373,-1.9915487,-2.122709,-2.0346575,-1.6026533,-1.4253267,-1.4696584,-1.3342174,-1.3149562,-1.4091227,-1.2709303,-1.3540903,-1.3852754,-1.2642041,-1.0969669,-1.0871834,-1.0780113,-1.1101135,-1.0700622,-0.98537344,-1.1590312,-1.2339362,-1.1082791,-1.0061634,-0.9841505,-0.9841505,-0.9890422,-0.91750014,-0.90649366,-0.9104682,-0.9462393,-0.9401246,-1.0520238,-1.0709794,-1.0214503,-0.9783415,-1.0535524,-0.8762259,-0.8144673,-0.82669675,-0.8233337,-0.72458106,-0.66771436,-0.6472301,-0.5279932,-0.51331794,-0.40080726,-0.29165974,-0.25344282,-0.33752003,-0.3448577,-0.36320183,-0.33629712,-0.34332904,-0.35892153,-0.46470597,-0.36350757,-0.2454937,-0.421903,-0.47999278,-0.46011993,-0.30541787,-0.1650853,-0.10271527,0.0015405043,-0.035147745,0.07461127,0.08470054,0.041897576,0.17214087,0.07552847,0.09631848,0.15501969,0.17183512,0.12811497,0.05443273,0.14523615,0.14584762,0.23573384,0.23420514,0.20516029,0.26172134,0.17642117,0.36689436,0.33142903,0.3424355,0.4356848,0.3219512,0.30819315,0.35863948,0.41030878,0.18314733,0.2708934,0.19568248,0.12536335,0.16510895,0.22503309,0.2311478,0.06329906,0.054738466,0.11282819,-0.018638033,-0.05226893,-0.05746643,-0.01282906,1.139182,0.9759192,0.91660655,0.76526755,0.75395536,0.74722916,0.7487578,0.90407145,0.9468743,0.761293,0.82060564,0.7512037,0.6934197,0.6527569,0.67324114,0.5867181,0.69617134,0.6759928,0.7203244,0.83772683,0.8511792,0.8349752,0.91752374,0.9343392,1.0960733,1.0572449,1.1449909,1.1089141,1.2425206,1.2966357,1.3944709,1.3996686,1.4094521,1.6411995,1.8598003,1.9243106,1.7524872,1.2920496,1.3394387,1.382853,1.4562296,1.4302421,1.491389,1.4531722,1.5516189,1.6335561,1.6103203,1.6867541,1.6512887,1.6347791,1.8212776,1.739952,1.6644353,1.8387046,1.5589566,1.478854,1.4736565,1.363286,1.4036431,1.4008914,1.3914137,1.5589566,2.8234785,3.0151746,3.060729,2.9310973,2.921314,1.786118,1.9374571,2.2728488,2.275906,2.2459443,2.187243,2.1083632,2.1459687,1.8729469,1.7356718,1.6992892,1.5941163,1.4079233,1.4987267,1.4247388,1.5629312,1.5329691,1.4754909,1.8066024,1.7952902,1.7485126,1.6115432,1.6885884,1.7139645,1.7139645,1.665964,1.6075686,1.4663188,1.508816,1.4375798,1.241909,1.1349016,1.1960487,1.2519983,1.0526588,0.562565,0.71849,0.7536496,0.66223466,0.66957235,0.639916,0.6460307,0.58824676,0.59741884,0.81999415,0.8496505,0.88205844,1.0514358,1.0786464,1.2244822,1.2229534,0.9707217,0.64297336,0.93189335,0.90437716,0.8912305,1.0150534,0.8533193,0.9095746,0.90040255,1.1893226,1.019028,0.91293776,0.9725562,0.34457564,0.62585217,0.8475104,0.7946181,0.70412046,0.61973745,0.76435035,0.7906436,0.7374456,0.67782724,0.7398915,0.6114826,0.8111279,0.89948535,0.95940953,1.006187,0.8603512,0.7084007,0.40113673,0.14248453,0.045566406,-0.08559409,-0.013746267,-0.1262569,-0.1348175,0.16052291,-0.06419261,-0.079479374,-0.025669947,-0.1617222,0.17000072,0.05749008,0.19598822,0.17366955,0.03058537,0.2069947,0.36200258,0.40174818,0.38982448,0.567151,0.7013688,1.0324804,1.1037166,1.2541386,1.3305724,1.4296306,1.15294,1.1269525,1.121755,1.0994363,1.0988249,0.7771912,0.98386836,0.9456514,1.1633351,1.0422637,1.1410164,0.83894974,0.9169123,0.76435035,0.7946181,0.7802486,0.6928083,0.6120941,0.69464266,0.6824133,1.0920987,1.1770931,1.0000724,1.1642523,0.68822217,1.2908268,0.9997666,0.40480554,-0.25894606,-0.02964451,-0.28493357,0.0052093295,-0.3809345,-0.3931639,-0.67902654,-0.5007828,-0.44452745,-0.4812157,-0.84504086,-1.0431573,-1.4610977,-1.2715417,-1.3540903,-1.6359783,-1.9493572,-1.7683618,-1.9105288,-1.7286161,-1.7286161,-1.8576366,-1.8347064,-1.8814838,-2.1297412,-2.2774112,-2.4807253,-2.5134387,-2.425693,-2.6076055,-2.6501026,-2.4929547,-2.6381788,-2.782486,-2.832321,-2.788601,-2.642765,-2.685568,-2.6971858,-2.9622586,-2.8656461,-2.9754052,-3.070183,-2.8867419,-3.4321737,-3.456021,-3.3740842,-3.4077148,-4.091951,-4.255825,2018-04-17
RELX_HCSG,0.19731951,0.06639987,0.7131113,0.80301994,1.1989335,1.3046156,0.9150114,0.7872465,0.54118073,1.2541406,1.2683367,1.1484585,1.4418446,1.7210345,1.7730869,1.6232393,1.8787692,1.9008521,1.8535316,1.5585681,1.2462538,1.1453037,0.995456,0.8487629,0.56641823,0.6090066,0.6011198,0.3377032,-0.13550027,-0.124458864,0.33928055,0.30457896,0.2288664,0.091637395,-0.031395506,-0.06136506,-0.017199403,-0.08187055,-0.3342457,-0.20648079,-0.1717792,-0.20648079,-0.15916045,-0.18282062,-0.64025056,-0.8106039,-0.30743086,-0.31058556,-0.7222726,-0.8942031,-1.007772,-0.559806,-0.009312678,-0.12919089,0.4496947,0.38817826,0.001728736,0.28091878,0.3171977,0.23675314,-0.0629424,-0.43835047,-0.35159653,-0.8942031,-0.6434053,-0.43992785,-0.3374004,0.044317048,0.08690536,0.21309295,-0.10395337,-0.43046373,-0.42573172,-0.26799724,-0.4777841,-0.27272928,-0.14969636,-0.29796678,-0.39260748,-0.3405551,-0.43046373,-0.52194977,-0.5408779,-0.8863164,-1.1134541,-1.2585698,-1.0834845,-0.9793798,-1.1118767,-1.4005309,-1.1039901,-0.7617062,-1.0740205,-0.56453806,-0.81375855,-0.58504355,-0.89578056,-0.82795465,-1.053515,-0.7664382,-0.61028105,-0.57557946,-0.59608495,-0.9289048,-1.0819072,-0.45412388,-0.326359,-0.0124673685,-0.053478338,0.50016975,0.21467032,0.6515948,0.36294073,0.6657909,0.30773363,0.18943277,-0.15600576,-0.20017141,-0.17335655,0.12318429,0.5585315,0.3061563,0.26514533,0.31246567,0.31877506,0.14684448,-0.045591608,-0.2285636,-0.46043327,-0.7585515,-0.5077536,-0.17808858,0.08375067,-0.077138506,-0.15127371,-0.25380114,-0.6907256,-0.514063,-0.8216454,-0.4288864,-0.30585352,-0.7711702,-0.733314,-0.57557946,-0.2664199,-0.077138506,-0.3610606,-0.692303,-0.64498264,-0.19701672,-0.085025236,0.02223422,0.110565536,-0.05821037,0.08690536,-0.14654168,0.07586395,-0.23960502,-0.2632652,-0.41311294,-0.52510446,-0.1717792,-0.018776748,0.3424352,0.11214288,0.006460771,0.02223422,0.08848271,0.25725862,0.3298165,0.3266618,0.27618673,0.50805646,0.5127885,0.46231347,0.101101466,0.02223422,0.2746094,0.25094923,-0.19859406,-0.0629424,-0.0045806435,-0.042436924,-0.44939187,-0.21121283,-0.58819824,-0.22225425,0.19416481,0.2919602,-0.059787713,0.026966255,-0.003003299,0.26987737,0.77462775,0.2746094,0.84718555,0.74465823,0.2919602,-0.5692701,-0.3657926,-0.38314342,-0.58346623,-0.5740021,-0.46516532,0.2462172,0.06482253,0.20836091,0.033275634,-0.26799724,-0.31689495,0.10741085,-0.40522623,-0.3610606,0.110565536,-0.06451975,-0.13550027,-0.21121283,-0.1118401,-0.116572134,0.15630853,0.2320211,0.56010884,0.74150354,0.88661915,1.091674,1.366132,0.8976606,1.1484585,1.1673867,1.2888421,1.0900967,1.0333122,1.0538177,1.2099749,0.8818872,0.57745963,0.9434036,0.6657909,0.6105839,0.620048,0.7304621,0.78251445,0.949713,0.77147305,0.6232027,0.583769,0.69576055,1.1090249,0.7509676,0.35347664,0.044317048,0.35032195,0.042739704,-0.35948324,-0.35632855,-0.23014095,-0.08029319,-0.31689495,-0.41153562,-0.39260748,-0.13865496,-0.0629424,-0.107108064,-0.11499479,-0.020354092,-0.3610606,-0.38629812,-0.12761354,-0.08187055,-0.017199403,0.08848271,0.011192805,0.091637395,0.044317048,0.055358462,0.023811564,-0.17020187,-0.21436752,-0.3894528,-0.16389248,-0.086602576,-0.020354092,-0.43046373,-0.69861233,-1.3200864,-1.6213592,-2.2160182,-1.7696296,-1.8831985,-1.4462739,-0.82795465,-0.72858196,-0.5629607,-0.20332609,-1.5819256,-1.9951899,-1.35952,-0.7412007,-0.8531922,-0.6765295,-0.7617062,-0.84215075,-0.7206952,-0.8547695,-0.83426404,-0.7774796,0.579037,0.7588543,0.39133292,0.74308085,0.58534634,0.79513323,0.68945116,0.39133292,0.29038286,0.37082744,0.29826957,1.1989335,1.0443537,0.89450586,1.2667593,0.7651637,0.73992616,0.6153159,0.47177753,0.8424535,0.8755778,0.83298945,0.87242305,0.7872465,0.8282574,0.83298945,1.0632819,0.8156387,0.7919785,0.77147305,0.6389761,0.49543774,0.38502353,0.2951149,0.16104057,0.28722817,0.39448765,0.54275805,0.69733787,1.804634,1.6027339,1.3629774,1.3961016,1.2825328,1.1610773,1.3834828,0.96075445,1.1090249,1.375596,1.1153343,0.9434036,0.73203945,0.6563269,0.75412226,0.8755778,0.70364726,0.56641823,0.6941832,0.762009,0.35978603,0.044317048,-0.28692538,-0.40995824,-0.9730704,-0.09291196,-0.23645036,-0.023508782,-0.18913,0.039585013,0.24779455,0.37555948,0.38186884,0.110565536,0.29984692,-0.02981816,0.2746094,0.3582087,0.31562036,0.76831836,0.68629646,0.41341576,0.3408579,0.38502353,0.056935806,-0.08187055,-1.3658293,-1.3469012,-2.0488198,-2.35167,-1.9037039,-1.7033812,-1.9100132,-1.7270414,-1.7838258,-1.9305187,-1.6418647,-1.8406103,-1.5535333,-1.7191546,-1.8895078,-1.8027538,-1.8500742,-2.009386,-2.2254822,-2.3358963,-2.192358,-2.1765845,-1.8926625,-1.958911,-2.1087587,-1.8658476,-1.597699,-1.6371326,-1.5598428,-1.4778208,-1.4730887,-1.241219,-1.1970534,-1.0771753,-0.9651837,-0.815336,-1.1008354,-0.8894712,-0.8453055,-0.7601288,-1.0677111,-1.0677111,-0.9052446,-1.1497331,-0.8090266,-1.5677295,-1.3973762,-1.4289231,-1.0219681,-1.4115723,-1.3263958,-1.5456467,-1.2585698,-1.0203907,-0.8831618,-0.6938803,-0.63867325,-0.8326867,-0.733314,-0.37367934,-0.44781455,-0.6591788,-0.8721203,-0.87369776,-1.0046173,-1.0755978,-1.0345869,-0.98411185,-1.1497331,-1.1702385,-0.6875709,-0.7222726,-0.7538194,-0.5897756,-1.0093493,-0.8563469,-0.815336,-0.8926258,-0.9730704,-0.98568916,-0.8752751,-1.1024127,-1.231755,-1.3106222,-1.405263,-1.313777,-1.3074676,-1.1860119,-0.93994623,-0.68441623,-0.19543937,-0.1717792,0.082173325,0.014347495,-0.23014095,-0.38629812,-0.26957458,0.23675314,0.3408579,0.4213025,0.41026106,0.47966424,0.57745963,0.39921966,-0.92732745,-0.81375855,-0.8248,-0.64182794,-1.1039901,-0.8973579,-0.89578056,-0.7064991,-0.7175405,-0.63394123,-0.32162696,-0.12130416,-0.29796678,0.1515765,0.25094923,0.67210037,0.6610589,0.46073613,0.7872465,0.53644866,0.5443354,0.9228981,0.56326354,1.036467,0.78566915,0.72573006,0.81248397,0.670523,0.45600408,0.5806143,0.49386036,0.52540725,0.5679956,0.57115024,0.5269846,0.15473118,0.3487446,1.1689639,1.3803282,0.9733731,0.620048,0.3582087,0.33928055,0.79828787,0.6373988,1.2036655,1.0333122,0.9339396,1.224171,1.0490857,1.0033426,1.2494085,1.1957788,1.0695912,1.091674,1.329853,0.8740005,1.3030382,1.2257484,0.7872465,0.9702185,0.5238299,-1.3957988,-1.5850803,-1.4431193,-1.4636246,-1.4178817,-1.4778208,-1.368984,-1.8374554,-2.100872,-2.1134908,-1.8185273,-1.1371143,-1.2033628,-0.7617062,-0.5897756,-0.37998873,-0.28850272,-0.20174876,-0.45885596,-0.67337483,-0.3579059,-0.514063,-0.40995824,-0.8752751,-0.8626563,-0.43519577,-0.10395337,-0.3752567,-0.4919802,-0.4840935,-0.49986693,-0.59608495,-0.61659044,-0.6796842,-0.55034196,-0.372102,-0.08187055,-0.22698626,-0.234873,-0.32793635,0.54906744,0.6137386,0.6168933,0.70837927,0.6058518,0.6563269,0.44023067,0.11529756,-0.03297285,-0.5156404,-0.5976623,-0.88158447,-1.0298549,-1.4620473,-2.1765845,-1.7049584,-1.053515,-0.8074493,-1.1797026,-1.1102995,-1.0677111,-1.0882167,-0.98726654,-0.81375855,-0.8295321,-0.8863164,-0.91786337,-0.8437282,-0.8563469,0.4528494,0.47493222,0.014347495,-0.08344789,0.039585013,0.11529756,0.5238299,0.053781122,0.7588543,0.85980433,0.6421308,0.21782498,0.39606497,0.49070567,0.52856195,0.620048,0.88661915,1.1547679,1.4844329,1.7525815,1.8629956,2.143763,1.992338,2.3409312,2.0854013,2.1642685,2.5112844,2.5444088,2.3756328,2.1626914,1.7163028,1.874037,1.4418446,1.6074659,2.011266,1.7841285,1.5191345,1.6831784,1.6626729,1.7099932,1.8346034,0.8676911,0.73992616,0.46073613,0.4181478,0.091637395,0.6484402,0.9844146,1.1184889,1.0837873,1.2872648,1.7099932,1.3803282,1.5317533,1.0427763,1.0128068,0.8298348,0.82668006,0.18785544,0.9639091,0.8140613,0.58850104,0.66894567,0.86453635,0.14999916,0.17839137,-0.59608495,-0.8516149,-1.9131681,-2.0693252,-1.5898123,-2.2996173,-2.3090816,-2.081944,-1.8043313,-1.7696296,-1.2554152,-1.5866576,-0.742778,-0.62763184,-0.55349666,-0.98411185,-1.0582471,-1.1229182,-0.6686428,-0.326359,-0.003003299,0.14526711,-0.34528714,-0.30743086,0.20205155,0.118452266,0.16104057,0.08059598,0.113720216,0.026966255,0.121606946,0.039585013,0.9512903,0.9339396,1.031735,0.94655836,0.5537995,1.0585498,0.81879336,0.6042745,1.0585498,1.2525632,1.3330078,1.3188118,1.2352124,1.3913696,1.544372,1.6563635,1.6390128,2.3156939,2.6627095,2.7952065,3.7100668,3.413526,2.9971066,3.240018,4.027113,4.0791655,2018-04-17
NSP_KAR,-0.023987284,-0.0009273328,0.11437242,0.09838418,0.6296855,0.6512081,0.66965604,1.0004895,0.9549845,0.728997,0.63860196,0.6306079,0.6382945,0.6355273,0.36618707,0.45473728,0.5008572,0.5100812,0.4212235,0.529759,0.64290655,0.63399,0.7133162,0.6641217,0.82185173,0.6785726,0.30377147,0.16571924,0.1814,0.07962876,0.054724015,0.020902755,0.055031482,0.007066783,0.09992151,0.011678774,-0.16911124,-0.13006306,-0.096549265,0.052571755,-0.16234697,-0.030136602,0.02121022,-0.25304946,0.2576516,0.24258575,-0.031366467,0.12513372,0.21583621,0.24935,0.5165379,0.5276067,0.3874022,0.34128234,0.1561878,-0.10577325,-0.053196553,-0.041512847,-0.08732529,0.104840964,-0.07410424,0.08454821,0.03566112,0.16541179,-0.04120538,-0.52146727,-0.5611304,-0.6988751,-1.1720654,-0.94238824,-1.2157255,-1.1074975,-0.98020655,-1.1569995,-0.9608362,-0.8206317,-0.88519955,-0.88796675,-1.0896645,-1.0764434,-0.97743934,-0.6447611,-0.1983205,0.15280567,0.39170676,-0.025524613,-0.36373723,-0.49533266,-0.43506932,-0.14020944,-0.26473317,-0.3289936,-0.28656325,-0.40985712,-0.31853974,-0.1703411,-0.26657796,-0.20754449,-0.47657725,-0.4058601,-0.18786666,-0.18909653,-0.2309119,-0.10177619,-0.18448454,-0.12944813,-0.19340105,0.09469459,0.41937867,0.22444527,0.105148435,-0.11223003,-0.3151576,-0.23706123,-0.3914092,-0.73423374,-0.9531495,-0.87320834,-0.72931427,-0.60263836,-0.5642051,-0.5992562,-0.71855295,-0.5897247,-0.6041757,-0.5429899,-0.57957834,-0.9894305,-0.985126,-0.89995795,-0.9768244,-1.0500013,-1.3593122,-1.5462515,-1.4189606,-0.8858145,-0.5586707,-0.40124807,-0.4529024,-0.4227707,-0.16419177,-0.10485084,-0.17095603,-0.23214176,-0.24105828,-0.3911017,-0.41354674,-0.5005596,-0.7453025,-0.7988016,-0.975902,-1.2264868,-1.320879,-1.2009671,-1.1047302,-1.3998977,-1.3986678,-1.0361654,-0.9276298,-0.89073396,-0.69918257,-0.65367764,-0.6226236,-0.63430727,-0.3914092,-0.18079494,-0.23890603,-0.20938928,-0.2887155,-0.18448454,-0.10608071,-0.23736869,-0.28810057,-0.16603658,-0.05873094,0.037813384,0.5989388,1.3805174,1.1898885,0.8018665,0.7114714,0.7668153,0.80248135,0.9888058,1.100416,1.5477788,1.6446307,1.2234024,1.415876,1.3282483,1.7620827,2.0649366,1.4167984,1.0146329,1.0893471,1.257531,1.1120996,1.5523908,2.0498707,1.8023608,1.6129616,1.7869874,2.0246587,2.0507934,1.5889794,1.8589345,1.200035,0.7824961,0.98142654,0.8731985,0.54236513,0.3449719,0.6536678,0.3514287,0.5598906,0.3794081,0.2628785,0.41784135,0.5106961,0.11498735,0.17771043,-0.18602186,0.029819269,0.42522055,0.06548533,-0.07779384,0.06886745,0.039658178,0.09008261,0.22014074,0.0042995894,-0.12083908,-0.26135105,-0.43107226,-0.43722162,-0.4980999,-0.4879535,-0.5583632,-0.6130922,-0.64445364,-0.7191679,-0.48334152,-0.33176076,-0.85783505,-0.5362257,-0.5869576,-0.6613643,-0.6570598,-0.5546736,-0.5365331,-0.49963722,-0.5353033,-0.690881,-0.31269786,-0.306856,0.010141443,1.1173266,1.9560938,0.4688807,0.91593635,0.7508271,0.6865667,0.67242324,0.7406807,0.7333015,1.0705918,0.832613,0.70163256,0.9343843,1.1188638,0.9540621,0.8307682,0.59063727,0.4402864,0.53283364,0.47503003,0.68687415,0.54359496,0.6598171,0.80801576,0.97896683,0.7366836,0.92731255,0.92177814,1.253534,1.407267,1.8681586,1.7334883,1.7783784,1.9905299,1.7261091,1.8383343,1.7494767,1.1957303,1.3799025,1.8823019,1.4297119,0.78188115,0.8879569,0.7237701,1.1699033,1.0204748,0.73514634,0.5844879,0.45965675,0.40000832,0.48148683,0.6899488,0.8369175,0.8049411,0.80801576,0.85229087,1.0416899,0.7806513,0.59524924,0.5186902,0.511311,0.43782666,0.47103295,-1.1628413,-0.7443801,-0.09162981,0.04888216,0.19800317,0.106685765,0.27087262,0.2530396,0.0006099973,0.04427017,-0.016608099,-0.20846687,-0.33760265,-0.62631315,-0.5820381,-0.6905736,-0.8541455,-0.912564,-0.76682514,-0.74991447,-0.9199432,-0.9048774,-1.0367802,-0.9752871,-1.1677608,-1.0527686,-0.92055815,-0.7926523,-0.42584535,-0.645376,-0.61862653,-0.5897247,-0.2010877,-0.017530497,-0.18356214,-0.52638674,-0.49471775,-0.6284654,-0.7788163,-0.49594763,-0.52946144,-0.44982773,-0.49656254,-0.6985677,-0.75760114,-0.7176306,-0.9393136,-0.785888,-0.70071995,-0.4827266,-0.5675872,-0.69272584,-0.601101,-0.66536134,-0.56697226,-0.7044095,-0.9196357,-0.94146585,-0.7348487,-0.8523007,-0.53745556,-0.5519064,-0.15927233,-0.2407508,-0.008306517,-0.81386745,-1.1809819,-0.43691415,1.0423049,1.2925822,1.5090382,1.4441628,1.9361085,1.4493898,1.014018,0.7889529,0.714546,1.1449986,0.89502865,0.79663956,0.96513087,0.2979296,0.27978915,0.18601201,0.2041525,-0.12637347,0.076246634,-0.07379677,-0.043665107,-0.48457137,-0.70594686,-0.81786454,-0.7778939,-0.40432277,-0.5688171,-0.591877,-0.8719785,-0.80833304,-0.8249362,-0.73607856,-0.7698998,-0.74560994,-0.8037211,-0.86582917,-0.7745118,-0.6361521,-0.7637505,-1.0967362,-1.3513181,-1.6904532,-1.9585634,-2.278328,-2.256498,-2.2119153,-2.4791033,-2.303233,-2.731533,-2.5608895,-2.501241,-2.3625739,-2.3432033,-2.437288,-2.3708754,-2.3143015,-2.3419735,-2.3730276,-2.3865561,-2.2601876,-2.1113741,-2.0523407,-2.1415057,-2.179939,-2.1510372,-2.3524275,-2.360729,-1.2360183,-1.0527686,-1.2381706,-0.94945997,-1.1539248,-1.3150371,-0.22722232,-0.29271257,-0.32960853,-0.5482168,-0.3394474,-0.39079425,-0.1875592,-0.25120464,-0.031366467,0.26902783,0.17924775,0.2312095,0.3957038,0.4049278,0.44612822,0.520535,0.20077038,0.056568813,0.38986194,0.656435,0.5638877,0.7188506,0.7369911,0.7369911,0.5844879,0.43874905,0.37756333,0.9328469,0.76189584,1.3728307,1.7264166,1.7248794,1.4220253,1.3774427,1.3488485,1.2107962,1.4918202,1.3629918,1.388204,1.0844277,1.1628315,1.0336958,0.9319245,1.0290837,1.3131824,1.1880437,1.3383946,0.91593635,1.0878098,0.9469904,1.1935781,0.40246806,0.36987665,0.55251145,0.82431144,0.706552,0.8593626,0.6330676,0.14296676,0.30899838,0.29669976,0.18047762,-0.6441462,-0.51224333,-0.5805008,-0.6044831,-0.8821249,-0.8738233,-0.79541945,-1.316267,-1.2154181,-1.2068089,-0.785888,-0.69703037,-0.47350258,-0.7090215,-0.917176,-0.8403095,-0.5986413,-0.68657655,-0.1478961,-0.7142484,-0.33668023,0.037198454,0.034738723,-0.21492366,-0.7511444,-0.7560639,-0.59710395,-0.487646,-0.67304796,-0.5168553,-0.53099877,-0.1414393,-0.22568499,0.097769246,0.2536545,0.122673996,0.05103442,0.14419663,0.2656457,0.1734059,-0.041820314,-0.10700311,-0.49625507,-0.5033268,-0.40708995,-0.5091687,-0.64168644,-0.30777845,-0.09931646,1.8158892,1.2784387,1.407267,1.3568425,1.4684527,1.7934443,0.11129775,0.5768013,0.2908579,0.01659823,-0.25489426,-0.54114515,-0.8270885,-0.54913926,-0.7176306,-0.9196357,-0.962681,-0.93623894,-0.97129,-1.0257115,-0.8642919,-1.1588444,-1.2129583,-1.2504692,-1.1179513,-1.4835284,-0.9632959,-1.0315534,-1.4678477,-1.1819043,-1.6747724,-1.450937,-1.4583163,-1.035243,-1.076136,-1.492445,-1.3380971,-1.432489,-1.6689304,-1.7651674,-1.4985943,-1.5431769,-1.8438787,-1.6003655,-1.7817705,-1.4537044,-1.2409377,-1.2409377,-1.0850525,-1.1794446,-1.080133,-1.012798,-1.0054188,-1.2486244,-1.3313328,-1.3076578,-1.1453158,-0.9273224,-0.7698998,-0.42523044,-0.31208295,-0.18263973,-0.24720761,-0.4273827,-0.645991,-0.19709063,-0.12206895,-0.55805576,-0.4636637,-0.4827266,-0.08886261,0.25611424,0.2610337,0.647826,0.6259959,0.8605924,1.44693,1.868466,1.7706918,1.4275597,1.185584,1.1231685,1.447545,1.5963585,1.0072538,0.7861856,0.7394508,0.51346326,0.41046217,0.67826515,0.68964136,0.37817824,0.32375675,0.31484026,0.502702,0.6770352,0.5620429,0.63614225,0.7886454,0.8824225,-0.22445512,0.03904325,0.07194211,0.14542648,0.2087645,0.35727054,-0.06733999,-0.3588178,-0.22875965,0.006451851,0.64259905,0.16264458,-0.17649041,-0.49656254,-0.7923448,-0.67212564,0.027052075,-0.7978792,-0.9614512,-1.0410848,-0.8476887,-1.3236461,-0.84984094,-1.174525,-1.0048038,-1.007571,-0.9224029,-1.0546134,-0.56789464,0.4940929,0.32498664,0.23182444,0.89379877,0.9476053,1.6172663,1.7199599,2.2100608,2.1756246,1.0887322,2.2681718,2.4228272,2.562724,2.4996936,2.2076008,1.8620093,0.502702,0.65059316,1.0702842,0.5451323,0.31268796,0.38002303,0.58141327,0.65766484,0.77603924,0.6678112,0.6382945,0.8178547,1.1858915,1.2003424,1.5739135,1.2956568,2.1636333,1.7113508,1.9407204,1.8051279,1.3224063,1.5035038,1.19942,1.4696826,1.1634464,1.568379,1.5431669,1.8217312,1.9837657,2.0194316,2.2758584,2.864656,2.8566618,3.9081955,2018-04-17
VRSK_KAR,-0.5536083,-0.6642541,0.90135145,0.42829075,0.49951488,0.7181564,0.3275832,-0.14348985,-0.38300166,-0.061002377,-0.08121015,-0.053714328,-0.21471398,-0.18721814,-0.24982913,-0.3044895,-0.27169326,-0.35782477,-0.3137652,-0.22432095,-0.45190686,-0.19218726,-0.20046915,-0.38929588,0.011546844,-0.35649964,-0.20941359,-0.39724648,-0.32370344,-0.55029553,-0.3651128,-0.25579208,-0.14216475,-0.20080042,-0.16601655,-0.22597732,-0.10141793,0.014197044,0.03307972,0.012209394,-0.13918327,-0.205107,-0.10241175,-0.2736809,-0.45820108,-0.47708377,-0.58441687,-0.5059047,-0.2885883,-0.3558371,-0.5781226,-0.47973394,-0.3667692,-0.0778974,-0.07359082,-0.043113526,0.08409607,0.10198491,0.10297873,-0.23326537,-0.18191776,-0.086510554,-0.032512728,-0.39824033,-0.4234172,0.9689315,0.9361353,0.6737655,0.5289984,0.62473685,0.4637372,0.1642646,0.51674116,0.37230527,0.21395586,0.2898178,0.31035686,0.2609969,0.075814195,0.2980997,0.5813398,0.182816,0.033410996,-0.38167655,-0.5072298,-0.22995262,0.094034314,-0.09611753,-0.23823449,-0.46118253,0.02976697,0.011546844,-0.2223333,0.2662973,-0.044438627,0.1536638,0.13014328,0.02976697,0.034073543,-0.001704155,-4.7780177e-05,-0.026549777,0.23847021,0.262322,0.39218178,0.20236123,0.19109789,-0.16866675,0.18513493,0.494877,1.778899,2.199618,2.4119654,2.3420665,2.25726,2.1827233,1.9687195,2.0518694,1.8835818,1.5049345,1.6361195,1.6185619,1.5542945,1.6725596,1.5466752,1.8110327,2.1565526,1.9972091,1.6533458,-0.92993665,-1.70512,-1.3357484,-1.9151484,-1.9297245,-2.0413642,-1.8985846,-1.2976519,-1.1730925,-0.94616914,-0.95378846,-0.41646042,-0.40055925,-0.09346733,-0.48370928,0.014528318,-0.07325955,0.009559194,-0.11268128,-0.28759447,-0.0633213,-0.08617928,-0.07425338,0.16062059,-0.2037819,-0.3667692,-0.2047757,-0.018267903,0.288824,0.30240628,0.25900924,-0.03317528,0.36336088,0.68171614,1.140532,0.71716255,0.3577292,0.57107025,0.6591894,0.7810986,0.835759,0.8907506,0.95004886,0.8751807,0.7867303,0.32162023,0.28915527,0.5826649,0.5988974,0.94309205,0.8215142,0.92387813,0.3073754,0.39980114,0.48825154,0.37296787,0.4173587,0.2600031,0.24708335,0.044011794,0.24410187,0.49123302,0.8599421,0.8920758,0.3007499,-0.024893403,-0.53373176,-0.59336126,-0.57447857,-0.90774125,-0.3097899,-0.7536984,-0.7898074,-0.3531869,-0.50424826,-0.81100893,-0.46548912,-0.9193359,-1.0564836,-1.0922613,-0.041125875,0.5031589,0.42133397,0.09370303,0.2600031,0.45313638,0.8235018,0.93116623,0.8089257,0.77447313,0.71418107,0.5323111,0.39350688,0.636994,0.7300823,0.66051453,0.61380476,0.8198578,0.97754467,0.9944397,0.95799947,0.8403968,0.7993188,0.94474846,0.8271458,1.2375956,1.2100998,1.0736144,0.78639907,1.0563881,0.6472635,0.31996384,0.21759988,0.61115456,0.4713565,0.44684216,0.50547785,0.5525189,0.60585415,0.6820474,0.5323111,0.57537687,0.6856914,0.66548365,0.83178365,0.8705429,0.6830412,1.1349003,0.9907957,-0.061333653,0.082770966,0.17122139,0.09933472,0.23615128,-0.056695804,0.022147644,-0.057689626,-0.08750438,-0.3654441,-0.5112051,-0.61390036,-0.5440013,-0.5380383,-0.105724506,-0.025224676,-0.1560783,-0.1574034,-0.046095002,-0.18854325,0.051962394,0.113579534,0.11954249,-0.08684183,0.035398643,-0.16800421,-0.17231077,0.15598273,0.31466344,0.07150762,0.06985124,0.08674626,0.20964928,0.62175536,0.18877895,0.18082836,-0.2832879,-0.42838633,-0.29156977,-0.31509027,0.12616798,0.019828718,0.3892003,0.2662973,0.45413023,0.7161687,0.7592345,0.8483475,0.95866203,1.3147826,1.267079,1.1733282,1.3515542,1.3167702,1.0905094,1.1570958,0.9821825,0.88379383,1.0057031,1.0795774,1.087528,0.8950572,0.6939733,-0.18026139,0.50547785,0.8288022,0.71881896,0.8450347,0.6422944,0.53463,0.58697146,0.56245714,0.53794277,0.5717328,0.31035686,0.45313638,0.45379895,0.31300706,0.25337756,0.6207615,0.6558767,0.54059297,0.57537687,0.54655594,0.6260619,0.6204303,0.746646,0.6075105,0.504484,0.5243605,0.52999216,0.36137322,0.15730783,0.13378732,-0.027543603,-0.21670161,-0.47045824,-0.53638196,-0.6778364,-0.6142316,-0.46184513,-0.44362497,-0.24254107,-0.4167917,-0.48006523,-0.6215197,-0.7841757,-1.0670844,-1.2005883,-1.1333395,-0.95180076,-1.0975618,-1.1939628,-1.1561974,-1.1982694,-1.1651418,-1.0197122,-1.0091114,-1.0829858,-0.5546021,-0.36809427,-0.16170998,-0.29421997,-0.002366705,-0.19616258,-0.16369762,-0.14713387,0.20699908,0.29246804,1.3088197,1.77658,1.7411336,1.7136377,1.8627115,1.5937161,1.3131262,1.1451699,0.87186795,1.3127949,1.2862929,1.2823176,1.4197968,0.98847675,1.0126598,1.0146475,0.9510427,0.48858282,0.5174037,0.39648837,0.47765076,0.27126643,0.11159189,0.07150762,-0.014623879,0.222569,0.40940806,-0.07292827,-0.51418656,-0.23823449,-0.14382112,-0.012304955,-0.018267903,-0.06630278,-0.120963156,-0.23260283,-0.25877354,-0.24220979,-0.42242336,-0.6483529,-0.7682745,-0.92463624,-0.8139904,-1.2416664,-1.1373148,-0.9670394,-1.1740863,-1.1429465,-1.5928178,-1.7110829,-1.5371636,-1.4401001,-1.3976969,-1.2578988,-1.12307,-1.1190947,-1.0694034,-1.0044736,-1.094249,-1.1863436,-1.0263377,-0.6731986,-0.77854395,-0.8500994,-0.5979991,-0.6563035,-0.64669657,-0.6516657,-0.64272124,-1.1720988,-0.9415313,-0.7281902,-0.71162647,-0.9319243,-0.62284476,-0.26175502,-0.46217638,-0.7212334,-0.35815603,-0.6155567,-0.65862244,-0.8057085,-1.0236875,-1.4901226,-1.6600667,-1.7306283,-1.786945,-1.8628069,-1.7213526,-1.8213975,-1.5984495,-1.4251927,-1.5010546,-1.3493307,-1.3155407,-1.349662,-1.3596003,-1.4185672,-1.3493307,-1.2853948,-0.9653831,-1.159179,-0.77456874,-0.71825194,-0.71295154,-0.98658466,-0.93821853,-0.96803325,-1.1164445,-0.92960536,-0.85970634,-0.7682745,-0.81564677,-0.8245912,-0.735147,-0.57712877,-0.51186764,-0.3856519,-0.53141284,-0.40287814,-0.25711718,-0.3813453,-2.0122118,-1.5027109,-1.2310656,-1.3234913,-1.302621,-1.2320595,-1.447388,-1.3483369,-1.2708186,-1.5699598,-1.4344684,-1.4278429,-1.2304031,-1.4082977,-1.5116554,-1.1359897,-0.9554449,-1.2595552,-0.98393446,-1.0028172,-1.3751701,-1.0849733,-1.1200885,-1.1406276,-1.0720537,-1.0551586,-1.3132218,-1.0081176,-0.7132829,-0.33032894,-0.22962135,0.100328535,-0.057358347,0.29180548,0.497196,0.29048038,-0.049407754,-0.011311131,0.09635324,0.38787523,0.37396166,0.62241787,0.62440556,0.69794863,0.78805536,0.61413604,0.8685552,0.99212074,1.1776348,1.0746082,1.4658442,1.4144964,1.5937161,1.4181405,1.405552,1.3035192,1.6089548,1.445305,1.3770624,1.2366017,1.4290726,1.5224922,1.5155352,0.5637822,0.1152359,0.2636471,0.22687557,0.37661186,-0.986916,-0.8302229,-1.0094426,-1.084642,-1.2002571,-1.2906951,-1.509999,-1.3397238,-1.3175284,-1.0935866,-1.3877586,-1.7266529,-1.9754404,-2.0383825,-1.9310496,-1.8164283,-1.6868999,-1.8575065,-1.8035086,-1.899247,-1.2800944,-1.2264277,-1.6332333,-1.1588477,-1.8979222,-2.075154,-1.9770968,-1.5798981,-1.6792805,-1.8286856,-1.747192,-1.7670685,-2.0980122,-2.2397978,-2.2928019,-2.1457157,-2.1742055,-2.1814935,-2.301415,-2.148366,-2.0466645,-2.1202075,-2.0857549,-2.0440145,-2.0870802,-1.8926216,-1.8217288,-1.9717964,-1.9376751,-1.8581692,-1.7342722,-1.6829246,-1.584536,-1.4039911,-1.5093366,-1.3493307,-1.3162034,-1.358275,-1.4155856,0.121861406,0.11854866,0.053950045,-0.2210082,0.25404012,0.27855447,0.05229367,-0.19980659,-0.138852,0.22455664,0.2146184,0.36998636,0.6366627,0.7645349,0.96628135,0.8871066,0.85000384,1.1408633,1.306832,0.8304586,1.0560569,0.8721992,0.8102509,0.756253,0.90300786,0.68469757,0.62175536,0.13080584,0.17486541,0.25934052,0.52402925,0.36071065,0.62009895,0.79534346,0.69728607,0.21726862,0.2964433,0.4899079,0.59790355,0.78242373,0.7161687,0.4928894,0.3126758,0.35176626,0.59260315,0.48493877,0.42166528,0.23880148,-0.0633213,0.10297873,-0.038475677,0.23449491,0.23747638,0.12252396,0.27921703,0.23847021,0.064882115,-0.11301255,-0.38366422,-0.27898133,0.17287776,0.4173587,0.461087,0.51077825,0.15399508,0.19374807,0.1818222,0.1258367,0.12716182,0.26033434,0.4571117,0.86457986,1.0411495,1.0192853,1.0653325,1.6381072,1.7494155,2.145289,2.5925105,2.4119654,1.2879493,0.8781622,1.0116659,1.2621099,1.2458774,1.0553943,1.339297,1.4466301,1.3359842,1.3041818,1.2349453,1.3220706,1.4082022,1.2793362,1.7080061,1.4184718,2.0184107,1.4350355,1.4698193,1.3230644,1.1146926,1.6927675,1.0845464,1.507916,1.6805103,1.8766251,1.9740199,2.1456203,2.4007022,2.4235601,2.5729651,2.4821956,2.8038638,3.1715791,2018-04-17
ROL_MAN,-1.4483962,-1.4267884,-1.582094,-1.5240232,-1.553734,-1.5024154,-1.3282032,-1.3133479,-1.391676,-1.5550842,-1.6334122,-1.5159203,-1.6563705,-1.6064026,-1.6563705,-1.7718368,-1.6766278,-1.6847305,-1.6955345,-1.6523191,-1.5739911,-1.6145055,-1.5928978,-1.503766,-1.5901968,-1.6280104,-1.5692643,-1.4564991,-1.3363061,-1.4308399,-1.3329298,-1.366692,-1.4355665,-1.3585892,-1.3572385,-1.4342161,-1.355888,-1.481483,-1.5125442,-1.7623833,-1.7299719,-1.708364,-1.5584606,-1.4868848,-1.0007112,-1.0155665,-1.3315794,-1.4409685,-1.2775601,-1.3315794,-1.2735087,-1.3923512,-1.5814188,-1.5436052,-1.7076889,-1.660422,-1.6388142,-1.5888463,-1.5996501,-1.2181389,-1.3207755,-1.1452128,-1.0587819,-1.0007112,-0.9939588,-1.0317723,-0.83595234,-1.0128655,-1.0682353,-0.89402306,-0.73601663,-0.90752786,-0.8832192,-1.1837016,-1.1870778,-1.1560167,-1.2498752,-1.3038945,-1.3146985,-1.2066598,-1.1864026,-1.1141517,-1.0155665,-0.74209374,-0.5071098,-0.650261,-0.91292983,-0.88051826,-0.8791678,-0.7853092,-0.8535086,-0.82514846,-0.70698124,-0.89402306,-0.7144088,-0.8872706,-0.8062417,-0.7778815,-0.8791678,-0.9980102,-0.8264989,-0.6164989,-0.6792963,-0.58003587,-0.64350855,-0.50440884,-0.53817093,-0.33559853,-0.2538943,-0.59894264,-0.63810664,-0.43013233,-0.6327047,-0.5921902,-0.60164356,-0.7488462,-0.7191356,-0.87106484,-0.7812577,-0.8622867,-1.095245,-1.0250199,-1.1506147,-1.1546662,-0.8879459,-0.6948269,-0.80151504,-0.9115793,-1.089843,-1.4409685,-1.5719653,-1.750229,-1.9298433,-1.8839267,-2.0122228,-1.7515796,-1.7839911,-1.9352452,-1.7907435,-1.8123512,-1.6165313,-1.4409685,-1.5557594,-1.7286212,-1.719168,-1.6111293,-1.5138947,-1.3882997,-1.5571101,-1.5044411,-1.565213,-1.549007,-1.6543448,-1.5219975,-1.439618,-1.4922869,-1.4031551,-1.3950521,-0.8987497,-0.9770777,-0.9082031,-0.97437674,-1.3045698,-1.2451485,-1.0189427,-0.92846036,-1.2431228,-1.2485248,-1.2694572,-1.3423833,-1.0986211,-1.1897787,-1.1276565,-1.2039589,-1.0864668,-1.0797144,-0.8946983,-0.781933,-0.7103574,-0.7981388,-0.52736706,-0.21878177,-0.21743129,-0.2241837,-0.08778494,0.071572006,0.16745627,0.051314767,0.1350447,0.09453021,0.06346911,0.23768136,0.18366207,0.14854951,0.49022162,0.6023117,0.38083252,0.15260096,0.10938552,-0.18637018,-0.010807433,0.14652379,0.102633104,0.1566524,0.102633104,-0.082383014,0.028356563,-0.045244742,0.07292249,0.0648196,0.117488414,0.031732768,0.07697394,0.083051115,0.047938563,0.04118615,0.06684532,0.21944983,0.24916045,0.21472315,0.27279392,0.02633084,0.07022153,0.10398359,0.04118615,-0.064151496,-0.045244742,-0.3531548,-0.33424804,-0.31804225,-0.41662747,-0.373412,-0.18704544,-0.40582362,-0.5003574,-0.6002931,-0.41662747,-0.4247304,-0.37881395,-0.28428018,-0.33964998,-0.38826734,-0.5395214,-0.7123831,-0.7718044,-0.68672395,-0.7582996,-0.8312256,-0.9466918,-0.3301966,-0.5071098,-0.5651806,-0.60704553,-0.4247304,-0.25727054,-0.05807433,-0.03511612,-0.037817087,-0.03511612,-0.0040550204,0.12424083,0.11343697,0.012826012,0.06211863,0.17690964,0.074272975,-0.079006806,-0.052672397,-0.020936053,0.12829228,0.016877461,0.09047877,0.0992569,0.027681323,0.1154627,0.020928908,-0.010132192,-0.020936053,-0.07630584,0.17758489,0.18568778,0.06414435,0.034433734,0.16408007,0.40784216,0.5401895,0.6617329,0.7279066,0.6644339,0.5064274,0.4064917,0.37002864,0.29440162,0.27279392,1.2863312,1.9311866,2.0770388,1.9777782,2.035849,2.187103,2.3917012,2.4119585,2.374145,2.223566,2.1236303,1.8278748,1.8548844,1.6833731,1.6063955,1.4997073,1.5820868,1.5037589,1.319418,1.3437266,1.3599324,1.3113152,1.1161704,1.0270386,1.137778,1.3187428,1.4065241,1.2728263,1.1080675,0.98787457,0.99732786,1.1391286,1.2012508,1.0385176,1.106717,0.9966526,1.106717,1.0466205,1.0560739,1.0358167,1.0344661,0.96829253,0.93182945,0.87375873,0.8332442,0.90211886,0.9561382,1.0101575,1.1141446,1.0736302,1.196524,1.165463,1.1492572,1.3295466,1.2883569,1.3322476,1.5199646,1.5307685,1.5793859,1.5577781,1.5820868,1.4038231,1.4207042,1.3828907,1.3065884,1.2032764,1.1303505,1.2343376,1.1398038,1.0398681,0.89401597,0.7981317,0.7346591,0.7873278,0.7022474,0.84674907,0.83189374,0.9169742,0.8480996,0.91832465,0.9061703,0.81568795,0.7589677,-0.08575922,0.089803524,0.11276173,0.60838884,1.0074565,1.006106,1.0466205,1.042569,1.0182604,0.97369444,0.86092913,0.7258809,0.82581663,0.8190642,0.60028595,0.3301894,0.2268775,0.17555915,0.17015724,0.15260096,0.43755278,0.3349161,0.3578743,0.27819583,0.2971026,0.42539844,0.44835663,0.33896753,0.38623446,0.40244025,0.41189364,0.26739198,0.15530193,0.012826012,0.043887112,-0.03444088,-0.11006791,0.02700608,0.04726332,0.04186139,0.030382289,0.15260096,0.122890346,0.14854951,0.1877135,0.18501253,0.30250454,0.40108976,0.39568785,0.06279387,0.030382289,0.22552702,0.16340482,0.10128263,0.040510908,-0.10196501,-0.1978493,-0.22891039,-0.24916762,-0.25727054,-0.120871775,-0.0074312263,-0.16813865,-0.23161136,-0.05469812,0.13977139,0.3247875,0.1073598,0.039835665,-0.26402295,-0.24511619,-0.25659528,-0.16678818,0.0101250475,0.060092907,0.17488392,0.35179716,0.3869097,0.32073605,0.28427303,0.47739205,0.3220865,0.23835659,0.27481964,0.30858168,0.31398365,0.2707682,0.25051093,0.11343697,0.12491608,0.08237587,0.06144339,-0.079682045,-0.2322866,-0.2012255,-0.22013226,-0.278203,-0.26199722,-0.2957593,-0.38219017,-0.4267561,-0.40919983,-0.4010969,-0.31466603,-0.23363706,-0.23363706,-0.16341197,-0.16611294,-0.23093612,-0.3430262,-0.23633803,-0.22148274,0.03240801,0.03578422,0.018903185,0.15732765,0.017552704,-0.014858881,0.051314767,-0.028363707,0.04591284,-0.006755985,-0.09048591,-0.09723832,0.21742412,-0.20662743,-0.08913542,-0.005405503,0.4037907,0.43080038,0.42539844,0.1809611,0.20797074,0.3835335,0.43755278,0.45781,0.47401583,0.42674896,0.68604165,0.7886783,0.79408026,0.7292571,1.0250127,0.972344,1.1154951,1.1033407,1.1749164,1.5003825,1.5719583,1.5895146,1.4085498,1.4639196,1.0290643,1.1641124,1.3288714,1.2816045,1.3045627,1.087135,0.9622153,0.9932764,1.0310899,1.0499967,0.9662668,0.8433728,0.7191285,0.7690964,0.6678101,0.4949483,0.5962345,0.45983577,0.31803507,0.0762987,-0.30993935,-0.38151494,-0.63337994,-0.59556645,-0.510486,-0.7157593,-0.8508076,-0.64148283,-0.74411947,-0.860261,-1.0506791,-1.0209684,-0.96694916,-1.0020616,-1.112126,-1.0520295,0.2626653,0.28427303,1.185045,1.1080675,1.1148199,0.93385524,1.025688,1.0999645,1.1701897,0.93385524,1.0499967,1.1337266,0.9541124,0.99462694,1.0162346,0.8852378,0.9446591,1.0216366,1.1701897,1.0932121,1.2417653,1.2080032,1.2147557,1.185045,1.1202219,1.0553986,0.97031826,0.6840159,0.7299323,0.6644339,0.6961703,0.8865883,0.7636944,0.69414455,0.45645955,0.2268775,0.3052055,0.460511,0.32951418,0.059417665,0.07697394,0.17420867,0.21067171,0.2957521,0.2579386,0.37948203,0.16813152,0.11276173,0.47401583,0.12896752,0.17893536,0.018227944,0.024980357,0.16813152,0.22890322,0.1924402,0.5125046,0.45038238,0.35314763,0.3166846,0.6016364,0.3153341,0.323437,0.3301894,0.5030512,0.027681323,-0.762351,-0.9635729,-1.2066598,-0.84608096,-0.8217722,-0.9487176,-0.85553426,-0.7542481,-0.6988783,-0.6205504,-0.7137337,-0.60569507,-0.6853735,-0.70698124,-0.7191356,-0.6637658,-0.8197465,-0.823798,-0.9034765,-0.98045397,-0.90077543,-0.9980102,-0.9885568,-1.2316437,-0.94128996,-0.8751163,-0.546949,-0.7252127,-0.63000375,-0.47334772,-0.44026092,-0.8643124,-1.011515,-0.7873349,-0.44363713,-0.3058879,-0.24916762,-0.43215802,-0.39974645,-0.45781717,-0.5442481,-0.62527704,-0.46997154,-0.43350852,-0.5942159,-0.48617736,-0.5293928,-0.6239266,-0.56180435,-0.6806468,-0.69415164,-0.6955021,-0.66174006,-0.61177224,-0.6131227,-0.5658558,-0.86296195,-0.7927369,-0.93656325,-1.0743124,-0.90550214,-0.16003577,-0.2667239,-0.50440884,-0.4314828,-0.23363706,-0.317367,-0.4659201,0.42877465,0.64282614,0.12491608,0.45173287,0.73600954,0.6198679,0.7562667,0.54221517,0.41256887,0.5800287,1.025688,1.064852,1.1215723,1.2377138,1.3173922,1.4767493,1.5415723,1.5510257,1.4625691,1.2782283,1.5361705,1.8143699,1.8980999,1.8602864,1.8373281,2.0574567,1.7833089,1.7103827,1.576685,1.4294825,1.5901898,1.7535981,1.6725692,2.0054631,2.3187752,2.5132446,2.253952,2.334981,2.178325,2.0581322,2.175624,2.3849487,2.172923,2.469354,2.3376818,2.1634696,2.2336948,2.102698,2.1378105,2.4038556,2.8279073,2018-04-17
MLKN_MANT,-0.48837927,-0.40825695,-0.5918706,-0.56516314,-0.443072,-0.28902727,-0.3977647,-0.37821105,-0.38298023,-0.2208279,-0.22893552,-0.29284263,-0.4278106,-0.11113664,-0.1488132,-0.17122838,-0.24896613,-0.21415105,-0.22225866,-0.3691496,-0.52939427,-0.48456392,-0.39061093,-0.32336542,-0.21462797,-0.18601285,-0.09158298,-0.1640746,-0.03482966,-0.011937569,0.033846617,0.30998248,0.32142854,0.3467052,0.06341557,0.09393836,0.07152319,0.23796779,0.066754,0.25847527,0.40012008,0.5555955,0.7330092,0.828393,0.5656108,0.1611839,0.2079219,-0.06249094,-0.04198344,-0.031014312,-0.29618105,-0.12735185,-0.06249094,0.082015395,0.19933738,0.22747557,0.21364494,0.116353534,0.1616608,-0.06439862,-0.027675882,-0.20127425,-0.42208755,-0.45976412,-0.44784117,-0.24515077,-0.27185822,-0.37582645,-0.42208755,-0.33242688,-0.37010345,-0.37248805,-0.39108786,-0.09825984,-0.071552396,-0.037214257,-0.023860535,0.014292954,0.4563965,0.55893403,0.44590428,0.102045976,-0.026722046,-0.29331955,-0.5413172,-0.60665506,-0.5050714,-0.54894793,-0.48074856,-0.7277924,-0.6052243,-0.5107944,-0.34959593,-0.1740899,-0.220351,-0.35198054,-0.41064152,-0.4411643,-0.21176645,-0.105890535,0.15689161,0.23224476,0.3610128,0.36768964,0.312844,0.16070698,0.050538767,-0.07536775,0.26562905,0.54939556,0.61425656,0.75876284,1.2022972,1.0482525,1.1760668,1.1264671,1.0830675,1.1627129,1.1870359,0.94809955,1.1159749,1.1202673,1.6763544,1.9291213,1.7741226,1.6005242,2.0459661,1.8547218,1.6806465,2.0483508,1.5194482,1.4793869,1.5518786,1.6005242,1.2185125,1.4097569,1.3797109,1.2394968,1.4340796,1.4064183,0.8985,0.5622724,0.48405775,0.5718108,0.82410073,0.79214716,0.7249017,0.8250546,0.78356266,0.99388385,1.0649447,0.82410073,0.9991299,0.9919761,0.6743483,0.7783165,0.7415938,0.66767144,0.3929663,0.33144382,0.08058464,0.061507892,0.3281054,0.39392012,0.5842107,-0.302381,-0.2771043,-0.40539542,-0.46834868,-0.3925186,-0.30381176,0.15927622,0.07343086,-0.1821975,-0.6004551,-0.56230164,-0.88708323,-1.2438183,-1.3229867,-1.0692661,-1.0897735,-1.5423692,-1.579092,-1.8318589,-1.8566586,-1.7565058,-1.7035677,-1.4989697,-1.8304281,-1.568123,-1.8309051,-1.7941823,-1.4503239,-1.4136013,-1.6992755,-1.6158148,-1.6215378,-2.005934,-2.2281783,-2.2911315,-2.3221312,-2.4194226,-2.3383465,-2.2215014,-1.5938765,-1.3973861,-1.5547692,-1.4660623,-1.4550933,-1.4069245,-1.3020023,-1.1369885,-1.2686181,-0.9247598,-0.80553013,-0.5494248,-0.67771596,-0.52748656,-0.75497675,-0.6867774,-0.68773127,-0.40921077,-0.4335336,-0.5255789,-0.36962652,0.34098217,0.65765613,0.3819972,0.5431957,0.6590869,0.41967374,0.30664405,0.53604186,0.38676637,0.58325684,0.34527445,0.0948922,0.0052315006,0.15021476,0.007616094,0.13018417,-0.0014453599,0.22556789,0.4955038,0.6924712,0.66480994,0.7058249,0.32047468,0.4387505,0.4258737,0.6714868,0.38104334,0.48548853,0.5231651,-0.0357835,-0.01861443,0.06436941,-0.12544419,-0.02529129,-0.0043068714,-0.012414488,0.111107424,0.2203218,-0.017660592,0.13876872,0.02860051,0.051015686,-0.15501313,-0.18792053,-0.14595169,0.10156906,-0.11829042,0.24750614,0.23224476,0.25322917,0.39725858,0.38962787,0.6214103,0.664333,0.5288881,0.59613365,0.76782435,0.8775156,0.7978702,0.65765613,0.23081401,0.2799366,0.22604482,0.22747557,0.2723059,0.27612126,0.19409128,0.043384988,0.5923183,-0.7297,-1.2438183,-1.1622652,-0.89996,-0.75545365,-0.74114615,-0.74639225,-0.6567315,-0.6996542,-0.38345718,-0.2360893,0.021446733,0.023354407,0.0023699887,0.013339117,0.003800745,-0.026245127,0.1459225,-0.11733658,0.23510627,0.2971057,0.400597,0.41156614,0.3385976,0.37627414,0.20839883,0.17453761,0.0743847,0.35862815,0.7172709,0.73444,0.67577904,0.47308862,0.4983653,0.56990314,0.7325324,0.82123923,0.9256844,1.0124836,1.1999127,1.2261432,1.4636487,1.5113404,1.5614169,1.6472623,1.6796927,1.7736458,1.8733217,1.6224625,1.7049694,1.5971859,1.7373998,1.6467854,1.1946666,1.3925878,1.255712,1.3372651,1.5223095,1.3925878,1.5452017,0.07772313,-0.016229838,-0.90949833,-1.3067715,-1.3997706,-1.5252002,-1.6119995,-1.3649555,-1.380217,-1.7421982,-1.5280617,-1.5452309,-1.5046927,-1.684968,-1.7102447,-2.019765,-2.1523483,-2.2148244,-2.2863624,-2.1199179,-2.2153015,-1.9844728,-1.9229504,-1.8270898,-1.7479212,-1.9005351,-1.8709663,-1.8757354,-1.8237512,-1.9262888,-1.9529961,-1.7827362,-1.8723971,-1.8757354,-1.0902505,-1.3425404,-0.9300059,-0.8036224,-0.46024105,-0.64385474,-0.79456097,-0.7974225,-0.6486239,-0.33194995,-1.46041275e-05,0.24798305,0.38390487,0.28613657,0.19122976,0.023354407,-0.28521192,0.30235177,-0.16073617,-0.07775234,-0.037214257,0.2723059,0.14210714,0.25609067,0.500273,0.582303,0.65479463,1.15699,1.2647735,1.2867118,1.3172346,1.2757427,0.7301478,0.4950269,0.6457332,0.53508806,0.79930097,0.6051951,0.05578487,0.03813888,-0.22750476,-0.34482676,-0.6185781,-0.42590293,-0.58614755,-0.701085,-0.39061093,-0.46024105,-0.5022099,-0.6185781,-0.62287027,-0.7158694,-0.4511796,-0.39538014,-0.58042455,-0.54560953,-0.34482676,-0.34721133,-0.21415105,-0.3128732,0.023831327,-0.20413576,-0.34434983,-0.4177953,-0.5055483,-0.26470444,-0.68582356,-0.8341452,-0.9018677,-0.94526726,-1.0673584,-0.96482086,-1.1126657,-0.42399526,-0.530825,-0.43305668,-0.6796236,-0.42161065,-0.5832861,-0.30381176,-0.18696669,0.18407598,-0.0014453599,-0.18887436,-0.04627571,-0.18887436,-0.13021338,-0.3176424,-0.2642275,-0.47311786,-0.81077623,-0.74877685,-0.7082387,0.3309669,0.3033056,0.21650645,0.32142854,0.27945969,0.40107393,0.4139507,0.30759788,0.3691204,0.6457332,0.46068877,0.4468581,0.41204306,0.67100984,0.45258114,0.11444586,0.25847527,0.26276752,0.4797655,0.59947205,0.547011,0.6428717,0.85462356,0.9232998,1.0601755,1.0258373,1.1817896,1.403557,1.1512669,0.5055191,0.4878731,0.47404248,0.48167318,0.6323794,0.42635062,0.18073756,0.40632004,0.35052055,0.15164551,-0.020045185,0.04863109,0.031938944,-0.1359364,-0.12973647,-0.20365883,-0.2179664,-0.14213634,-0.120675,0.2971057,0.1845529,-0.092059895,0.090123005,-0.06964472,0.08535383,-0.16645919,-0.25564298,-0.34959593,-0.4483181,-0.6057012,-0.51174825,-0.47979474,-0.6376548,-0.67628515,-0.9905744,-1.2619411,-1.2676642,-0.8284222,-0.7564075,-0.8856524,-1.1489114,-1.0649738,-0.78693026,0.50456524,0.758286,0.57467234,0.3543359,0.594226,0.93236125,0.87083876,0.7306247,0.63857937,0.5431957,0.8431775,0.693425,0.8035932,0.61187196,0.58707213,0.87274647,0.57324153,0.6519331,0.4153815,0.3743665,0.3824741,0.4253968,0.23415244,0.49311924,0.2823212,0.14306098,0.34050527,0.36768964,0.26133677,0.44590428,0.5770569,0.63047177,0.44876578,0.42253524,0.63333327,0.5241189,0.6342871,0.7673474,0.7954856,0.7373015,0.57038003,0.68102515,0.5775338,0.45496574,0.18312214,0.4893039,0.78928566,0.88943857,0.94189966,0.7206094,1.0706676,1.0501602,0.9757609,0.78117806,0.31904393,0.5164882,0.46259645,0.5665647,0.72108626,0.9795762,1.0353757,1.1851281,0.93951505,0.7692551,0.71202487,0.6338102,0.5102883,0.5083806,0.7725935,0.8799002,0.60424125,0.7163171,0.48644236,0.5431957,0.6872251,0.6452563,0.37818182,0.29090574,0.37055114,0.39868936,0.28947496,-0.29856566,-0.39585704,-0.50793296,-1.3048638,-1.3840322,-1.216157,-1.2414336,-1.3549403,-1.4074013,-1.2061417,-1.0249126,-0.94431347,-0.83366835,-0.3042887,-0.43591818,-0.2995195,-0.23275088,-0.4120723,-0.4278106,-0.41397995,-0.13736714,0.10109214,-0.041029606,-0.60427046,-0.6953619,-0.9552825,-0.8064839,-0.8117301,-0.73971534,-0.37344187,-0.20032041,-0.466441,-0.67866975,-0.19698197,-0.13164413,0.019539058,0.2641983,1.2266201,0.97814554,1.5404326,1.5242174,1.8690294,2.0941348,2.4422855,2.193334,1.9439057,1.8075069,1.7345384,1.3873416,1.5824014,2.223857,2.0803044,2.1394422,2.0202127,1.8828601,1.9596441,2.134673,2.3211484,2.357394,2.61493,2.2763178,2.2457952,2.1418269,2.0311816,1.8284914,1.7703072,1.2008665,0.7897626,1.0172528,0.5312727,0.45544264,0.41204306,0.17262992,0.4029816,0.65765613,0.35099748,0.07295394,0.2284294,-0.50793296,-0.18792053,-0.2103357,-0.20175117,-0.7974225,-0.6033166,-0.49839452,-0.73923844,-0.22273558,-0.14690553,0.012862198,-0.0691678,0.5207805,0.611395,0.15832236,0.32047468,0.53461117,0.28375196,0.11444586,0.017631384,-2.334531,-2.8934796,-3.084247,-3.2349534,-2.7456348,-2.5839596,-2.498114,-2.4175148,-2.4594839,-2.557729,-2.7666194,-3.13337,-2.867726,-2.9654944,-2.8815565,-2.8772645,-2.651682,-2.8104959,2018-04-17
VRSK_RBA,-0.4674908,-0.4820453,0.011666025,-0.19366652,-0.11375948,-0.057253793,-0.30739135,-0.5790753,-0.63015866,-0.67125374,-0.73746246,-0.760721,-0.8678821,-0.8617464,-0.81722677,-0.8227917,-0.8547545,-0.97047704,-0.88942844,-0.8600341,-0.9938784,-0.9098333,-0.91425675,-0.9593471,-0.90911984,-1.0891961,-0.9242451,-1.0279815,-0.99130994,-1.1004686,-1.0699328,-1.079493,-0.8128033,-0.8102349,-0.86031944,-0.8212221,-0.7300425,-0.68252635,-0.6310148,-0.66468996,-0.7119207,-0.8128033,-0.7343232,-0.7337525,-0.921534,-0.8865746,-0.92552936,-0.9520699,-0.83006895,-0.87858397,-1.0706462,-0.810663,-0.73917466,-0.5830706,-0.5478259,-0.42939228,-0.35947362,-0.40028328,-0.3062498,-0.5456855,-0.4192612,-0.45322168,-0.36632276,-0.5884929,-0.5929163,0.110836364,0.048337642,-0.01901257,0.01223679,-0.01644413,0.0441996,-0.08707625,-0.18396352,-0.36917657,-0.51286656,-0.6398617,-0.5819291,-0.6641191,-0.67082566,-0.5947713,-0.49702784,-0.71605873,-0.8023869,-1.044391,-1.1083167,-0.90070105,-0.7692825,-0.70978034,-0.79667926,-0.8538984,-0.61460537,-0.6860936,-0.74402624,-0.5235684,-0.6842386,-0.6113234,-0.58292794,-0.6233095,-0.59791046,-0.6696841,-0.63843477,-0.6208837,-0.42254308,-0.5204292,-0.48304412,-0.5073016,-0.5061601,-0.73632085,-0.7093523,-0.47020194,0.10141875,0.2940518,0.36853656,0.36240083,0.43146336,0.57586676,0.549897,0.682029,0.49624512,0.3501294,0.39892977,0.40606433,0.44587517,0.4678496,0.36511198,0.37181845,0.51336807,0.6295187,0.5424771,-0.6427155,-0.98289114,-0.8025296,-0.9694782,-1.0199908,-1.074927,-1.0991844,-1.1571171,-1.1398515,-1.0914792,-1.1158793,-0.89984494,-0.9479318,-0.8293555,-0.97033435,-0.7216237,-0.6829544,-0.62416565,-0.6442851,-0.6351529,-0.55053705,-0.46692005,-0.47105807,-0.25773484,-0.35176826,-0.37459886,-0.30011407,-0.21721055,0.035638135,0.08001508,0.040489633,-0.019155262,0.15250218,0.24282566,0.44287866,0.1602075,-0.11746945,0.087149635,0.10327373,0.13380964,0.16263324,0.15021911,0.20458443,0.17376316,0.16691397,0.0683144,0.059752934,0.14707991,-0.077087864,-0.014018379,0.032927003,0.14379801,-0.20379758,-0.19937415,-0.19523613,-0.2553091,-0.3275108,-0.45379245,-0.42753726,-0.4640662,-0.356049,-0.4799049,-0.3514829,-0.20394029,-0.3643251,-0.48761025,-0.7568684,-0.72790205,-0.92923933,-1.2785473,-1.021275,-1.0606579,-1.0766393,-0.8838635,-0.9333773,-0.93894225,-0.9821777,-0.9405119,-0.869309,-0.91782403,-0.4175489,-0.14286847,-0.16997978,-0.38901067,-0.18068163,-0.15999141,0.023224005,0.048480336,-0.15442646,-0.16783942,-0.08850315,-0.05910878,-0.004030001,-0.0020323247,0.01880058,0.04534113,0.013092936,0.07345128,0.12111012,0.06931324,-0.0073118964,0.02279593,-0.001318869,0.04277269,-0.06082107,0.15492792,0.1779012,0.10184682,0.033925842,0.15906596,-0.044839665,-0.17497398,-0.33435994,-0.24974413,-0.16084756,-0.33949682,-0.31067324,-0.25274065,-0.28399,-0.26658168,-0.32822424,-0.3599017,-0.26415592,-0.27714083,-0.3012556,-0.2553091,-0.39685866,-0.3981429,-0.4878956,-0.4395233,-0.48147452,-0.42125884,-0.64813775,-0.5238538,-0.8640294,-0.79981846,-0.8584645,-0.808808,-0.9719039,-0.9500722,-1.0446764,-0.93837154,-0.9422242,-0.8042419,-0.73903203,-0.7661433,-0.7260471,-0.72790205,-0.72390676,-0.65298927,-0.7430273,-0.79981846,-0.8774424,-0.90712214,-0.9697636,-0.9249585,-0.86545634,-0.8524715,-0.90869176,-0.9012718,-0.97903854,-0.9540675,-0.80666757,-1.0002996,-0.8344924,-0.93723,-1.0964733,-1.0058644,-0.83791703,-0.6404324,-0.6696841,-0.56937224,-0.56837344,-0.56637573,-0.4800476,-0.3850153,-0.31281358,-0.25958982,-0.13858774,-0.0201541,-0.075803645,0.07787471,0.015375994,-0.12089404,0.087435015,0.111121744,0.028503578,0.061037157,0.09670994,0.024793606,0.008812201,-0.11946713,-0.7286156,-0.50430506,-0.35390866,-0.4515094,0.06931324,0.111121744,0.19431068,0.20743826,0.1730497,0.22242083,0.30646592,0.30432555,0.36982077,0.43602946,0.3806653,0.3392849,0.43988213,0.39065367,0.32515848,-0.6441424,-0.5379802,-0.48803833,-0.4626393,-0.4579305,-0.49888283,-0.46535042,-0.4689177,-0.4062763,-0.49189097,-0.63030136,-0.64785236,-0.7631468,-0.8162279,-0.8817231,-0.8778705,-0.8870027,-0.80267227,-0.76528716,-0.684096,-0.6123223,-0.7280448,-0.81779754,-0.95563716,-0.93009543,-1.0131416,-1.1028944,-1.0646532,-1.0951891,-1.1514095,-1.1515521,-1.1459873,-1.1382818,-1.0847727,-0.9870292,-0.9868865,-1.0366857,-0.8553253,-0.66454726,-0.6374359,-0.72404945,-0.7340378,-0.7244775,-0.7116353,-0.731184,-0.5401206,-0.5491101,-0.6642619,-0.5575289,-0.5402633,-0.60162044,-0.8583218,-0.86160374,-0.91397136,-0.945078,-0.97875315,-0.8487615,-0.8400574,-0.8059541,-0.8861466,-0.8867174,-0.8471919,-0.8006746,-0.8534703,-1.0355442,-1.2014941,-1.0198481,-1.012571,-1.0002996,-1.1969279,-1.1803758,-1.2064883,-1.154406,-1.092906,-1.1780926,-1.2976679,-1.1240127,-1.0358295,-1.0428214,-1.0859141,-0.7551561,-0.859606,-0.5706565,-0.60761344,-0.62245333,-0.70307386,-0.68937546,-0.6576981,-0.7005054,-0.5583851,-0.5411194,-0.5612389,-0.44879824,-0.53698134,-0.35419405,-0.40641898,-0.4704873,-0.39257795,-0.34548986,-0.37745267,-0.29726025,-0.29212338,-0.32594118,-0.2951199,-0.22049245,-0.27871042,-0.38886794,-0.28741458,-0.20165722,-0.15399839,-0.07323521,0.06917055,0.053331837,0.042201925,0.1727643,0.23212382,0.055900272,0.114831716,0.21928161,-0.2680086,-0.58920634,-0.44837016,-0.3432068,-0.4321034,-0.44323328,-0.18168047,-0.12032328,-0.088217765,-0.18282199,-0.28627306,-0.35191098,-0.40698975,-0.55167854,-0.5822145,-0.59206015,-0.5613816,-0.49003598,-0.402709,-0.39143643,-0.55667275,-0.5498236,-0.63686514,-0.68523747,-0.7163441,-0.7107792,-0.6518477,-0.59848124,-0.5767922,-0.65099156,-0.6698268,-0.72091025,-0.77998435,-0.70450073,-0.45850125,-0.49217632,-0.5054466,-0.5493955,-0.43552798,-0.36960465,-0.3447764,-0.25431025,-0.2000876,-0.19252498,-0.20793563,-0.23932768,-0.29397836,-0.3253704,-0.30582172,-0.39172179,-1.1213015,-0.8844343,-0.48618335,-0.47491074,-0.61588955,-0.75586957,-0.7231933,-0.72519094,-0.6101819,-0.60961115,-0.66326296,-0.8036711,-0.60704273,-0.46791887,-0.61346376,-0.5190023,-0.39942712,-0.43923795,-0.39928445,-0.37331462,-0.3758831,-0.3148113,-0.3706035,-0.4834722,-0.34606063,-0.4289642,-0.5299895,-0.47961953,-0.29283684,-0.17968278,0.030358562,0.13723423,0.22727233,0.36068857,0.4184785,0.38437527,0.14836413,0.26251704,0.20173062,0.38680103,0.26166087,0.4407383,0.34913057,0.3552663,0.27721423,0.2937664,0.565593,0.49581704,0.65848494,0.64321697,0.72440827,0.71613216,0.7590822,0.7652179,0.7817701,0.7876204,0.9050552,0.81701475,0.84441155,0.8556841,0.8909288,0.9154717,1.0047963,0.5474712,0.33800066,0.41491118,0.38851333,-0.033709757,0.16505899,0.1345231,0.15278755,0.16634321,0.07716125,0.059467554,-0.021010246,-0.03171208,0.034639295,0.17019586,0.009240275,-0.13787429,-0.22377434,-0.27728352,-0.30196905,-0.24332304,-0.18995655,-0.21578364,-0.20907716,-0.21849477,-0.0524023,-0.004315383,-0.1457223,-0.011878012,-0.2067941,-0.33592957,-0.2904111,-0.20179991,-0.20565256,-0.20636603,-0.20765026,-0.2630144,-0.3062498,-0.2777116,-0.1875308,-0.19038463,-0.16241716,-0.036563583,0.07516358,0.16306132,0.16406015,0.16363208,0.2148582,0.46071506,0.37024885,0.42019075,0.44273594,0.40577897,0.49824283,0.5399086,0.4629981,0.48097718,0.49310595,0.4146258,0.44787282,0.53634137,0.54904085,0.5854271,0.6119676,1.24466,1.3462563,1.3382654,1.3468269,1.5423138,1.6403426,1.391632,1.71497,1.7383714,1.8847724,1.8729292,1.8244141,1.9526936,1.928864,2.0759785,2.1874204,2.1550295,2.2021174,2.2711802,2.1849947,2.3894713,2.3707786,2.2474935,2.2609065,2.2352219,2.065134,2.043873,1.7616299,1.8852005,1.8359721,1.8376844,1.832262,1.9682467,2.0006378,1.9927896,1.8649384,1.7961613,1.8135697,1.9046065,1.9374255,1.8338318,1.7920233,1.6009599,1.6334934,1.7550663,1.7596323,1.7917379,1.6651708,1.652614,1.7303807,1.6938518,1.7781821,1.8951889,2.023611,2.1106524,1.9886516,1.9718142,1.8864847,1.7739015,1.7749003,1.9638233,2.0243244,2.0639925,1.9662491,1.5364634,1.5016468,1.4983649,1.2513666,1.2910347,1.4551295,1.4626921,1.6862891,1.8097169,1.8472447,1.648904,1.9605415,2.0007803,2.2329388,2.3672113,2.3636441,2.3148437,2.1909876,2.1865642,2.4562507,2.584102,2.4710906,2.502197,2.7048185,2.545718,2.508618,2.5157528,2.625197,2.7075298,2.6878383,2.8360944,2.7601826,2.791004,2.6212018,2.729076,2.435703,2.4201498,2.7012513,2.4272842,2.557276,2.6575878,2.7954273,2.694545,2.6712863,2.8436573,2.8151188,2.7905757,2.6651504,2.8420873,2.8983078,2018-04-17
